 frequency              input_noise_VrtHz      output_noise_VrtHz    
 1.000000000000000e-02  1.140753706176860e-05  4.314052957366500e-01 
 1.023292992280754e-02  1.127224173812876e-05  4.262887557745414e-01 
 1.047128548050899e-02  1.113857237616460e-05  4.212337057265637e-01 
 1.071519305237606e-02  1.100650918699829e-05  4.162393972254945e-01 
 1.096478196143185e-02  1.087603262536921e-05  4.113050911171219e-01 
 1.122018454301963e-02  1.074712338660519e-05  4.064300573457020e-01 
 1.148153621496882e-02  1.061976240363171e-05  4.016135748408570e-01 
 1.174897554939529e-02  1.049393084401859e-05  3.968549314058858e-01 
 1.202264434617412e-02  1.036961010706368e-05  3.921534236074778e-01 
 1.230268770812381e-02  1.024678182091312e-05  3.875083566668064e-01 
 1.258925411794167e-02  1.012542783971758e-05  3.829190443519869e-01 
 1.288249551693134e-02  1.000553024082426e-05  3.783848088718834e-01 
 1.318256738556407e-02  9.887071322003943e-06  3.739049807712434e-01 
 1.348962882591653e-02  9.770033598712887e-06  3.694788988271487e-01 
 1.380384264602884e-02  9.654399801388916e-06  3.651059099467603e-01 
 1.412537544622754e-02  9.540152872781432e-06  3.607853690663457e-01 
 1.445439770745927e-02  9.427275965314837e-06  3.565166390515709e-01 
 1.479108388168207e-02  9.315752438484972e-06  3.522990905990386e-01 
 1.513561248436207e-02  9.205565856288174e-06  3.481321021390621e-01 
 1.548816618912481e-02  9.096699984682458e-06  3.440150597396539e-01 
 1.584893192461113e-02  8.989138789080585e-06  3.399473570117182e-01 
 1.621810097358929e-02  8.882866431874393e-06  3.359283950154286e-01 
 1.659586907437560e-02  8.777867269990194e-06  3.319575821677784e-01 
 1.698243652461744e-02  8.674125852474736e-06  3.280343341512873e-01 
 1.737800828749375e-02  8.571626918111377e-06  3.241580738238514e-01 
 1.778279410038922e-02  8.470355393066096e-06  3.203282311297207e-01 
 1.819700858609983e-02  8.370296388562938e-06  3.165442430115902e-01 
 1.862087136662867e-02  8.271435198588569e-06  3.128055533237917e-01 
 1.905460717963246e-02  8.173757297625513e-06  3.091116127465705e-01 
 1.949844599758044e-02  8.077248338413783e-06  3.054618787014351e-01 
 1.995262314968879e-02  7.981894149740471e-06  3.018558152675658e-01 
 2.041737944669528e-02  7.887680734257011e-06  2.982928930992677e-01 
 2.089296130854039e-02  7.794594266323718e-06  2.947725893444576e-01 
 2.137962089502231e-02  7.702621089881304e-06  2.912943875641685e-01 
 2.187761623949552e-02  7.611747716348970e-06  2.878577776530624e-01 
 2.238721138568339e-02  7.521960822548830e-06  2.844622557609347e-01 
 2.290867652767772e-02  7.433247248656230e-06  2.811073242152022e-01 
 2.344228815319921e-02  7.345593996175715e-06  2.777924914443581e-01 
 2.398832919019489e-02  7.258988225942303e-06  2.745172719023852e-01 
 2.454708915685028e-02  7.173417256147715e-06  2.712811859941124e-01 
 2.511886431509578e-02  7.088868560391281e-06  2.680837600015054e-01 
 2.570395782768862e-02  7.005329765755221e-06  2.649245260108776e-01 
 2.630267991895379e-02  6.922788650903949e-06  2.618030218410108e-01 
 2.691534803926913e-02  6.841233144207125e-06  2.587187909721737e-01 
 2.754228703338164e-02  6.760651321886177e-06  2.556713824760275e-01 
 2.818382931264451e-02  6.681031406183952e-06  2.526603509464065e-01 
 2.884031503126603e-02  6.602361763557249e-06  2.496852564309642e-01 
 2.951209226666382e-02  6.524630902891905e-06  2.467456643636723e-01 
 3.019951720402013e-02  6.447827473740190e-06  2.438411454981626e-01 
 3.090295432513587e-02  6.371940264580198e-06  2.409712758419021e-01 
 3.162277660168375e-02  6.296958201096990e-06  2.381356365911893e-01 
 3.235936569296278e-02  6.222870344485161e-06  2.353338140669620e-01 
 3.311311214825906e-02  6.149665889772640e-06  2.325653996514067e-01 
 3.388441561392020e-02  6.077334164165389e-06  2.298299897253596e-01 
 3.467368504525311e-02  6.005864625412766e-06  2.271271856064883e-01 
 3.548133892335749e-02  5.935246860193286e-06  2.244565934882453e-01 
 3.630780547701008e-02  5.865470582520527e-06  2.218178243795830e-01 
 3.715352290971719e-02  5.796525632168950e-06  2.192104940454221e-01 
 3.801893963205605e-02  5.728401973119313e-06  2.166342229478606e-01 
 3.890451449942799e-02  5.661089692023528e-06  2.140886361881187e-01 
 3.981071705534966e-02  5.594578996688637e-06  2.115733634492061e-01 
 4.073802778041120e-02  5.528860214579705e-06  2.090880389393052e-01 
 4.168693834703347e-02  5.463923791341396e-06  2.066323013358604e-01 
 4.265795188015920e-02  5.399760289337980e-06  2.042057937303646e-01 
 4.365158322401652e-02  5.336360386211532e-06  2.018081635738339e-01 
 4.466835921509623e-02  5.273714873458135e-06  1.994390626229627e-01 
 4.570881896148742e-02  5.211814655021812e-06  1.970981468869497e-01 
 4.677351412871973e-02  5.150650745905997e-06  1.947850765749871e-01 
 4.786300923226374e-02  5.090214270802321e-06  1.924995160444040e-01 
 4.897788193684452e-02  5.030496462736463e-06  1.902411337494566e-01 
 5.011872336272712e-02  4.971488661730906e-06  1.880096021907557e-01 
 5.128613839913638e-02  4.913182313484348e-06  1.858045978653255e-01 
 5.248074602497715e-02  4.855568968067564e-06  1.836258012172846e-01 
 5.370317963702516e-02  4.798640278635512e-06  1.814728965891403e-01 
 5.495408738576234e-02  4.742388000155500e-06  1.793455721736908e-01 
 5.623413251903479e-02  4.686803988151182e-06  1.772435199665266e-01 
 5.754399373371557e-02  4.631880197462203e-06  1.751664357191223e-01 
 5.888436553555877e-02  4.577608681019291e-06  1.731140188925143e-01 
 6.025595860743563e-02  4.523981588634608e-06  1.710859726115541e-01 
 6.165950018614807e-02  4.470991165807159e-06  1.690820036197314e-01 
 6.309573444801918e-02  4.418629752543065e-06  1.671018222345602e-01 
 6.456542290346540e-02  4.366889782190548e-06  1.651451423035199e-01 
 6.606934480075945e-02  4.315763780289395e-06  1.632116811605455e-01 
 6.760829753919802e-02  4.265244363434756e-06  1.613011595830577e-01 
 6.918309709189348e-02  4.215324238155074e-06  1.594133017495299e-01 
 7.079457843841361e-02  4.165996199803982e-06  1.575478351975821e-01 
 7.244359600749882e-02  4.117253131466003e-06  1.557044907825961e-01 
 7.413102413009155e-02  4.069088002875833e-06  1.538830026368462e-01 
 7.585775750291818e-02  4.021493869351107e-06  1.520831081291378e-01 
 7.762471166286897e-02  3.974463870738408e-06  1.503045478249487e-01 
 7.943282347242793e-02  3.927991230372413e-06  1.485470654470658e-01 
 8.128305161640970e-02  3.882069254047961e-06  1.468104078367108e-01 
 8.317637711026686e-02  3.836691329004919e-06  1.450943249151505e-01 
 8.511380382023739e-02  3.791850922925676e-06  1.433985696457837e-01 
 8.709635899560780e-02  3.747541582945075e-06  1.417228979966995e-01 
 8.912509381337429e-02  3.703756934672685e-06  1.400670689037010e-01 
 9.120108393559070e-02  3.660490681227208e-06  1.384308442337895e-01 
 9.332543007969883e-02  3.617736602282896e-06  1.368139887491009e-01 
 9.549925860214331e-02  3.575488553127809e-06  1.352162700712920e-01 
 9.772372209558078e-02  3.533740463733789e-06  1.336374586463683e-01 
 9.999999999999970e-02  3.492486337837992e-06  1.320773277099495e-01 
 1.023292992280751e-01  3.451720252035805e-06  1.305356532529655e-01 
 1.047128548050896e-01  3.411436354885069e-06  1.290122139877798e-01 
 1.071519305237603e-01  3.371628866021401e-06  1.275067913147330e-01 
 1.096478196143182e-01  3.332292075284516e-06  1.260191692891019e-01 
 1.122018454301960e-01  3.293420341855403e-06  1.245491345884687e-01 
 1.148153621496879e-01  3.255008093404201e-06  1.230964764804965e-01 
 1.174897554939526e-01  3.217049825248670e-06  1.216609867911026e-01 
 1.202264434617409e-01  3.179540099523105e-06  1.202424598730301e-01 
 1.230268770812377e-01  3.142473544357569e-06  1.188406925748065e-01 
 1.258925411794163e-01  3.105844853067298e-06  1.174554842100897e-01 
 1.288249551693130e-01  3.069648783352198e-06  1.160866365273935e-01 
 1.318256738556403e-01  3.033880156506244e-06  1.147339536801890e-01 
 1.348962882591649e-01  2.998533856636712e-06  1.133972421973771e-01 
 1.380384264602880e-01  2.963604829893085e-06  1.120763109541268e-01 
 1.412537544622749e-01  2.929088083705532e-06  1.107709711430764e-01 
 1.445439770745922e-01  2.894978686032833e-06  1.094810362458905e-01 
 1.479108388168202e-01  2.861271764619625e-06  1.082063220051705e-01 
 1.513561248436203e-01  2.827962506262873e-06  1.069466463299452e-01 
 1.548816618912476e-01  2.795046156087421e-06  1.057018295361246e-01 
 1.584893192461108e-01  2.762518016830540e-06  1.044716939164904e-01 
 1.621810097358924e-01  2.730373448135339e-06  1.032560639833979e-01 
 1.659586907437555e-01  2.698607865852936e-06  1.020547663748303e-01 
 1.698243652461738e-01  2.667216741353277e-06  1.008676298283346e-01 
 1.737800828749369e-01  2.636195600844503e-06  9.969448515528090e-02 
 1.778279410038916e-01  2.605540024700745e-06  9.853516521544028e-02 
 1.819700858609977e-01  2.575245646798247e-06  9.738950489187821e-02 
 1.862087136662861e-01  2.545308153859730e-06  9.625734106615831e-02 
 1.905460717963240e-01  2.515723284806849e-06  9.513851259385378e-02 
 1.949844599758038e-01  2.486486830120708e-06  9.403286028036185e-02 
 1.995262314968872e-01  2.457594631210257e-06  9.294022685701764e-02 
 2.041737944669521e-01  2.429042579788542e-06  9.186045695750422e-02 
 2.089296130854031e-01  2.400826617256665e-06  9.079339709455435e-02 
 2.137962089502223e-01  2.372942734095364e-06  8.973889563694062e-02 
 2.187761623949543e-01  2.345386969264145e-06  8.869680278675075e-02 
 2.238721138568330e-01  2.318155409607839e-06  8.766697055694364e-02 
 2.290867652767763e-01  2.291244189270500e-06  8.664925274918367e-02 
 2.344228815319912e-01  2.264649489116566e-06  8.564350493194879e-02 
 2.398832919019480e-01  2.238367536159182e-06  8.464958441890984e-02 
 2.454708915685020e-01  2.212394602995589e-06  8.366735024757702e-02 
 2.511886431509570e-01  2.186727007249507e-06  8.269666315821068e-02 
 2.570395782768853e-01  2.161361111020412e-06  8.173738557299279e-02 
 2.630267991895371e-01  2.136293320339615e-06  8.078938157545600e-02 
 2.691534803926904e-01  2.111520084633091e-06  7.985251689016702e-02 
 2.754228703338155e-01  2.087037896190926e-06  7.892665886266127e-02 
 2.818382931264442e-01  2.062843289643341e-06  7.801167643962541e-02 
 2.884031503126593e-01  2.038932841443183e-06  7.710744014932469e-02 
 2.951209226666373e-01  2.015303169354819e-06  7.621382208227254e-02 
 3.019951720402003e-01  1.991950931949349e-06  7.533069587213868e-02 
 3.090295432513577e-01  1.968872828106052e-06  7.445793667689307e-02 
 3.162277660168365e-01  1.946065596519993e-06  7.359542116018310e-02 
 3.235936569296268e-01  1.923526015215721e-06  7.274302747294038e-02 
 3.311311214825896e-01  1.901250901066968e-06  7.190063523521495e-02 
 3.388441561392009e-01  1.879237109322277e-06  7.106812551823363e-02 
 3.467368504525300e-01  1.857481533136508e-06  7.024538082668001e-02 
 3.548133892335738e-01  1.835981103108105e-06  6.943228508119302e-02 
 3.630780547700996e-01  1.814732786822095e-06  6.862872360108165e-02 
 3.715352290971707e-01  1.793733588398724e-06  6.783458308725271e-02 
 3.801893963205594e-01  1.772980548047661e-06  6.704975160534968e-02 
 3.890451449942787e-01  1.752470741627711e-06  6.627411856909905e-02 
 3.981071705534953e-01  1.732201280211962e-06  6.550757472386261e-02 
 4.073802778041107e-01  1.712169309658295e-06  6.475001213039192e-02 
 4.168693834703334e-01  1.692372010185192e-06  6.400132414878394e-02 
 4.265795188015906e-01  1.672806595952788e-06  6.326140542263368e-02 
 4.365158322401638e-01  1.653470314649077e-06  6.253015186338268e-02 
 4.466835921509609e-01  1.634360447081235e-06  6.180746063486026e-02 
 4.570881896148728e-01  1.615474306771974e-06  6.109323013801524e-02 
 4.677351412871959e-01  1.596809239560883e-06  6.038735999583596e-02 
 4.786300923226360e-01  1.578362623210673e-06  5.968975103845558e-02 
 4.897788193684438e-01  1.560131867018290e-06  5.900030528844166e-02 
 5.011872336272698e-01  1.542114411430806e-06  5.831892594626601e-02 
 5.128613839913623e-01  1.524307727666064e-06  5.764551737595414e-02 
 5.248074602497700e-01  1.506709317337980e-06  5.697998509091094e-02 
 5.370317963702500e-01  1.489316712086476e-06  5.632223573992112e-02 
 5.495408738576217e-01  1.472127473211963e-06  5.567217709332163e-02 
 5.623413251903462e-01  1.455139191314334e-06  5.502971802934458e-02 
 5.754399373371539e-01  1.438349485936399e-06  5.439476852062788e-02 
 5.888436553555859e-01  1.421756005211719e-06  5.376723962089190e-02 
 6.025595860743546e-01  1.405356425516764e-06  5.314704345177983e-02 
 6.165950018614789e-01  1.389148451127371e-06  5.253409318986019e-02 
 6.309573444801898e-01  1.373129813879420e-06  5.192830305378876e-02 
 6.456542290346520e-01  1.357298272833685e-06  5.132958832367408e-02 
 6.606934480075923e-01  1.341651613944829e-06  5.073786520000075e-02 
 6.760829753919780e-01  1.326187649734444e-06  5.015305098464603e-02 
 6.918309709189326e-01  1.310904218968145e-06  4.957506393936115e-02 
 7.079457843841339e-01  1.295799186336613e-06  4.900382330612251e-02 
 7.244359600749859e-01  1.280870442140577e-06  4.843924929521109e-02 
 7.413102413009133e-01  1.266115901979661e-06  4.788126307343847e-02 
 7.585775750291794e-01  1.251533506445071e-06  4.732978675251728e-02 
 7.762471166286873e-01  1.237121220816046e-06  4.678474337757407e-02 
 7.943282347242769e-01  1.222877034760053e-06  4.624605691580343e-02 
 8.128305161640945e-01  1.208798962036665e-06  4.571365224526101e-02 
 8.317637711026662e-01  1.194885040205075e-06  4.518745514379383e-02 
 8.511380382023715e-01  1.181133330335216e-06  4.466739225022028e-02 
 8.709635899560756e-01  1.167541916722416e-06  4.415339116539628e-02 
 8.912509381337403e-01  1.154108906605575e-06  4.364538027326311e-02 
 9.120108393559044e-01  1.140832429888797e-06  4.314328884282603e-02 
 9.332543007969856e-01  1.127710638866438e-06  4.264704698953522e-02 
 9.549925860214303e-01  1.114741707951542e-06  4.215658566500506e-02 
 9.772372209558049e-01  1.101923833407607e-06  4.167183664685921e-02 
 9.999999999999940e-01  1.089255233083641e-06  4.119273252869990e-02 
 1.023292992280748e+00  1.076734146152479e-06  4.071920671019982e-02 
 1.047128548050893e+00  1.064358832852309e-06  4.025119338731517e-02 
 1.071519305237600e+00  1.052127574231370e-06  3.978862754261809e-02 
 1.096478196143178e+00  1.040038671895788e-06  3.933144493574753e-02 
 1.122018454301957e+00  1.028090447760501e-06  3.887958211824900e-02 
 1.148153621496876e+00  1.016281243803246e-06  3.843297632688700e-02 
 1.174897554939522e+00  1.004609421821561e-06  3.799156562091753e-02 
 1.202264434617406e+00  9.930733631927702e-07  3.755528875161612e-02 
 1.230268770812374e+00  9.816714686369117e-07  3.712408527190480e-02 
 1.258925411794160e+00  9.704021579825728e-07  3.669789538599397e-02 
 1.288249551693126e+00  9.592638699355998e-07  3.627665998992138e-02 
 1.318256738556399e+00  9.482550618506412e-07  3.586032082087812e-02 
 1.348962882591645e+00  9.373742095054908e-07  3.544882017531932e-02 
 1.380384264602876e+00  9.266198068782022e-07  3.504210108326984e-02 
 1.412537544622746e+00  9.159903659269267e-07  3.464010725415785e-02 
 1.445439770745919e+00  9.054844163724589e-07  3.424278306857148e-02 
 1.479108388168198e+00  8.951005054834399e-07  3.385007357011519e-02 
 1.513561248436199e+00  8.848371978641953e-07  3.346192445736521e-02 
 1.548816618912471e+00  8.746930752451717e-07  3.307828207592232e-02 
 1.584893192461103e+00  8.646667362759392e-07  3.269909341056108e-02 
 1.621810097358920e+00  8.547567963207306e-07  3.232430607747402e-02 
 1.659586907437550e+00  8.449618872564845e-07  3.195386831660976e-02 
 1.698243652461733e+00  8.352806572733568e-07  3.158772898410373e-02 
 1.737800828749364e+00  8.257117706776821e-07  3.122583756429455e-02 
 1.778279410038911e+00  8.162539076973402e-07  3.086814408413668e-02 
 1.819700858609971e+00  8.069057642895071e-07  3.051459922353935e-02 
 1.862087136662855e+00  7.976660519507593e-07  3.016515421067263e-02 
 1.905460717963235e+00  7.885334975295013e-07  2.981976091010705e-02 
 1.949844599758032e+00  7.795068430406868e-07  2.947837172053817e-02 
 1.995262314968866e+00  7.705848454828076e-07  2.914093956999017e-02 
 2.041737944669515e+00  7.617662766571213e-07  2.880741798296454e-02 
 2.089296130854025e+00  7.530499229890851e-07  2.847776107154577e-02 
 2.137962089502217e+00  7.444345853519836e-07  2.815192345636236e-02 
 2.187761623949537e+00  7.359190788926965e-07  2.782986024464580e-02 
 2.238721138568323e+00  7.275022328596151e-07  2.751152712971485e-02 
 2.290867652767756e+00  7.191828904326453e-07  2.719688041544764e-02 
 2.344228815319905e+00  7.109599085553006e-07  2.688587682041018e-02 
 2.398832919019473e+00  7.028321577688386e-07  2.657847349400518e-02 
 2.454708915685012e+00  6.947985220484267e-07  2.627462829379508e-02 
 2.511886431509561e+00  6.868578986413129e-07  2.597429945986783e-02 
 2.570395782768844e+00  6.790091979069657e-07  2.567744571154094e-02 
 2.630267991895362e+00  6.712513431591732e-07  2.538402630562094e-02 
 2.691534803926895e+00  6.635832705100655e-07  2.509400096503402e-02 
 2.754228703338145e+00  6.560039287160457e-07  2.480732988934962e-02 
 2.818382931264432e+00  6.485122790255970e-07  2.452397374897095e-02 
 2.884031503126584e+00  6.411072950289528e-07  2.424389364912510e-02 
 2.951209226666363e+00  6.337879625095958e-07  2.396705124560967e-02 
 3.019951720401993e+00  6.265532792975751e-07  2.369340855653211e-02 
 3.090295432513567e+00  6.194022551246061e-07  2.342292809350967e-02 
 3.162277660168355e+00  6.123339114809464e-07  2.315557275246570e-02 
 3.235936569296257e+00  6.053472814740090e-07  2.289130595443253e-02 
 3.311311214825885e+00  5.984414096887069e-07  2.263009149398481e-02 
 3.388441561391999e+00  5.916153520494956e-07  2.237189357912875e-02 
 3.467368504525289e+00  5.848681756841005e-07  2.211667692349347e-02 
 3.548133892335727e+00  5.781989587889060e-07  2.186440657262144e-02 
 3.630780547700985e+00  5.716067904959821e-07  2.161504802503852e-02 
 3.715352290971696e+00  5.650907707417347e-07  2.136856714482790e-02 
 3.801893963205582e+00  5.586500101371572e-07  2.112493022487066e-02 
 3.890451449942775e+00  5.522836298396589e-07  2.088410394126366e-02 
 3.981071705534941e+00  5.459907614264587e-07  2.064605543939480e-02 
 4.073802778041094e+00  5.397705467695207e-07  2.041075217181023e-02 
 4.168693834703320e+00  5.336221379120099e-07  2.017816193567353e-02 
 4.265795188015892e+00  5.275446969462555e-07  1.994825294489464e-02 
 4.365158322401624e+00  5.215373958932001e-07  1.972099387250765e-02 
 4.466835921509595e+00  5.155994165833142e-07  1.949635364642814e-02 
 4.570881896148713e+00  5.097299505389619e-07  1.927430159559573e-02 
 4.677351412871944e+00  5.039281988581992e-07  1.905480738389314e-02 
 4.786300923226344e+00  4.981933720999834e-07  1.883784111285865e-02 
 4.897788193684422e+00  4.925246901707822e-07  1.862337311495322e-02 
 5.011872336272681e+00  4.869213822125624e-07  1.841137412826243e-02 
 5.128613839913606e+00  4.813826864921371e-07  1.820181531154916e-02 
 5.248074602497682e+00  4.759078502918650e-07  1.799466797714808e-02 
 5.370317963702482e+00  4.704961298016721e-07  1.778990393016132e-02 
 5.495408738576200e+00  4.651467900123930e-07  1.758749524674310e-02 
 5.623413251903443e+00  4.598591046104034e-07  1.738741429486463e-02 
 5.754399373371521e+00  4.546323558735371e-07  1.718963383934929e-02 
 5.888436553555840e+00  4.494658345682659e-07  1.699412687442277e-02 
 6.025595860743526e+00  4.443588398481301e-07  1.680086680282757e-02 
 6.165950018614769e+00  4.393106791534037e-07  1.660982720875919e-02 
 6.309573444801878e+00  4.343206681119758e-07  1.642098212751037e-02 
 6.456542290346500e+00  4.293881304414412e-07  1.623430576993087e-02 
 6.606934480075903e+00  4.245123978523739e-07  1.604977273590516e-02 
 6.760829753919760e+00  4.196928099527811e-07  1.586735783702697e-02 
 6.918309709189305e+00  4.149287141537127e-07  1.568703624420623e-02 
 7.079457843841318e+00  4.102194655760204e-07  1.550878337353398e-02 
 7.244359600749839e+00  4.055644269582464e-07  1.533257491351969e-02 
 7.413102413009112e+00  4.009629685656313e-07  1.515838688815498e-02 
 7.585775750291773e+00  3.964144681002253e-07  1.498619553782629e-02 
 7.762471166286851e+00  3.919183106120910e-07  1.481597737441531e-02 
 7.943282347242747e+00  3.874738884115840e-07  1.464770924166908e-02 
 8.128305161640922e+00  3.830806009826948e-07  1.448136816345501e-02 
 8.317637711026638e+00  3.787378548974462e-07  1.431693146104426e-02 
 8.511380382023690e+00  3.744450637313257e-07  1.415437670340709e-02 
 8.709635899560730e+00  3.702016479797431e-07  1.399368177409566e-02 
 8.912509381337378e+00  3.660070349755037e-07  1.383482470038148e-02 
 9.120108393559018e+00  3.618606588072794e-07  1.367778380085291e-02 
 9.332543007969829e+00  3.577619602390695e-07  1.352253769641965e-02 
 9.549925860214275e+00  3.537103866306361e-07  1.336906516186534e-02 
 9.772372209558020e+00  3.497053918589053e-07  1.321734526747081e-02 
 9.999999999999911e+00  3.457464362403201e-07  1.306735725831799e-02 
 1.023292992280745e+01  3.418329864541329e-07  1.291908065097425e-02 
 1.047128548050890e+01  3.379645154666285e-07  1.277249518809530e-02 
 1.071519305237597e+01  3.341405024562649e-07  1.262758085096276e-02 
 1.096478196143175e+01  3.303604327397180e-07  1.248431776200588e-02 
 1.122018454301953e+01  3.266237976988266e-07  1.234268636305861e-02 
 1.148153621496872e+01  3.229300947084161e-07  1.220266724669596e-02 
 1.174897554939519e+01  3.192788270649998e-07  1.206424123934333e-02 
 1.202264434617402e+01  3.156695039163424e-07  1.192738933738353e-02 
 1.230268770812370e+01  3.121016401918742e-07  1.179209279437154e-02 
 1.258925411794155e+01  3.085747565339487e-07  1.165833304232917e-02 
 1.288249551693122e+01  3.050883792299316e-07  1.152609171867845e-02 
 1.318256738556395e+01  3.016420401451103e-07  1.139535064148183e-02 
 1.348962882591641e+01  2.982352766564165e-07  1.126609182126345e-02 
 1.380384264602872e+01  2.948676315869479e-07  1.113829745797774e-02 
 1.412537544622741e+01  2.915386531412838e-07  1.101194997914162e-02 
 1.445439770745913e+01  2.882478948415809e-07  1.088703192599617e-02 
 1.479108388168193e+01  2.849949154644425e-07  1.076352606838572e-02 
 1.513561248436193e+01  2.817792789785503e-07  1.064141533942482e-02 
 1.548816618912466e+01  2.786005544830499e-07  1.052068283331254e-02 
 1.584893192461098e+01  2.754583161466800e-07  1.040131185492297e-02 
 1.621810097358914e+01  2.723521431476384e-07  1.028328582501940e-02 
 1.659586907437544e+01  2.692816196141724e-07  1.016658837518439e-02 
 1.698243652461728e+01  2.662463345658879e-07  1.005120325476761e-02 
 1.737800828749359e+01  2.632458818557665e-07  9.937114435590297e-03 
 1.778279410038905e+01  2.602798601128835e-07  9.824305989349302e-03 
 1.819700858609966e+01  2.573478726858157e-07  9.712762142282654e-03 
 1.862087136662849e+01  2.544495275867334e-07  9.602467308064421e-03 
 1.905460717963228e+01  2.515844374361670e-07  9.493406029709444e-03 
 1.949844599758026e+01  2.487522194084387e-07  9.385562989393361e-03 
 1.995262314968860e+01  2.459524951777545e-07  9.278923028964277e-03 
 2.041737944669509e+01  2.431848908649438e-07  9.173471106163266e-03 
 2.089296130854019e+01  2.404490369848437e-07  9.069192326876013e-03 
 2.137962089502211e+01  2.377445683943158e-07  8.966071930457271e-03 
 2.187761623949531e+01  2.350711242408906e-07  8.864095292363086e-03 
 2.238721138568317e+01  2.324283479120308e-07  8.763247904650806e-03 
 2.290867652767750e+01  2.298158869850049e-07  8.663515389881702e-03 
 2.344228815319899e+01  2.272333931773663e-07  8.564883497943239e-03 
 2.398832919019467e+01  2.246805222980284e-07  8.467338087136869e-03 
 2.454708915685006e+01  2.221569341989271e-07  8.370865142704336e-03 
 2.511886431509555e+01  2.196622927272688e-07  8.275450742607418e-03 
 2.570395782768838e+01  2.171962656783499e-07  8.181081111640722e-03 
 2.630267991895355e+01  2.147585247489468e-07  8.087742556409814e-03 
 2.691534803926888e+01  2.123487454912644e-07  7.995421473909357e-03 
 2.754228703338138e+01  2.099666072674411e-07  7.904104418040106e-03 
 2.818382931264425e+01  2.076117932045991e-07  7.813777977640258e-03 
 2.884031503126576e+01  2.052839901504361e-07  7.724428872955588e-03 
 2.951209226666355e+01  2.029828886293515e-07  7.636043927258892e-03 
 3.019951720401985e+01  2.007081827990987e-07  7.548610026250179e-03 
 3.090295432513559e+01  1.984595704079599e-07  7.462114163065582e-03 
 3.162277660168347e+01  1.962367527524338e-07  7.376543411694535e-03 
 3.235936569296249e+01  1.940394346354333e-07  7.291884915582288e-03 
 3.311311214825876e+01  1.918673243249838e-07  7.208125934638069e-03 
 3.388441561391990e+01  1.897201335134189e-07  7.125253770249313e-03 
 3.467368504525280e+01  1.875975772770640e-07  7.043255821191892e-03 
 3.548133892335717e+01  1.854993740364058e-07  6.962119536938524e-03 
 3.630780547700975e+01  1.834252455167379e-07  6.881832454537374e-03 
 3.715352290971686e+01  1.813749167092799e-07  6.802382182583461e-03 
 3.801893963205572e+01  1.793481158327616e-07  6.723756369700852e-03 
 3.890451449942765e+01  1.773445742954681e-07  6.645942760800778e-03 
 3.981071705534930e+01  1.753640266577402e-07  6.568929132434929e-03 
 4.073802778041084e+01  1.734062105958960e-07  6.492702976615938e-03 
 4.168693834703309e+01  1.714708668617222e-07  6.417252924512317e-03 
 4.265795188015881e+01  1.695577392521746e-07  6.342566562335315e-03 
 4.365158322401612e+01  1.676665745697185e-07  6.268631900894777e-03 
 4.466835921509583e+01  1.657971225880038e-07  6.195437001761816e-03 
 4.570881896148700e+01  1.639491360169794e-07  6.122969979373666e-03 
 4.677351412871931e+01  1.621223704684238e-07  6.051218991953453e-03 
 4.786300923226331e+01  1.603165844218884e-07  5.980172244060565e-03 
 4.897788193684408e+01  1.585315391910471e-07  5.909817971096816e-03 
 5.011872336272667e+01  1.567669988904485e-07  5.840144488813173e-03 
 5.128613839913591e+01  1.550227304026634e-07  5.771140116876417e-03 
 5.248074602497667e+01  1.532985033458262e-07  5.702793246348855e-03 
 5.370317963702468e+01  1.515940900415622e-07  5.635092286534836e-03 
 5.495408738576185e+01  1.499092654832965e-07  5.568025720190716e-03 
 5.623413251903428e+01  1.482438073049432e-07  5.501582035533452e-03 
 5.754399373371505e+01  1.465974957499635e-07  5.435749804299795e-03 
 5.888436553555824e+01  1.449701136407958e-07  5.370517605868643e-03 
 6.025595860743510e+01  1.433614463486471e-07  5.305874088028229e-03 
 6.165950018614752e+01  1.417712817636437e-07  5.241807935672922e-03 
 6.309573444801861e+01  1.401994102653383e-07  5.178307885748300e-03 
 6.456542290346482e+01  1.386456246935649e-07  5.115362723307023e-03 
 6.606934480075886e+01  1.371097203196411e-07  5.052961296513799e-03 
 6.760829753919741e+01  1.355914948179113e-07  4.991092501548705e-03 
 6.918309709189286e+01  1.340907482376276e-07  4.929745295762167e-03 
 7.079457843841298e+01  1.326072829751631e-07  4.868908693377024e-03 
 7.244359600749817e+01  1.311409037465541e-07  4.808571813322820e-03 
 7.413102413009089e+01  1.296914175603675e-07  4.748723807051351e-03 
 7.585775750291749e+01  1.282586336908879e-07  4.689353930750879e-03 
 7.762471166286826e+01  1.268423636516222e-07  4.630451536852410e-03 
 7.943282347242722e+01  1.254424211691155e-07  4.572006046287026e-03 
 8.128305161640897e+01  1.240586221570771e-07  4.514007000404836e-03 
 8.317637711026612e+01  1.226907846908096e-07  4.456444056329308e-03 
 8.511380382023664e+01  1.213387289819395e-07  4.399306998521682e-03 
 8.709635899560703e+01  1.200022773534446e-07  4.342585715377528e-03 
 8.912509381337350e+01  1.186812542149750e-07  4.286270273439976e-03 
 9.120108393558989e+01  1.173754860384622e-07  4.230350869437370e-03 
 9.332543007969799e+01  1.160848013340153e-07  4.174817875655099e-03 
 9.549925860214246e+01  1.148090306260983e-07  4.119661850437609e-03 
 9.772372209557990e+01  1.135480064299855e-07  4.064873545202500e-03 
 9.999999999999881e+01  1.123015632284927e-07  4.010443917468741e-03 
 1.023292992280742e+02  1.110695374489789e-07  3.956364153685255e-03 
 1.047128548050887e+02  1.098517674406154e-07  3.902625687783835e-03 
 1.071519305237593e+02  1.086480934519191e-07  3.849220213901062e-03 
 1.096478196143172e+02  1.074583576085478e-07  3.796139689959832e-03 
 1.122018454301950e+02  1.062824038913504e-07  3.743376390252831e-03 
 1.148153621496869e+02  1.051200781146734e-07  3.690922899083247e-03 
 1.174897554939515e+02  1.039712279049165e-07  3.638772130335491e-03 
 1.202264434617398e+02  1.028357026793354e-07  3.586917361534446e-03 
 1.230268770812366e+02  1.017133536256542e-07  3.535352081782469e-03 
 1.258925411794152e+02  1.006040336790890e-07  3.484070679825508e-03 
 1.288249551693118e+02  9.950759750527841e-08  3.433067454230836e-03 
 1.318256738556391e+02  9.842390147776681e-08  3.382337316608986e-03 
 1.348962882591637e+02  9.735280365856579e-08  3.331875640192162e-03 
 1.380384264602868e+02  9.629416377837297e-08  3.281678283884445e-03 
 1.412537544622737e+02  9.524784321701557e-08  3.231741600779197e-03 
 1.445439770745910e+02  9.421370498411627e-08  3.182062473503155e-03 
 1.479108388168189e+02  9.319161369997715e-08  3.132638324393109e-03 
 1.513561248436189e+02  9.218143557668017e-08  3.083467129912801e-03 
 1.548816618912462e+02  9.118303839939983e-08  3.034547448085322e-03 
 1.584893192461094e+02  9.019629150792636e-08  2.985878429086283e-03 
 1.621810097358910e+02  8.922106577839502e-08  2.937459820296639e-03 
 1.659586907437540e+02  8.825723360522052e-08  2.889291985743553e-03 
 1.698243652461723e+02  8.730466888371170e-08  2.841375807284317e-03 
 1.737800828749354e+02  8.636324699047873e-08  2.793713147981745e-03 
 1.778279410038901e+02  8.543284476885993e-08  2.746306150742905e-03 
 1.819700858609961e+02  8.451334050970582e-08  2.699157717381759e-03 
 1.862087136662844e+02  8.360461393477643e-08  2.652271393305914e-03 
 1.905460717963223e+02  8.270654617984003e-08  2.605651361862919e-03 
 1.949844599758021e+02  8.181901977795684e-08  2.559302425504491e-03 
 1.995262314968855e+02  8.094191864294378e-08  2.513230014730966e-03 
 2.041737944669504e+02  8.007512805345679e-08  2.467440061394096e-03 
 2.089296130854013e+02  7.921853463505584e-08  2.421939374262777e-03 
 2.137962089502205e+02  7.837202634684117e-08  2.376735040045543e-03 
 2.187761623949525e+02  7.753549246385368e-08  2.331834779518026e-03 
 2.238721138568311e+02  7.670882356185243e-08  2.287246833405635e-03 
 2.290867652767744e+02  7.589191150181618e-08  2.242979917235363e-03 
 2.344228815319892e+02  7.508464941501658e-08  2.199043122707650e-03 
 2.398832919019460e+02  7.428693168620680e-08  2.155446173845882e-03 
 2.454708915684999e+02  7.349865394107070e-08  2.112198931678905e-03 
 2.511886431509548e+02  7.271971302971652e-08  2.069311657976843e-03 
 2.570395782768830e+02  7.195000701238596e-08  2.026794895674237e-03 
 2.630267991895348e+02  7.118943514528630e-08  1.984659342760292e-03 
 2.691534803926880e+02  7.043789786464196e-08  1.942916072438952e-03 
 2.754228703338130e+02  6.969529677476178e-08  1.901576084075166e-03 
 2.818382931264417e+02  6.896153463237325e-08  1.860650517566291e-03 
 2.884031503126568e+02  6.823651533340954e-08  1.820150470952380e-03 
 2.951209226666347e+02  6.752014389770644e-08  1.780087164332201e-03 
 3.019951720401976e+02  6.681232645752774e-08  1.740471568313574e-03 
 3.090295432513550e+02  6.611297024288125e-08  1.701314507945687e-03 
 3.162277660168338e+02  6.542198356704554e-08  1.662626750236178e-03 
 3.235936569296240e+02  6.473927581541911e-08  1.624418669242948e-03 
 3.311311214825867e+02  6.406475743126965e-08  1.586700342787052e-03 
 3.388441561391980e+02  6.339833990168553e-08  1.549481616335344e-03 
 3.467368504525271e+02  6.273993574673181e-08  1.512771819440088e-03 
 3.548133892335708e+02  6.208945850561313e-08  1.476579849774449e-03 
 3.630780547700965e+02  6.144682272303035e-08  1.440914223976764e-03 
 3.715352290971676e+02  6.081194393894998e-08  1.405782812699581e-03 
 3.801893963205561e+02  6.018473867354956e-08  1.371193061122334e-03 
 3.890451449942754e+02  5.956512441749986e-08  1.337151714393298e-03 
 3.981071705534919e+02  5.895301961720098e-08  1.303665030067708e-03 
 4.073802778041073e+02  5.834834366522837e-08  1.270738530507270e-03 
 4.168693834703298e+02  5.775101688585184e-08  1.238377192933502e-03 
 4.265795188015869e+02  5.716096052563968e-08  1.206585243926168e-03 
 4.365158322401601e+02  5.657809673954830e-08  1.175366311607786e-03 
 4.466835921509571e+02  5.600234858019719e-08  1.144723343049738e-03 
 4.570881896148688e+02  5.543363998718190e-08  1.114658551856601e-03 
 4.677351412871918e+02  5.487189577385359e-08  1.085173535921597e-03 
 4.786300923226318e+02  5.431704161714863e-08  1.056269201288852e-03 
 4.897788193684394e+02  5.376900404575942e-08  1.027945806222497e-03 
 5.011872336272654e+02  5.322771043009737e-08  1.000202910151646e-03 
 5.128613839913578e+02  5.269308896954806e-08  9.730394822170256e-04 
 5.248074602497653e+02  5.216506868263170e-08  9.464538523169663e-04 
 5.370317963702453e+02  5.164357939584809e-08  9.204437465645041e-04 
 5.495408738576169e+02  5.112855173289607e-08  8.950063089859766e-04 
 5.623413251903413e+02  5.061991710398381e-08  8.701381221430406e-04 
 5.754399373371490e+02  5.011760769522916e-08  8.458352331831761e-04 
 5.888436553555808e+02  4.962155645814827e-08  8.220931766176401e-04 
 6.025595860743495e+02  4.913169709948187e-08  7.989069956673380e-04 
 6.165950018614736e+02  4.864796406985652e-08  7.762713009553899e-04 
 6.309573444801845e+02  4.817029255504120e-08  7.541802473858744e-04 
 6.456542290346465e+02  4.769861846501401e-08  7.326275915649078e-04 
 6.606934480075868e+02  4.723287842316729e-08  7.116067385998712e-04 
 6.760829753919722e+02  4.677300975799722e-08  6.911107215946692e-04 
 6.918309709189267e+02  4.631895049127496e-08  6.711322844425971e-04 
 7.079457843841279e+02  4.587063933010308e-08  6.516638595739097e-04 
 7.244359600749798e+02  4.542801565552417e-08  6.326976378554259e-04 
 7.413102413009070e+02  4.499101951378667e-08  6.142255710966847e-04 
 7.585775750291730e+02  4.455959160652105e-08  5.962394056442372e-04 
 7.762471166286807e+02  4.413367328123151e-08  5.787307076051782e-04 
 7.943282347242701e+02  4.371320652186784e-08  5.616908875107781e-04 
 8.128305161640876e+02  4.329813393947787e-08  5.451112247648197e-04 
 8.317637711026591e+02  4.288839876293971e-08  5.289828904044547e-04 
 8.511380382023643e+02  4.248394482998159e-08  5.132969655269662e-04 
 8.709635899560682e+02  4.208471657724453e-08  4.980444754156309e-04 
 8.912509381337328e+02  4.169065903270642e-08  4.832163873283238e-04 
 9.120108393558967e+02  4.130171780529061e-08  4.688036504269370e-04 
 9.332543007969776e+02  4.091783907682566e-08  4.547972014559179e-04 
 9.549925860214222e+02  4.053896959305459e-08  4.411879845521961e-04 
 9.772372209557966e+02  4.016505665493286e-08  4.279669664452349e-04 
 9.999999999999856e+02  3.979604811000869e-08  4.151251511328876e-04 
 1.023292992280739e+03  3.943189234407267e-08  4.026535914734874e-04 
 1.047128548050884e+03  3.907253827214013e-08  3.905434067536317e-04 
 1.071519305237591e+03  3.871793533046986e-08  3.787857902183585e-04 
 1.096478196143169e+03  3.836803346899706e-08  3.673720139199930e-04 
 1.122018454301947e+03  3.802278314131920e-08  3.562934528980701e-04 
 1.148153621496866e+03  3.768213529840175e-08  3.455415792107714e-04 
 1.174897554939512e+03  3.734604137981973e-08  3.351079758653296e-04 
 1.202264434617395e+03  3.701445330548421e-08  3.249843458334429e-04 
 1.230268770812363e+03  3.668732346832566e-08  3.151625144287099e-04 
 1.258925411794148e+03  3.636460472636540e-08  3.056344363297445e-04 
 1.288249551693115e+03  3.604625039522041e-08  2.963921992537512e-04 
 1.318256738556387e+03  3.573221424004462e-08  2.874280307631713e-04 
 1.348962882591633e+03  3.542245046855935e-08  2.787342991270894e-04 
 1.380384264602864e+03  3.511691372351391e-08  2.703035170362890e-04 
 1.412537544622733e+03  3.481555907556773e-08  2.621283435344811e-04 
 1.445439770745906e+03  3.451834201564927e-08  2.542015877667902e-04 
 1.479108388168185e+03  3.422521844835841e-08  2.465162083697605e-04 
 1.513561248436185e+03  3.393614468498823e-08  2.390653146954710e-04 
 1.548816618912458e+03  3.365107743621386e-08  2.318421690257921e-04 
 1.584893192461089e+03  3.336997380593519e-08  2.248401846458281e-04 
 1.621810097358905e+03  3.309279128404034e-08  2.180529276878709e-04 
 1.659586907437535e+03  3.281948774031074e-08  2.114741153640421e-04 
 1.698243652461718e+03  3.255002141798683e-08  2.050976152937826e-04 
 1.737800828749349e+03  3.228435092703811e-08  1.989174457563189e-04 
 1.778279410038895e+03  3.202243523852626e-08  1.929277729823640e-04 
 1.819700858609955e+03  3.176423367797719e-08  1.871229111520659e-04 
 1.862087136662838e+03  3.150970591983402e-08  1.814973197503120e-04 
 1.905460717963218e+03  3.125881198173889e-08  1.760456017444620e-04 
 1.949844599758015e+03  3.101151221803533e-08  1.707625031710108e-04 
 1.995262314968848e+03  3.076776731496622e-08  1.656429094878561e-04 
 2.041737944669497e+03  3.052753828506605e-08  1.606818438090492e-04 
 2.089296130854007e+03  3.029078646156937e-08  1.558744650637698e-04 
 2.137962089502199e+03  3.005747349320996e-08  1.512160656061564e-04 
 2.187761623949518e+03  2.982756133950488e-08  1.467020682417760e-04 
 2.238721138568304e+03  2.960101226543881e-08  1.423280243543742e-04 
 2.290867652767737e+03  2.937778883677200e-08  1.380896111406648e-04 
 2.344228815319885e+03  2.915785391535901e-08  1.339826290744779e-04 
 2.398832919019453e+03  2.894117065449050e-08  1.300029994287709e-04 
 2.454708915684992e+03  2.872770249482158e-08  1.261467612859612e-04 
 2.511886431509540e+03  2.851741315986521e-08  1.224100691904535e-04 
 2.570395782768823e+03  2.831026665153669e-08  1.187891908191117e-04 
 2.630267991895340e+03  2.810622724681240e-08  1.152805036833273e-04 
 2.691534803926873e+03  2.790525949353731e-08  1.118804928552066e-04 
 2.754228703338123e+03  2.770732820640058e-08  1.085857486000909e-04 
 2.818382931264409e+03  2.751239846408495e-08  1.053929631626973e-04 
 2.884031503126560e+03  2.732043560510404e-08  1.022989287854121e-04 
 2.951209226666339e+03  2.713140522501512e-08  9.930053474697108e-05 
 3.019951720401968e+03  2.694527317276489e-08  9.639476520172391e-05 
 3.090295432513541e+03  2.676200554845068e-08  9.357869614676589e-05 
 3.162277660168329e+03  2.658156869937821e-08  9.084949366424548e-05 
 3.235936569296231e+03  2.640392921846595e-08  8.820441077462472e-05 
 3.311311214825857e+03  2.622905394060410e-08  8.564078568186253e-05 
 3.388441561391970e+03  2.605690994093550e-08  8.315603898052657e-05 
 3.467368504525260e+03  2.588746453206526e-08  8.074767162137015e-05 
 3.548133892335697e+03  2.572068526230940e-08  7.841326241134077e-05 
 3.630780547700954e+03  2.555653991301588e-08  7.615046610311813e-05 
 3.715352290971664e+03  2.539499649732797e-08  7.395701089246026e-05 
 3.801893963205549e+03  2.523602325777830e-08  7.183069657174239e-05 
 3.890451449942742e+03  2.507958866495693e-08  6.976939228433908e-05 
 3.981071705534907e+03  2.492566141587472e-08  6.777103453752137e-05 
 4.073802778041060e+03  2.477421043261436e-08  6.583362518215041e-05 
 4.168693834703285e+03  2.462520486086271e-08  6.395522953094218e-05 
 4.265795188015855e+03  2.447861406872823e-08  6.213397445920298e-05 
 4.365158322401587e+03  2.433440764597205e-08  6.036804644807183e-05 
 4.466835921509556e+03  2.419255540251306e-08  5.865568996080560e-05 
 4.570881896148673e+03  2.405302736817820e-08  5.699520549013260e-05 
 4.677351412871903e+03  2.391579379136195e-08  5.538494802696510e-05 
 4.786300923226302e+03  2.378082513903569e-08  5.382332520056023e-05 
 4.897788193684379e+03  2.364809209548404e-08  5.230879585921280e-05 
 5.011872336272638e+03  2.351756556235748e-08  5.083986834555430e-05 
 5.128613839913562e+03  2.338921665830199e-08  4.941509896852959e-05 
 5.248074602497637e+03  2.326301671834902e-08  4.803309058923536e-05 
 5.370317963702436e+03  2.313893729406693e-08  4.669249108560610e-05 
 5.495408738576152e+03  2.301695015318858e-08  4.539199199735331e-05 
 5.623413251903396e+03  2.289702727977689e-08  4.413032710765569e-05 
 5.754399373371471e+03  2.277914087431976e-08  4.290627109939915e-05 
 5.888436553555789e+03  2.266326335352460e-08  4.171863832328166e-05 
 6.025595860743474e+03  2.254936735079903e-08  4.056628147247264e-05 
 6.165950018614716e+03  2.243742571623505e-08  3.944809041100688e-05 
 6.309573444801824e+03  2.232741151712959e-08  3.836299094095199e-05 
 6.456542290346444e+03  2.221929803819296e-08  3.730994367422928e-05 
 6.606934480075846e+03  2.211305878186991e-08  3.628794292587682e-05 
 6.760829753919701e+03  2.200866746876140e-08  3.529601562826295e-05 
 6.918309709189245e+03  2.190609803824297e-08  3.433322025290853e-05 
 7.079457843841256e+03  2.180532464888807e-08  3.339864580501304e-05 
 7.244359600749774e+03  2.170632167871829e-08  3.249141087310526e-05 
 7.413102413009045e+03  2.160906372611254e-08  3.161066261389887e-05 
 7.585775750291705e+03  2.151352561024882e-08  3.075557584594272e-05 
 7.762471166286781e+03  2.141968237142448e-08  2.992535218012244e-05 
 7.943282347242675e+03  2.132750927203864e-08  2.911921909625678e-05 
 8.128305161640849e+03  2.123698179687769e-08  2.833642913627844e-05 
 8.317637711026564e+03  2.114807565385187e-08  2.757625907007014e-05 
 8.511380382023615e+03  2.106076677444119e-08  2.683800911807338e-05 
 8.709635899560653e+03  2.097503131450953e-08  2.612100215681787e-05 
 8.912509381337299e+03  2.089084565464460e-08  2.542458300398989e-05 
 9.120108393558938e+03  2.080818640085545e-08  2.474811768229462e-05 
 9.332543007969747e+03  2.072703038502670e-08  2.409099273313748e-05 
 9.549925860214193e+03  2.064735466552945e-08  2.345261453248324e-05 
 9.772372209557936e+03  2.056913652767691e-08  2.283240864324087e-05 
 9.999999999999825e+03  2.049235348411839e-08  2.222981919234491e-05 
 1.023292992280736e+04  2.041698327552878e-08  2.164430823211157e-05 
 1.047128548050881e+04  2.034300387069709e-08  2.107535518414428e-05 
 1.071519305237588e+04  2.027039346714766e-08  2.052245624041901e-05 
 1.096478196143166e+04  2.019913049143705e-08  1.998512381515841e-05 
 1.122018454301944e+04  2.012919359934199e-08  1.946288601908318e-05 
 1.148153621496863e+04  2.006056167623400e-08  1.895528612934311e-05 
 1.174897554939509e+04  1.999321383725624e-08  1.846188209298555e-05 
 1.202264434617392e+04  1.992712942749298e-08  1.798224604046552e-05 
 1.230268770812360e+04  1.986228802209146e-08  1.751596381701023e-05 
 1.258925411794145e+04  1.979866942633411e-08  1.706263452806418e-05 
 1.288249551693111e+04  1.973625367565991e-08  1.662187010148442e-05 
 1.318256738556384e+04  1.967502103566559e-08  1.619329485892903e-05 
 1.348962882591630e+04  1.961495200192335e-08  1.577654511437078e-05 
 1.380384264602860e+04  1.955602730000302e-08  1.537126876419602e-05 
 1.412537544622729e+04  1.949822788505553e-08  1.497712492004439e-05 
 1.445439770745902e+04  1.944153494184308e-08  1.459378351679827e-05 
 1.479108388168181e+04  1.938592988412407e-08  1.422092497747721e-05 
 1.513561248436181e+04  1.933139435456168e-08  1.385823984478932e-05 
 1.548816618912454e+04  1.927791022414942e-08  1.350542845844234e-05 
 1.584893192461085e+04  1.922545959173392e-08  1.316220062978951e-05 
 1.621810097358901e+04  1.917402478353432e-08  1.282827532520978e-05 
 1.659586907437531e+04  1.912358835251735e-08  1.250338036492501e-05 
 1.698243652461714e+04  1.907413307774422e-08  1.218725213051811e-05 
 1.737800828749345e+04  1.902564196363455e-08  1.187963528356064e-05 
 1.778279410038891e+04  1.897809823930222e-08  1.158028248534470e-05 
 1.819700858609951e+04  1.893148535757604e-08  1.128895414317674e-05 
 1.862087136662834e+04  1.888578699422447e-08  1.100541814795937e-05 
 1.905460717963213e+04  1.884098704704236e-08  1.072944962576730e-05 
 1.949844599758010e+04  1.879706963474084e-08  1.046083070784362e-05 
 1.995262314968844e+04  1.875401909604924e-08  1.019935029000307e-05 
 2.041737944669493e+04  1.871181998850138e-08  9.944803818380828e-06 
 2.089296130854002e+04  1.867045708738207e-08  9.696993067716050e-06 
 2.137962089502194e+04  1.862991538444002e-08  9.455725939670947e-06 
 2.187761623949514e+04  1.859018008673142e-08  9.220816255440956e-06 
 2.238721138568300e+04  1.855123661526019e-08  8.992083566763396e-06 
 2.290867652767732e+04  1.851307060366055e-08  8.769352966056064e-06 
 2.344228815319880e+04  1.847566789687208e-08  8.552454901922394e-06 
 2.398832919019448e+04  1.843901454954805e-08  8.341225014095478e-06 
 2.454708915684986e+04  1.840309682478635e-08  8.135503951256621e-06 
 2.511886431509535e+04  1.836790119247579e-08  7.935137216649401e-06 
 2.570395782768818e+04  1.833341432780394e-08  7.739975006379265e-06 
 2.630267991895334e+04  1.829962310961168e-08  7.549872059970856e-06 
 2.691534803926867e+04  1.826651461887775e-08  7.364687506545554e-06 
 2.754228703338117e+04  1.823407613692945e-08  7.184284729791321e-06 
 2.818382931264403e+04  1.820229514382278e-08  7.008531225838743e-06 
 2.884031503126553e+04  1.817115931663259e-08  6.837298469644902e-06 
 2.951209226666332e+04  1.814065652762859e-08  6.670461790251150e-06 
 3.019951720401961e+04  1.811077484256013e-08  6.507900242618630e-06 
 3.090295432513534e+04  1.808150251879571e-08  6.349496490634521e-06 
 3.162277660168322e+04  1.805282800352083e-08  6.195136689349767e-06 
 3.235936569296224e+04  1.802473993186294e-08  6.044710373623234e-06 
 3.311311214825851e+04  1.799722712501147e-08  5.898110350300987e-06 
 3.388441561391963e+04  1.797027858834676e-08  5.755232591364864e-06 
 3.467368504525253e+04  1.794388350947529e-08  5.615976135922094e-06 
 3.548133892335689e+04  1.791803125629511e-08  5.480242992278207e-06 
 3.630780547700946e+04  1.789271137512850e-08  5.347938038736843e-06 
 3.715352290971656e+04  1.786791358860106e-08  5.218968941125697e-06 
 3.801893963205542e+04  1.784362779384392e-08  5.093246054712079e-06 
 3.890451449942734e+04  1.781984406033988e-08  4.970682347806824e-06 
 3.981071705534899e+04  1.779655262804611e-08  4.851193313309372e-06 
 4.073802778041051e+04  1.777374390533246e-08  4.734696891650936e-06 
 4.168693834703276e+04  1.775140846694396e-08  4.621113395401242e-06 
 4.265795188015846e+04  1.772953705205679e-08  4.510365430912200e-06 
 4.365158322401578e+04  1.770812056218047e-08  4.402377830614009e-06 
 4.466835921509547e+04  1.768715005919297e-08  4.297077580053377e-06 
 4.570881896148664e+04  1.766661676325431e-08  4.194393754270460e-06 
 4.677351412871894e+04  1.764651205082695e-08  4.094257450166680e-06 
 4.786300923226294e+04  1.762682745263733e-08  3.996601724695445e-06 
 4.897788193684370e+04  1.760755465165222e-08  3.901361534043748e-06 
 5.011872336272628e+04  1.758868548103721e-08  3.808473676216053e-06 
 5.128613839913552e+04  1.757021192218433e-08  3.717876732285343e-06 
 5.248074602497627e+04  1.755212610265981e-08  3.629511013491475e-06 
 5.370317963702425e+04  1.753442029424259e-08  3.543318506436352e-06 
 5.495408738576141e+04  1.751708691087869e-08  3.459242824279644e-06 
 5.623413251903383e+04  1.750011850675486e-08  3.377229154263590e-06 
 5.754399373371459e+04  1.748350777426339e-08  3.297224212597620e-06 
 5.888436553555776e+04  1.746724754210318e-08  3.219176195048968e-06 
 6.025595860743462e+04  1.745133077325030e-08  3.143034735635704e-06 
 6.165950018614703e+04  1.743575056307296e-08  3.068750860625122e-06 
 6.309573444801811e+04  1.742050013739297e-08  2.996276947130445e-06 
 6.456542290346430e+04  1.740557285056258e-08  2.925566682850682e-06 
 6.606934480075832e+04  1.739096218355712e-08  2.856575027467168e-06 
 6.760829753919686e+04  1.737666174210905e-08  2.789258173537874e-06 
 6.918309709189230e+04  1.736266525484022e-08  2.723573510110098e-06 
 7.079457843841241e+04  1.734896657140368e-08  2.659479587359275e-06 
 7.244359600749759e+04  1.733555966066720e-08  2.596936081485510e-06 
 7.413102413009030e+04  1.732243860886807e-08  2.535903763057478e-06 
 7.585775750291689e+04  1.730959761785735e-08  2.476344462746205e-06 
 7.762471166286766e+04  1.729703100330844e-08  2.418221041092334e-06 
 7.943282347242659e+04  1.728473319294757e-08  2.361497358892999e-06 
 8.128305161640832e+04  1.727269872484883e-08  2.306138246742268e-06 
 8.317637711026546e+04  1.726092224569215e-08  2.252109477909567e-06 
 8.511380382023596e+04  1.724939850910721e-08  2.199377739578799e-06 
 8.709635899560634e+04  1.723812237396258e-08  2.147910608046833e-06 
 8.912509381337279e+04  1.722708880277371e-08  2.097676520718315e-06 
 9.120108393558917e+04  1.721629286001267e-08  2.048644754229827e-06 
 9.332543007969725e+04  1.720572971058124e-08  2.000785397070619e-06 
 9.549925860214169e+04  1.719539461817018e-08  1.954069329355870e-06 
 9.772372209557911e+04  1.718528294376568e-08  1.908468197464784e-06 
 9.999999999999799e+04  1.717539014407876e-08  1.863954394274609e-06 
 1.023292992280734e+05  1.716571177008121e-08  1.820501036311178e-06 
 1.047128548050878e+05  1.715624346549396e-08  1.778081944845561e-06 
 1.071519305237585e+05  1.714698096537902e-08  1.736671624075393e-06 
 1.096478196143163e+05  1.713792009468667e-08  1.696245243328859e-06 
 1.122018454301941e+05  1.712905676687080e-08  1.656778617716705e-06 
 1.148153621496859e+05  1.712038698251406e-08  1.618248190401012e-06 
 1.174897554939506e+05  1.711190682800222e-08  1.580631014285477e-06 
 1.202264434617388e+05  1.710361247419872e-08  1.543904735517976e-06 
 1.230268770812357e+05  1.709550017515348e-08  1.508047577170277e-06 
 1.258925411794142e+05  1.708756626687132e-08  1.473038322331047e-06 
 1.288249551693108e+05  1.707980716605672e-08  1.438856299536656e-06 
 1.318256738556380e+05  1.707221936891990e-08  1.405481367586460e-06 
 1.348962882591626e+05  1.706479945003120e-08  1.372893900063378e-06 
 1.380384264602856e+05  1.705754406115559e-08  1.341074772070187e-06 
 1.412537544622725e+05  1.705044993014799e-08  1.310005346483938e-06 
 1.445439770745898e+05  1.704351385988796e-08  1.279667459990258e-06 
 1.479108388168177e+05  1.703673272722615e-08  1.250043410500967e-06 
 1.513561248436177e+05  1.703010348196258e-08  1.221115944735578e-06 
 1.548816618912449e+05  1.702362314586634e-08  1.192868246076331e-06 
 1.584893192461080e+05  1.701728881173123e-08  1.165283922285047e-06 
 1.621810097358896e+05  1.701109764245109e-08  1.138346994449426e-06 
 1.659586907437526e+05  1.700504687012404e-08  1.112041886099549e-06 
 1.698243652461709e+05  1.699913379522928e-08  1.086353411447935e-06 
 1.737800828749339e+05  1.699335578577355e-08  1.061266766185674e-06 
 1.778279410038886e+05  1.698771027653637e-08  1.036767516253980e-06 
 1.819700858609945e+05  1.698219476831612e-08  1.012841588266431e-06 
 1.862087136662828e+05  1.697680682720047e-08  9.894752605025079e-07 
 1.905460717963207e+05  1.697154408392576e-08  9.666551524235990e-07 
 1.949844599758004e+05  1.696640423320466e-08  9.443682167533025e-07 
 1.995262314968837e+05  1.696138503314037e-08  9.226017302665235e-07 
 2.041737944669486e+05  1.695648430467801e-08  9.013432847637417e-07 
 2.089296130853995e+05  1.695169993105689e-08  8.805807796788268e-07 
 2.137962089502187e+05  1.694702985734512e-08  8.603024134135291e-07 
 2.187761623949506e+05  1.694247208999931e-08  8.404966755045547e-07 
 2.238721138568292e+05  1.693802469645102e-08  8.211523394439010e-07 
 2.290867652767724e+05  1.693368580476559e-08  8.022584548134101e-07 
 2.344228815319872e+05  1.692945360331110e-08  7.838043405922065e-07 
 2.398832919019439e+05  1.692532634051535e-08  7.657795774241268e-07 
 2.454708915684978e+05  1.692130232461054e-08  7.481740017770330e-07 
 2.511886431509526e+05  1.691737992347846e-08  7.309776986997526e-07 
 2.570395782768808e+05  1.691355756451455e-08  7.141809955838275e-07 
 2.630267991895325e+05  1.690983373455145e-08  6.977744558455715e-07 
 2.691534803926857e+05  1.690620697981515e-08  6.817488732649942e-07 
 2.754228703338107e+05  1.690267590597101e-08  6.660952654131828e-07 
 2.818382931264393e+05  1.689923917817363e-08  6.508048685638976e-07 
 2.884031503126543e+05  1.689589552121267e-08  6.358691317401253e-07 
 2.951209226666322e+05  1.689264371968673e-08  6.212797115099572e-07 
 3.019951720401950e+05  1.688948261825154e-08  6.070284665873762e-07 
 3.090295432513523e+05  1.688641112192374e-08  5.931074526472715e-07 
 3.162277660168310e+05  1.688342819643154e-08  5.795089176129577e-07 
 3.235936569296212e+05  1.688053286865833e-08  5.662252963544617e-07 
 3.311311214825838e+05  1.687772422710653e-08  5.532492065586842e-07 
 3.388441561391951e+05  1.687500142247830e-08  5.405734435485912e-07 
 3.467368504525240e+05  1.687236366828066e-08  5.281909762405766e-07 
 3.548133892335676e+05  1.686981024152758e-08  5.160949426396854e-07 
 3.630780547700933e+05  1.686734048351497e-08  5.042786454106671e-07 
 3.715352290971643e+05  1.686495380064317e-08  4.927355482099110e-07 
 3.801893963205527e+05  1.686264966535708e-08  4.814592712066786e-07 
 3.890451449942719e+05  1.686042761712882e-08  4.704435875812627e-07 
 3.981071705534884e+05  1.685828726355279e-08  4.596824194015922e-07 
 4.073802778041036e+05  1.685622828150523e-08  4.491698340894369e-07 
 4.168693834703261e+05  1.685425041840152e-08  4.389000407920986e-07 
 4.265795188015831e+05  1.685235349354011e-08  4.288673868713309e-07 
 4.365158322401562e+05  1.685053739953982e-08  4.190663545360806e-07 
 4.466835921509531e+05  1.684880210388021e-08  4.094915574062755e-07 
 4.570881896148648e+05  1.684714765053076e-08  4.001377374103259e-07 
 4.677351412871877e+05  1.684557416169660e-08  3.909997614786344e-07 
 4.786300923226276e+05  1.684408183965230e-08  3.820726186440044e-07 
 4.897788193684352e+05  1.684267096870242e-08  3.733514169429786e-07 
 5.011872336272610e+05  1.684134191724763e-08  3.648313805067876e-07 
 5.128613839913533e+05  1.684009513996673e-08  3.565078467488382e-07 
 5.248074602497608e+05  1.683893118012039e-08  3.483762635886995e-07 
 5.370317963702406e+05  1.683785067197595e-08  3.404321867893808e-07 
 5.495408738576121e+05  1.683685434337103e-08  3.326712772241265e-07 
 5.623413251903363e+05  1.683594301838485e-08  3.250892985016525e-07 
 5.754399373371438e+05  1.683511762017292e-08  3.176821143123957e-07 
 5.888436553555755e+05  1.683437917391913e-08  3.104456861126097e-07 
 6.025595860743440e+05  1.683372880994996e-08  3.033760706111703e-07 
 6.165950018614681e+05  1.683316776697090e-08  2.964694176538547e-07 
 6.309573444801788e+05  1.683269739548133e-08  2.897219678186087e-07 
 6.456542290346407e+05  1.683231916132320e-08  2.831300502980764e-07 
 6.606934480075808e+05  1.683203464939538e-08  2.766900807833751e-07 
 6.760829753919662e+05  1.683184556754326e-08  2.703985592658340e-07 
 6.918309709189205e+05  1.683175375058245e-08  2.642520681844519e-07 
 7.079457843841215e+05  1.683176116453140e-08  2.582472702792659e-07 
 7.244359600749733e+05  1.683186991098956e-08  2.523809067514426e-07 
 7.413102413009004e+05  1.683208223169472e-08  2.466497953990290e-07 
 7.585775750291662e+05  1.683240051327807e-08  2.410508287041666e-07 
 7.762471166286737e+05  1.683282729218129e-08  2.355809720892623e-07 
 7.943282347242631e+05  1.683336525976667e-08  2.302372621820090e-07 
 8.128305161640804e+05  1.683401726761261e-08  2.250168050974817e-07 
 8.317637711026516e+05  1.683478633300176e-08  2.199167747671608e-07 
 8.511380382023565e+05  1.683567564459773e-08  2.149344112953766e-07 
 8.709635899560602e+05  1.683668856828785e-08  2.100670195140247e-07 
 8.912509381337245e+05  1.683782865325884e-08  2.053119672890648e-07 
 9.120108393558882e+05  1.683909963825486e-08  2.006666839805454e-07 
 9.332543007969690e+05  1.684050545795166e-08  1.961286592412699e-07 
 9.549925860214133e+05  1.684205024964112e-08  1.916954412533932e-07 
 9.772372209557875e+05  1.684373835998122e-08  1.873646355655006e-07 
 9.999999999999763e+05  1.684557435199917e-08  1.831339036064503e-07 
 1.023292992280730e+06  1.684756301222351e-08  1.790009614191506e-07 
 1.047128548050875e+06  1.684970935800541e-08  1.749635783256625e-07 
 1.071519305237581e+06  1.685201864499599e-08  1.710195756285595e-07 
 1.096478196143159e+06  1.685449637473088e-08  1.671668254691096e-07 
 1.122018454301937e+06  1.685714830239682e-08  1.634032495534122e-07 
 1.148153621496855e+06  1.685998044472816e-08  1.597268178870103e-07 
 1.174897554939501e+06  1.686299908790554e-08  1.561355478217664e-07 
 1.202264434617384e+06  1.686621079568458e-08  1.526275027255513e-07 
 1.230268770812352e+06  1.686962241745834e-08  1.492007910196255e-07 
 1.258925411794137e+06  1.687324109645787e-08  1.458535650006057e-07 
 1.288249551693103e+06  1.687707427788280e-08  1.425840198749860e-07 
 1.318256738556375e+06  1.688112971707934e-08  1.393903926639436e-07 
 1.348962882591621e+06  1.688541548763167e-08  1.362709612147498e-07 
 1.380384264602852e+06  1.688993998937821e-08  1.332240432118055e-07 
 1.412537544622720e+06  1.689471195625061e-08  1.302479952676821e-07 
 1.445439770745893e+06  1.689974046402998e-08  1.273412118916111e-07 
 1.479108388168172e+06  1.690503493775071e-08  1.245021246680190e-07 
 1.513561248436171e+06  1.691060515898332e-08  1.217292012143669e-07 
 1.548816618912444e+06  1.691646127257484e-08  1.190209444415484e-07 
 1.584893192461075e+06  1.692261379313498e-08  1.163758916156963e-07 
 1.621810097358890e+06  1.692907361099237e-08  1.137926134935802e-07 
 1.659586907437520e+06  1.693585199754511e-08  1.112697135404067e-07 
 1.698243652461703e+06  1.694296061001807e-08  1.088058270962716e-07 
 1.737800828749333e+06  1.695041149545579e-08  1.063996205818691e-07 
 1.778279410038879e+06  1.695821709391635e-08  1.040497906931408e-07 
 1.819700858609939e+06  1.696639024067006e-08  1.017550636610314e-07 
 1.862087136662822e+06  1.697494416738486e-08  9.951419448592549e-08 
 1.905460717963201e+06  1.698389250215020e-08  9.732596618222981e-08 
 1.949844599757998e+06  1.699324926815578e-08  9.518918908217497e-08 
 1.995262314968831e+06  1.700302888098272e-08  9.310270009703461e-08 
 2.041737944669479e+06  1.701324614428645e-08  9.106536204039010e-08 
 2.089296130853988e+06  1.702391624377655e-08  8.907606292976215e-08 
 2.137962089502180e+06  1.703505473941767e-08  8.713371524959416e-08 
 2.187761623949499e+06  1.704667755530271e-08  8.523725541110000e-08 
 2.238721138568284e+06  1.705880096769387e-08  8.338564298386708e-08 
 2.290867652767716e+06  1.707144159048151e-08  8.157786006730870e-08 
 2.344228815319864e+06  1.708461635797205e-08  7.981291073919792e-08 
 2.398832919019431e+06  1.709834250528206e-08  7.808982032284379e-08 
 2.454708915684969e+06  1.711263754554334e-08  7.640763482237614e-08 
 2.511886431509518e+06  1.712751924406803e-08  7.476542031930335e-08 
 2.570395782768800e+06  1.714300558918153e-08  7.316226241036131e-08 
 2.630267991895317e+06  1.715911475992699e-08  7.159726551597103e-08 
 2.691534803926849e+06  1.717586508968443e-08  7.006955238669769e-08 
 2.754228703338098e+06  1.719327502618193e-08  6.857826353580151e-08 
 2.818382931264383e+06  1.721136308777229e-08  6.712255661331254e-08 
 2.884031503126534e+06  1.723014781511323e-08  6.570160594824622e-08 
 2.951209226666312e+06  1.724964771918836e-08  6.431460192891046e-08 
 3.019951720401940e+06  1.726988122460588e-08  6.296075050833885e-08 
 3.090295432513513e+06  1.729086660868182e-08  6.163927266692533e-08 
 3.162277660168299e+06  1.731262193596008e-08  6.034940391372387e-08 
 3.235936569296201e+06  1.733516498817974e-08  5.909039380062099e-08 
 3.311311214825827e+06  1.735851319000277e-08  5.786150540077121e-08 
 3.388441561391939e+06  1.738268353018822e-08  5.666201483617415e-08 
 3.467368504525228e+06  1.740769247827161e-08  5.549121083468155e-08 
 3.548133892335664e+06  1.743355589745978e-08  5.434839423784021e-08 
 3.630780547700921e+06  1.746028895295113e-08  5.323287762707122e-08 
 3.715352290971631e+06  1.748790601736288e-08  5.214398481461399e-08 
 3.801893963205515e+06  1.751642057184777e-08  5.108105051726389e-08 
 3.890451449942707e+06  1.754584510483010e-08  5.004341992573338e-08 
 3.981071705534871e+06  1.757619100820292e-08  4.903044831028344e-08 
 4.073802778041023e+06  1.760746847099856e-08  4.804150070831726e-08 
 4.168693834703247e+06  1.763968637218114e-08  4.707595155680711e-08 
 4.265795188015817e+06  1.767285217241233e-08  4.613318438887325e-08 
 4.365158322401547e+06  1.770697180573566e-08  4.521259155459220e-08 
 4.466835921509515e+06  1.774204957228175e-08  4.431357394437894e-08 
 4.570881896148631e+06  1.777808803286079e-08  4.343554072395791e-08 
 4.677351412871860e+06  1.781508790561019e-08  4.257790915038806e-08 
 4.786300923226259e+06  1.785304796694531e-08  4.174010436184812e-08 
 4.897788193684334e+06  1.789196495662285e-08  4.092155924233145e-08 
 5.011872336272592e+06  1.793183348954475e-08  4.012171424846269e-08 
 5.128613839913514e+06  1.797264597359626e-08  3.934001734134425e-08 
 5.248074602497589e+06  1.801439253588215e-08  3.857592392669815e-08 
 5.370317963702387e+06  1.805706095861942e-08  3.782889679834318e-08 
 5.495408738576102e+06  1.810063662523029e-08  3.709840613862698e-08 
 5.623413251903344e+06  1.814510247749243e-08  3.638392957656447e-08 
 5.754399373371419e+06  1.819043898615396e-08  3.568495223048982e-08 
 5.888436553555735e+06  1.823662413464751e-08  3.500096682032279e-08 
 6.025595860743419e+06  1.828363341713299e-08  3.433147381677504e-08 
 6.165950018614660e+06  1.833143985255039e-08  3.367598160018523e-08 
 6.309573444801766e+06  1.838001401424172e-08  3.303400666883395e-08 
 6.456542290346385e+06  1.842932407605153e-08  3.240507389528651e-08 
 6.606934480075786e+06  1.847933587581999e-08  3.178871678860480e-08 
 6.760829753919640e+06  1.853001299648184e-08  3.118447777537780e-08 
 6.918309709189182e+06  1.858131686283533e-08  3.059190858221661e-08 
 7.079457843841192e+06  1.863320685739281e-08  3.001057055162199e-08 
 7.244359600749710e+06  1.868564045192215e-08  2.944003503837164e-08 
 7.413102413008980e+06  1.873857335573110e-08  2.887988380145729e-08 
 7.585775750291637e+06  1.879195967830324e-08  2.832970945478446e-08 
 7.762471166286712e+06  1.884575210850082e-08  2.778911586027413e-08 
 7.943282347242604e+06  1.889990210533376e-08  2.725771859161588e-08 
 8.128305161640776e+06  1.895436010101184e-08  2.673514539871178e-08 
 8.317637711026489e+06  1.900907571551109e-08  2.622103663273428e-08 
 8.511380382023538e+06  1.906399797920551e-08  2.571504570329384e-08 
 8.709635899560574e+06  1.911907556222641e-08  2.521683953029781e-08 
 8.912509381337218e+06  1.917425701094231e-08  2.472609893198650e-08 
 9.120108393558854e+06  1.922949098455765e-08  2.424251907820966e-08 
 9.332543007969661e+06  1.928472649540079e-08  2.376580985420307e-08 
 9.549925860214103e+06  1.933991314929907e-08  2.329569617699994e-08 
 9.772372209557844e+06  1.939500137896103e-08  2.283191837922628e-08 
 9.999999999999732e+06  1.944994267767787e-08  2.237423243417616e-08 
