 1.00000000e+00 -1.59473198e+01  1.59453482e-01 
 1.01157945e+00 -1.59473216e+01  1.59453449e-01 
 1.02329299e+00 -1.59473235e+01  1.59453415e-01 
 1.03514217e+00 -1.59473254e+01  1.59453381e-01 
 1.04712855e+00 -1.59473273e+01  1.59453345e-01 
 1.05925373e+00 -1.59473293e+01  1.59453309e-01 
 1.07151931e+00 -1.59473313e+01  1.59453272e-01 
 1.08392691e+00 -1.59473334e+01  1.59453234e-01 
 1.09647820e+00 -1.59473355e+01  1.59453195e-01 
 1.10917482e+00 -1.59473376e+01  1.59453156e-01 
 1.12201845e+00 -1.59473398e+01  1.59453115e-01 
 1.13501082e+00 -1.59473421e+01  1.59453073e-01 
 1.14815362e+00 -1.59473444e+01  1.59453031e-01 
 1.16144861e+00 -1.59473468e+01  1.59452987e-01 
 1.17489755e+00 -1.59473492e+01  1.59452943e-01 
 1.18850223e+00 -1.59473517e+01  1.59452897e-01 
 1.20226443e+00 -1.59473542e+01  1.59452851e-01 
 1.21618600e+00 -1.59473568e+01  1.59452803e-01 
 1.23026877e+00 -1.59473595e+01  1.59452754e-01 
 1.24451461e+00 -1.59473622e+01  1.59452704e-01 
 1.25892541e+00 -1.59473650e+01  1.59452653e-01 
 1.27350308e+00 -1.59473679e+01  1.59452601e-01 
 1.28824955e+00 -1.59473708e+01  1.59452547e-01 
 1.30316678e+00 -1.59473738e+01  1.59452492e-01 
 1.31825674e+00 -1.59473768e+01  1.59452436e-01 
 1.33352143e+00 -1.59473799e+01  1.59452379e-01 
 1.34896288e+00 -1.59473831e+01  1.59452320e-01 
 1.36458314e+00 -1.59473864e+01  1.59452260e-01 
 1.38038426e+00 -1.59473898e+01  1.59452198e-01 
 1.39636836e+00 -1.59473932e+01  1.59452136e-01 
 1.41253754e+00 -1.59473967e+01  1.59452071e-01 
 1.42889396e+00 -1.59474003e+01  1.59452005e-01 
 1.44543977e+00 -1.59474040e+01  1.59451938e-01 
 1.46217717e+00 -1.59474077e+01  1.59451869e-01 
 1.47910839e+00 -1.59474116e+01  1.59451798e-01 
 1.49623566e+00 -1.59474155e+01  1.59451726e-01 
 1.51356125e+00 -1.59474195e+01  1.59451652e-01 
 1.53108746e+00 -1.59474237e+01  1.59451576e-01 
 1.54881662e+00 -1.59474279e+01  1.59451499e-01 
 1.56675107e+00 -1.59474322e+01  1.59451420e-01 
 1.58489319e+00 -1.59474366e+01  1.59451339e-01 
 1.60324539e+00 -1.59474411e+01  1.59451256e-01 
 1.62181010e+00 -1.59474457e+01  1.59451171e-01 
 1.64058977e+00 -1.59474505e+01  1.59451084e-01 
 1.65958691e+00 -1.59474553e+01  1.59450995e-01 
 1.67880402e+00 -1.59474603e+01  1.59450904e-01 
 1.69824365e+00 -1.59474653e+01  1.59450811e-01 
 1.71790839e+00 -1.59474705e+01  1.59450716e-01 
 1.73780083e+00 -1.59474758e+01  1.59450619e-01 
 1.75792361e+00 -1.59474813e+01  1.59450519e-01 
 1.77827941e+00 -1.59474868e+01  1.59450417e-01 
 1.79887092e+00 -1.59474925e+01  1.59450312e-01 
 1.81970086e+00 -1.59474983e+01  1.59450206e-01 
 1.84077200e+00 -1.59475043e+01  1.59450096e-01 
 1.86208714e+00 -1.59475104e+01  1.59449984e-01 
 1.88364909e+00 -1.59475166e+01  1.59449870e-01 
 1.90546072e+00 -1.59475230e+01  1.59449753e-01 
 1.92752491e+00 -1.59475295e+01  1.59449633e-01 
 1.94984460e+00 -1.59475362e+01  1.59449510e-01 
 1.97242274e+00 -1.59475430e+01  1.59449385e-01 
 1.99526231e+00 -1.59475500e+01  1.59449256e-01 
 2.01836636e+00 -1.59475572e+01  1.59449125e-01 
 2.04173794e+00 -1.59475645e+01  1.59448990e-01 
 2.06538016e+00 -1.59475720e+01  1.59448853e-01 
 2.08929613e+00 -1.59475797e+01  1.59448712e-01 
 2.11348904e+00 -1.59475876e+01  1.59448568e-01 
 2.13796209e+00 -1.59475956e+01  1.59448420e-01 
 2.16271852e+00 -1.59476038e+01  1.59448269e-01 
 2.18776162e+00 -1.59476122e+01  1.59448115e-01 
 2.21309471e+00 -1.59476208e+01  1.59447957e-01 
 2.23872114e+00 -1.59476296e+01  1.59447795e-01 
 2.26464431e+00 -1.59476387e+01  1.59447630e-01 
 2.29086765e+00 -1.59476479e+01  1.59447460e-01 
 2.31739465e+00 -1.59476573e+01  1.59447287e-01 
 2.34422882e+00 -1.59476670e+01  1.59447110e-01 
 2.37137371e+00 -1.59476769e+01  1.59446928e-01 
 2.39883292e+00 -1.59476870e+01  1.59446743e-01 
 2.42661010e+00 -1.59476973e+01  1.59446553e-01 
 2.45470892e+00 -1.59477079e+01  1.59446358e-01 
 2.48313311e+00 -1.59477188e+01  1.59446159e-01 
 2.51188643e+00 -1.59477298e+01  1.59445956e-01 
 2.54097271e+00 -1.59477412e+01  1.59445747e-01 
 2.57039578e+00 -1.59477528e+01  1.59445534e-01 
 2.60015956e+00 -1.59477647e+01  1.59445316e-01 
 2.63026799e+00 -1.59477768e+01  1.59445093e-01 
 2.66072506e+00 -1.59477893e+01  1.59444864e-01 
 2.69153480e+00 -1.59478020e+01  1.59444631e-01 
 2.72270131e+00 -1.59478151e+01  1.59444391e-01 
 2.75422870e+00 -1.59478284e+01  1.59444147e-01 
 2.78612117e+00 -1.59478420e+01  1.59443896e-01 
 2.81838293e+00 -1.59478560e+01  1.59443640e-01 
 2.85101827e+00 -1.59478703e+01  1.59443378e-01 
 2.88403150e+00 -1.59478849e+01  1.59443109e-01 
 2.91742701e+00 -1.59478999e+01  1.59442835e-01 
 2.95120923e+00 -1.59479152e+01  1.59442554e-01 
 2.98538262e+00 -1.59479308e+01  1.59442266e-01 
 3.01995172e+00 -1.59479469e+01  1.59441972e-01 
 3.05492111e+00 -1.59479633e+01  1.59441671e-01 
 3.09029543e+00 -1.59479800e+01  1.59441363e-01 
 3.12607937e+00 -1.59479972e+01  1.59441048e-01 
 3.16227766e+00 -1.59480148e+01  1.59440725e-01 
 3.19889511e+00 -1.59480328e+01  1.59440395e-01 
 3.23593657e+00 -1.59480512e+01  1.59440057e-01 
 3.27340695e+00 -1.59480700e+01  1.59439711e-01 
 3.31131121e+00 -1.59480893e+01  1.59439358e-01 
 3.34965439e+00 -1.59481090e+01  1.59438996e-01 
 3.38844156e+00 -1.59481292e+01  1.59438625e-01 
 3.42767787e+00 -1.59481498e+01  1.59438246e-01 
 3.46736850e+00 -1.59481710e+01  1.59437858e-01 
 3.50751874e+00 -1.59481926e+01  1.59437461e-01 
 3.54813389e+00 -1.59482147e+01  1.59437055e-01 
 3.58921935e+00 -1.59482373e+01  1.59436640e-01 
 3.63078055e+00 -1.59482605e+01  1.59436214e-01 
 3.67282300e+00 -1.59482842e+01  1.59435779e-01 
 3.71535229e+00 -1.59483085e+01  1.59435334e-01 
 3.75837404e+00 -1.59483333e+01  1.59434878e-01 
 3.80189396e+00 -1.59483587e+01  1.59434412e-01 
 3.84591782e+00 -1.59483847e+01  1.59433935e-01 
 3.89045145e+00 -1.59484113e+01  1.59433447e-01 
 3.93550075e+00 -1.59484385e+01  1.59432947e-01 
 3.98107171e+00 -1.59484664e+01  1.59432436e-01 
 4.02717034e+00 -1.59484949e+01  1.59431913e-01 
 4.07380278e+00 -1.59485240e+01  1.59431377e-01 
 4.12097519e+00 -1.59485539e+01  1.59430830e-01 
 4.16869383e+00 -1.59485844e+01  1.59430269e-01 
 4.21696503e+00 -1.59486157e+01  1.59429696e-01 
 4.26579519e+00 -1.59486476e+01  1.59429109e-01 
 4.31519077e+00 -1.59486804e+01  1.59428508e-01 
 4.36515832e+00 -1.59487138e+01  1.59427893e-01 
 4.41570447e+00 -1.59487481e+01  1.59427265e-01 
 4.46683592e+00 -1.59487832e+01  1.59426621e-01 
 4.51855944e+00 -1.59488190e+01  1.59425963e-01 
 4.57088190e+00 -1.59488558e+01  1.59425289e-01 
 4.62381021e+00 -1.59488933e+01  1.59424599e-01 
 4.67735141e+00 -1.59489318e+01  1.59423894e-01 
 4.73151259e+00 -1.59489711e+01  1.59423172e-01 
 4.78630092e+00 -1.59490114e+01  1.59422433e-01 
 4.84172368e+00 -1.59490525e+01  1.59421677e-01 
 4.89778819e+00 -1.59490947e+01  1.59420903e-01 
 4.95450191e+00 -1.59491378e+01  1.59420111e-01 
 5.01187234e+00 -1.59491820e+01  1.59419301e-01 
 5.06990708e+00 -1.59492271e+01  1.59418473e-01 
 5.12861384e+00 -1.59492733e+01  1.59417624e-01 
 5.18800039e+00 -1.59493206e+01  1.59416756e-01 
 5.24807460e+00 -1.59493690e+01  1.59415868e-01 
 5.30884444e+00 -1.59494185e+01  1.59414959e-01 
 5.37031796e+00 -1.59494692e+01  1.59414029e-01 
 5.43250331e+00 -1.59495211e+01  1.59413078e-01 
 5.49540874e+00 -1.59495741e+01  1.59412104e-01 
 5.55904257e+00 -1.59496284e+01  1.59411108e-01 
 5.62341325e+00 -1.59496840e+01  1.59410088e-01 
 5.68852931e+00 -1.59497408e+01  1.59409045e-01 
 5.75439937e+00 -1.59497990e+01  1.59407977e-01 
 5.82103218e+00 -1.59498585e+01  1.59406885e-01 
 5.88843655e+00 -1.59499194e+01  1.59405767e-01 
 5.95662144e+00 -1.59499818e+01  1.59404623e-01 
 6.02559586e+00 -1.59500455e+01  1.59403452e-01 
 6.09536897e+00 -1.59501108e+01  1.59402254e-01 
 6.16595002e+00 -1.59501776e+01  1.59401029e-01 
 6.23734835e+00 -1.59502459e+01  1.59399775e-01 
 6.30957344e+00 -1.59503159e+01  1.59398491e-01 
 6.38263486e+00 -1.59503874e+01  1.59397178e-01 
 6.45654229e+00 -1.59504607e+01  1.59395834e-01 
 6.53130553e+00 -1.59505356e+01  1.59394459e-01 
 6.60693448e+00 -1.59506123e+01  1.59393052e-01 
 6.68343918e+00 -1.59506907e+01  1.59391612e-01 
 6.76082975e+00 -1.59507710e+01  1.59390139e-01 
 6.83911647e+00 -1.59508532e+01  1.59388632e-01 
 6.91830971e+00 -1.59509372e+01  1.59387089e-01 
 6.99841996e+00 -1.59510232e+01  1.59385511e-01 
 7.07945784e+00 -1.59511113e+01  1.59383895e-01 
 7.16143410e+00 -1.59512013e+01  1.59382243e-01 
 7.24435960e+00 -1.59512935e+01  1.59380551e-01 
 7.32824533e+00 -1.59513878e+01  1.59378821e-01 
 7.41310241e+00 -1.59514843e+01  1.59377050e-01 
 7.49894209e+00 -1.59515831e+01  1.59375238e-01 
 7.58577575e+00 -1.59516841e+01  1.59373384e-01 
 7.67361489e+00 -1.59517875e+01  1.59371487e-01 
 7.76247117e+00 -1.59518933e+01  1.59369545e-01 
 7.85235635e+00 -1.59520016e+01  1.59367559e-01 
 7.94328235e+00 -1.59521124e+01  1.59365526e-01 
 8.03526122e+00 -1.59522258e+01  1.59363446e-01 
 8.12830516e+00 -1.59523418e+01  1.59361318e-01 
 8.22242650e+00 -1.59524605e+01  1.59359140e-01 
 8.31763771e+00 -1.59525819e+01  1.59356911e-01 
 8.41395142e+00 -1.59527062e+01  1.59354631e-01 
 8.51138038e+00 -1.59528334e+01  1.59352298e-01 
 8.60993752e+00 -1.59529635e+01  1.59349910e-01 
 8.70963590e+00 -1.59530967e+01  1.59347467e-01 
 8.81048873e+00 -1.59532330e+01  1.59344967e-01 
 8.91250938e+00 -1.59533724e+01  1.59342409e-01 
 9.01571138e+00 -1.59535151e+01  1.59339792e-01 
 9.12010839e+00 -1.59536611e+01  1.59337114e-01 
 9.22571427e+00 -1.59538105e+01  1.59334373e-01 
 9.33254301e+00 -1.59539633e+01  1.59331569e-01 
 9.44060876e+00 -1.59541198e+01  1.59328700e-01 
 9.54992586e+00 -1.59542798e+01  1.59325764e-01 
 9.66050879e+00 -1.59544436e+01  1.59322760e-01 
 9.77237221e+00 -1.59546112e+01  1.59319686e-01 
 9.88553095e+00 -1.59547827e+01  1.59316540e-01 
 1.00000000e+01 -1.59549581e+01  1.59313322e-01 
 1.01157945e+01 -1.59551377e+01  1.59310028e-01 
 1.02329299e+01 -1.59553214e+01  1.59306659e-01 
 1.03514217e+01 -1.59555094e+01  1.59303211e-01 
 1.04712855e+01 -1.59557018e+01  1.59299682e-01 
 1.05925373e+01 -1.59558986e+01  1.59296072e-01 
 1.07151931e+01 -1.59561001e+01  1.59292378e-01 
 1.08392691e+01 -1.59563062e+01  1.59288599e-01 
 1.09647820e+01 -1.59565171e+01  1.59284731e-01 
 1.10917482e+01 -1.59567329e+01  1.59280774e-01 
 1.12201845e+01 -1.59569537e+01  1.59276725e-01 
 1.13501082e+01 -1.59571796e+01  1.59272582e-01 
 1.14815362e+01 -1.59574108e+01  1.59268343e-01 
 1.16144861e+01 -1.59576474e+01  1.59264005e-01 
 1.17489755e+01 -1.59578894e+01  1.59259566e-01 
 1.18850223e+01 -1.59581371e+01  1.59255025e-01 
 1.20226443e+01 -1.59583905e+01  1.59250378e-01 
 1.21618600e+01 -1.59586499e+01  1.59245624e-01 
 1.23026877e+01 -1.59589152e+01  1.59240759e-01 
 1.24451461e+01 -1.59591867e+01  1.59235781e-01 
 1.25892541e+01 -1.59594646e+01  1.59230688e-01 
 1.27350308e+01 -1.59597488e+01  1.59225477e-01 
 1.28824955e+01 -1.59600397e+01  1.59220145e-01 
 1.30316678e+01 -1.59603373e+01  1.59214689e-01 
 1.31825674e+01 -1.59606419e+01  1.59209107e-01 
 1.33352143e+01 -1.59609535e+01  1.59203395e-01 
 1.34896288e+01 -1.59612724e+01  1.59197551e-01 
 1.36458314e+01 -1.59615986e+01  1.59191571e-01 
 1.38038426e+01 -1.59619324e+01  1.59185453e-01 
 1.39636836e+01 -1.59622740e+01  1.59179193e-01 
 1.41253754e+01 -1.59626235e+01  1.59172788e-01 
 1.42889396e+01 -1.59629811e+01  1.59166235e-01 
 1.44543977e+01 -1.59633471e+01  1.59159529e-01 
 1.46217717e+01 -1.59637215e+01  1.59152669e-01 
 1.47910839e+01 -1.59641046e+01  1.59145650e-01 
 1.49623566e+01 -1.59644966e+01  1.59138468e-01 
 1.51356125e+01 -1.59648976e+01  1.59131119e-01 
 1.53108746e+01 -1.59653080e+01  1.59123601e-01 
 1.54881662e+01 -1.59657279e+01  1.59115909e-01 
 1.56675107e+01 -1.59661576e+01  1.59108038e-01 
 1.58489319e+01 -1.59665972e+01  1.59099986e-01 
 1.60324539e+01 -1.59670470e+01  1.59091747e-01 
 1.62181010e+01 -1.59675072e+01  1.59083318e-01 
 1.64058977e+01 -1.59679781e+01  1.59074693e-01 
 1.65958691e+01 -1.59684599e+01  1.59065870e-01 
 1.67880402e+01 -1.59689529e+01  1.59056842e-01 
 1.69824365e+01 -1.59694573e+01  1.59047605e-01 
 1.71790839e+01 -1.59699734e+01  1.59038156e-01 
 1.73780083e+01 -1.59705014e+01  1.59028487e-01 
 1.75792361e+01 -1.59710417e+01  1.59018596e-01 
 1.77827941e+01 -1.59715945e+01  1.59008475e-01 
 1.79887092e+01 -1.59721601e+01  1.58998121e-01 
 1.81970086e+01 -1.59727388e+01  1.58987528e-01 
 1.84077200e+01 -1.59733309e+01  1.58976691e-01 
 1.86208714e+01 -1.59739368e+01  1.58965603e-01 
 1.88364909e+01 -1.59745566e+01  1.58954260e-01 
 1.90546072e+01 -1.59751908e+01  1.58942654e-01 
 1.92752491e+01 -1.59758396e+01  1.58930781e-01 
 1.94984460e+01 -1.59765035e+01  1.58918635e-01 
 1.97242274e+01 -1.59771827e+01  1.58906208e-01 
 1.99526231e+01 -1.59778777e+01  1.58893495e-01 
 2.01836636e+01 -1.59785887e+01  1.58880488e-01 
 2.04173794e+01 -1.59793161e+01  1.58867182e-01 
 2.06538016e+01 -1.59800604e+01  1.58853570e-01 
 2.08929613e+01 -1.59808219e+01  1.58839644e-01 
 2.11348904e+01 -1.59816010e+01  1.58825398e-01 
 2.13796209e+01 -1.59823980e+01  1.58810824e-01 
 2.16271852e+01 -1.59832135e+01  1.58795914e-01 
 2.18776162e+01 -1.59840479e+01  1.58780662e-01 
 2.21309471e+01 -1.59849015e+01  1.58765058e-01 
 2.23872114e+01 -1.59857748e+01  1.58749096e-01 
 2.26464431e+01 -1.59866682e+01  1.58732768e-01 
 2.29086765e+01 -1.59875823e+01  1.58716064e-01 
 2.31739465e+01 -1.59885175e+01  1.58698976e-01 
 2.34422882e+01 -1.59894743e+01  1.58681496e-01 
 2.37137371e+01 -1.59904531e+01  1.58663615e-01 
 2.39883292e+01 -1.59914545e+01  1.58645324e-01 
 2.42661010e+01 -1.59924790e+01  1.58626613e-01 
 2.45470892e+01 -1.59935271e+01  1.58607474e-01 
 2.48313311e+01 -1.59945993e+01  1.58587895e-01 
 2.51188643e+01 -1.59956962e+01  1.58567868e-01 
 2.54097271e+01 -1.59968185e+01  1.58547383e-01 
 2.57039578e+01 -1.59979665e+01  1.58526428e-01 
 2.60015956e+01 -1.59991410e+01  1.58504994e-01 
 2.63026799e+01 -1.60003425e+01  1.58483070e-01 
 2.66072506e+01 -1.60015716e+01  1.58460644e-01 
 2.69153480e+01 -1.60028291e+01  1.58437706e-01 
 2.72270131e+01 -1.60041154e+01  1.58414244e-01 
 2.75422870e+01 -1.60054313e+01  1.58390247e-01 
 2.78612117e+01 -1.60067774e+01  1.58365701e-01 
 2.81838293e+01 -1.60081545e+01  1.58340596e-01 
 2.85101827e+01 -1.60095632e+01  1.58314918e-01 
 2.88403150e+01 -1.60110042e+01  1.58288655e-01 
 2.91742701e+01 -1.60124783e+01  1.58261794e-01 
 2.95120923e+01 -1.60139862e+01  1.58234321e-01 
 2.98538262e+01 -1.60155287e+01  1.58206223e-01 
 3.01995172e+01 -1.60171066e+01  1.58177486e-01 
 3.05492111e+01 -1.60187206e+01  1.58148096e-01 
 3.09029543e+01 -1.60203716e+01  1.58118039e-01 
 3.12607937e+01 -1.60220604e+01  1.58087299e-01 
 3.16227766e+01 -1.60237879e+01  1.58055861e-01 
 3.19889511e+01 -1.60255549e+01  1.58023711e-01 
 3.23593657e+01 -1.60273623e+01  1.57990832e-01 
 3.27340695e+01 -1.60292110e+01  1.57957209e-01 
 3.31131121e+01 -1.60311020e+01  1.57922824e-01 
 3.34965439e+01 -1.60330361e+01  1.57887662e-01 
 3.38844156e+01 -1.60350145e+01  1.57851705e-01 
 3.42767787e+01 -1.60370380e+01  1.57814936e-01 
 3.46736850e+01 -1.60391076e+01  1.57777337e-01 
 3.50751874e+01 -1.60412244e+01  1.57738890e-01 
 3.54813389e+01 -1.60433895e+01  1.57699576e-01 
 3.58921935e+01 -1.60456038e+01  1.57659378e-01 
 3.63078055e+01 -1.60478686e+01  1.57618274e-01 
 3.67282300e+01 -1.60501849e+01  1.57576247e-01 
 3.71535229e+01 -1.60525539e+01  1.57533276e-01 
 3.75837404e+01 -1.60549768e+01  1.57489339e-01 
 3.80189396e+01 -1.60574546e+01  1.57444418e-01 
 3.84591782e+01 -1.60599888e+01  1.57398490e-01 
 3.89045145e+01 -1.60625804e+01  1.57351534e-01 
 3.93550075e+01 -1.60652308e+01  1.57303527e-01 
 3.98107171e+01 -1.60679412e+01  1.57254448e-01 
 4.02717034e+01 -1.60707131e+01  1.57204273e-01 
 4.07380278e+01 -1.60735477e+01  1.57152979e-01 
 4.12097519e+01 -1.60764463e+01  1.57100542e-01 
 4.16869383e+01 -1.60794105e+01  1.57046938e-01 
 4.21696503e+01 -1.60824417e+01  1.56992142e-01 
 4.26579519e+01 -1.60855413e+01  1.56936129e-01 
 4.31519077e+01 -1.60887107e+01  1.56878874e-01 
 4.36515832e+01 -1.60919517e+01  1.56820349e-01 
 4.41570447e+01 -1.60952656e+01  1.56760529e-01 
 4.46683592e+01 -1.60986540e+01  1.56699387e-01 
 4.51855944e+01 -1.61021187e+01  1.56636894e-01 
 4.57088190e+01 -1.61056612e+01  1.56573024e-01 
 4.62381021e+01 -1.61092833e+01  1.56507746e-01 
 4.67735141e+01 -1.61129866e+01  1.56441032e-01 
 4.73151259e+01 -1.61167728e+01  1.56372852e-01 
 4.78630092e+01 -1.61206439e+01  1.56303177e-01 
 4.84172368e+01 -1.61246016e+01  1.56231975e-01 
 4.89778819e+01 -1.61286477e+01  1.56159215e-01 
 4.95450191e+01 -1.61327841e+01  1.56084865e-01 
 5.01187234e+01 -1.61370129e+01  1.56008893e-01 
 5.06990708e+01 -1.61413359e+01  1.55931267e-01 
 5.12861384e+01 -1.61457551e+01  1.55851952e-01 
 5.18800039e+01 -1.61502726e+01  1.55770915e-01 
 5.24807460e+01 -1.61548905e+01  1.55688121e-01 
 5.30884444e+01 -1.61596108e+01  1.55603535e-01 
 5.37031796e+01 -1.61644358e+01  1.55517121e-01 
 5.43250331e+01 -1.61693677e+01  1.55428843e-01 
 5.49540874e+01 -1.61744086e+01  1.55338665e-01 
 5.55904257e+01 -1.61795610e+01  1.55246548e-01 
 5.62341325e+01 -1.61848270e+01  1.55152455e-01 
 5.68852931e+01 -1.61902090e+01  1.55056347e-01 
 5.75439937e+01 -1.61957096e+01  1.54958185e-01 
 5.82103218e+01 -1.62013310e+01  1.54857930e-01 
 5.88843655e+01 -1.62070759e+01  1.54755540e-01 
 5.95662144e+01 -1.62129467e+01  1.54650976e-01 
 6.02559586e+01 -1.62189461e+01  1.54544195e-01 
 6.09536897e+01 -1.62250766e+01  1.54435155e-01 
 6.16595002e+01 -1.62313410e+01  1.54323814e-01 
 6.23734835e+01 -1.62377420e+01  1.54210128e-01 
 6.30957344e+01 -1.62442823e+01  1.54094055e-01 
 6.38263486e+01 -1.62509648e+01  1.53975548e-01 
 6.45654229e+01 -1.62577924e+01  1.53854563e-01 
 6.53130553e+01 -1.62647678e+01  1.53731056e-01 
 6.60693448e+01 -1.62718942e+01  1.53604978e-01 
 6.68343918e+01 -1.62791744e+01  1.53476285e-01 
 6.76082975e+01 -1.62866117e+01  1.53344928e-01 
 6.83911647e+01 -1.62942090e+01  1.53210860e-01 
 6.91830971e+01 -1.63019695e+01  1.53074033e-01 
 6.99841996e+01 -1.63098965e+01  1.52934397e-01 
 7.07945784e+01 -1.63179931e+01  1.52791904e-01 
 7.16143410e+01 -1.63262628e+01  1.52646503e-01 
 7.24435960e+01 -1.63347088e+01  1.52498144e-01 
 7.32824533e+01 -1.63433346e+01  1.52346777e-01 
 7.41310241e+01 -1.63521436e+01  1.52192349e-01 
 7.49894209e+01 -1.63611393e+01  1.52034809e-01 
 7.58577575e+01 -1.63703253e+01  1.51874105e-01 
 7.67361489e+01 -1.63797053e+01  1.51710185e-01 
 7.76247117e+01 -1.63892827e+01  1.51542994e-01 
 7.85235635e+01 -1.63990615e+01  1.51372480e-01 
 7.94328235e+01 -1.64090453e+01  1.51198588e-01 
 8.03526122e+01 -1.64192379e+01  1.51021265e-01 
 8.12830516e+01 -1.64296432e+01  1.50840456e-01 
 8.22242650e+01 -1.64402652e+01  1.50656106e-01 
 8.31763771e+01 -1.64511078e+01  1.50468160e-01 
 8.41395142e+01 -1.64621750e+01  1.50276562e-01 
 8.51138038e+01 -1.64734708e+01  1.50081258e-01 
 8.60993752e+01 -1.64849994e+01  1.49882190e-01 
 8.70963590e+01 -1.64967649e+01  1.49679303e-01 
 8.81048873e+01 -1.65087716e+01  1.49472541e-01 
 8.91250938e+01 -1.65210238e+01  1.49261847e-01 
 9.01571138e+01 -1.65335256e+01  1.49047166e-01 
 9.12010839e+01 -1.65462814e+01  1.48828440e-01 
 9.22571427e+01 -1.65592958e+01  1.48605613e-01 
 9.33254301e+01 -1.65725730e+01  1.48378628e-01 
 9.44060876e+01 -1.65861176e+01  1.48147430e-01 
 9.54992586e+01 -1.65999341e+01  1.47911962e-01 
 9.66050879e+01 -1.66140270e+01  1.47672167e-01 
 9.77237221e+01 -1.66284011e+01  1.47427991e-01 
 9.88553095e+01 -1.66430608e+01  1.47179376e-01 
 1.00000000e+02 -1.66580110e+01  1.46926268e-01 
 1.01157945e+02 -1.66732564e+01  1.46668612e-01 
 1.02329299e+02 -1.66888016e+01  1.46406352e-01 
 1.03514217e+02 -1.67046515e+01  1.46139435e-01 
 1.04712855e+02 -1.67208110e+01  1.45867806e-01 
 1.05925373e+02 -1.67372849e+01  1.45591411e-01 
 1.07151931e+02 -1.67540780e+01  1.45310199e-01 
 1.08392691e+02 -1.67711954e+01  1.45024117e-01 
 1.09647820e+02 -1.67886419e+01  1.44733114e-01 
 1.10917482e+02 -1.68064225e+01  1.44437138e-01 
 1.12201845e+02 -1.68245423e+01  1.44136140e-01 
 1.13501082e+02 -1.68430061e+01  1.43830071e-01 
 1.14815362e+02 -1.68618192e+01  1.43518882e-01 
 1.16144861e+02 -1.68809864e+01  1.43202526e-01 
 1.17489755e+02 -1.69005129e+01  1.42880958e-01 
 1.18850223e+02 -1.69204038e+01  1.42554131e-01 
 1.20226443e+02 -1.69406642e+01  1.42222003e-01 
 1.21618600e+02 -1.69612991e+01  1.41884530e-01 
 1.23026877e+02 -1.69823136e+01  1.41541672e-01 
 1.24451461e+02 -1.70037128e+01  1.41193388e-01 
 1.25892541e+02 -1.70255019e+01  1.40839639e-01 
 1.27350308e+02 -1.70476860e+01  1.40480389e-01 
 1.28824955e+02 -1.70702700e+01  1.40115602e-01 
 1.30316678e+02 -1.70932592e+01  1.39745245e-01 
 1.31825674e+02 -1.71166586e+01  1.39369285e-01 
 1.33352143e+02 -1.71404732e+01  1.38987691e-01 
 1.34896288e+02 -1.71647081e+01  1.38600436e-01 
 1.36458314e+02 -1.71893682e+01  1.38207493e-01 
 1.38038426e+02 -1.72144587e+01  1.37808836e-01 
 1.39636836e+02 -1.72399844e+01  1.37404445e-01 
 1.41253754e+02 -1.72659503e+01  1.36994297e-01 
 1.42889396e+02 -1.72923612e+01  1.36578374e-01 
 1.44543977e+02 -1.73192221e+01  1.36156662e-01 
 1.46217717e+02 -1.73465378e+01  1.35729144e-01 
 1.47910839e+02 -1.73743130e+01  1.35295811e-01 
 1.49623566e+02 -1.74025524e+01  1.34856654e-01 
 1.51356125e+02 -1.74312608e+01  1.34411665e-01 
 1.53108746e+02 -1.74604428e+01  1.33960840e-01 
 1.54881662e+02 -1.74901028e+01  1.33504178e-01 
 1.56675107e+02 -1.75202455e+01  1.33041681e-01 
 1.58489319e+02 -1.75508753e+01  1.32573352e-01 
 1.60324539e+02 -1.75819964e+01  1.32099197e-01 
 1.62181010e+02 -1.76136133e+01  1.31619227e-01 
 1.64058977e+02 -1.76457301e+01  1.31133452e-01 
 1.65958691e+02 -1.76783509e+01  1.30641889e-01 
 1.67880402e+02 -1.77114799e+01  1.30144556e-01 
 1.69824365e+02 -1.77451209e+01  1.29641472e-01 
 1.71790839e+02 -1.77792779e+01  1.29132663e-01 
 1.73780083e+02 -1.78139546e+01  1.28618154e-01 
 1.75792361e+02 -1.78491546e+01  1.28097976e-01 
 1.77827941e+02 -1.78848817e+01  1.27572162e-01 
 1.79887092e+02 -1.79211392e+01  1.27040748e-01 
 1.81970086e+02 -1.79579305e+01  1.26503772e-01 
 1.84077200e+02 -1.79952589e+01  1.25961277e-01 
 1.86208714e+02 -1.80331275e+01  1.25413308e-01 
 1.88364909e+02 -1.80715394e+01  1.24859914e-01 
 1.90546072e+02 -1.81104974e+01  1.24301145e-01 
 1.92752491e+02 -1.81500044e+01  1.23737057e-01 
 1.94984460e+02 -1.81900629e+01  1.23167707e-01 
 1.97242274e+02 -1.82306756e+01  1.22593155e-01 
 1.99526231e+02 -1.82718448e+01  1.22013465e-01 
 2.01836636e+02 -1.83135728e+01  1.21428704e-01 
 2.04173794e+02 -1.83558617e+01  1.20838942e-01 
 2.06538016e+02 -1.83987135e+01  1.20244251e-01 
 2.08929613e+02 -1.84421302e+01  1.19644707e-01 
 2.11348904e+02 -1.84861133e+01  1.19040389e-01 
 2.13796209e+02 -1.85306644e+01  1.18431377e-01 
 2.16271852e+02 -1.85757851e+01  1.17817755e-01 
 2.18776162e+02 -1.86214766e+01  1.17199611e-01 
 2.21309471e+02 -1.86677399e+01  1.16577035e-01 
 2.23872114e+02 -1.87145761e+01  1.15950117e-01 
 2.26464431e+02 -1.87619861e+01  1.15318954e-01 
 2.29086765e+02 -1.88099705e+01  1.14683642e-01 
 2.31739465e+02 -1.88585298e+01  1.14044281e-01 
 2.34422882e+02 -1.89076644e+01  1.13400972e-01 
 2.37137371e+02 -1.89573746e+01  1.12753821e-01 
 2.39883292e+02 -1.90076605e+01  1.12102933e-01 
 2.42661010e+02 -1.90585218e+01  1.11448418e-01 
 2.45470892e+02 -1.91099586e+01  1.10790385e-01 
 2.48313311e+02 -1.91619702e+01  1.10128948e-01 
 2.51188643e+02 -1.92145563e+01  1.09464220e-01 
 2.54097271e+02 -1.92677161e+01  1.08796317e-01 
 2.57039578e+02 -1.93214488e+01  1.08125359e-01 
 2.60015956e+02 -1.93757534e+01  1.07451462e-01 
 2.63026799e+02 -1.94306288e+01  1.06774749e-01 
 2.66072506e+02 -1.94860737e+01  1.06095342e-01 
 2.69153480e+02 -1.95420866e+01  1.05413363e-01 
 2.72270131e+02 -1.95986661e+01  1.04728937e-01 
 2.75422870e+02 -1.96558103e+01  1.04042190e-01 
 2.78612117e+02 -1.97135175e+01  1.03353247e-01 
 2.81838293e+02 -1.97717856e+01  1.02662236e-01 
 2.85101827e+02 -1.98306126e+01  1.01969285e-01 
 2.88403150e+02 -1.98899960e+01  1.01274521e-01 
 2.91742701e+02 -1.99499336e+01  1.00578075e-01 
 2.95120923e+02 -2.00104228e+01  9.98800745e-02 
 2.98538262e+02 -2.00714610e+01  9.91806498e-02 
 3.01995172e+02 -2.01330454e+01  9.84799302e-02 
 3.05492111e+02 -2.01951730e+01  9.77780456e-02 
 3.09029543e+02 -2.02578408e+01  9.70751255e-02 
 3.12607937e+02 -2.03210457e+01  9.63712992e-02 
 3.16227766e+02 -2.03847845e+01  9.56666961e-02 
 3.19889511e+02 -2.04490537e+01  9.49614448e-02 
 3.23593657e+02 -2.05138500e+01  9.42556736e-02 
 3.27340695e+02 -2.05791696e+01  9.35495104e-02 
 3.31131121e+02 -2.06450090e+01  9.28430820e-02 
 3.34965439e+02 -2.07113644e+01  9.21365150e-02 
 3.38844156e+02 -2.07782318e+01  9.14299345e-02 
 3.42767787e+02 -2.08456074e+01  9.07234653e-02 
 3.46736850e+02 -2.09134871e+01  9.00172306e-02 
 3.50751874e+02 -2.09818666e+01  8.93113528e-02 
 3.54813389e+02 -2.10507420e+01  8.86059531e-02 
 3.58921935e+02 -2.11201087e+01  8.79011512e-02 
 3.63078055e+02 -2.11899626e+01  8.71970657e-02 
 3.67282300e+02 -2.12602991e+01  8.64938137e-02 
 3.71535229e+02 -2.13311137e+01  8.57915106e-02 
 3.75837404e+02 -2.14024019e+01  8.50902705e-02 
 3.80189396e+02 -2.14741591e+01  8.43902056e-02 
 3.84591782e+02 -2.15463806e+01  8.36914268e-02 
 3.89045145e+02 -2.16190616e+01  8.29940428e-02 
 3.93550075e+02 -2.16921974e+01  8.22981608e-02 
 3.98107171e+02 -2.17657832e+01  8.16038861e-02 
 4.02717034e+02 -2.18398141e+01  8.09113219e-02 
 4.07380278e+02 -2.19142852e+01  8.02205698e-02 
 4.12097519e+02 -2.19891915e+01  7.95317290e-02 
 4.16869383e+02 -2.20645282e+01  7.88448971e-02 
 4.21696503e+02 -2.21402902e+01  7.81601692e-02 
 4.26579519e+02 -2.22164725e+01  7.74776387e-02 
 4.31519077e+02 -2.22930700e+01  7.67973968e-02 
 4.36515832e+02 -2.23700778e+01  7.61195322e-02 
 4.41570447e+02 -2.24474907e+01  7.54441319e-02 
 4.46683592e+02 -2.25253036e+01  7.47712804e-02 
 4.51855944e+02 -2.26035116e+01  7.41010602e-02 
 4.57088190e+02 -2.26821093e+01  7.34335515e-02 
 4.62381021e+02 -2.27610919e+01  7.27688322e-02 
 4.67735141e+02 -2.28404541e+01  7.21069780e-02 
 4.73151259e+02 -2.29201909e+01  7.14480624e-02 
 4.78630092e+02 -2.30002971e+01  7.07921567e-02 
 4.84172368e+02 -2.30807678e+01  7.01393298e-02 
 4.89778819e+02 -2.31615977e+01  6.94896485e-02 
 4.95450191e+02 -2.32427819e+01  6.88431773e-02 
 5.01187234e+02 -2.33243152e+01  6.81999786e-02 
 5.06990708e+02 -2.34061928e+01  6.75601122e-02 
 5.12861384e+02 -2.34884094e+01  6.69236362e-02 
 5.18800039e+02 -2.35709602e+01  6.62906061e-02 
 5.24807460e+02 -2.36538402e+01  6.56610754e-02 
 5.30884444e+02 -2.37370444e+01  6.50350955e-02 
 5.37031796e+02 -2.38205679e+01  6.44127153e-02 
 5.43250331e+02 -2.39044058e+01  6.37939821e-02 
 5.49540874e+02 -2.39885532e+01  6.31789406e-02 
 5.55904257e+02 -2.40730054e+01  6.25676337e-02 
 5.62341325e+02 -2.41577575e+01  6.19601022e-02 
 5.68852931e+02 -2.42428048e+01  6.13563847e-02 
 5.75439937e+02 -2.43281425e+01  6.07565182e-02 
 5.82103218e+02 -2.44137659e+01  6.01605371e-02 
 5.88843655e+02 -2.44996704e+01  5.95684745e-02 
 5.95662144e+02 -2.45858515e+01  5.89803611e-02 
 6.02559586e+02 -2.46723044e+01  5.83962259e-02 
 6.09536897e+02 -2.47590247e+01  5.78160961e-02 
 6.16595002e+02 -2.48460080e+01  5.72399970e-02 
 6.23734835e+02 -2.49332497e+01  5.66679520e-02 
 6.30957344e+02 -2.50207454e+01  5.60999829e-02 
 6.38263486e+02 -2.51084909e+01  5.55361097e-02 
 6.45654229e+02 -2.51964818e+01  5.49763508e-02 
 6.53130553e+02 -2.52847139e+01  5.44207228e-02 
 6.60693448e+02 -2.53731829e+01  5.38692409e-02 
 6.68343918e+02 -2.54618847e+01  5.33219184e-02 
 6.76082975e+02 -2.55508152e+01  5.27787672e-02 
 6.83911647e+02 -2.56399702e+01  5.22397979e-02 
 6.91830971e+02 -2.57293459e+01  5.17050192e-02 
 6.99841996e+02 -2.58189382e+01  5.11744388e-02 
 7.07945784e+02 -2.59087433e+01  5.06480626e-02 
 7.16143410e+02 -2.59987571e+01  5.01258954e-02 
 7.24435960e+02 -2.60889760e+01  4.96079406e-02 
 7.32824533e+02 -2.61793962e+01  4.90942001e-02 
 7.41310241e+02 -2.62700140e+01  4.85846749e-02 
 7.49894209e+02 -2.63608256e+01  4.80793646e-02 
 7.58577575e+02 -2.64518275e+01  4.75782674e-02 
 7.67361489e+02 -2.65430162e+01  4.70813806e-02 
 7.76247117e+02 -2.66343881e+01  4.65887004e-02 
 7.85235635e+02 -2.67259397e+01  4.61002217e-02 
 7.94328235e+02 -2.68176677e+01  4.56159385e-02 
 8.03526122e+02 -2.69095687e+01  4.51358438e-02 
 8.12830516e+02 -2.70016393e+01  4.46599295e-02 
 8.22242650e+02 -2.70938764e+01  4.41881865e-02 
 8.31763771e+02 -2.71862767e+01  4.37206050e-02 
 8.41395142e+02 -2.72788371e+01  4.32571740e-02 
 8.51138038e+02 -2.73715545e+01  4.27978820e-02 
 8.60993752e+02 -2.74644257e+01  4.23427164e-02 
 8.70963590e+02 -2.75574478e+01  4.18916638e-02 
 8.81048873e+02 -2.76506178e+01  4.14447103e-02 
 8.91250938e+02 -2.77439329e+01  4.10018408e-02 
 9.01571138e+02 -2.78373901e+01  4.05630400e-02 
 9.12010839e+02 -2.79309866e+01  4.01282914e-02 
 9.22571427e+02 -2.80247197e+01  3.96975784e-02 
 9.33254301e+02 -2.81185866e+01  3.92708832e-02 
 9.44060876e+02 -2.82125847e+01  3.88481879e-02 
 9.54992586e+02 -2.83067113e+01  3.84294736e-02 
 9.66050879e+02 -2.84009638e+01  3.80147211e-02 
 9.77237221e+02 -2.84953397e+01  3.76039107e-02 
 9.88553095e+02 -2.85898366e+01  3.71970220e-02 
 1.00000000e+03 -2.86844518e+01  3.67940343e-02 
 1.01157945e+03 -2.87791831e+01  3.63949263e-02 
 1.02329299e+03 -2.88740281e+01  3.59996764e-02 
 1.03514217e+03 -2.89689844e+01  3.56082625e-02 
 1.04712855e+03 -2.90640497e+01  3.52206620e-02 
 1.05925373e+03 -2.91592219e+01  3.48368523e-02 
 1.07151931e+03 -2.92544986e+01  3.44568101e-02 
 1.08392691e+03 -2.93498778e+01  3.40805118e-02 
 1.09647820e+03 -2.94453574e+01  3.37079337e-02 
 1.10917482e+03 -2.95409352e+01  3.33390516e-02 
 1.12201845e+03 -2.96366092e+01  3.29738412e-02 
 1.13501082e+03 -2.97323774e+01  3.26122777e-02 
 1.14815362e+03 -2.98282378e+01  3.22543364e-02 
 1.16144861e+03 -2.99241885e+01  3.18999920e-02 
 1.17489755e+03 -3.00202277e+01  3.15492193e-02 
 1.18850223e+03 -3.01163533e+01  3.12019929e-02 
 1.20226443e+03 -3.02125638e+01  3.08582869e-02 
 1.21618600e+03 -3.03088571e+01  3.05180756e-02 
 1.23026877e+03 -3.04052317e+01  3.01813330e-02 
 1.24451461e+03 -3.05016857e+01  2.98480330e-02 
 1.25892541e+03 -3.05982175e+01  2.95181494e-02 
 1.27350308e+03 -3.06948254e+01  2.91916558e-02 
 1.28824955e+03 -3.07915079e+01  2.88685258e-02 
 1.30316678e+03 -3.08882632e+01  2.85487329e-02 
 1.31825674e+03 -3.09850900e+01  2.82322506e-02 
 1.33352143e+03 -3.10819866e+01  2.79190522e-02 
 1.34896288e+03 -3.11789515e+01  2.76091111e-02 
 1.36458314e+03 -3.12759833e+01  2.73024006e-02 
 1.38038426e+03 -3.13730806e+01  2.69988938e-02 
 1.39636836e+03 -3.14702419e+01  2.66985642e-02 
 1.41253754e+03 -3.15674658e+01  2.64013849e-02 
 1.42889396e+03 -3.16647511e+01  2.61073292e-02 
 1.44543977e+03 -3.17620963e+01  2.58163704e-02 
 1.46217717e+03 -3.18595002e+01  2.55284818e-02 
 1.47910839e+03 -3.19569616e+01  2.52436367e-02 
 1.49623566e+03 -3.20544791e+01  2.49618085e-02 
 1.51356125e+03 -3.21520515e+01  2.46829705e-02 
 1.53108746e+03 -3.22496777e+01  2.44070963e-02 
 1.54881662e+03 -3.23473565e+01  2.41341594e-02 
 1.56675107e+03 -3.24450867e+01  2.38641333e-02 
 1.58489319e+03 -3.25428672e+01  2.35969917e-02 
 1.60324539e+03 -3.26406969e+01  2.33327084e-02 
 1.62181010e+03 -3.27385748e+01  2.30712572e-02 
 1.64058977e+03 -3.28364997e+01  2.28126120e-02 
 1.65958691e+03 -3.29344707e+01  2.25567469e-02 
 1.67880402e+03 -3.30324867e+01  2.23036358e-02 
 1.69824365e+03 -3.31305467e+01  2.20532531e-02 
 1.71790839e+03 -3.32286499e+01  2.18055731e-02 
 1.73780083e+03 -3.33267951e+01  2.15605703e-02 
 1.75792361e+03 -3.34249816e+01  2.13182191e-02 
 1.77827941e+03 -3.35232083e+01  2.10784943e-02 
 1.79887092e+03 -3.36214744e+01  2.08413707e-02 
 1.81970086e+03 -3.37197791e+01  2.06068233e-02 
 1.84077200e+03 -3.38181214e+01  2.03748271e-02 
 1.86208714e+03 -3.39165005e+01  2.01453573e-02 
 1.88364909e+03 -3.40149156e+01  1.99183894e-02 
 1.90546072e+03 -3.41133660e+01  1.96938987e-02 
 1.92752491e+03 -3.42118508e+01  1.94718610e-02 
 1.94984460e+03 -3.43103692e+01  1.92522521e-02 
 1.97242274e+03 -3.44089206e+01  1.90350478e-02 
 1.99526231e+03 -3.45075041e+01  1.88202243e-02 
 2.01836636e+03 -3.46061191e+01  1.86077579e-02 
 2.04173794e+03 -3.47047648e+01  1.83976250e-02 
 2.06538016e+03 -3.48034406e+01  1.81898020e-02 
 2.08929613e+03 -3.49021457e+01  1.79842659e-02 
 2.11348904e+03 -3.50008796e+01  1.77809934e-02 
 2.13796209e+03 -3.50996416e+01  1.75799616e-02 
 2.16271852e+03 -3.51984310e+01  1.73811478e-02 
 2.18776162e+03 -3.52972472e+01  1.71845293e-02 
 2.21309471e+03 -3.53960896e+01  1.69900837e-02 
 2.23872114e+03 -3.54949577e+01  1.67977887e-02 
 2.26464431e+03 -3.55938508e+01  1.66076223e-02 
 2.29086765e+03 -3.56927684e+01  1.64195624e-02 
 2.31739465e+03 -3.57917100e+01  1.62335874e-02 
 2.34422882e+03 -3.58906749e+01  1.60496756e-02 
 2.37137371e+03 -3.59896626e+01  1.58678056e-02 
 2.39883292e+03 -3.60886727e+01  1.56879561e-02 
 2.42661010e+03 -3.61877046e+01  1.55101062e-02 
 2.45470892e+03 -3.62867578e+01  1.53342349e-02 
 2.48313311e+03 -3.63858318e+01  1.51603215e-02 
 2.51188643e+03 -3.64849262e+01  1.49883454e-02 
 2.54097271e+03 -3.65840404e+01  1.48182862e-02 
 2.57039578e+03 -3.66831741e+01  1.46501238e-02 
 2.60015956e+03 -3.67823268e+01  1.44838380e-02 
 2.63026799e+03 -3.68814980e+01  1.43194092e-02 
 2.66072506e+03 -3.69806873e+01  1.41568175e-02 
 2.69153480e+03 -3.70798943e+01  1.39960435e-02 
 2.72270131e+03 -3.71791186e+01  1.38370678e-02 
 2.75422870e+03 -3.72783598e+01  1.36798712e-02 
 2.78612117e+03 -3.73776175e+01  1.35244349e-02 
 2.81838293e+03 -3.74768912e+01  1.33707399e-02 
 2.85101827e+03 -3.75761807e+01  1.32187676e-02 
 2.88403150e+03 -3.76754855e+01  1.30684995e-02 
 2.91742701e+03 -3.77748053e+01  1.29199173e-02 
 2.95120923e+03 -3.78741398e+01  1.27730029e-02 
 2.98538262e+03 -3.79734885e+01  1.26277383e-02 
 3.01995172e+03 -3.80728512e+01  1.24841057e-02 
 3.05492111e+03 -3.81722276e+01  1.23420875e-02 
 3.09029543e+03 -3.82716172e+01  1.22016662e-02 
 3.12607937e+03 -3.83710198e+01  1.20628245e-02 
 3.16227766e+03 -3.84704351e+01  1.19255453e-02 
 3.19889511e+03 -3.85698627e+01  1.17898116e-02 
 3.23593657e+03 -3.86693024e+01  1.16556066e-02 
 3.27340695e+03 -3.87687538e+01  1.15229137e-02 
 3.31131121e+03 -3.88682168e+01  1.13917163e-02 
 3.34965439e+03 -3.89676904e+01  1.12619988e-02 
 3.38844156e+03 -3.90671755e+01  1.11337438e-02 
 3.42767787e+03 -3.91666713e+01  1.10069359e-02 
 3.46736850e+03 -3.92661774e+01  1.08815592e-02 
 3.50751874e+03 -3.93656937e+01  1.07575981e-02 
 3.54813389e+03 -3.94652198e+01  1.06350371e-02 
 3.58921935e+03 -3.95647556e+01  1.05138607e-02 
 3.63078055e+03 -3.96643008e+01  1.03940538e-02 
 3.67282300e+03 -3.97638552e+01  1.02756012e-02 
 3.71535229e+03 -3.98634184e+01  1.01584881e-02 
 3.75837404e+03 -3.99629904e+01  1.00426998e-02 
 3.80189396e+03 -4.00625708e+01  9.92822151e-03 
 3.84591782e+03 -4.01621595e+01  9.81503887e-03 
 3.89045145e+03 -4.02617562e+01  9.70313756e-03 
 3.93550075e+03 -4.03613608e+01  9.59250340e-03 
 3.98107171e+03 -4.04609729e+01  9.48312236e-03 
 4.02717034e+03 -4.05605925e+01  9.37498057e-03 
 4.07380278e+03 -4.06602192e+01  9.26806429e-03 
 4.12097519e+03 -4.07598530e+01  9.16235993e-03 
 4.16869383e+03 -4.08594936e+01  9.05785404e-03 
 4.21696503e+03 -4.09591409e+01  8.95453330e-03 
 4.26579519e+03 -4.10587946e+01  8.85238455e-03 
 4.31519077e+03 -4.11584545e+01  8.75139475e-03 
 4.36515832e+03 -4.12581206e+01  8.65155099e-03 
 4.41570447e+03 -4.13577925e+01  8.55284052e-03 
 4.46683592e+03 -4.14574702e+01  8.45525071e-03 
 4.51855944e+03 -4.15571535e+01  8.35876906e-03 
 4.57088190e+03 -4.16568421e+01  8.26338321e-03 
 4.62381021e+03 -4.17565360e+01  8.16908092e-03 
 4.67735141e+03 -4.18562350e+01  8.07585010e-03 
 4.73151259e+03 -4.19559389e+01  7.98367877e-03 
 4.78630092e+03 -4.20556476e+01  7.89255507e-03 
 4.84172368e+03 -4.21553609e+01  7.80246730e-03 
 4.89778819e+03 -4.22550786e+01  7.71340386e-03 
 4.95450191e+03 -4.23548006e+01  7.62535327e-03 
 5.01187234e+03 -4.24545268e+01  7.53830420e-03 
 5.06990708e+03 -4.25542571e+01  7.45224540e-03 
 5.12861384e+03 -4.26539911e+01  7.36716578e-03 
 5.18800039e+03 -4.27537290e+01  7.28305435e-03 
 5.24807460e+03 -4.28534704e+01  7.19990024e-03 
 5.30884444e+03 -4.29532153e+01  7.11769270e-03 
 5.37031796e+03 -4.30529635e+01  7.03642111e-03 
 5.43250331e+03 -4.31527150e+01  6.95607493e-03 
 5.49540874e+03 -4.32524694e+01  6.87664378e-03 
 5.55904257e+03 -4.33522269e+01  6.79811735e-03 
 5.62341325e+03 -4.34519871e+01  6.72048546e-03 
 5.68852931e+03 -4.35517500e+01  6.64373805e-03 
 5.75439937e+03 -4.36515154e+01  6.56786516e-03 
 5.82103218e+03 -4.37512833e+01  6.49285693e-03 
 5.88843655e+03 -4.38510535e+01  6.41870364e-03 
 5.95662144e+03 -4.39508259e+01  6.34539563e-03 
 6.02559586e+03 -4.40506003e+01  6.27292338e-03 
 6.09536897e+03 -4.41503767e+01  6.20127746e-03 
 6.16595002e+03 -4.42501550e+01  6.13044855e-03 
 6.23734835e+03 -4.43499349e+01  6.06042743e-03 
 6.30957344e+03 -4.44497164e+01  5.99120498e-03 
 6.38263486e+03 -4.45494994e+01  5.92277219e-03 
 6.45654229e+03 -4.46492833e+01  5.85512046e-03 
 6.53130553e+03 -4.47490689e+01  5.78824031e-03 
 6.60693448e+03 -4.48488557e+01  5.72212334e-03 
 6.68343918e+03 -4.49486435e+01  5.65676094e-03 
 6.76082975e+03 -4.50484322e+01  5.59214457e-03 
 6.83911647e+03 -4.51482217e+01  5.52826579e-03 
 6.91830971e+03 -4.52480119e+01  5.46511626e-03 
 6.99841996e+03 -4.53478027e+01  5.40268773e-03 
 7.07945784e+03 -4.54475939e+01  5.34097204e-03 
 7.16143410e+03 -4.55473855e+01  5.27996112e-03 
 7.24435960e+03 -4.56471774e+01  5.21964698e-03 
 7.32824533e+03 -4.57469694e+01  5.16002175e-03 
 7.41310241e+03 -4.58467614e+01  5.10107761e-03 
 7.49894209e+03 -4.59465533e+01  5.04280686e-03 
 7.58577575e+03 -4.60463451e+01  4.98520185e-03 
 7.67361489e+03 -4.61461365e+01  4.92825505e-03 
 7.76247117e+03 -4.62459275e+01  4.87195899e-03 
 7.85235635e+03 -4.63457180e+01  4.81630629e-03 
 7.94328235e+03 -4.64455079e+01  4.76128967e-03 
 8.03526122e+03 -4.65452970e+01  4.70690191e-03 
 8.12830516e+03 -4.66450853e+01  4.65313587e-03 
 8.22242650e+03 -4.67448726e+01  4.59998450e-03 
 8.31763771e+03 -4.68446589e+01  4.54744083e-03 
 8.41395142e+03 -4.69444439e+01  4.49549796e-03 
 8.51138038e+03 -4.70442271e+01  4.44414933e-03 
 8.60993752e+03 -4.71440094e+01  4.39338769e-03 
 8.70963590e+03 -4.72437902e+01  4.34320661e-03 
 8.81048873e+03 -4.73435693e+01  4.29359952e-03 
 8.91250938e+03 -4.74433467e+01  4.24455989e-03 
 9.01571138e+03 -4.75431221e+01  4.19608128e-03 
 9.12010839e+03 -4.76428956e+01  4.14815733e-03 
 9.22571427e+03 -4.77426669e+01  4.10078172e-03 
 9.33254301e+03 -4.78424360e+01  4.05394823e-03 
 9.44060876e+03 -4.79422028e+01  4.00765069e-03 
 9.54992586e+03 -4.80419670e+01  3.96188303e-03 
 9.66050879e+03 -4.81417286e+01  3.91663922e-03 
 9.77237221e+03 -4.82414875e+01  3.87191330e-03 
 9.88553095e+03 -4.83412435e+01  3.82769940e-03 
 1.00000000e+04 -4.84409965e+01  3.78399168e-03 
 1.01157945e+04 -4.85407459e+01  3.74078462e-03 
 1.02329299e+04 -4.86404926e+01  3.69807208e-03 
 1.03514217e+04 -4.87402358e+01  3.65584867e-03 
 1.04712855e+04 -4.88399755e+01  3.61410881e-03 
 1.05925373e+04 -4.89397116e+01  3.57284703e-03 
 1.07151931e+04 -4.90394438e+01  3.53205787e-03 
 1.08392691e+04 -4.91391721e+01  3.49173596e-03 
 1.09647820e+04 -4.92388963e+01  3.45187599e-03 
 1.10917482e+04 -4.93386163e+01  3.41247271e-03 
 1.12201845e+04 -4.94383319e+01  3.37352091e-03 
 1.13501082e+04 -4.95380429e+01  3.33501548e-03 
 1.14815362e+04 -4.96377488e+01  3.29695152e-03 
 1.16144861e+04 -4.97374503e+01  3.25932362e-03 
 1.17489755e+04 -4.98371469e+01  3.22212702e-03 
 1.18850223e+04 -4.99368382e+01  3.18535681e-03 
 1.20226443e+04 -5.00365243e+01  3.14900815e-03 
 1.21618600e+04 -5.01362049e+01  3.11307623e-03 
 1.23026877e+04 -5.02358798e+01  3.07755632e-03 
 1.24451461e+04 -5.03355489e+01  3.04244373e-03 
 1.25892541e+04 -5.04352120e+01  3.00773382e-03 
 1.27350308e+04 -5.05348684e+01  2.97342219e-03 
 1.28824955e+04 -5.06345190e+01  2.93950395e-03 
 1.30316678e+04 -5.07341631e+01  2.90597482e-03 
 1.31825674e+04 -5.08338004e+01  2.87283036e-03 
 1.33352143e+04 -5.09334308e+01  2.84006619e-03 
 1.34896288e+04 -5.10330541e+01  2.80767799e-03 
 1.36458314e+04 -5.11326700e+01  2.77566148e-03 
 1.38038426e+04 -5.12322780e+01  2.74401260e-03 
 1.39636836e+04 -5.13318787e+01  2.71272683e-03 
 1.41253754e+04 -5.14314716e+01  2.68180022e-03 
 1.42889396e+04 -5.15310562e+01  2.65122867e-03 
 1.44543977e+04 -5.16306326e+01  2.62100815e-03 
 1.46217717e+04 -5.17302003e+01  2.59113467e-03 
 1.47910839e+04 -5.18297592e+01  2.56160426e-03 
 1.49623566e+04 -5.19293086e+01  2.53241319e-03 
 1.51356125e+04 -5.20288493e+01  2.50355730e-03 
 1.53108746e+04 -5.21283804e+01  2.47503292e-03 
 1.54881662e+04 -5.22279017e+01  2.44683629e-03 
 1.56675107e+04 -5.23274131e+01  2.41896367e-03 
 1.58489319e+04 -5.24269137e+01  2.39141152e-03 
 1.60324539e+04 -5.25264042e+01  2.36417592e-03 
 1.62181010e+04 -5.26258840e+01  2.33725341e-03 
 1.64058977e+04 -5.27253526e+01  2.31064043e-03 
 1.65958691e+04 -5.28248100e+01  2.28433346e-03 
 1.67880402e+04 -5.29242552e+01  2.25832915e-03 
 1.69824365e+04 -5.30236890e+01  2.23262380e-03 
 1.71790839e+04 -5.31231106e+01  2.20721415e-03 
 1.73780083e+04 -5.32225196e+01  2.18209683e-03 
 1.75792361e+04 -5.33219159e+01  2.15726852e-03 
 1.77827941e+04 -5.34212985e+01  2.13272606e-03 
 1.79887092e+04 -5.35206681e+01  2.10846596e-03 
 1.81970086e+04 -5.36200240e+01  2.08448513e-03 
 1.84077200e+04 -5.37193657e+01  2.06078040e-03 
 1.86208714e+04 -5.38186925e+01  2.03734875e-03 
 1.88364909e+04 -5.39180049e+01  2.01418684e-03 
 1.90546072e+04 -5.40173017e+01  1.99129185e-03 
 1.92752491e+04 -5.41165834e+01  1.96866051e-03 
 1.94984460e+04 -5.42158492e+01  1.94628995e-03 
 1.97242274e+04 -5.43150987e+01  1.92417720e-03 
 1.99526231e+04 -5.44143311e+01  1.90231944e-03 
 2.01836636e+04 -5.45135468e+01  1.88071358e-03 
 2.04173794e+04 -5.46127451e+01  1.85935685e-03 
 2.06538016e+04 -5.47119251e+01  1.83824648e-03 
 2.08929613e+04 -5.48110869e+01  1.81737962e-03 
 2.11348904e+04 -5.49102302e+01  1.79675347e-03 
 2.13796209e+04 -5.50093539e+01  1.77636539e-03 
 2.16271852e+04 -5.51084581e+01  1.75621263e-03 
 2.18776162e+04 -5.52075423e+01  1.73629248e-03 
 2.21309471e+04 -5.53066057e+01  1.71660240e-03 
 2.23872114e+04 -5.54056480e+01  1.69713973e-03 
 2.26464431e+04 -5.55046687e+01  1.67790189e-03 
 2.29086765e+04 -5.56036676e+01  1.65888629e-03 
 2.31739465e+04 -5.57026437e+01  1.64009051e-03 
 2.34422882e+04 -5.58015966e+01  1.62151201e-03 
 2.37137371e+04 -5.59005259e+01  1.60314833e-03 
 2.39883292e+04 -5.59994309e+01  1.58499704e-03 
 2.42661010e+04 -5.60983112e+01  1.56705573e-03 
 2.45470892e+04 -5.61971661e+01  1.54932203e-03 
 2.48313311e+04 -5.62959950e+01  1.53179359e-03 
 2.51188643e+04 -5.63947974e+01  1.51446809e-03 
 2.54097271e+04 -5.64935727e+01  1.49734324e-03 
 2.57039578e+04 -5.65923202e+01  1.48041675e-03 
 2.60015956e+04 -5.66910392e+01  1.46368641e-03 
 2.63026799e+04 -5.67897294e+01  1.44714993e-03 
 2.66072506e+04 -5.68883894e+01  1.43080527e-03 
 2.69153480e+04 -5.69870194e+01  1.41465008e-03 
 2.72270131e+04 -5.70856178e+01  1.39868240e-03 
 2.75422870e+04 -5.71841849e+01  1.38289994e-03 
 2.78612117e+04 -5.72827188e+01  1.36730077e-03 
 2.81838293e+04 -5.73812195e+01  1.35188275e-03 
 2.85101827e+04 -5.74796866e+01  1.33664375e-03 
 2.88403150e+04 -5.75781183e+01  1.32158192e-03 
 2.91742701e+04 -5.76765143e+01  1.30669517e-03 
 2.95120923e+04 -5.77748744e+01  1.29198146e-03 
 2.98538262e+04 -5.78731967e+01  1.27743899e-03 
 3.01995172e+04 -5.79714808e+01  1.26306576e-03 
 3.05492111e+04 -5.80697264e+01  1.24885978e-03 
 3.09029543e+04 -5.81679316e+01  1.23481933e-03 
 3.12607937e+04 -5.82660960e+01  1.22094247e-03 
 3.16227766e+04 -5.83642187e+01  1.20722735e-03 
 3.19889511e+04 -5.84622992e+01  1.19367209e-03 
 3.23593657e+04 -5.85603356e+01  1.18027504e-03 
 3.27340695e+04 -5.86583273e+01  1.16703434e-03 
 3.31131121e+04 -5.87562735e+01  1.15394823e-03 
 3.34965439e+04 -5.88541729e+01  1.14101500e-03 
 3.38844156e+04 -5.89520247e+01  1.12823291e-03 
 3.42767787e+04 -5.90498277e+01  1.11560028e-03 
 3.46736850e+04 -5.91475814e+01  1.10311536e-03 
 3.50751874e+04 -5.92452835e+01  1.09077662e-03 
 3.54813389e+04 -5.93429336e+01  1.07858238e-03 
 3.58921935e+04 -5.94405299e+01  1.06653106e-03 
 3.63078055e+04 -5.95380721e+01  1.05462095e-03 
 3.67282300e+04 -5.96355590e+01  1.04285049e-03 
 3.71535229e+04 -5.97329886e+01  1.03121820e-03 
 3.75837404e+04 -5.98303601e+01  1.01972248e-03 
 3.80189396e+04 -5.99276721e+01  1.00836183e-03 
 3.84591782e+04 -6.00249232e+01  9.97134718e-04 
 3.89045145e+04 -6.01221120e+01  9.86039696e-04 
 3.93550075e+04 -6.02192375e+01  9.75075232e-04 
 3.98107171e+04 -6.03162978e+01  9.64239924e-04 
 4.02717034e+04 -6.04132922e+01  9.53532253e-04 
 4.07380278e+04 -6.05102181e+01  9.42950932e-04 
 4.12097519e+04 -6.06070752e+01  9.32494420e-04 
 4.16869383e+04 -6.07038614e+01  9.22161382e-04 
 4.21696503e+04 -6.08005747e+01  9.11950498e-04 
 4.26579519e+04 -6.08972146e+01  9.01860306e-04 
 4.31519077e+04 -6.09937783e+01  8.91889568e-04 
 4.36515832e+04 -6.10902653e+01  8.82036859e-04 
 4.41570447e+04 -6.11866729e+01  8.72300968e-04 
 4.46683592e+04 -6.12830004e+01  8.62680502e-04 
 4.51855944e+04 -6.13792449e+01  8.53174279e-04 
 4.57088190e+04 -6.14754058e+01  8.43780939e-04 
 4.62381021e+04 -6.15714802e+01  8.34499327e-04 
 4.67735141e+04 -6.16674667e+01  8.25328162e-04 
 4.73151259e+04 -6.17633640e+01  8.16266176e-04 
 4.78630092e+04 -6.18591691e+01  8.07312255e-04 
 4.84172368e+04 -6.19548806e+01  7.98465163e-04 
 4.89778819e+04 -6.20504966e+01  7.89723697e-04 
 4.95450191e+04 -6.21460147e+01  7.81086739e-04 
 5.01187234e+04 -6.22414330e+01  7.72553116e-04 
 5.06990708e+04 -6.23367497e+01  7.64121670e-04 
 5.12861384e+04 -6.24319620e+01  7.55791319e-04 
 5.18800039e+04 -6.25270681e+01  7.47560932e-04 
 5.24807460e+04 -6.26220651e+01  7.39429452e-04 
 5.30884444e+04 -6.27169518e+01  7.31395712e-04 
 5.37031796e+04 -6.28117254e+01  7.23458681e-04 
 5.43250331e+04 -6.29063834e+01  7.15617301e-04 
 5.49540874e+04 -6.30009234e+01  7.07870524e-04 
 5.55904257e+04 -6.30953426e+01  7.00217356e-04 
 5.62341325e+04 -6.31896393e+01  6.92656694e-04 
 5.68852931e+04 -6.32838103e+01  6.85187587e-04 
 5.75439937e+04 -6.33778532e+01  6.77809016e-04 
 5.82103218e+04 -6.34717651e+01  6.70520015e-04 
 5.88843655e+04 -6.35655440e+01  6.63319551e-04 
 5.95662144e+04 -6.36591863e+01  6.56206734e-04 
 6.02559586e+04 -6.37526897e+01  6.49180575e-04 
 6.09536897e+04 -6.38460512e+01  6.42240133e-04 
 6.16595002e+04 -6.39392680e+01  6.35384477e-04 
 6.23734835e+04 -6.40323372e+01  6.28612687e-04 
 6.30957344e+04 -6.41252557e+01  6.21923855e-04 
 6.38263486e+04 -6.42180206e+01  6.15317083e-04 
 6.45654229e+04 -6.43106286e+01  6.08791483e-04 
 6.53130553e+04 -6.44030768e+01  6.02346178e-04 
 6.60693448e+04 -6.44953617e+01  5.95980318e-04 
 6.68343918e+04 -6.45874801e+01  5.89693029e-04 
 6.76082975e+04 -6.46794292e+01  5.83483448e-04 
 6.83911647e+04 -6.47712048e+01  5.77350786e-04 
 6.91830971e+04 -6.48628039e+01  5.71294185e-04 
 6.99841996e+04 -6.49542237e+01  5.65312795e-04 
 7.07945784e+04 -6.50454591e+01  5.59405902e-04 
 7.16143410e+04 -6.51365086e+01  5.53572583e-04 
 7.24435960e+04 -6.52273669e+01  5.47812142e-04 
 7.32824533e+04 -6.53180311e+01  5.42123767e-04 
 7.41310241e+04 -6.54084972e+01  5.36506688e-04 
 7.49894209e+04 -6.54987611e+01  5.30960172e-04 
 7.58577575e+04 -6.55888199e+01  5.25483407e-04 
 7.67361489e+04 -6.56786687e+01  5.20075706e-04 
 7.76247117e+04 -6.57683042e+01  5.14736290e-04 
 7.85235635e+04 -6.58577224e+01  5.09464447e-04 
 7.94328235e+04 -6.59469187e+01  5.04259470e-04 
 8.03526122e+04 -6.60358895e+01  4.99120635e-04 
 8.12830516e+04 -6.61246305e+01  4.94047240e-04 
 8.22242650e+04 -6.62131374e+01  4.89038589e-04 
 8.31763771e+04 -6.63014061e+01  4.84093996e-04 
 8.41395142e+04 -6.63894319e+01  4.79212796e-04 
 8.51138038e+04 -6.64772107e+01  4.74394304e-04 
 8.60993752e+04 -6.65647378e+01  4.69637870e-04 
 8.70963590e+04 -6.66520090e+01  4.64942824e-04 
 8.81048873e+04 -6.67390198e+01  4.60308518e-04 
 8.91250938e+04 -6.68257657e+01  4.55734298e-04 
 9.01571138e+04 -6.69122415e+01  4.51219569e-04 
 9.12010839e+04 -6.69984431e+01  4.46763665e-04 
 9.22571427e+04 -6.70843651e+01  4.42366004e-04 
 9.33254301e+04 -6.71700032e+01  4.38025949e-04 
 9.44060876e+04 -6.72553530e+01  4.33742870e-04 
 9.54992586e+04 -6.73404087e+01  4.29516214e-04 
 9.66050879e+04 -6.74251659e+01  4.25345366e-04 
 9.77237221e+04 -6.75096195e+01  4.21229740e-04 
 9.88553095e+04 -6.75937641e+01  4.17168778e-04 
 1.00000000e+05 -6.76775955e+01  4.13161863e-04 
 1.01157945e+05 -6.77611077e+01  4.09208471e-04 
 1.02329299e+05 -6.78442961e+01  4.05308020e-04 
 1.03514217e+05 -6.79271551e+01  4.01459966e-04 
 1.04712855e+05 -6.80096800e+01  3.97663749e-04 
 1.05925373e+05 -6.80918650e+01  3.93918837e-04 
 1.07151931e+05 -6.81737053e+01  3.90224682e-04 
 1.08392691e+05 -6.82551956e+01  3.86580744e-04 
 1.09647820e+05 -6.83363305e+01  3.82986507e-04 
 1.10917482e+05 -6.84171039e+01  3.79441480e-04 
 1.12201845e+05 -6.84975112e+01  3.75945109e-04 
 1.13501082e+05 -6.85775469e+01  3.72496895e-04 
 1.14815362e+05 -6.86572051e+01  3.69096344e-04 
 1.16144861e+05 -6.87364806e+01  3.65742957e-04 
 1.17489755e+05 -6.88153679e+01  3.62436230e-04 
 1.18850223e+05 -6.88938614e+01  3.59175686e-04 
 1.20226443e+05 -6.89719558e+01  3.55960830e-04 
 1.21618600e+05 -6.90496455e+01  3.52791185e-04 
 1.23026877e+05 -6.91269246e+01  3.49666295e-04 
 1.24451461e+05 -6.92037883e+01  3.46585656e-04 
 1.25892541e+05 -6.92802299e+01  3.43548855e-04 
 1.27350308e+05 -6.93562450e+01  3.40555382e-04 
 1.28824955e+05 -6.94318274e+01  3.37604815e-04 
 1.30316678e+05 -6.95069717e+01  3.34696687e-04 
 1.31825674e+05 -6.95816726e+01  3.31830552e-04 
 1.33352143e+05 -6.96559241e+01  3.29005984e-04 
 1.34896288e+05 -6.97297212e+01  3.26222521e-04 
 1.36458314e+05 -6.98030579e+01  3.23479755e-04 
 1.38038426e+05 -6.98759291e+01  3.20777240e-04 
 1.39636836e+05 -6.99483293e+01  3.18114552e-04 
 1.41253754e+05 -7.00202525e+01  3.15491291e-04 
 1.42889396e+05 -7.00916943e+01  3.12907004e-04 
 1.44543977e+05 -7.01626486e+01  3.10361306e-04 
 1.46217717e+05 -7.02331104e+01  3.07853774e-04 
 1.47910839e+05 -7.03030739e+01  3.05384017e-04 
 1.49623566e+05 -7.03725345e+01  3.02951618e-04 
 1.51356125e+05 -7.04414868e+01  3.00556180e-04 
 1.53108746e+05 -7.05099248e+01  2.98197336e-04 
 1.54881662e+05 -7.05778448e+01  2.95874653e-04 
 1.56675107e+05 -7.06452408e+01  2.93587771e-04 
 1.58489319e+05 -7.07121082e+01  2.91336293e-04 
 1.60324539e+05 -7.07784421e+01  2.89119839e-04 
 1.62181010e+05 -7.08442373e+01  2.86938045e-04 
 1.64058977e+05 -7.09094889e+01  2.84790537e-04 
 1.65958691e+05 -7.09741926e+01  2.82676932e-04 
 1.67880402e+05 -7.10383434e+01  2.80596876e-04 
 1.69824365e+05 -7.11019370e+01  2.78549991e-04 
 1.71790839e+05 -7.11649691e+01  2.76535918e-04 
 1.73780083e+05 -7.12274347e+01  2.74554311e-04 
 1.75792361e+05 -7.12893295e+01  2.72604817e-04 
 1.77827941e+05 -7.13506497e+01  2.70687071e-04 
 1.79887092e+05 -7.14113908e+01  2.68800739e-04 
 1.81970086e+05 -7.14715491e+01  2.66945462e-04 
 1.84077200e+05 -7.15311203e+01  2.65120912e-04 
 1.86208714e+05 -7.15901005e+01  2.63326748e-04 
 1.88364909e+05 -7.16484867e+01  2.61562612e-04 
 1.90546072e+05 -7.17062741e+01  2.59828206e-04 
 1.92752491e+05 -7.17634600e+01  2.58123176e-04 
 1.94984460e+05 -7.18200405e+01  2.56447208e-04 
 1.97242274e+05 -7.18760123e+01  2.54799976e-04 
 1.99526231e+05 -7.19313723e+01  2.53181160e-04 
 2.01836636e+05 -7.19861176e+01  2.51590430e-04 
 2.04173794e+05 -7.20402450e+01  2.50027483e-04 
 2.06538016e+05 -7.20937520e+01  2.48491994e-04 
 2.08929613e+05 -7.21466354e+01  2.46983665e-04 
 2.11348904e+05 -7.21988922e+01  2.45502200e-04 
 2.13796209e+05 -7.22505211e+01  2.44047264e-04 
 2.16271852e+05 -7.23015186e+01  2.42618587e-04 
 2.18776162e+05 -7.23518830e+01  2.41215855e-04 
 2.21309471e+05 -7.24016119e+01  2.39838779e-04 
 2.23872114e+05 -7.24507036e+01  2.38487061e-04 
 2.26464431e+05 -7.24991555e+01  2.37160428e-04 
 2.29086765e+05 -7.25469669e+01  2.35858567e-04 
 2.31739465e+05 -7.25941352e+01  2.34581219e-04 
 2.34422882e+05 -7.26406594e+01  2.33328091e-04 
 2.37137371e+05 -7.26865382e+01  2.32098904e-04 
 2.39883292e+05 -7.27317701e+01  2.30893388e-04 
 2.42661010e+05 -7.27763533e+01  2.29711286e-04 
 2.45470892e+05 -7.28202882e+01  2.28552296e-04 
 2.48313311e+05 -7.28635724e+01  2.27416190e-04 
 2.51188643e+05 -7.29062062e+01  2.26302677e-04 
 2.54097271e+05 -7.29481885e+01  2.25211507e-04 
 2.57039578e+05 -7.29895188e+01  2.24142423e-04 
 2.60015956e+05 -7.30301962e+01  2.23095180e-04 
 2.63026799e+05 -7.30702209e+01  2.22069520e-04 
 2.66072506e+05 -7.31095926e+01  2.21065194e-04 
 2.69153480e+05 -7.31483111e+01  2.20081959e-04 
 2.72270131e+05 -7.31863762e+01  2.19119582e-04 
 2.75422870e+05 -7.32237884e+01  2.18177812e-04 
 2.78612117e+05 -7.32605473e+01  2.17256427e-04 
 2.81838293e+05 -7.32966538e+01  2.16355187e-04 
 2.85101827e+05 -7.33321078e+01  2.15473869e-04 
 2.88403150e+05 -7.33669100e+01  2.14612247e-04 
 2.91742701e+05 -7.34010608e+01  2.13770099e-04 
 2.95120923e+05 -7.34345609e+01  2.12947211e-04 
 2.98538262e+05 -7.34674111e+01  2.12143360e-04 
 3.01995172e+05 -7.34996124e+01  2.11358335e-04 
 3.05492111e+05 -7.35311652e+01  2.10591939e-04 
 3.09029543e+05 -7.35620704e+01  2.09843962e-04 
 3.12607937e+05 -7.35923298e+01  2.09114193e-04 
 3.16227766e+05 -7.36219437e+01  2.08402448e-04 
 3.19889511e+05 -7.36509133e+01  2.07708530e-04 
 3.23593657e+05 -7.36792404e+01  2.07032240e-04 
 3.27340695e+05 -7.37069255e+01  2.06373402e-04 
 3.31131121e+05 -7.37339705e+01  2.05731824e-04 
 3.34965439e+05 -7.37603762e+01  2.05107334e-04 
 3.38844156e+05 -7.37861444e+01  2.04499749e-04 
 3.42767787e+05 -7.38112764e+01  2.03908898e-04 
 3.46736850e+05 -7.38357735e+01  2.03334617e-04 
 3.50751874e+05 -7.38596374e+01  2.02776737e-04 
 3.54813389e+05 -7.38828695e+01  2.02235095e-04 
 3.58921935e+05 -7.39054713e+01  2.01709538e-04 
 3.63078055e+05 -7.39274445e+01  2.01199907e-04 
 3.67282300e+05 -7.39487905e+01  2.00706056e-04 
 3.71535229e+05 -7.39695108e+01  2.00227839e-04 
 3.75837404e+05 -7.39896073e+01  1.99765109e-04 
 3.80189396e+05 -7.40090812e+01  1.99317734e-04 
 3.84591782e+05 -7.40279343e+01  1.98885576e-04 
 3.89045145e+05 -7.40461681e+01  1.98468504e-04 
 3.93550075e+05 -7.40637841e+01  1.98066395e-04 
 3.98107171e+05 -7.40807839e+01  1.97679122e-04 
 4.02717034e+05 -7.40971693e+01  1.97306565e-04 
 4.07380278e+05 -7.41129413e+01  1.96948617e-04 
 4.12097519e+05 -7.41281016e+01  1.96605163e-04 
 4.16869383e+05 -7.41426521e+01  1.96276090e-04 
 4.21696503e+05 -7.41565935e+01  1.95961306e-04 
 4.26579519e+05 -7.41699276e+01  1.95660708e-04 
 4.31519077e+05 -7.41826557e+01  1.95374200e-04 
 4.36515832e+05 -7.41947792e+01  1.95101694e-04 
 4.41570447e+05 -7.42062993e+01  1.94843101e-04 
 4.46683592e+05 -7.42172171e+01  1.94598347e-04 
 4.51855944e+05 -7.42275340e+01  1.94367345e-04 
 4.57088190e+05 -7.42372512e+01  1.94150020e-04 
 4.62381021e+05 -7.42463695e+01  1.93946311e-04 
 4.67735141e+05 -7.42548902e+01  1.93756147e-04 
 4.73151259e+05 -7.42628143e+01  1.93579465e-04 
 4.78630092e+05 -7.42701424e+01  1.93416214e-04 
 4.84172368e+05 -7.42768756e+01  1.93266338e-04 
 4.89778819e+05 -7.42830148e+01  1.93129787e-04 
 4.95450191e+05 -7.42885605e+01  1.93006518e-04 
 5.01187234e+05 -7.42935135e+01  1.92896489e-04 
 5.06990708e+05 -7.42978742e+01  1.92799671e-04 
 5.12861384e+05 -7.43016435e+01  1.92716024e-04 
 5.18800039e+05 -7.43048218e+01  1.92645519e-04 
 5.24807460e+05 -7.43074093e+01  1.92588138e-04 
 5.30884444e+05 -7.43094065e+01  1.92543861e-04 
 5.37031796e+05 -7.43108135e+01  1.92512673e-04 
 5.43250331e+05 -7.43116304e+01  1.92494568e-04 
 5.49540874e+05 -7.43118579e+01  1.92489528e-04 
 5.55904257e+05 -7.43114954e+01  1.92497561e-04 
 5.62341325e+05 -7.43105431e+01  1.92518666e-04 
 5.68852931e+05 -7.43090010e+01  1.92552849e-04 
 5.75439937e+05 -7.43068688e+01  1.92600122e-04 
 5.82103218e+05 -7.43041465e+01  1.92660497e-04 
 5.88843655e+05 -7.43008335e+01  1.92733995e-04 
 5.95662144e+05 -7.42969297e+01  1.92820639e-04 
 6.02559586e+05 -7.42924342e+01  1.92920460e-04 
 6.09536897e+05 -7.42873470e+01  1.93033484e-04 
 6.16595002e+05 -7.42816672e+01  1.93159752e-04 
 6.23734835e+05 -7.42753945e+01  1.93299298e-04 
 6.30957344e+05 -7.42685276e+01  1.93452176e-04 
 6.38263486e+05 -7.42610663e+01  1.93618426e-04 
 6.45654229e+05 -7.42530097e+01  1.93798100e-04 
 6.53130553e+05 -7.42443565e+01  1.93991264e-04 
 6.60693448e+05 -7.42351062e+01  1.94197971e-04 
 6.68343918e+05 -7.42252576e+01  1.94418291e-04 
 6.76082975e+05 -7.42148094e+01  1.94652296e-04 
 6.83911647e+05 -7.42037610e+01  1.94900050e-04 
 6.91830971e+05 -7.41921111e+01  1.95161634e-04 
 6.99841996e+05 -7.41798583e+01  1.95437134e-04 
 7.07945784e+05 -7.41670016e+01  1.95726631e-04 
 7.16143410e+05 -7.41535394e+01  1.96030221e-04 
 7.24435960e+05 -7.41394706e+01  1.96347994e-04 
 7.32824533e+05 -7.41247940e+01  1.96680045e-04 
 7.41310241e+05 -7.41095080e+01  1.97026481e-04 
 7.49894209e+05 -7.40936112e+01  1.97387405e-04 
 7.58577575e+05 -7.40771023e+01  1.97762928e-04 
 7.67361489e+05 -7.40599797e+01  1.98153166e-04 
 7.76247117e+05 -7.40422420e+01  1.98558233e-04 
 7.85235635e+05 -7.40238877e+01  1.98978254e-04 
 7.94328235e+05 -7.40049153e+01  1.99413354e-04 
 8.03526122e+05 -7.39853232e+01  1.99863663e-04 
 8.12830516e+05 -7.39651100e+01  2.00329311e-04 
 8.22242650e+05 -7.39442743e+01  2.00810439e-04 
 8.31763771e+05 -7.39228144e+01  2.01307188e-04 
 8.41395142e+05 -7.39007289e+01  2.01819699e-04 
 8.51138038e+05 -7.38780163e+01  2.02348126e-04 
 8.60993752e+05 -7.38546753e+01  2.02892614e-04 
 8.70963590e+05 -7.38307038e+01  2.03453333e-04 
 8.81048873e+05 -7.38061013e+01  2.04030426e-04 
 8.91250938e+05 -7.37808658e+01  2.04624065e-04 
 9.01571138e+05 -7.37549963e+01  2.05234413e-04 
 9.12010839e+05 -7.37284913e+01  2.05861644e-04 
 9.22571427e+05 -7.37013494e+01  2.06505931e-04 
 9.33254301e+05 -7.36735697e+01  2.07167448e-04 
 9.44060876e+05 -7.36451505e+01  2.07846385e-04 
 9.54992586e+05 -7.36160911e+01  2.08542918e-04 
 9.66050879e+05 -7.35863902e+01  2.09257238e-04 
 9.77237221e+05 -7.35560470e+01  2.09989534e-04 
 9.88553095e+05 -7.35250602e+01  2.10740006e-04 
 1.00000000e+06 -7.34934292e+01  2.11508849e-04 
 1.01157945e+06 -7.34611531e+01  2.12296260e-04 
 1.02329299e+06 -7.34282311e+01  2.13102452e-04 
 1.03514217e+06 -7.33946623e+01  2.13927632e-04 
 1.04712855e+06 -7.33604467e+01  2.14772002e-04 
 1.05925373e+06 -7.33255834e+01  2.15635784e-04 
 1.07151931e+06 -7.32900720e+01  2.16519194e-04 
 1.08392691e+06 -7.32539123e+01  2.17422451e-04 
 1.09647820e+06 -7.32171040e+01  2.18345780e-04 
 1.10917482e+06 -7.31796470e+01  2.19289406e-04 
 1.12201845e+06 -7.31415412e+01  2.20253561e-04 
 1.13501082e+06 -7.31027868e+01  2.21238477e-04 
 1.14815362e+06 -7.30633839e+01  2.22244388e-04 
 1.16144861e+06 -7.30233328e+01  2.23271535e-04 
 1.17489755e+06 -7.29826339e+01  2.24320161e-04 
 1.18850223e+06 -7.29412877e+01  2.25390505e-04 
 1.20226443e+06 -7.28992948e+01  2.26482817e-04 
 1.21618600e+06 -7.28566560e+01  2.27597349e-04 
 1.23026877e+06 -7.28133723e+01  2.28734346e-04 
 1.24451461e+06 -7.27694444e+01  2.29894077e-04 
 1.25892541e+06 -7.27248736e+01  2.31076788e-04 
 1.27350308e+06 -7.26796610e+01  2.32282745e-04 
 1.28824955e+06 -7.26338079e+01  2.33512215e-04 
 1.30316678e+06 -7.25873161e+01  2.34765457e-04 
 1.31825674e+06 -7.25401869e+01  2.36042744e-04 
 1.33352143e+06 -7.24924222e+01  2.37344346e-04 
 1.34896288e+06 -7.24440237e+01  2.38670540e-04 
 1.36458314e+06 -7.23949935e+01  2.40021599e-04 
 1.38038426e+06 -7.23453336e+01  2.41397807e-04 
 1.39636836e+06 -7.22950464e+01  2.42799440e-04 
 1.41253754e+06 -7.22441339e+01  2.44226792e-04 
 1.42889396e+06 -7.21925991e+01  2.45680135e-04 
 1.44543977e+06 -7.21404444e+01  2.47159770e-04 
 1.46217717e+06 -7.20876724e+01  2.48665984e-04 
 1.47910839e+06 -7.20342861e+01  2.50199073e-04 
 1.49623566e+06 -7.19802884e+01  2.51759332e-04 
 1.51356125e+06 -7.19256824e+01  2.53347067e-04 
 1.53108746e+06 -7.18704715e+01  2.54962568e-04 
 1.54881662e+06 -7.18146590e+01  2.56606143e-04 
 1.56675107e+06 -7.17582483e+01  2.58278101e-04 
 1.58489319e+06 -7.17012431e+01  2.59978746e-04 
 1.60324539e+06 -7.16436469e+01  2.61708395e-04 
 1.62181010e+06 -7.15854637e+01  2.63467358e-04 
 1.64058977e+06 -7.15266973e+01  2.65255950e-04 
 1.65958691e+06 -7.14673518e+01  2.67074491e-04 
 1.67880402e+06 -7.14074313e+01  2.68923301e-04 
 1.69824365e+06 -7.13469402e+01  2.70802700e-04 
 1.71790839e+06 -7.12858826e+01  2.72713017e-04 
 1.73780083e+06 -7.12242631e+01  2.74654579e-04 
 1.75792361e+06 -7.11620862e+01  2.76627716e-04 
 1.77827941e+06 -7.10993563e+01  2.78632766e-04 
 1.79887092e+06 -7.10360786e+01  2.80670050e-04 
 1.81970086e+06 -7.09722577e+01  2.82739911e-04 
 1.84077200e+06 -7.09078984e+01  2.84842691e-04 
 1.86208714e+06 -7.08430058e+01  2.86978731e-04 
 1.88364909e+06 -7.07775850e+01  2.89148373e-04 
 1.90546072e+06 -7.07116409e+01  2.91351966e-04 
 1.92752491e+06 -7.06451790e+01  2.93589858e-04 
 1.94984460e+06 -7.05782044e+01  2.95862404e-04 
 1.97242274e+06 -7.05107226e+01  2.98169950e-04 
 1.99526231e+06 -7.04427388e+01  3.00512859e-04 
 2.01836636e+06 -7.03742586e+01  3.02891491e-04 
 2.04173794e+06 -7.03052875e+01  3.05306199e-04 
 2.06538016e+06 -7.02358312e+01  3.07757354e-04 
 2.08929613e+06 -7.01658952e+01  3.10245322e-04 
 2.11348904e+06 -7.00954852e+01  3.12770467e-04 
 2.13796209e+06 -7.00246071e+01  3.15333163e-04 
 2.16271852e+06 -6.99532664e+01  3.17933786e-04 
 2.18776162e+06 -6.98814691e+01  3.20572707e-04 
 2.21309471e+06 -6.98092211e+01  3.23250306e-04 
 2.23872114e+06 -6.97365282e+01  3.25966967e-04 
 2.26464431e+06 -6.96633962e+01  3.28723073e-04 
 2.29086765e+06 -6.95898313e+01  3.31519008e-04 
 2.31739465e+06 -6.95158392e+01  3.34355166e-04 
 2.34422882e+06 -6.94414262e+01  3.37231933e-04 
 2.37137371e+06 -6.93665979e+01  3.40149708e-04 
 2.39883292e+06 -6.92913607e+01  3.43108887e-04 
 2.42661010e+06 -6.92157204e+01  3.46109868e-04 
 2.45470892e+06 -6.91396832e+01  3.49153051e-04 
 2.48313311e+06 -6.90632551e+01  3.52238843e-04 
 2.51188643e+06 -6.89864422e+01  3.55367651e-04 
 2.54097271e+06 -6.89092505e+01  3.58539885e-04 
 2.57039578e+06 -6.88316862e+01  3.61755957e-04 
 2.60015956e+06 -6.87537552e+01  3.65016284e-04 
 2.63026799e+06 -6.86754637e+01  3.68321285e-04 
 2.66072506e+06 -6.85968177e+01  3.71671377e-04 
 2.69153480e+06 -6.85178233e+01  3.75066981e-04 
 2.72270131e+06 -6.84384866e+01  3.78508530e-04 
 2.75422870e+06 -6.83588135e+01  3.81996447e-04 
 2.78612117e+06 -6.82788102e+01  3.85531167e-04 
 2.81838293e+06 -6.81984825e+01  3.89113119e-04 
 2.85101827e+06 -6.81178366e+01  3.92742746e-04 
 2.88403150e+06 -6.80368783e+01  3.96420480e-04 
 2.91742701e+06 -6.79556138e+01  4.00146763e-04 
 2.95120923e+06 -6.78740489e+01  4.03922044e-04 
 2.98538262e+06 -6.77921894e+01  4.07746770e-04 
 3.01995172e+06 -6.77100415e+01  4.11621381e-04 
 3.05492111e+06 -6.76276109e+01  4.15546335e-04 
 3.09029543e+06 -6.75449034e+01  4.19522086e-04 
 3.12607937e+06 -6.74619249e+01  4.23549091e-04 
 3.16227766e+06 -6.73786813e+01  4.27627804e-04 
 3.19889511e+06 -6.72951783e+01  4.31758689e-04 
 3.23593657e+06 -6.72114215e+01  4.35942215e-04 
 3.27340695e+06 -6.71274168e+01  4.40178837e-04 
 3.31131121e+06 -6.70431699e+01  4.44469029e-04 
 3.34965439e+06 -6.69586863e+01  4.48813264e-04 
 3.38844156e+06 -6.68739718e+01  4.53212008e-04 
 3.42767787e+06 -6.67890320e+01  4.57665739e-04 
 3.46736850e+06 -6.67038723e+01  4.62174932e-04 
 3.50751874e+06 -6.66184984e+01  4.66740063e-04 
 3.54813389e+06 -6.65329157e+01  4.71361615e-04 
 3.58921935e+06 -6.64471298e+01  4.76040068e-04 
 3.63078055e+06 -6.63611461e+01  4.80775909e-04 
 3.67282300e+06 -6.62749699e+01  4.85569619e-04 
 3.71535229e+06 -6.61886067e+01  4.90421685e-04 
 3.75837404e+06 -6.61020618e+01  4.95332596e-04 
 3.80189396e+06 -6.60153406e+01  5.00302842e-04 
 3.84591782e+06 -6.59284483e+01  5.05332911e-04 
 3.89045145e+06 -6.58413902e+01  5.10423296e-04 
 3.93550075e+06 -6.57541715e+01  5.15574494e-04 
 3.98107171e+06 -6.56667975e+01  5.20786990e-04 
 4.02717034e+06 -6.55792732e+01  5.26061284e-04 
 4.07380278e+06 -6.54916038e+01  5.31397869e-04 
 4.12097519e+06 -6.54037945e+01  5.36797242e-04 
 4.16869383e+06 -6.53158502e+01  5.42259901e-04 
 4.21696503e+06 -6.52277761e+01  5.47786335e-04 
 4.26579519e+06 -6.51395772e+01  5.53377047e-04 
 4.31519077e+06 -6.50512585e+01  5.59032526e-04 
 4.36515832e+06 -6.49628249e+01  5.64753272e-04 
 4.41570447e+06 -6.48742814e+01  5.70539782e-04 
 4.46683592e+06 -6.47856329e+01  5.76392543e-04 
 4.51855944e+06 -6.46968843e+01  5.82312057e-04 
 4.57088190e+06 -6.46080406e+01  5.88298810e-04 
 4.62381021e+06 -6.45191065e+01  5.94353297e-04 
 4.67735141e+06 -6.44300868e+01  6.00476010e-04 
 4.73151259e+06 -6.43409864e+01  6.06667429e-04 
 4.78630092e+06 -6.42518101e+01  6.12928050e-04 
 4.84172368e+06 -6.41625626e+01  6.19258350e-04 
 4.89778819e+06 -6.40732487e+01  6.25658814e-04 
 4.95450191e+06 -6.39838731e+01  6.32129920e-04 
 5.01187234e+06 -6.38944405e+01  6.38672146e-04 
 5.06990708e+06 -6.38049556e+01  6.45285964e-04 
 5.12861384e+06 -6.37154232e+01  6.51971842e-04 
 5.18800039e+06 -6.36258479e+01  6.58730246e-04 
 5.24807460e+06 -6.35362343e+01  6.65561641e-04 
 5.30884444e+06 -6.34465872e+01  6.72466482e-04 
 5.37031796e+06 -6.33569110e+01  6.79445224e-04 
 5.43250331e+06 -6.32672106e+01  6.86498310e-04 
 5.49540874e+06 -6.31774903e+01  6.93626191e-04 
 5.55904257e+06 -6.30877550e+01  7.00829299e-04 
 5.62341325e+06 -6.29980092e+01  7.08108061e-04 
 5.68852931e+06 -6.29082575e+01  7.15462912e-04 
 5.75439937e+06 -6.28185045e+01  7.22894261e-04 
 5.82103218e+06 -6.27287547e+01  7.30402524e-04 
 5.88843655e+06 -6.26390128e+01  7.37988105e-04 
 5.95662144e+06 -6.25492833e+01  7.45651395e-04 
 6.02559586e+06 -6.24595708e+01  7.53392788e-04 
 6.09536897e+06 -6.23698800e+01  7.61212658e-04 
 6.16595002e+06 -6.22802153e+01  7.69111375e-04 
 6.23734835e+06 -6.21905814e+01  7.77089304e-04 
 6.30957344e+06 -6.21009828e+01  7.85146791e-04 
 6.38263486e+06 -6.20114242e+01  7.93284177e-04 
 6.45654229e+06 -6.19219101e+01  8.01501791e-04 
 6.53130553e+06 -6.18324451e+01  8.09799950e-04 
 6.60693448e+06 -6.17430338e+01  8.18178961e-04 
 6.68343918e+06 -6.16536809e+01  8.26639118e-04 
 6.76082975e+06 -6.15643910e+01  8.35180700e-04 
 6.83911647e+06 -6.14751686e+01  8.43803979e-04 
 6.91830971e+06 -6.13860185e+01  8.52509202e-04 
 6.99841996e+06 -6.12969452e+01  8.61296613e-04 
 7.07945784e+06 -6.12079534e+01  8.70166436e-04 
 7.16143410e+06 -6.11190478e+01  8.79118881e-04 
 7.24435960e+06 -6.10302331e+01  8.88154140e-04 
 7.32824533e+06 -6.09415139e+01  8.97272388e-04 
 7.41310241e+06 -6.08528950e+01  9.06473788e-04 
 7.49894209e+06 -6.07643810e+01  9.15758478e-04 
 7.58577575e+06 -6.06759768e+01  9.25126586e-04 
 7.67361489e+06 -6.05876869e+01  9.34578219e-04 
 7.76247117e+06 -6.04995162e+01  9.44113457e-04 
 7.85235635e+06 -6.04114695e+01  9.53732370e-04 
 7.94328235e+06 -6.03235516e+01  9.63435004e-04 
 8.03526122e+06 -6.02357672e+01  9.73221380e-04 
 8.12830516e+06 -6.01481211e+01  9.83091504e-04 
 8.22242650e+06 -6.00606183e+01  9.93045357e-04 
 8.31763771e+06 -5.99732635e+01  1.00308289e-03 
 8.41395142e+06 -5.98860616e+01  1.01320405e-03 
 8.51138038e+06 -5.97990176e+01  1.02340874e-03 
 8.60993752e+06 -5.97121362e+01  1.03369685e-03 
 8.70963590e+06 -5.96254224e+01  1.04406823e-03 
 8.81048873e+06 -5.95388811e+01  1.05452272e-03 
 8.91250938e+06 -5.94525174e+01  1.06506014e-03 
 9.01571138e+06 -5.93663361e+01  1.07568025e-03 
 9.12010839e+06 -5.92803422e+01  1.08638283e-03 
 9.22571427e+06 -5.91945407e+01  1.09716758e-03 
 9.33254301e+06 -5.91089366e+01  1.10803422e-03 
 9.44060876e+06 -5.90235349e+01  1.11898240e-03 
 9.54992586e+06 -5.89383407e+01  1.13001176e-03 
 9.66050879e+06 -5.88533590e+01  1.14112192e-03 
 9.77237221e+06 -5.87685949e+01  1.15231245e-03 
 9.88553095e+06 -5.86840534e+01  1.16358290e-03 
 1.00000000e+07 -5.85997396e+01  1.17493278e-03 
 1.01157945e+07 -5.85156586e+01  1.18636157e-03 
 1.02329299e+07 -5.84318155e+01  1.19786872e-03 
 1.03514217e+07 -5.83482154e+01  1.20945365e-03 
 1.04712855e+07 -5.82648634e+01  1.22111575e-03 
 1.05925373e+07 -5.81817646e+01  1.23285435e-03 
 1.07151931e+07 -5.80989242e+01  1.24466877e-03 
 1.08392691e+07 -5.80163472e+01  1.25655829e-03 
 1.09647820e+07 -5.79340388e+01  1.26852216e-03 
 1.10917482e+07 -5.78520041e+01  1.28055959e-03 
 1.12201845e+07 -5.77702483e+01  1.29266974e-03 
 1.13501082e+07 -5.76887765e+01  1.30485176e-03 
 1.14815362e+07 -5.76075937e+01  1.31710474e-03 
 1.16144861e+07 -5.75267052e+01  1.32942775e-03 
 1.17489755e+07 -5.74461159e+01  1.34181982e-03 
 1.18850223e+07 -5.73658311e+01  1.35427994e-03 
 1.20226443e+07 -5.72858557e+01  1.36680706e-03 
 1.21618600e+07 -5.72061949e+01  1.37940011e-03 
 1.23026877e+07 -5.71268537e+01  1.39205795e-03 
 1.24451461e+07 -5.70478372e+01  1.40477944e-03 
 1.25892541e+07 -5.69691503e+01  1.41756338e-03 
 1.27350308e+07 -5.68907981e+01  1.43040854e-03 
 1.28824955e+07 -5.68127856e+01  1.44331365e-03 
 1.30316678e+07 -5.67351177e+01  1.45627742e-03 
 1.31825674e+07 -5.66577993e+01  1.46929850e-03 
 1.33352143e+07 -5.65808354e+01  1.48237551e-03 
 1.34896288e+07 -5.65042307e+01  1.49550704e-03 
 1.36458314e+07 -5.64279902e+01  1.50869166e-03 
 1.38038426e+07 -5.63521186e+01  1.52192786e-03 
 1.39636836e+07 -5.62766207e+01  1.53521415e-03 
 1.41253754e+07 -5.62015012e+01  1.54854896e-03 
 1.42889396e+07 -5.61267648e+01  1.56193070e-03 
 1.44543977e+07 -5.60524160e+01  1.57535777e-03 
 1.46217717e+07 -5.59784595e+01  1.58882851e-03 
 1.47910839e+07 -5.59048999e+01  1.60234123e-03 
 1.49623566e+07 -5.58317415e+01  1.61589422e-03 
 1.51356125e+07 -5.57589888e+01  1.62948573e-03 
 1.53108746e+07 -5.56866461e+01  1.64311399e-03 
 1.54881662e+07 -5.56147179e+01  1.65677719e-03 
 1.56675107e+07 -5.55432082e+01  1.67047350e-03 
 1.58489319e+07 -5.54721214e+01  1.68420104e-03 
 1.60324539e+07 -5.54014614e+01  1.69795795e-03 
 1.62181010e+07 -5.53312324e+01  1.71174229e-03 
 1.64058977e+07 -5.52614383e+01  1.72555213e-03 
 1.65958691e+07 -5.51920830e+01  1.73938551e-03 
 1.67880402e+07 -5.51231704e+01  1.75324043e-03 
 1.69824365e+07 -5.50547043e+01  1.76711489e-03 
 1.71790839e+07 -5.49866882e+01  1.78100686e-03 
 1.73780083e+07 -5.49191257e+01  1.79491428e-03 
 1.75792361e+07 -5.48520205e+01  1.80883509e-03 
 1.77827941e+07 -5.47853759e+01  1.82276719e-03 
 1.79887092e+07 -5.47191953e+01  1.83670849e-03 
 1.81970086e+07 -5.46534820e+01  1.85065686e-03 
 1.84077200e+07 -5.45882390e+01  1.86461017e-03 
 1.86208714e+07 -5.45234696e+01  1.87856627e-03 
 1.88364909e+07 -5.44591767e+01  1.89252300e-03 
 1.90546072e+07 -5.43953632e+01  1.90647819e-03 
 1.92752491e+07 -5.43320319e+01  1.92042965e-03 
 1.94984460e+07 -5.42691857e+01  1.93437520e-03 
 1.97242274e+07 -5.42068270e+01  1.94831264e-03 
 1.99526231e+07 -5.41449585e+01  1.96223977e-03 
 2.01836636e+07 -5.40835827e+01  1.97615436e-03 
 2.04173794e+07 -5.40227018e+01  1.99005421e-03 
 2.06538016e+07 -5.39623183e+01  2.00393711e-03 
 2.08929613e+07 -5.39024341e+01  2.01780082e-03 
 2.11348904e+07 -5.38430515e+01  2.03164313e-03 
 2.13796209e+07 -5.37841725e+01  2.04546181e-03 
 2.16271852e+07 -5.37257989e+01  2.05925465e-03 
 2.18776162e+07 -5.36679326e+01  2.07301943e-03 
 2.21309471e+07 -5.36105753e+01  2.08675391e-03 
 2.23872114e+07 -5.35537286e+01  2.10045590e-03 
 2.26464431e+07 -5.34973942e+01  2.11412318e-03 
 2.29086765e+07 -5.34415735e+01  2.12775354e-03 
 2.31739465e+07 -5.33862680e+01  2.14134479e-03 
 2.34422882e+07 -5.33314788e+01  2.15489473e-03 
 2.37137371e+07 -5.32772073e+01  2.16840117e-03 
 2.39883292e+07 -5.32234547e+01  2.18186194e-03 
 2.42661010e+07 -5.31702219e+01  2.19527486e-03 
 2.45470892e+07 -5.31175101e+01  2.20863777e-03 
 2.48313311e+07 -5.30653202e+01  2.22194851e-03 
 2.51188643e+07 -5.30136530e+01  2.23520494e-03 
 2.54097271e+07 -5.29625095e+01  2.24840492e-03 
 2.57039578e+07 -5.29118902e+01  2.26154633e-03 
 2.60015956e+07 -5.28617960e+01  2.27462705e-03 
 2.63026799e+07 -5.28122275e+01  2.28764498e-03 
 2.66072506e+07 -5.27631852e+01  2.30059802e-03 
 2.69153480e+07 -5.27146697e+01  2.31348408e-03 
 2.72270131e+07 -5.26666815e+01  2.32630109e-03 
 2.75422870e+07 -5.26192211e+01  2.33904699e-03 
 2.78612117e+07 -5.25722888e+01  2.35171971e-03 
 2.81838293e+07 -5.25258851e+01  2.36431723e-03 
 2.85101827e+07 -5.24800102e+01  2.37683749e-03 
 2.88403150e+07 -5.24346646e+01  2.38927848e-03 
 2.91742701e+07 -5.23898484e+01  2.40163818e-03 
 2.95120923e+07 -5.23455620e+01  2.41391458e-03 
 2.98538262e+07 -5.23018057e+01  2.42610568e-03 
 3.01995172e+07 -5.22585796e+01  2.43820950e-03 
 3.05492111e+07 -5.22158840e+01  2.45022405e-03 
 3.09029543e+07 -5.21737192e+01  2.46214735e-03 
 3.12607937e+07 -5.21320853e+01  2.47397743e-03 
 3.16227766e+07 -5.20909826e+01  2.48571234e-03 
 3.19889511e+07 -5.20504114e+01  2.49735011e-03 
 3.23593657e+07 -5.20103718e+01  2.50888879e-03 
 3.27340695e+07 -5.19708641e+01  2.52032643e-03 
 3.31131121e+07 -5.19318887e+01  2.53166108e-03 
 3.34965439e+07 -5.18934457e+01  2.54289081e-03 
 3.38844156e+07 -5.18555356e+01  2.55401367e-03 
 3.42767787e+07 -5.18181587e+01  2.56502773e-03 
 3.46736850e+07 -5.17813153e+01  2.57593104e-03 
 3.50751874e+07 -5.17450059e+01  2.58672168e-03 
 3.54813389e+07 -5.17092310e+01  2.59739769e-03 
 3.58921935e+07 -5.16739910e+01  2.60795715e-03 
 3.63078055e+07 -5.16392864e+01  2.61839812e-03 
 3.67282300e+07 -5.16051179e+01  2.62871864e-03 
 3.71535229e+07 -5.15714861e+01  2.63891678e-03 
 3.75837404e+07 -5.15383917e+01  2.64899059e-03 
 3.80189396e+07 -5.15058354e+01  2.65893811e-03 
 3.84591782e+07 -5.14738181e+01  2.66875739e-03 
 3.89045145e+07 -5.14423406e+01  2.67844646e-03 
 3.93550075e+07 -5.14114039e+01  2.68800335e-03 
 3.98107171e+07 -5.13810089e+01  2.69742609e-03 
 4.02717034e+07 -5.13511568e+01  2.70671270e-03 
 4.07380278e+07 -5.13218486e+01  2.71586119e-03 
 4.12097519e+07 -5.12930856e+01  2.72486957e-03 
 4.16869383e+07 -5.12648691e+01  2.73373583e-03 
 4.21696503e+07 -5.12372004e+01  2.74245797e-03 
 4.26579519e+07 -5.12100810e+01  2.75103396e-03 
 4.31519077e+07 -5.11835123e+01  2.75946178e-03 
 4.36515832e+07 -5.11574961e+01  2.76773940e-03 
 4.41570447e+07 -5.11320339e+01  2.77586478e-03 
 4.46683592e+07 -5.11071275e+01  2.78383587e-03 
 4.51855944e+07 -5.10827787e+01  2.79165061e-03 
 4.57088190e+07 -5.10589896e+01  2.79930694e-03 
 4.62381021e+07 -5.10357620e+01  2.80680280e-03 
 4.67735141e+07 -5.10130981e+01  2.81413610e-03 
 4.73151259e+07 -5.09910000e+01  2.82130476e-03 
 4.78630092e+07 -5.09694700e+01  2.82830670e-03 
 4.84172368e+07 -5.09485104e+01  2.83513982e-03 
 4.89778819e+07 -5.09281236e+01  2.84180204e-03 
 4.95450191e+07 -5.09083121e+01  2.84829124e-03 
 5.01187234e+07 -5.08890786e+01  2.85460533e-03 
 5.06990708e+07 -5.08704255e+01  2.86074221e-03 
 5.12861384e+07 -5.08523558e+01  2.86669976e-03 
 5.18800039e+07 -5.08348721e+01  2.87247591e-03 
 5.24807460e+07 -5.08179774e+01  2.87806853e-03 
 5.30884444e+07 -5.08016746e+01  2.88347554e-03 
 5.37031796e+07 -5.07859667e+01  2.88869485e-03 
 5.43250331e+07 -5.07708568e+01  2.89372437e-03 
 5.49540874e+07 -5.07563480e+01  2.89856203e-03 
 5.55904257e+07 -5.07424436e+01  2.90320577e-03 
 5.62341325e+07 -5.07291469e+01  2.90765352e-03 
 5.68852931e+07 -5.07164612e+01  2.91190325e-03 
 5.75439937e+07 -5.07043898e+01  2.91595294e-03 
 5.82103218e+07 -5.06929362e+01  2.91980057e-03 
 5.88843655e+07 -5.06821039e+01  2.92344417e-03 
 5.95662144e+07 -5.06718964e+01  2.92688176e-03 
 6.02559586e+07 -5.06623173e+01  2.93011141e-03 
 6.09536897e+07 -5.06533702e+01  2.93313121e-03 
 6.16595002e+07 -5.06450587e+01  2.93593927e-03 
 6.23734835e+07 -5.06373864e+01  2.93853373e-03 
 6.30957344e+07 -5.06303571e+01  2.94091279e-03 
 6.38263486e+07 -5.06239744e+01  2.94307465e-03 
 6.45654229e+07 -5.06182422e+01  2.94501758e-03 
 6.53130553e+07 -5.06131640e+01  2.94673988e-03 
 6.60693448e+07 -5.06087436e+01  2.94823990e-03 
 6.68343918e+07 -5.06049848e+01  2.94951602e-03 
 6.76082975e+07 -5.06018913e+01  2.95056669e-03 
 6.83911647e+07 -5.05994667e+01  2.95139042e-03 
 6.91830971e+07 -5.05977149e+01  2.95198575e-03 
 6.99841996e+07 -5.05966393e+01  2.95235131e-03 
 7.07945784e+07 -5.05962438e+01  2.95248576e-03 
 7.16143410e+07 -5.05965318e+01  2.95238785e-03 
 7.24435960e+07 -5.05975070e+01  2.95205640e-03 
 7.32824533e+07 -5.05991729e+01  2.95149028e-03 
 7.41310241e+07 -5.06015329e+01  2.95068844e-03 
 7.49894209e+07 -5.06045905e+01  2.94964993e-03 
 7.58577575e+07 -5.06083490e+01  2.94837385e-03 
 7.67361489e+07 -5.06128117e+01  2.94685941e-03 
 7.76247117e+07 -5.06179818e+01  2.94510587e-03 
 7.85235635e+07 -5.06238624e+01  2.94311261e-03 
 7.94328235e+07 -5.06304566e+01  2.94087909e-03 
 8.03526122e+07 -5.06377673e+01  2.93840486e-03 
 8.12830516e+07 -5.06457974e+01  2.93568957e-03 
 8.22242650e+07 -5.06545496e+01  2.93273297e-03 
 8.31763771e+07 -5.06640265e+01  2.92953489e-03 
 8.41395142e+07 -5.06742307e+01  2.92609530e-03 
 8.51138038e+07 -5.06851645e+01  2.92241424e-03 
 8.60993752e+07 -5.06968302e+01  2.91849187e-03 
 8.70963590e+07 -5.07092300e+01  2.91432846e-03 
 8.81048873e+07 -5.07223659e+01  2.90992439e-03 
 8.91250938e+07 -5.07362397e+01  2.90528015e-03 
 9.01571138e+07 -5.07508530e+01  2.90039634e-03 
 9.12010839e+07 -5.07662076e+01  2.89527368e-03 
 9.22571427e+07 -5.07823047e+01  2.88991299e-03 
 9.33254301e+07 -5.07991456e+01  2.88431522e-03 
 9.44060876e+07 -5.08167313e+01  2.87848145e-03 
 9.54992586e+07 -5.08350628e+01  2.87241285e-03 
 9.66050879e+07 -5.08541407e+01  2.86611072e-03 
 9.77237221e+07 -5.08739657e+01  2.85957648e-03 
 9.88553095e+07 -5.08945379e+01  2.85281167e-03 
 1.00000000e+08 -5.09158577e+01  2.84581794e-03 
 1.01157945e+08 -5.09379250e+01  2.83859707e-03 
 1.02329299e+08 -5.09607395e+01  2.83115094e-03 
 1.03514217e+08 -5.09843009e+01  2.82348156e-03 
 1.04712855e+08 -5.10086084e+01  2.81559106e-03 
 1.05925373e+08 -5.10336614e+01  2.80748167e-03 
 1.07151931e+08 -5.10594587e+01  2.79915575e-03 
 1.08392691e+08 -5.10859991e+01  2.79061576e-03 
 1.09647820e+08 -5.11132812e+01  2.78186428e-03 
 1.10917482e+08 -5.11413034e+01  2.77290399e-03 
 1.12201845e+08 -5.11700636e+01  2.76373768e-03 
 1.13501082e+08 -5.11995599e+01  2.75436825e-03 
 1.14815362e+08 -5.12297900e+01  2.74479870e-03 
 1.16144861e+08 -5.12607513e+01  2.73503214e-03 
 1.17489755e+08 -5.12924411e+01  2.72507176e-03 
 1.18850223e+08 -5.13248565e+01  2.71492085e-03 
 1.20226443e+08 -5.13579943e+01  2.70458282e-03 
 1.21618600e+08 -5.13918511e+01  2.69406112e-03 
 1.23026877e+08 -5.14264233e+01  2.68335934e-03 
 1.24451461e+08 -5.14617071e+01  2.67248111e-03 
 1.25892541e+08 -5.14976985e+01  2.66143017e-03 
 1.27350308e+08 -5.15343932e+01  2.65021031e-03 
 1.28824955e+08 -5.15717868e+01  2.63882543e-03 
 1.30316678e+08 -5.16098746e+01  2.62727947e-03 
 1.31825674e+08 -5.16486517e+01  2.61557644e-03 
 1.33352143e+08 -5.16881130e+01  2.60372041e-03 
 1.34896288e+08 -5.17282534e+01  2.59171554e-03 
 1.36458314e+08 -5.17690671e+01  2.57956599e-03 
 1.38038426e+08 -5.18105487e+01  2.56727603e-03 
 1.39636836e+08 -5.18526921e+01  2.55484993e-03 
 1.41253754e+08 -5.18954913e+01  2.54229202e-03 
 1.42889396e+08 -5.19389400e+01  2.52960667e-03 
 1.44543977e+08 -5.19830318e+01  2.51679830e-03 
 1.46217717e+08 -5.20277599e+01  2.50387132e-03 
 1.47910839e+08 -5.20731175e+01  2.49083021e-03 
 1.49623566e+08 -5.21190976e+01  2.47767945e-03 
 1.51356125e+08 -5.21656931e+01  2.46442353e-03 
 1.53108746e+08 -5.22128964e+01  2.45106698e-03 
 1.54881662e+08 -5.22607001e+01  2.43761433e-03 
 1.56675107e+08 -5.23090965e+01  2.42407010e-03 
 1.58489319e+08 -5.23580777e+01  2.41043884e-03 
 1.60324539e+08 -5.24076356e+01  2.39672508e-03 
 1.62181010e+08 -5.24577621e+01  2.38293336e-03 
 1.64058977e+08 -5.25084488e+01  2.36906819e-03 
 1.65958691e+08 -5.25596873e+01  2.35513408e-03 
 1.67880402e+08 -5.26114688e+01  2.34113554e-03 
 1.69824365e+08 -5.26637848e+01  2.32707704e-03 
 1.71790839e+08 -5.27166262e+01  2.31296303e-03 
 1.73780083e+08 -5.27699840e+01  2.29879794e-03 
 1.75792361e+08 -5.28238491e+01  2.28458617e-03 
 1.77827941e+08 -5.28782122e+01  2.27033209e-03 
 1.79887092e+08 -5.29330640e+01  2.25604003e-03 
 1.81970086e+08 -5.29883948e+01  2.24171428e-03 
 1.84077200e+08 -5.30441952e+01  2.22735909e-03 
 1.86208714e+08 -5.31004554e+01  2.21297869e-03 
 1.88364909e+08 -5.31571655e+01  2.19857722e-03 
 1.90546072e+08 -5.32143157e+01  2.18415882e-03 
 1.92752491e+08 -5.32718960e+01  2.16972753e-03 
 1.94984460e+08 -5.33298963e+01  2.15528738e-03 
 1.97242274e+08 -5.33883064e+01  2.14084231e-03 
 1.99526231e+08 -5.34471161e+01  2.12639624e-03 
 2.01836636e+08 -5.35063150e+01  2.11195300e-03 
 2.04173794e+08 -5.35658928e+01  2.09751637e-03 
 2.06538016e+08 -5.36258391e+01  2.08309006e-03 
 2.08929613e+08 -5.36861432e+01  2.06867774e-03 
 2.11348904e+08 -5.37467946e+01  2.05428299e-03 
 2.13796209e+08 -5.38077827e+01  2.03990933e-03 
 2.16271852e+08 -5.38690968e+01  2.02556022e-03 
 2.18776162e+08 -5.39307262e+01  2.01123904e-03 
 2.21309471e+08 -5.39926601e+01  1.99694910e-03 
 2.23872114e+08 -5.40548877e+01  1.98269365e-03 
 2.26464431e+08 -5.41173981e+01  1.96847587e-03 
 2.29086765e+08 -5.41801805e+01  1.95429884e-03 
 2.31739465e+08 -5.42432240e+01  1.94016560e-03 
 2.34422882e+08 -5.43065176e+01  1.92607910e-03 
 2.37137371e+08 -5.43700504e+01  1.91204223e-03 
 2.39883292e+08 -5.44338114e+01  1.89805778e-03 
 2.42661010e+08 -5.44977897e+01  1.88412849e-03 
 2.45470892e+08 -5.45619742e+01  1.87025701e-03 
 2.48313311e+08 -5.46263539e+01  1.85644593e-03 
 2.51188643e+08 -5.46909178e+01  1.84269776e-03 
 2.54097271e+08 -5.47556550e+01  1.82901492e-03 
 2.57039578e+08 -5.48205544e+01  1.81539978e-03 
 2.60015956e+08 -5.48856050e+01  1.80185463e-03 
 2.63026799e+08 -5.49507958e+01  1.78838166e-03 
 2.66072506e+08 -5.50161159e+01  1.77498303e-03 
 2.69153480e+08 -5.50815542e+01  1.76166079e-03 
 2.72270131e+08 -5.51470999e+01  1.74841695e-03 
 2.75422870e+08 -5.52127419e+01  1.73525341e-03 
 2.78612117e+08 -5.52784694e+01  1.72217202e-03 
 2.81838293e+08 -5.53442715e+01  1.70917458e-03 
 2.85101827e+08 -5.54101374e+01  1.69626278e-03 
 2.88403150e+08 -5.54760562e+01  1.68343826e-03 
 2.91742701e+08 -5.55420171e+01  1.67070259e-03 
 2.95120923e+08 -5.56080094e+01  1.65805728e-03 
 2.98538262e+08 -5.56740224e+01  1.64550376e-03 
 3.01995172e+08 -5.57400455e+01  1.63304340e-03 
 3.05492111e+08 -5.58060679e+01  1.62067750e-03 
 3.09029543e+08 -5.58720793e+01  1.60840731e-03 
 3.12607937e+08 -5.59380689e+01  1.59623399e-03 
 3.16227766e+08 -5.60040264e+01  1.58415867e-03 
 3.19889511e+08 -5.60699415e+01  1.57218239e-03 
 3.23593657e+08 -5.61358036e+01  1.56030614e-03 
 3.27340695e+08 -5.62016027e+01  1.54853086e-03 
 3.31131121e+08 -5.62673284e+01  1.53685743e-03 
 3.34965439e+08 -5.63329707e+01  1.52528664e-03 
 3.38844156e+08 -5.63985194e+01  1.51381927e-03 
 3.42767787e+08 -5.64639646e+01  1.50245602e-03 
 3.46736850e+08 -5.65292965e+01  1.49119753e-03 
 3.50751874e+08 -5.65945051e+01  1.48004441e-03 
 3.54813389e+08 -5.66595807e+01  1.46899719e-03 
 3.58921935e+08 -5.67245137e+01  1.45805637e-03 
 3.63078055e+08 -5.67892946e+01  1.44722239e-03 
 3.67282300e+08 -5.68539138e+01  1.43649563e-03 
 3.71535229e+08 -5.69183621e+01  1.42587645e-03 
 3.75837404e+08 -5.69826301e+01  1.41536515e-03 
 3.80189396e+08 -5.70467087e+01  1.40496196e-03 
 3.84591782e+08 -5.71105888e+01  1.39466711e-03 
 3.89045145e+08 -5.71742616e+01  1.38448074e-03 
 3.93550075e+08 -5.72377182e+01  1.37440299e-03 
 3.98107171e+08 -5.73009499e+01  1.36443392e-03 
 4.02717034e+08 -5.73639480e+01  1.35457357e-03 
 4.07380278e+08 -5.74267043e+01  1.34482194e-03 
 4.12097519e+08 -5.74892102e+01  1.33517899e-03 
 4.16869383e+08 -5.75514577e+01  1.32564462e-03 
 4.21696503e+08 -5.76134386e+01  1.31621873e-03 
 4.26579519e+08 -5.76751451e+01  1.30690117e-03 
 4.31519077e+08 -5.77365693e+01  1.29769173e-03 
 4.36515832e+08 -5.77977035e+01  1.28859020e-03 
 4.41570447e+08 -5.78585404e+01  1.27959632e-03 
 4.46683592e+08 -5.79190724e+01  1.27070980e-03 
 4.51855944e+08 -5.79792925e+01  1.26193031e-03 
 4.57088190e+08 -5.80391936e+01  1.25325752e-03 
 4.62381021e+08 -5.80987688e+01  1.24469103e-03 
 4.67735141e+08 -5.81580114e+01  1.23623043e-03 
 4.73151259e+08 -5.82169148e+01  1.22787529e-03 
 4.78630092e+08 -5.82754726e+01  1.21962514e-03 
 4.84172368e+08 -5.83336786e+01  1.21147949e-03 
 4.89778819e+08 -5.83915268e+01  1.20343783e-03 
 4.95450191e+08 -5.84490113e+01  1.19549960e-03 
 5.01187234e+08 -5.85061264e+01  1.18766424e-03 
 5.06990708e+08 -5.85628665e+01  1.17993117e-03 
 5.12861384e+08 -5.86192264e+01  1.17229976e-03 
 5.18800039e+08 -5.86752010e+01  1.16476940e-03 
 5.24807460e+08 -5.87307851e+01  1.15733942e-03 
 5.30884444e+08 -5.87859742e+01  1.15000914e-03 
 5.37031796e+08 -5.88407635e+01  1.14277788e-03 
 5.43250331e+08 -5.88951488e+01  1.13564492e-03 
 5.49540874e+08 -5.89491257e+01  1.12860953e-03 
 5.55904257e+08 -5.90026905e+01  1.12167096e-03 
 5.62341325e+08 -5.90558392e+01  1.11482844e-03 
 5.68852931e+08 -5.91085682e+01  1.10808120e-03 
 5.75439937e+08 -5.91608743e+01  1.10142844e-03 
 5.82103218e+08 -5.92127541e+01  1.09486934e-03 
 5.88843655e+08 -5.92642047e+01  1.08840308e-03 
 5.95662144e+08 -5.93152234e+01  1.08202883e-03 
 6.02559586e+08 -5.93658075e+01  1.07574572e-03 
 6.09536897e+08 -5.94159547e+01  1.06955289e-03 
 6.16595002e+08 -5.94656628e+01  1.06344948e-03 
 6.23734835e+08 -5.95149298e+01  1.05743458e-03 
 6.30957344e+08 -5.95637541e+01  1.05150731e-03 
 6.38263486e+08 -5.96121340e+01  1.04566675e-03 
 6.45654229e+08 -5.96600683e+01  1.03991199e-03 
 6.53130553e+08 -5.97075558e+01  1.03424210e-03 
 6.60693448e+08 -5.97545955e+01  1.02865615e-03 
 6.68343918e+08 -5.98011868e+01  1.02315319e-03 
 6.76082975e+08 -5.98473291e+01  1.01773227e-03 
 6.83911647e+08 -5.98930221e+01  1.01239244e-03 
 6.91830971e+08 -5.99382657e+01  1.00713274e-03 
 6.99841996e+08 -5.99830600e+01  1.00195219e-03 
 7.07945784e+08 -6.00274053e+01  9.96849824e-04 
 7.16143410e+08 -6.00713020e+01  9.91824660e-04 
 7.24435960e+08 -6.01147508e+01  9.86875715e-04 
 7.32824533e+08 -6.01577525e+01  9.82002001e-04 
 7.41310241e+08 -6.02003084e+01  9.77202528e-04 
 7.49894209e+08 -6.02424195e+01  9.72476301e-04 
 7.58577575e+08 -6.02840873e+01  9.67822325e-04 
 7.67361489e+08 -6.03253134e+01  9.63239599e-04 
 7.76247117e+08 -6.03660997e+01  9.58727124e-04 
 7.85235635e+08 -6.04064481e+01  9.54283897e-04 
 7.94328235e+08 -6.04463607e+01  9.49908916e-04 
 8.03526122e+08 -6.04858399e+01  9.45601176e-04 
 8.12830516e+08 -6.05248882e+01  9.41359674e-04 
 8.22242650e+08 -6.05635082e+01  9.37183406e-04 
 8.31763771e+08 -6.06017027e+01  9.33071370e-04 
 8.41395142e+08 -6.06394748e+01  9.29022563e-04 
 8.51138038e+08 -6.06768275e+01  9.25035983e-04 
 8.60993752e+08 -6.07137641e+01  9.21110632e-04 
 8.70963590e+08 -6.07502881e+01  9.17245512e-04 
 8.81048873e+08 -6.07864030e+01  9.13439628e-04 
 8.91250938e+08 -6.08221126e+01  9.09691987e-04 
 9.01571138e+08 -6.08574207e+01  9.06001600e-04 
 9.12010839e+08 -6.08923313e+01  9.02367480e-04 
 9.22571427e+08 -6.09268485e+01  8.98788644e-04 
 9.33254301e+08 -6.09609765e+01  8.95264113e-04 
 9.44060876e+08 -6.09947197e+01  8.91792912e-04 
 9.54992586e+08 -6.10280825e+01  8.88374071e-04 
 9.66050879e+08 -6.10610696e+01  8.85006623e-04 
 9.77237221e+08 -6.10936856e+01  8.81689608e-04 
 9.88553095e+08 -6.11259352e+01  8.78422069e-04 
 1.00000000e+09 -6.11578235e+01  8.75203057e-04 
