 1.00000000e+00 -1.15220672e+01  2.65397385e-01 
 1.01157945e+00 -1.15220690e+01  2.65397330e-01 
 1.02329299e+00 -1.15220709e+01  2.65397273e-01 
 1.03514217e+00 -1.15220727e+01  2.65397216e-01 
 1.04712855e+00 -1.15220747e+01  2.65397157e-01 
 1.05925373e+00 -1.15220766e+01  2.65397097e-01 
 1.07151931e+00 -1.15220787e+01  2.65397035e-01 
 1.08392691e+00 -1.15220807e+01  2.65396972e-01 
 1.09647820e+00 -1.15220828e+01  2.65396908e-01 
 1.10917482e+00 -1.15220850e+01  2.65396841e-01 
 1.12201845e+00 -1.15220872e+01  2.65396774e-01 
 1.13501082e+00 -1.15220895e+01  2.65396705e-01 
 1.14815362e+00 -1.15220918e+01  2.65396634e-01 
 1.16144861e+00 -1.15220942e+01  2.65396562e-01 
 1.17489755e+00 -1.15220966e+01  2.65396487e-01 
 1.18850223e+00 -1.15220991e+01  2.65396412e-01 
 1.20226443e+00 -1.15221016e+01  2.65396334e-01 
 1.21618600e+00 -1.15221042e+01  2.65396255e-01 
 1.23026877e+00 -1.15221069e+01  2.65396173e-01 
 1.24451461e+00 -1.15221096e+01  2.65396090e-01 
 1.25892541e+00 -1.15221124e+01  2.65396005e-01 
 1.27350308e+00 -1.15221152e+01  2.65395918e-01 
 1.28824955e+00 -1.15221181e+01  2.65395829e-01 
 1.30316678e+00 -1.15221211e+01  2.65395738e-01 
 1.31825674e+00 -1.15221242e+01  2.65395644e-01 
 1.33352143e+00 -1.15221273e+01  2.65395549e-01 
 1.34896288e+00 -1.15221305e+01  2.65395451e-01 
 1.36458314e+00 -1.15221338e+01  2.65395351e-01 
 1.38038426e+00 -1.15221371e+01  2.65395249e-01 
 1.39636836e+00 -1.15221405e+01  2.65395144e-01 
 1.41253754e+00 -1.15221441e+01  2.65395037e-01 
 1.42889396e+00 -1.15221476e+01  2.65394927e-01 
 1.44543977e+00 -1.15221513e+01  2.65394815e-01 
 1.46217717e+00 -1.15221551e+01  2.65394701e-01 
 1.47910839e+00 -1.15221589e+01  2.65394583e-01 
 1.49623566e+00 -1.15221628e+01  2.65394463e-01 
 1.51356125e+00 -1.15221669e+01  2.65394340e-01 
 1.53108746e+00 -1.15221710e+01  2.65394214e-01 
 1.54881662e+00 -1.15221752e+01  2.65394085e-01 
 1.56675107e+00 -1.15221795e+01  2.65393953e-01 
 1.58489319e+00 -1.15221839e+01  2.65393819e-01 
 1.60324539e+00 -1.15221885e+01  2.65393681e-01 
 1.62181010e+00 -1.15221931e+01  2.65393539e-01 
 1.64058977e+00 -1.15221978e+01  2.65393395e-01 
 1.65958691e+00 -1.15222026e+01  2.65393247e-01 
 1.67880402e+00 -1.15222076e+01  2.65393096e-01 
 1.69824365e+00 -1.15222127e+01  2.65392941e-01 
 1.71790839e+00 -1.15222178e+01  2.65392782e-01 
 1.73780083e+00 -1.15222232e+01  2.65392620e-01 
 1.75792361e+00 -1.15222286e+01  2.65392454e-01 
 1.77827941e+00 -1.15222341e+01  2.65392285e-01 
 1.79887092e+00 -1.15222398e+01  2.65392111e-01 
 1.81970086e+00 -1.15222456e+01  2.65391933e-01 
 1.84077200e+00 -1.15222516e+01  2.65391751e-01 
 1.86208714e+00 -1.15222577e+01  2.65391565e-01 
 1.88364909e+00 -1.15222639e+01  2.65391374e-01 
 1.90546072e+00 -1.15222703e+01  2.65391180e-01 
 1.92752491e+00 -1.15222768e+01  2.65390980e-01 
 1.94984460e+00 -1.15222835e+01  2.65390776e-01 
 1.97242274e+00 -1.15222904e+01  2.65390567e-01 
 1.99526231e+00 -1.15222973e+01  2.65390353e-01 
 2.01836636e+00 -1.15223045e+01  2.65390135e-01 
 2.04173794e+00 -1.15223118e+01  2.65389911e-01 
 2.06538016e+00 -1.15223193e+01  2.65389682e-01 
 2.08929613e+00 -1.15223270e+01  2.65389447e-01 
 2.11348904e+00 -1.15223348e+01  2.65389208e-01 
 2.13796209e+00 -1.15223429e+01  2.65388962e-01 
 2.16271852e+00 -1.15223511e+01  2.65388711e-01 
 2.18776162e+00 -1.15223595e+01  2.65388454e-01 
 2.21309471e+00 -1.15223681e+01  2.65388191e-01 
 2.23872114e+00 -1.15223769e+01  2.65387922e-01 
 2.26464431e+00 -1.15223859e+01  2.65387647e-01 
 2.29086765e+00 -1.15223951e+01  2.65387365e-01 
 2.31739465e+00 -1.15224046e+01  2.65387077e-01 
 2.34422882e+00 -1.15224142e+01  2.65386782e-01 
 2.37137371e+00 -1.15224241e+01  2.65386480e-01 
 2.39883292e+00 -1.15224342e+01  2.65386171e-01 
 2.42661010e+00 -1.15224446e+01  2.65385855e-01 
 2.45470892e+00 -1.15224552e+01  2.65385531e-01 
 2.48313311e+00 -1.15224660e+01  2.65385200e-01 
 2.51188643e+00 -1.15224771e+01  2.65384862e-01 
 2.54097271e+00 -1.15224884e+01  2.65384515e-01 
 2.57039578e+00 -1.15225000e+01  2.65384160e-01 
 2.60015956e+00 -1.15225119e+01  2.65383797e-01 
 2.63026799e+00 -1.15225241e+01  2.65383426e-01 
 2.66072506e+00 -1.15225365e+01  2.65383046e-01 
 2.69153480e+00 -1.15225492e+01  2.65382657e-01 
 2.72270131e+00 -1.15225623e+01  2.65382259e-01 
 2.75422870e+00 -1.15225756e+01  2.65381852e-01 
 2.78612117e+00 -1.15225892e+01  2.65381435e-01 
 2.81838293e+00 -1.15226032e+01  2.65381009e-01 
 2.85101827e+00 -1.15226175e+01  2.65380572e-01 
 2.88403150e+00 -1.15226321e+01  2.65380126e-01 
 2.91742701e+00 -1.15226470e+01  2.65379669e-01 
 2.95120923e+00 -1.15226623e+01  2.65379202e-01 
 2.98538262e+00 -1.15226780e+01  2.65378723e-01 
 3.01995172e+00 -1.15226940e+01  2.65378234e-01 
 3.05492111e+00 -1.15227104e+01  2.65377733e-01 
 3.09029543e+00 -1.15227272e+01  2.65377220e-01 
 3.12607937e+00 -1.15227444e+01  2.65376695e-01 
 3.16227766e+00 -1.15227619e+01  2.65376159e-01 
 3.19889511e+00 -1.15227799e+01  2.65375609e-01 
 3.23593657e+00 -1.15227983e+01  2.65375047e-01 
 3.27340695e+00 -1.15228171e+01  2.65374472e-01 
 3.31131121e+00 -1.15228364e+01  2.65373884e-01 
 3.34965439e+00 -1.15228561e+01  2.65373281e-01 
 3.38844156e+00 -1.15228763e+01  2.65372665e-01 
 3.42767787e+00 -1.15228969e+01  2.65372034e-01 
 3.46736850e+00 -1.15229180e+01  2.65371389e-01 
 3.50751874e+00 -1.15229397e+01  2.65370729e-01 
 3.54813389e+00 -1.15229618e+01  2.65370053e-01 
 3.58921935e+00 -1.15229844e+01  2.65369361e-01 
 3.63078055e+00 -1.15230076e+01  2.65368654e-01 
 3.67282300e+00 -1.15230313e+01  2.65367930e-01 
 3.71535229e+00 -1.15230555e+01  2.65367189e-01 
 3.75837404e+00 -1.15230803e+01  2.65366431e-01 
 3.80189396e+00 -1.15231057e+01  2.65365655e-01 
 3.84591782e+00 -1.15231317e+01  2.65364861e-01 
 3.89045145e+00 -1.15231583e+01  2.65364049e-01 
 3.93550075e+00 -1.15231855e+01  2.65363218e-01 
 3.98107171e+00 -1.15232134e+01  2.65362367e-01 
 4.02717034e+00 -1.15232418e+01  2.65361497e-01 
 4.07380278e+00 -1.15232710e+01  2.65360606e-01 
 4.12097519e+00 -1.15233008e+01  2.65359694e-01 
 4.16869383e+00 -1.15233314e+01  2.65358762e-01 
 4.21696503e+00 -1.15233626e+01  2.65357807e-01 
 4.26579519e+00 -1.15233946e+01  2.65356831e-01 
 4.31519077e+00 -1.15234273e+01  2.65355832e-01 
 4.36515832e+00 -1.15234607e+01  2.65354809e-01 
 4.41570447e+00 -1.15234950e+01  2.65353763e-01 
 4.46683592e+00 -1.15235300e+01  2.65352692e-01 
 4.51855944e+00 -1.15235659e+01  2.65351596e-01 
 4.57088190e+00 -1.15236026e+01  2.65350475e-01 
 4.62381021e+00 -1.15236402e+01  2.65349328e-01 
 4.67735141e+00 -1.15236786e+01  2.65348154e-01 
 4.73151259e+00 -1.15237179e+01  2.65346952e-01 
 4.78630092e+00 -1.15237582e+01  2.65345723e-01 
 4.84172368e+00 -1.15237993e+01  2.65344465e-01 
 4.89778819e+00 -1.15238415e+01  2.65343178e-01 
 4.95450191e+00 -1.15238846e+01  2.65341861e-01 
 5.01187234e+00 -1.15239287e+01  2.65340513e-01 
 5.06990708e+00 -1.15239739e+01  2.65339134e-01 
 5.12861384e+00 -1.15240201e+01  2.65337723e-01 
 5.18800039e+00 -1.15240673e+01  2.65336278e-01 
 5.24807460e+00 -1.15241157e+01  2.65334801e-01 
 5.30884444e+00 -1.15241652e+01  2.65333289e-01 
 5.37031796e+00 -1.15242159e+01  2.65331741e-01 
 5.43250331e+00 -1.15242677e+01  2.65330158e-01 
 5.49540874e+00 -1.15243207e+01  2.65328538e-01 
 5.55904257e+00 -1.15243750e+01  2.65326880e-01 
 5.62341325e+00 -1.15244305e+01  2.65325183e-01 
 5.68852931e+00 -1.15244874e+01  2.65323447e-01 
 5.75439937e+00 -1.15245455e+01  2.65321671e-01 
 5.82103218e+00 -1.15246050e+01  2.65319853e-01 
 5.88843655e+00 -1.15246659e+01  2.65317993e-01 
 5.95662144e+00 -1.15247282e+01  2.65316090e-01 
 6.02559586e+00 -1.15247920e+01  2.65314142e-01 
 6.09536897e+00 -1.15248572e+01  2.65312149e-01 
 6.16595002e+00 -1.15249240e+01  2.65310110e-01 
 6.23734835e+00 -1.15249923e+01  2.65308023e-01 
 6.30957344e+00 -1.15250622e+01  2.65305888e-01 
 6.38263486e+00 -1.15251338e+01  2.65303703e-01 
 6.45654229e+00 -1.15252070e+01  2.65301467e-01 
 6.53130553e+00 -1.15252819e+01  2.65299179e-01 
 6.60693448e+00 -1.15253585e+01  2.65296838e-01 
 6.68343918e+00 -1.15254369e+01  2.65294443e-01 
 6.76082975e+00 -1.15255172e+01  2.65291991e-01 
 6.83911647e+00 -1.15255993e+01  2.65289483e-01 
 6.91830971e+00 -1.15256834e+01  2.65286916e-01 
 6.99841996e+00 -1.15257694e+01  2.65284290e-01 
 7.07945784e+00 -1.15258573e+01  2.65281603e-01 
 7.16143410e+00 -1.15259474e+01  2.65278853e-01 
 7.24435960e+00 -1.15260395e+01  2.65276039e-01 
 7.32824533e+00 -1.15261338e+01  2.65273159e-01 
 7.41310241e+00 -1.15262303e+01  2.65270213e-01 
 7.49894209e+00 -1.15263290e+01  2.65267198e-01 
 7.58577575e+00 -1.15264300e+01  2.65264113e-01 
 7.67361489e+00 -1.15265334e+01  2.65260956e-01 
 7.76247117e+00 -1.15266392e+01  2.65257726e-01 
 7.85235635e+00 -1.15267474e+01  2.65254421e-01 
 7.94328235e+00 -1.15268581e+01  2.65251039e-01 
 8.03526122e+00 -1.15269715e+01  2.65247578e-01 
 8.12830516e+00 -1.15270874e+01  2.65244037e-01 
 8.22242650e+00 -1.15272061e+01  2.65240413e-01 
 8.31763771e+00 -1.15273275e+01  2.65236705e-01 
 8.41395142e+00 -1.15274518e+01  2.65232911e-01 
 8.51138038e+00 -1.15275789e+01  2.65229029e-01 
 8.60993752e+00 -1.15277090e+01  2.65225056e-01 
 8.70963590e+00 -1.15278421e+01  2.65220991e-01 
 8.81048873e+00 -1.15279783e+01  2.65216832e-01 
 8.91250938e+00 -1.15281177e+01  2.65212576e-01 
 9.01571138e+00 -1.15282604e+01  2.65208221e-01 
 9.12010839e+00 -1.15284063e+01  2.65203765e-01 
 9.22571427e+00 -1.15285556e+01  2.65199205e-01 
 9.33254301e+00 -1.15287085e+01  2.65194539e-01 
 9.44060876e+00 -1.15288648e+01  2.65189765e-01 
 9.54992586e+00 -1.15290248e+01  2.65184880e-01 
 9.66050879e+00 -1.15291886e+01  2.65179882e-01 
 9.77237221e+00 -1.15293561e+01  2.65174767e-01 
 9.88553095e+00 -1.15295275e+01  2.65169533e-01 
 1.00000000e+01 -1.15297029e+01  2.65164178e-01 
 1.01157945e+01 -1.15298824e+01  2.65158699e-01 
 1.02329299e+01 -1.15300661e+01  2.65153092e-01 
 1.03514217e+01 -1.15302540e+01  2.65147355e-01 
 1.04712855e+01 -1.15304463e+01  2.65141484e-01 
 1.05925373e+01 -1.15306431e+01  2.65135478e-01 
 1.07151931e+01 -1.15308445e+01  2.65129332e-01 
 1.08392691e+01 -1.15310505e+01  2.65123043e-01 
 1.09647820e+01 -1.15312613e+01  2.65116608e-01 
 1.10917482e+01 -1.15314770e+01  2.65110024e-01 
 1.12201845e+01 -1.15316978e+01  2.65103287e-01 
 1.13501082e+01 -1.15319236e+01  2.65096393e-01 
 1.14815362e+01 -1.15321547e+01  2.65089340e-01 
 1.16144861e+01 -1.15323912e+01  2.65082122e-01 
 1.17489755e+01 -1.15326332e+01  2.65074737e-01 
 1.18850223e+01 -1.15328808e+01  2.65067181e-01 
 1.20226443e+01 -1.15331342e+01  2.65059450e-01 
 1.21618600e+01 -1.15333934e+01  2.65051539e-01 
 1.23026877e+01 -1.15336587e+01  2.65043445e-01 
 1.24451461e+01 -1.15339301e+01  2.65035162e-01 
 1.25892541e+01 -1.15342078e+01  2.65026688e-01 
 1.27350308e+01 -1.15344920e+01  2.65018017e-01 
 1.28824955e+01 -1.15347828e+01  2.65009145e-01 
 1.30316678e+01 -1.15350803e+01  2.65000068e-01 
 1.31825674e+01 -1.15353847e+01  2.64990780e-01 
 1.33352143e+01 -1.15356962e+01  2.64981276e-01 
 1.34896288e+01 -1.15360150e+01  2.64971552e-01 
 1.36458314e+01 -1.15363411e+01  2.64961603e-01 
 1.38038426e+01 -1.15366749e+01  2.64951424e-01 
 1.39636836e+01 -1.15370163e+01  2.64941008e-01 
 1.41253754e+01 -1.15373657e+01  2.64930351e-01 
 1.42889396e+01 -1.15377232e+01  2.64919447e-01 
 1.44543977e+01 -1.15380890e+01  2.64908291e-01 
 1.46217717e+01 -1.15384633e+01  2.64896876e-01 
 1.47910839e+01 -1.15388462e+01  2.64885197e-01 
 1.49623566e+01 -1.15392381e+01  2.64873247e-01 
 1.51356125e+01 -1.15396390e+01  2.64861021e-01 
 1.53108746e+01 -1.15400493e+01  2.64848511e-01 
 1.54881662e+01 -1.15404690e+01  2.64835712e-01 
 1.56675107e+01 -1.15408985e+01  2.64822617e-01 
 1.58489319e+01 -1.15413380e+01  2.64809219e-01 
 1.60324539e+01 -1.15417876e+01  2.64795511e-01 
 1.62181010e+01 -1.15422477e+01  2.64781486e-01 
 1.64058977e+01 -1.15427184e+01  2.64767136e-01 
 1.65958691e+01 -1.15432001e+01  2.64752455e-01 
 1.67880402e+01 -1.15436929e+01  2.64737434e-01 
 1.69824365e+01 -1.15441971e+01  2.64722066e-01 
 1.71790839e+01 -1.15447131e+01  2.64706342e-01 
 1.73780083e+01 -1.15452409e+01  2.64690256e-01 
 1.75792361e+01 -1.15457810e+01  2.64673797e-01 
 1.77827941e+01 -1.15463336e+01  2.64656959e-01 
 1.79887092e+01 -1.15468991e+01  2.64639731e-01 
 1.81970086e+01 -1.15474776e+01  2.64622106e-01 
 1.84077200e+01 -1.15480695e+01  2.64604074e-01 
 1.86208714e+01 -1.15486751e+01  2.64585626e-01 
 1.88364909e+01 -1.15492947e+01  2.64566752e-01 
 1.90546072e+01 -1.15499287e+01  2.64547442e-01 
 1.92752491e+01 -1.15505773e+01  2.64527688e-01 
 1.94984460e+01 -1.15512409e+01  2.64507477e-01 
 1.97242274e+01 -1.15519199e+01  2.64486801e-01 
 1.99526231e+01 -1.15526146e+01  2.64465648e-01 
 2.01836636e+01 -1.15533254e+01  2.64444007e-01 
 2.04173794e+01 -1.15540526e+01  2.64421868e-01 
 2.06538016e+01 -1.15547966e+01  2.64399219e-01 
 2.08929613e+01 -1.15555578e+01  2.64376049e-01 
 2.11348904e+01 -1.15563367e+01  2.64352345e-01 
 2.13796209e+01 -1.15571335e+01  2.64328096e-01 
 2.16271852e+01 -1.15579487e+01  2.64303288e-01 
 2.18776162e+01 -1.15587827e+01  2.64277910e-01 
 2.21309471e+01 -1.15596360e+01  2.64251949e-01 
 2.23872114e+01 -1.15605090e+01  2.64225391e-01 
 2.26464431e+01 -1.15614022e+01  2.64198222e-01 
 2.29086765e+01 -1.15623160e+01  2.64170429e-01 
 2.31739465e+01 -1.15632508e+01  2.64141998e-01 
 2.34422882e+01 -1.15642073e+01  2.64112914e-01 
 2.37137371e+01 -1.15651857e+01  2.64083163e-01 
 2.39883292e+01 -1.15661868e+01  2.64052729e-01 
 2.42661010e+01 -1.15672109e+01  2.64021597e-01 
 2.45470892e+01 -1.15682587e+01  2.63989751e-01 
 2.48313311e+01 -1.15693305e+01  2.63957176e-01 
 2.51188643e+01 -1.15704271e+01  2.63923854e-01 
 2.54097271e+01 -1.15715489e+01  2.63889769e-01 
 2.57039578e+01 -1.15726966e+01  2.63854904e-01 
 2.60015956e+01 -1.15738707e+01  2.63819241e-01 
 2.63026799e+01 -1.15750718e+01  2.63782762e-01 
 2.66072506e+01 -1.15763005e+01  2.63745450e-01 
 2.69153480e+01 -1.15775575e+01  2.63707284e-01 
 2.72270131e+01 -1.15788434e+01  2.63668247e-01 
 2.75422870e+01 -1.15801588e+01  2.63628318e-01 
 2.78612117e+01 -1.15815045e+01  2.63587478e-01 
 2.81838293e+01 -1.15828811e+01  2.63545707e-01 
 2.85101827e+01 -1.15842893e+01  2.63502983e-01 
 2.88403150e+01 -1.15857298e+01  2.63459285e-01 
 2.91742701e+01 -1.15872034e+01  2.63414592e-01 
 2.95120923e+01 -1.15887108e+01  2.63368882e-01 
 2.98538262e+01 -1.15902528e+01  2.63322131e-01 
 3.01995172e+01 -1.15918301e+01  2.63274317e-01 
 3.05492111e+01 -1.15934436e+01  2.63225417e-01 
 3.09029543e+01 -1.15950940e+01  2.63175405e-01 
 3.12607937e+01 -1.15967822e+01  2.63124259e-01 
 3.16227766e+01 -1.15985091e+01  2.63071951e-01 
 3.19889511e+01 -1.16002754e+01  2.63018458e-01 
 3.23593657e+01 -1.16020822e+01  2.62963753e-01 
 3.27340695e+01 -1.16039303e+01  2.62907808e-01 
 3.31131121e+01 -1.16058206e+01  2.62850598e-01 
 3.34965439e+01 -1.16077541e+01  2.62792093e-01 
 3.38844156e+01 -1.16097318e+01  2.62732266e-01 
 3.42767787e+01 -1.16117545e+01  2.62671088e-01 
 3.46736850e+01 -1.16138234e+01  2.62608529e-01 
 3.50751874e+01 -1.16159395e+01  2.62544560e-01 
 3.54813389e+01 -1.16181038e+01  2.62479148e-01 
 3.58921935e+01 -1.16203175e+01  2.62412264e-01 
 3.63078055e+01 -1.16225814e+01  2.62343874e-01 
 3.67282300e+01 -1.16248970e+01  2.62273947e-01 
 3.71535229e+01 -1.16272651e+01  2.62202449e-01 
 3.75837404e+01 -1.16296871e+01  2.62129346e-01 
 3.80189396e+01 -1.16321641e+01  2.62054603e-01 
 3.84591782e+01 -1.16346974e+01  2.61978186e-01 
 3.89045145e+01 -1.16372881e+01  2.61900058e-01 
 3.93550075e+01 -1.16399376e+01  2.61820183e-01 
 3.98107171e+01 -1.16426471e+01  2.61738522e-01 
 4.02717034e+01 -1.16454180e+01  2.61655039e-01 
 4.07380278e+01 -1.16482515e+01  2.61569693e-01 
 4.12097519e+01 -1.16511492e+01  2.61482447e-01 
 4.16869383e+01 -1.16541124e+01  2.61393258e-01 
 4.21696503e+01 -1.16571425e+01  2.61302086e-01 
 4.26579519e+01 -1.16602409e+01  2.61208889e-01 
 4.31519077e+01 -1.16634093e+01  2.61113625e-01 
 4.36515832e+01 -1.16666491e+01  2.61016250e-01 
 4.41570447e+01 -1.16699618e+01  2.60916719e-01 
 4.46683592e+01 -1.16733491e+01  2.60814987e-01 
 4.51855944e+01 -1.16768126e+01  2.60711009e-01 
 4.57088190e+01 -1.16803538e+01  2.60604738e-01 
 4.62381021e+01 -1.16839746e+01  2.60496126e-01 
 4.67735141e+01 -1.16876766e+01  2.60385125e-01 
 4.73151259e+01 -1.16914615e+01  2.60271685e-01 
 4.78630092e+01 -1.16953312e+01  2.60155756e-01 
 4.84172368e+01 -1.16992875e+01  2.60037287e-01 
 4.89778819e+01 -1.17033322e+01  2.59916225e-01 
 4.95450191e+01 -1.17074672e+01  2.59792519e-01 
 5.01187234e+01 -1.17116944e+01  2.59666115e-01 
 5.06990708e+01 -1.17160159e+01  2.59536956e-01 
 5.12861384e+01 -1.17204335e+01  2.59404989e-01 
 5.18800039e+01 -1.17249494e+01  2.59270156e-01 
 5.24807460e+01 -1.17295657e+01  2.59132400e-01 
 5.30884444e+01 -1.17342843e+01  2.58991662e-01 
 5.37031796e+01 -1.17391076e+01  2.58847884e-01 
 5.43250331e+01 -1.17440377e+01  2.58701004e-01 
 5.49540874e+01 -1.17490769e+01  2.58550961e-01 
 5.55904257e+01 -1.17542273e+01  2.58397694e-01 
 5.62341325e+01 -1.17594914e+01  2.58241138e-01 
 5.68852931e+01 -1.17648716e+01  2.58081231e-01 
 5.75439937e+01 -1.17703701e+01  2.57917905e-01 
 5.82103218e+01 -1.17759896e+01  2.57751097e-01 
 5.88843655e+01 -1.17817324e+01  2.57580737e-01 
 5.95662144e+01 -1.17876011e+01  2.57406759e-01 
 6.02559586e+01 -1.17935983e+01  2.57229092e-01 
 6.09536897e+01 -1.17997266e+01  2.57047668e-01 
 6.16595002e+01 -1.18059888e+01  2.56862415e-01 
 6.23734835e+01 -1.18123874e+01  2.56673261e-01 
 6.30957344e+01 -1.18189254e+01  2.56480134e-01 
 6.38263486e+01 -1.18256054e+01  2.56282958e-01 
 6.45654229e+01 -1.18324305e+01  2.56081660e-01 
 6.53130553e+01 -1.18394034e+01  2.55876164e-01 
 6.60693448e+01 -1.18465271e+01  2.55666393e-01 
 6.68343918e+01 -1.18538047e+01  2.55452269e-01 
 6.76082975e+01 -1.18612392e+01  2.55233713e-01 
 6.83911647e+01 -1.18688337e+01  2.55010647e-01 
 6.91830971e+01 -1.18765914e+01  2.54782989e-01 
 6.99841996e+01 -1.18845155e+01  2.54550660e-01 
 7.07945784e+01 -1.18926091e+01  2.54313575e-01 
 7.16143410e+01 -1.19008757e+01  2.54071653e-01 
 7.24435960e+01 -1.19093186e+01  2.53824809e-01 
 7.32824533e+01 -1.19179412e+01  2.53572960e-01 
 7.41310241e+01 -1.19267469e+01  2.53316019e-01 
 7.49894209e+01 -1.19357393e+01  2.53053900e-01 
 7.58577575e+01 -1.19449219e+01  2.52786517e-01 
 7.67361489e+01 -1.19542983e+01  2.52513781e-01 
 7.76247117e+01 -1.19638722e+01  2.52235605e-01 
 7.85235635e+01 -1.19736472e+01  2.51951900e-01 
 7.94328235e+01 -1.19836273e+01  2.51662576e-01 
 8.03526122e+01 -1.19938160e+01  2.51367542e-01 
 8.12830516e+01 -1.20042174e+01  2.51066708e-01 
 8.22242650e+01 -1.20148354e+01  2.50759983e-01 
 8.31763771e+01 -1.20256738e+01  2.50447275e-01 
 8.41395142e+01 -1.20367367e+01  2.50128491e-01 
 8.51138038e+01 -1.20480283e+01  2.49803539e-01 
 8.60993752e+01 -1.20595524e+01  2.49472327e-01 
 8.70963590e+01 -1.20713135e+01  2.49134761e-01 
 8.81048873e+01 -1.20833155e+01  2.48790747e-01 
 8.91250938e+01 -1.20955629e+01  2.48440191e-01 
 9.01571138e+01 -1.21080599e+01  2.48083001e-01 
 9.12010839e+01 -1.21208108e+01  2.47719082e-01 
 9.22571427e+01 -1.21338200e+01  2.47348340e-01 
 9.33254301e+01 -1.21470920e+01  2.46970681e-01 
 9.44060876e+01 -1.21606313e+01  2.46586011e-01 
 9.54992586e+01 -1.21744424e+01  2.46194237e-01 
 9.66050879e+01 -1.21885297e+01  2.45795265e-01 
 9.77237221e+01 -1.22028981e+01  2.45389003e-01 
 9.88553095e+01 -1.22175520e+01  2.44975356e-01 
 1.00000000e+02 -1.22324963e+01  2.44554234e-01 
 1.01157945e+02 -1.22477355e+01  2.44125545e-01 
 1.02329299e+02 -1.22632745e+01  2.43689196e-01 
 1.03514217e+02 -1.22791180e+01  2.43245099e-01 
 1.04712855e+02 -1.22952710e+01  2.42793163e-01 
 1.05925373e+02 -1.23117381e+01  2.42333298e-01 
 1.07151931e+02 -1.23285244e+01  2.41865419e-01 
 1.08392691e+02 -1.23456348e+01  2.41389437e-01 
 1.09647820e+02 -1.23630741e+01  2.40905267e-01 
 1.10917482e+02 -1.23808474e+01  2.40412825e-01 
 1.12201845e+02 -1.23989596e+01  2.39912027e-01 
 1.13501082e+02 -1.24174158e+01  2.39402792e-01 
 1.14815362e+02 -1.24362210e+01  2.38885039e-01 
 1.16144861e+02 -1.24553802e+01  2.38358691e-01 
 1.17489755e+02 -1.24748985e+01  2.37823670e-01 
 1.18850223e+02 -1.24947809e+01  2.37279902e-01 
 1.20226443e+02 -1.25150326e+01  2.36727313e-01 
 1.21618600e+02 -1.25356587e+01  2.36165832e-01 
 1.23026877e+02 -1.25566642e+01  2.35595392e-01 
 1.24451461e+02 -1.25780542e+01  2.35015924e-01 
 1.25892541e+02 -1.25998338e+01  2.34427366e-01 
 1.27350308e+02 -1.26220082e+01  2.33829656e-01 
 1.28824955e+02 -1.26445824e+01  2.33222734e-01 
 1.30316678e+02 -1.26675614e+01  2.32606544e-01 
 1.31825674e+02 -1.26909504e+01  2.31981034e-01 
 1.33352143e+02 -1.27147544e+01  2.31346152e-01 
 1.34896288e+02 -1.27389784e+01  2.30701851e-01 
 1.36458314e+02 -1.27636275e+01  2.30048087e-01 
 1.38038426e+02 -1.27887065e+01  2.29384819e-01 
 1.39636836e+02 -1.28142206e+01  2.28712010e-01 
 1.41253754e+02 -1.28401746e+01  2.28029624e-01 
 1.42889396e+02 -1.28665734e+01  2.27337632e-01 
 1.44543977e+02 -1.28934218e+01  2.26636007e-01 
 1.46217717e+02 -1.29207247e+01  2.25924727e-01 
 1.47910839e+02 -1.29484868e+01  2.25203771e-01 
 1.49623566e+02 -1.29767129e+01  2.24473125e-01 
 1.51356125e+02 -1.30054077e+01  2.23732779e-01 
 1.53108746e+02 -1.30345756e+01  2.22982725e-01 
 1.54881662e+02 -1.30642214e+01  2.22222962e-01 
 1.56675107e+02 -1.30943494e+01  2.21453490e-01 
 1.58489319e+02 -1.31249642e+01  2.20674317e-01 
 1.60324539e+02 -1.31560700e+01  2.19885454e-01 
 1.62181010e+02 -1.31876712e+01  2.19086916e-01 
 1.64058977e+02 -1.32197719e+01  2.18278723e-01 
 1.65958691e+02 -1.32523763e+01  2.17460901e-01 
 1.67880402e+02 -1.32854885e+01  2.16633480e-01 
 1.69824365e+02 -1.33191123e+01  2.15796495e-01 
 1.71790839e+02 -1.33532516e+01  2.14949985e-01 
 1.73780083e+02 -1.33879103e+01  2.14093995e-01 
 1.75792361e+02 -1.34230919e+01  2.13228575e-01 
 1.77827941e+02 -1.34588001e+01  2.12353780e-01 
 1.79887092e+02 -1.34950383e+01  2.11469669e-01 
 1.81970086e+02 -1.35318099e+01  2.10576308e-01 
 1.84077200e+02 -1.35691180e+01  2.09673767e-01 
 1.86208714e+02 -1.36069660e+01  2.08762121e-01 
 1.88364909e+02 -1.36453567e+01  2.07841452e-01 
 1.90546072e+02 -1.36842930e+01  2.06911843e-01 
 1.92752491e+02 -1.37237778e+01  2.05973387e-01 
 1.94984460e+02 -1.37638137e+01  2.05026178e-01 
 1.97242274e+02 -1.38044031e+01  2.04070319e-01 
 1.99526231e+02 -1.38455486e+01  2.03105915e-01 
 2.01836636e+02 -1.38872523e+01  2.02133077e-01 
 2.04173794e+02 -1.39295163e+01  2.01151921e-01 
 2.06538016e+02 -1.39723427e+01  2.00162568e-01 
 2.08929613e+02 -1.40157333e+01  1.99165145e-01 
 2.11348904e+02 -1.40596898e+01  1.98159780e-01 
 2.13796209e+02 -1.41042137e+01  1.97146612e-01 
 2.16271852e+02 -1.41493064e+01  1.96125778e-01 
 2.18776162e+02 -1.41949693e+01  1.95097424e-01 
 2.21309471e+02 -1.42412034e+01  1.94061699e-01 
 2.23872114e+02 -1.42880098e+01  1.93018756e-01 
 2.26464431e+02 -1.43353891e+01  1.91968753e-01 
 2.29086765e+02 -1.43833422e+01  1.90911852e-01 
 2.31739465e+02 -1.44318695e+01  1.89848219e-01 
 2.34422882e+02 -1.44809713e+01  1.88778023e-01 
 2.37137371e+02 -1.45306480e+01  1.87701438e-01 
 2.39883292e+02 -1.45808995e+01  1.86618643e-01 
 2.42661010e+02 -1.46317257e+01  1.85529816e-01 
 2.45470892e+02 -1.46831265e+01  1.84435142e-01 
 2.48313311e+02 -1.47351014e+01  1.83334809e-01 
 2.51188643e+02 -1.47876498e+01  1.82229008e-01 
 2.54097271e+02 -1.48407711e+01  1.81117930e-01 
 2.57039578e+02 -1.48944644e+01  1.80001772e-01 
 2.60015956e+02 -1.49487287e+01  1.78880734e-01 
 2.63026799e+02 -1.50035628e+01  1.77755015e-01 
 2.66072506e+02 -1.50589654e+01  1.76624819e-01 
 2.69153480e+02 -1.51149352e+01  1.75490351e-01 
 2.72270131e+02 -1.51714704e+01  1.74351818e-01 
 2.75422870e+02 -1.52285694e+01  1.73209429e-01 
 2.78612117e+02 -1.52862303e+01  1.72063394e-01 
 2.81838293e+02 -1.53444510e+01  1.70913925e-01 
 2.85101827e+02 -1.54032295e+01  1.69761235e-01 
 2.88403150e+02 -1.54625633e+01  1.68605537e-01 
 2.91742701e+02 -1.55224502e+01  1.67447046e-01 
 2.95120923e+02 -1.55828874e+01  1.66285978e-01 
 2.98538262e+02 -1.56438724e+01  1.65122547e-01 
 3.01995172e+02 -1.57054024e+01  1.63956969e-01 
 3.05492111e+02 -1.57674743e+01  1.62789461e-01 
 3.09029543e+02 -1.58300852e+01  1.61620237e-01 
 3.12607937e+02 -1.58932318e+01  1.60449515e-01 
 3.16227766e+02 -1.59569110e+01  1.59277508e-01 
 3.19889511e+02 -1.60211192e+01  1.58104431e-01 
 3.23593657e+02 -1.60858530e+01  1.56930498e-01 
 3.27340695e+02 -1.61511087e+01  1.55755921e-01 
 3.31131121e+02 -1.62168827e+01  1.54580912e-01 
 3.34965439e+02 -1.62831712e+01  1.53405681e-01 
 3.38844156e+02 -1.63499701e+01  1.52230437e-01 
 3.42767787e+02 -1.64172756e+01  1.51055387e-01 
 3.46736850e+02 -1.64850836e+01  1.49880737e-01 
 3.50751874e+02 -1.65533898e+01  1.48706690e-01 
 3.54813389e+02 -1.66221901e+01  1.47533449e-01 
 3.58921935e+02 -1.66914800e+01  1.46361212e-01 
 3.63078055e+02 -1.67612553e+01  1.45190178e-01 
 3.67282300e+02 -1.68315113e+01  1.44020540e-01 
 3.71535229e+02 -1.69022436e+01  1.42852491e-01 
 3.75837404e+02 -1.69734476e+01  1.41686221e-01 
 3.80189396e+02 -1.70451186e+01  1.40521918e-01 
 3.84591782e+02 -1.71172519e+01  1.39359765e-01 
 3.89045145e+02 -1.71898427e+01  1.38199944e-01 
 3.93550075e+02 -1.72628861e+01  1.37042633e-01 
 3.98107171e+02 -1.73363774e+01  1.35888007e-01 
 4.02717034e+02 -1.74103116e+01  1.34736238e-01 
 4.07380278e+02 -1.74846838e+01  1.33587497e-01 
 4.12097519e+02 -1.75594889e+01  1.32441946e-01 
 4.16869383e+02 -1.76347220e+01  1.31299751e-01 
 4.21696503e+02 -1.77103779e+01  1.30161068e-01 
 4.26579519e+02 -1.77864518e+01  1.29026053e-01 
 4.31519077e+02 -1.78629383e+01  1.27894858e-01 
 4.36515832e+02 -1.79398325e+01  1.26767631e-01 
 4.41570447e+02 -1.80171292e+01  1.25644517e-01 
 4.46683592e+02 -1.80948232e+01  1.24525657e-01 
 4.51855944e+02 -1.81729094e+01  1.23411187e-01 
 4.57088190e+02 -1.82513827e+01  1.22301242e-01 
 4.62381021e+02 -1.83302378e+01  1.21195951e-01 
 4.67735141e+02 -1.84094696e+01  1.20095440e-01 
 4.73151259e+02 -1.84890730e+01  1.18999833e-01 
 4.78630092e+02 -1.85690427e+01  1.17909247e-01 
 4.84172368e+02 -1.86493736e+01  1.16823797e-01 
 4.89778819e+02 -1.87300606e+01  1.15743596e-01 
 4.95450191e+02 -1.88110985e+01  1.14668749e-01 
 5.01187234e+02 -1.88924822e+01  1.13599361e-01 
 5.06990708e+02 -1.89742066e+01  1.12535533e-01 
 5.12861384e+02 -1.90562665e+01  1.11477360e-01 
 5.18800039e+02 -1.91386569e+01  1.10424935e-01 
 5.24807460e+02 -1.92213728e+01  1.09378348e-01 
 5.30884444e+02 -1.93044091e+01  1.08337684e-01 
 5.37031796e+02 -1.93877607e+01  1.07303024e-01 
 5.43250331e+02 -1.94714228e+01  1.06274448e-01 
 5.49540874e+02 -1.95553904e+01  1.05252030e-01 
 5.55904257e+02 -1.96396585e+01  1.04235841e-01 
 5.62341325e+02 -1.97242222e+01  1.03225950e-01 
 5.68852931e+02 -1.98090768e+01  1.02222421e-01 
 5.75439937e+02 -1.98942173e+01  1.01225315e-01 
 5.82103218e+02 -1.99796389e+01  1.00234691e-01 
 5.88843655e+02 -2.00653369e+01  9.92506029e-02 
 5.95662144e+02 -2.01513067e+01  9.82731024e-02 
 6.02559586e+02 -2.02375434e+01  9.73022382e-02 
 6.09536897e+02 -2.03240425e+01  9.63380552e-02 
 6.16595002e+02 -2.04107994e+01  9.53805961e-02 
 6.23734835e+02 -2.04978094e+01  9.44298997e-02 
 6.30957344e+02 -2.05850682e+01  9.34860028e-02 
 6.38263486e+02 -2.06725711e+01  9.25489387e-02 
 6.45654229e+02 -2.07603139e+01  9.16187379e-02 
 6.53130553e+02 -2.08482920e+01  9.06954287e-02 
 6.60693448e+02 -2.09365012e+01  8.97790362e-02 
 6.68343918e+02 -2.10249372e+01  8.88695830e-02 
 6.76082975e+02 -2.11135956e+01  8.79670890e-02 
 6.83911647e+02 -2.12024723e+01  8.70715715e-02 
 6.91830971e+02 -2.12915632e+01  8.61830461e-02 
 6.99841996e+02 -2.13808641e+01  8.53015251e-02 
 7.07945784e+02 -2.14703709e+01  8.44270189e-02 
 7.16143410e+02 -2.15600797e+01  8.35595355e-02 
 7.24435960e+02 -2.16499863e+01  8.26990809e-02 
 7.32824533e+02 -2.17400871e+01  8.18456583e-02 
 7.41310241e+02 -2.18303780e+01  8.09992695e-02 
 7.49894209e+02 -2.19208551e+01  8.01599140e-02 
 7.58577575e+02 -2.20115148e+01  7.93275896e-02 
 7.67361489e+02 -2.21023533e+01  7.85022914e-02 
 7.76247117e+02 -2.21933669e+01  7.76840133e-02 
 7.85235635e+02 -2.22845519e+01  7.68727475e-02 
 7.94328235e+02 -2.23759048e+01  7.60684837e-02 
 8.03526122e+02 -2.24674220e+01  7.52712108e-02 
 8.12830516e+02 -2.25590999e+01  7.44809154e-02 
 8.22242650e+02 -2.26509351e+01  7.36975827e-02 
 8.31763771e+02 -2.27429243e+01  7.29211963e-02 
 8.41395142e+02 -2.28350640e+01  7.21517386e-02 
 8.51138038e+02 -2.29273509e+01  7.13891904e-02 
 8.60993752e+02 -2.30197817e+01  7.06335310e-02 
 8.70963590e+02 -2.31123531e+01  6.98847384e-02 
 8.81048873e+02 -2.32050621e+01  6.91427894e-02 
 8.91250938e+02 -2.32979053e+01  6.84076598e-02 
 9.01571138e+02 -2.33908798e+01  6.76793236e-02 
 9.12010839e+02 -2.34839824e+01  6.69577541e-02 
 9.22571427e+02 -2.35772102e+01  6.62429237e-02 
 9.33254301e+02 -2.36705600e+01  6.55348031e-02 
 9.44060876e+02 -2.37640290e+01  6.48333628e-02 
 9.54992586e+02 -2.38576143e+01  6.41385714e-02 
 9.66050879e+02 -2.39513130e+01  6.34503977e-02 
 9.77237221e+02 -2.40451223e+01  6.27688086e-02 
 9.88553095e+02 -2.41390393e+01  6.20937708e-02 
 1.00000000e+03 -2.42330614e+01  6.14252499e-02 
 1.01157945e+03 -2.43271857e+01  6.07632108e-02 
 1.02329299e+03 -2.44214097e+01  6.01076178e-02 
 1.03514217e+03 -2.45157306e+01  5.94584346e-02 
 1.04712855e+03 -2.46101459e+01  5.88156237e-02 
 1.05925373e+03 -2.47046529e+01  5.81791478e-02 
 1.07151931e+03 -2.47992492e+01  5.75489681e-02 
 1.08392691e+03 -2.48939322e+01  5.69250463e-02 
 1.09647820e+03 -2.49886994e+01  5.63073427e-02 
 1.10917482e+03 -2.50835483e+01  5.56958175e-02 
 1.12201845e+03 -2.51784767e+01  5.50904305e-02 
 1.13501082e+03 -2.52734820e+01  5.44911409e-02 
 1.14815362e+03 -2.53685619e+01  5.38979077e-02 
 1.16144861e+03 -2.54637141e+01  5.33106892e-02 
 1.17489755e+03 -2.55589362e+01  5.27294439e-02 
 1.18850223e+03 -2.56542260e+01  5.21541294e-02 
 1.20226443e+03 -2.57495812e+01  5.15847035e-02 
 1.21618600e+03 -2.58449997e+01  5.10211234e-02 
 1.23026877e+03 -2.59404791e+01  5.04633462e-02 
 1.24451461e+03 -2.60360173e+01  4.99113290e-02 
 1.25892541e+03 -2.61316122e+01  4.93650281e-02 
 1.27350308e+03 -2.62272616e+01  4.88244004e-02 
 1.28824955e+03 -2.63229635e+01  4.82894019e-02 
 1.30316678e+03 -2.64187156e+01  4.77599892e-02 
 1.31825674e+03 -2.65145160e+01  4.72361182e-02 
 1.33352143e+03 -2.66103626e+01  4.67177450e-02 
 1.34896288e+03 -2.67062533e+01  4.62048257e-02 
 1.36458314e+03 -2.68021861e+01  4.56973160e-02 
 1.38038426e+03 -2.68981591e+01  4.51951720e-02 
 1.39636836e+03 -2.69941703e+01  4.46983495e-02 
 1.41253754e+03 -2.70902176e+01  4.42068042e-02 
 1.42889396e+03 -2.71862992e+01  4.37204921e-02 
 1.44543977e+03 -2.72824130e+01  4.32393692e-02 
 1.46217717e+03 -2.73785572e+01  4.27633913e-02 
 1.47910839e+03 -2.74747299e+01  4.22925144e-02 
 1.49623566e+03 -2.75709291e+01  4.18266946e-02 
 1.51356125e+03 -2.76671529e+01  4.13658881e-02 
 1.53108746e+03 -2.77633996e+01  4.09100510e-02 
 1.54881662e+03 -2.78596671e+01  4.04591397e-02 
 1.56675107e+03 -2.79559537e+01  4.00131106e-02 
 1.58489319e+03 -2.80522575e+01  3.95719204e-02 
 1.60324539e+03 -2.81485766e+01  3.91355257e-02 
 1.62181010e+03 -2.82449092e+01  3.87038834e-02 
 1.64058977e+03 -2.83412534e+01  3.82769505e-02 
 1.65958691e+03 -2.84376075e+01  3.78546841e-02 
 1.67880402e+03 -2.85339695e+01  3.74370417e-02 
 1.69824365e+03 -2.86303378e+01  3.70239807e-02 
 1.71790839e+03 -2.87267104e+01  3.66154589e-02 
 1.73780083e+03 -2.88230855e+01  3.62114341e-02 
 1.75792361e+03 -2.89194613e+01  3.58118646e-02 
 1.77827941e+03 -2.90158360e+01  3.54167085e-02 
 1.79887092e+03 -2.91122079e+01  3.50259245e-02 
 1.81970086e+03 -2.92085749e+01  3.46394712e-02 
 1.84077200e+03 -2.93049354e+01  3.42573077e-02 
 1.86208714e+03 -2.94012875e+01  3.38793932e-02 
 1.88364909e+03 -2.94976294e+01  3.35056871e-02 
 1.90546072e+03 -2.95939593e+01  3.31361492e-02 
 1.92752491e+03 -2.96902752e+01  3.27707393e-02 
 1.94984460e+03 -2.97865754e+01  3.24094177e-02 
 1.97242274e+03 -2.98828581e+01  3.20521448e-02 
 1.99526231e+03 -2.99791213e+01  3.16988813e-02 
 2.01836636e+03 -3.00753632e+01  3.13495883e-02 
 2.04173794e+03 -3.01715819e+01  3.10042268e-02 
 2.06538016e+03 -3.02677755e+01  3.06627586e-02 
 2.08929613e+03 -3.03639422e+01  3.03251451e-02 
 2.11348904e+03 -3.04600801e+01  2.99913487e-02 
 2.13796209e+03 -3.05561871e+01  2.96613316e-02 
 2.16271852e+03 -3.06522615e+01  2.93350563e-02 
 2.18776162e+03 -3.07483012e+01  2.90124857e-02 
 2.21309471e+03 -3.08443043e+01  2.86935832e-02 
 2.23872114e+03 -3.09402688e+01  2.83783120e-02 
 2.26464431e+03 -3.10361928e+01  2.80666359e-02 
 2.29086765e+03 -3.11320742e+01  2.77585190e-02 
 2.31739465e+03 -3.12279110e+01  2.74539256e-02 
 2.34422882e+03 -3.13237011e+01  2.71528202e-02 
 2.37137371e+03 -3.14194426e+01  2.68551678e-02 
 2.39883292e+03 -3.15151333e+01  2.65609334e-02 
 2.42661010e+03 -3.16107712e+01  2.62700827e-02 
 2.45470892e+03 -3.17063541e+01  2.59825814e-02 
 2.48313311e+03 -3.18018798e+01  2.56983955e-02 
 2.51188643e+03 -3.18973463e+01  2.54174914e-02 
 2.54097271e+03 -3.19927513e+01  2.51398356e-02 
 2.57039578e+03 -3.20880927e+01  2.48653953e-02 
 2.60015956e+03 -3.21833681e+01  2.45941374e-02 
 2.63026799e+03 -3.22785754e+01  2.43260297e-02 
 2.66072506e+03 -3.23737122e+01  2.40610398e-02 
 2.69153480e+03 -3.24687762e+01  2.37991359e-02 
 2.72270131e+03 -3.25637651e+01  2.35402864e-02 
 2.75422870e+03 -3.26586766e+01  2.32844600e-02 
 2.78612117e+03 -3.27535082e+01  2.30316255e-02 
 2.81838293e+03 -3.28482574e+01  2.27817524e-02 
 2.85101827e+03 -3.29429220e+01  2.25348100e-02 
 2.88403150e+03 -3.30374993e+01  2.22907683e-02 
 2.91742701e+03 -3.31319867e+01  2.20495973e-02 
 2.95120923e+03 -3.32263819e+01  2.18112675e-02 
 2.98538262e+03 -3.33206822e+01  2.15757494e-02 
 3.01995172e+03 -3.34148849e+01  2.13430142e-02 
 3.05492111e+03 -3.35089875e+01  2.11130330e-02 
 3.09029543e+03 -3.36029872e+01  2.08857772e-02 
 3.12607937e+03 -3.36968812e+01  2.06612189e-02 
 3.16227766e+03 -3.37906669e+01  2.04393299e-02 
 3.19889511e+03 -3.38843414e+01  2.02200828e-02 
 3.23593657e+03 -3.39779019e+01  2.00034499e-02 
 3.27340695e+03 -3.40713456e+01  1.97894043e-02 
 3.31131121e+03 -3.41646694e+01  1.95779192e-02 
 3.34965439e+03 -3.42578703e+01  1.93689681e-02 
 3.38844156e+03 -3.43509456e+01  1.91625244e-02 
 3.42767787e+03 -3.44438921e+01  1.89585621e-02 
 3.46736850e+03 -3.45367067e+01  1.87570555e-02 
 3.50751874e+03 -3.46293863e+01  1.85579792e-02 
 3.54813389e+03 -3.47219278e+01  1.83613078e-02 
 3.58921935e+03 -3.48143279e+01  1.81670163e-02 
 3.63078055e+03 -3.49065833e+01  1.79750800e-02 
 3.67282300e+03 -3.49986909e+01  1.77854745e-02 
 3.71535229e+03 -3.50906472e+01  1.75981753e-02 
 3.75837404e+03 -3.51824489e+01  1.74131586e-02 
 3.80189396e+03 -3.52740925e+01  1.72304006e-02 
 3.84591782e+03 -3.53655746e+01  1.70498778e-02 
 3.89045145e+03 -3.54568916e+01  1.68715669e-02 
 3.93550075e+03 -3.55480400e+01  1.66954450e-02 
 3.98107171e+03 -3.56390162e+01  1.65214891e-02 
 4.02717034e+03 -3.57298165e+01  1.63496768e-02 
 4.07380278e+03 -3.58204373e+01  1.61799858e-02 
 4.12097519e+03 -3.59108747e+01  1.60123940e-02 
 4.16869383e+03 -3.60011249e+01  1.58468794e-02 
 4.21696503e+03 -3.60911842e+01  1.56834206e-02 
 4.26579519e+03 -3.61810486e+01  1.55219960e-02 
 4.31519077e+03 -3.62707143e+01  1.53625846e-02 
 4.36515832e+03 -3.63601771e+01  1.52051653e-02 
 4.41570447e+03 -3.64494331e+01  1.50497174e-02 
 4.46683592e+03 -3.65384782e+01  1.48962204e-02 
 4.51855944e+03 -3.66273083e+01  1.47446540e-02 
 4.57088190e+03 -3.67159192e+01  1.45949980e-02 
 4.62381021e+03 -3.68043067e+01  1.44472326e-02 
 4.67735141e+03 -3.68924665e+01  1.43013381e-02 
 4.73151259e+03 -3.69803943e+01  1.41572951e-02 
 4.78630092e+03 -3.70680858e+01  1.40150841e-02 
 4.84172368e+03 -3.71555366e+01  1.38746862e-02 
 4.89778819e+03 -3.72427422e+01  1.37360825e-02 
 4.95450191e+03 -3.73296981e+01  1.35992543e-02 
 5.01187234e+03 -3.74163999e+01  1.34641830e-02 
 5.06990708e+03 -3.75028429e+01  1.33308504e-02 
 5.12861384e+03 -3.75890225e+01  1.31992384e-02 
 5.18800039e+03 -3.76749342e+01  1.30693290e-02 
 5.24807460e+03 -3.77605731e+01  1.29411045e-02 
 5.30884444e+03 -3.78459346e+01  1.28145473e-02 
 5.37031796e+03 -3.79310139e+01  1.26896400e-02 
 5.43250331e+03 -3.80158063e+01  1.25663655e-02 
 5.49540874e+03 -3.81003068e+01  1.24447066e-02 
 5.55904257e+03 -3.81845106e+01  1.23246465e-02 
 5.62341325e+03 -3.82684128e+01  1.22061685e-02 
 5.68852931e+03 -3.83520085e+01  1.20892560e-02 
 5.75439937e+03 -3.84352927e+01  1.19738928e-02 
 5.82103218e+03 -3.85182604e+01  1.18600625e-02 
 5.88843655e+03 -3.86009067e+01  1.17477492e-02 
 5.95662144e+03 -3.86832264e+01  1.16369370e-02 
 6.02559586e+03 -3.87652145e+01  1.15276100e-02 
 6.09536897e+03 -3.88468659e+01  1.14197528e-02 
 6.16595002e+03 -3.89281756e+01  1.13133499e-02 
 6.23734835e+03 -3.90091384e+01  1.12083860e-02 
 6.30957344e+03 -3.90897492e+01  1.11048460e-02 
 6.38263486e+03 -3.91700028e+01  1.10027150e-02 
 6.45654229e+03 -3.92498939e+01  1.09019780e-02 
 6.53130553e+03 -3.93294177e+01  1.08026203e-02 
 6.60693448e+03 -3.94085689e+01  1.07046274e-02 
 6.68343918e+03 -3.94873423e+01  1.06079847e-02 
 6.76082975e+03 -3.95657326e+01  1.05126781e-02 
 6.83911647e+03 -3.96437349e+01  1.04186934e-02 
 6.91830971e+03 -3.97213438e+01  1.03260164e-02 
 6.99841996e+03 -3.97985542e+01  1.02346333e-02 
 7.07945784e+03 -3.98753611e+01  1.01445303e-02 
 7.16143410e+03 -3.99517592e+01  1.00556938e-02 
 7.24435960e+03 -4.00277435e+01  9.96811007e-03 
 7.32824533e+03 -4.01033089e+01  9.88176580e-03 
 7.41310241e+03 -4.01784502e+01  9.79664767e-03 
 7.49894209e+03 -4.02531626e+01  9.71274244e-03 
 7.58577575e+03 -4.03274408e+01  9.63003706e-03 
 7.67361489e+03 -4.04012801e+01  9.54851855e-03 
 7.76247117e+03 -4.04746754e+01  9.46817403e-03 
 7.85235635e+03 -4.05476218e+01  9.38899073e-03 
 7.94328235e+03 -4.06201145e+01  9.31095602e-03 
 8.03526122e+03 -4.06921486e+01  9.23405737e-03 
 8.12830516e+03 -4.07637195e+01  9.15828229e-03 
 8.22242650e+03 -4.08348223e+01  9.08361846e-03 
 8.31763771e+03 -4.09054525e+01  9.01005363e-03 
 8.41395142e+03 -4.09756054e+01  8.93757563e-03 
 8.51138038e+03 -4.10452765e+01  8.86617250e-03 
 8.60993752e+03 -4.11144614e+01  8.79583213e-03 
 8.70963590e+03 -4.11831556e+01  8.72654273e-03 
 8.81048873e+03 -4.12513549e+01  8.65829253e-03 
 8.91250938e+03 -4.13190550e+01  8.59106980e-03 
 9.01571138e+03 -4.13862518e+01  8.52486299e-03 
 9.12010839e+03 -4.14529412e+01  8.45966058e-03 
 9.22571427e+03 -4.15191192e+01  8.39545112e-03 
 9.33254301e+03 -4.15847820e+01  8.33222331e-03 
 9.44060876e+03 -4.16499257e+01  8.26996585e-03 
 9.54992586e+03 -4.17145466e+01  8.20866759e-03 
 9.66050879e+03 -4.17786412e+01  8.14831744e-03 
 9.77237221e+03 -4.18422060e+01  8.08890439e-03 
 9.88553095e+03 -4.19052375e+01  8.03041747e-03 
 1.00000000e+04 -4.19677326e+01  7.97284586e-03 
 1.01157945e+04 -4.20296881e+01  7.91617883e-03 
 1.02329299e+04 -4.20911009e+01  7.86040555e-03 
 1.03514217e+04 -4.21519683e+01  7.80551544e-03 
 1.04712855e+04 -4.22122872e+01  7.75149798e-03 
 1.05925373e+04 -4.22720552e+01  7.69834267e-03 
 1.07151931e+04 -4.23312697e+01  7.64603912e-03 
 1.08392691e+04 -4.23899283e+01  7.59457696e-03 
 1.09647820e+04 -4.24480286e+01  7.54394596e-03 
 1.10917482e+04 -4.25055687e+01  7.49413592e-03 
 1.12201845e+04 -4.25625465e+01  7.44513670e-03 
 1.13501082e+04 -4.26189601e+01  7.39693829e-03 
 1.14815362e+04 -4.26748078e+01  7.34953072e-03 
 1.16144861e+04 -4.27300882e+01  7.30290400e-03 
 1.17489755e+04 -4.27847997e+01  7.25704833e-03 
 1.18850223e+04 -4.28389411e+01  7.21195393e-03 
 1.20226443e+04 -4.28925113e+01  7.16761110e-03 
 1.21618600e+04 -4.29455093e+01  7.12401021e-03 
 1.23026877e+04 -4.29979343e+01  7.08114168e-03 
 1.24451461e+04 -4.30497856e+01  7.03899600e-03 
 1.25892541e+04 -4.31010627e+01  6.99756376e-03 
 1.27350308e+04 -4.31517652e+01  6.95683561e-03 
 1.28824955e+04 -4.32018929e+01  6.91680218e-03 
 1.30316678e+04 -4.32514458e+01  6.87745426e-03 
 1.31825674e+04 -4.33004239e+01  6.83878272e-03 
 1.33352143e+04 -4.33488275e+01  6.80077842e-03 
 1.34896288e+04 -4.33966570e+01  6.76343236e-03 
 1.36458314e+04 -4.34439129e+01  6.72673556e-03 
 1.38038426e+04 -4.34905959e+01  6.69067916e-03 
 1.39636836e+04 -4.35367069e+01  6.65525428e-03 
 1.41253754e+04 -4.35822470e+01  6.62045217e-03 
 1.42889396e+04 -4.36272171e+01  6.58626414e-03 
 1.44543977e+04 -4.36716187e+01  6.55268158e-03 
 1.46217717e+04 -4.37154532e+01  6.51969592e-03 
 1.47910839e+04 -4.37587221e+01  6.48729869e-03 
 1.49623566e+04 -4.38014272e+01  6.45548148e-03 
 1.51356125e+04 -4.38435704e+01  6.42423588e-03 
 1.53108746e+04 -4.38851537e+01  6.39355366e-03 
 1.54881662e+04 -4.39261792e+01  6.36342658e-03 
 1.56675107e+04 -4.39666493e+01  6.33384653e-03 
 1.58489319e+04 -4.40065662e+01  6.30480544e-03 
 1.60324539e+04 -4.40459327e+01  6.27629527e-03 
 1.62181010e+04 -4.40847513e+01  6.24830810e-03 
 1.64058977e+04 -4.41230248e+01  6.22083609e-03 
 1.65958691e+04 -4.41607563e+01  6.19387144e-03 
 1.67880402e+04 -4.41979486e+01  6.16740647e-03 
 1.69824365e+04 -4.42346050e+01  6.14143346e-03 
 1.71790839e+04 -4.42707288e+01  6.11594488e-03 
 1.73780083e+04 -4.43063232e+01  6.09093323e-03 
 1.75792361e+04 -4.43413919e+01  6.06639107e-03 
 1.77827941e+04 -4.43759384e+01  6.04231108e-03 
 1.79887092e+04 -4.44099664e+01  6.01868593e-03 
 1.81970086e+04 -4.44434796e+01  5.99550843e-03 
 1.84077200e+04 -4.44764821e+01  5.97277143e-03 
 1.86208714e+04 -4.45089776e+01  5.95046792e-03 
 1.88364909e+04 -4.45409704e+01  5.92859085e-03 
 1.90546072e+04 -4.45724645e+01  5.90713336e-03 
 1.92752491e+04 -4.46034642e+01  5.88608855e-03 
 1.94984460e+04 -4.46339737e+01  5.86544969e-03 
 1.97242274e+04 -4.46639975e+01  5.84521009e-03 
 1.99526231e+04 -4.46935399e+01  5.82536315e-03 
 2.01836636e+04 -4.47226055e+01  5.80590229e-03 
 2.04173794e+04 -4.47511989e+01  5.78682107e-03 
 2.06538016e+04 -4.47793247e+01  5.76811310e-03 
 2.08929613e+04 -4.48069874e+01  5.74977206e-03 
 2.11348904e+04 -4.48341920e+01  5.73179169e-03 
 2.13796209e+04 -4.48609432e+01  5.71416586e-03 
 2.16271852e+04 -4.48872457e+01  5.69688846e-03 
 2.18776162e+04 -4.49131044e+01  5.67995347e-03 
 2.21309471e+04 -4.49385243e+01  5.66335497e-03 
 2.23872114e+04 -4.49635103e+01  5.64708707e-03 
 2.26464431e+04 -4.49880674e+01  5.63114399e-03 
 2.29086765e+04 -4.50122004e+01  5.61552000e-03 
 2.31739465e+04 -4.50359145e+01  5.60020948e-03 
 2.34422882e+04 -4.50592148e+01  5.58520686e-03 
 2.37137371e+04 -4.50821061e+01  5.57050663e-03 
 2.39883292e+04 -4.51045936e+01  5.55610338e-03 
 2.42661010e+04 -4.51266825e+01  5.54199176e-03 
 2.45470892e+04 -4.51483777e+01  5.52816650e-03 
 2.48313311e+04 -4.51696844e+01  5.51462240e-03 
 2.51188643e+04 -4.51906076e+01  5.50135434e-03 
 2.54097271e+04 -4.52111525e+01  5.48835725e-03 
 2.57039578e+04 -4.52313242e+01  5.47562616e-03 
 2.60015956e+04 -4.52511277e+01  5.46315616e-03 
 2.63026799e+04 -4.52705681e+01  5.45094240e-03 
 2.66072506e+04 -4.52896506e+01  5.43898013e-03 
 2.69153480e+04 -4.53083800e+01  5.42726463e-03 
 2.72270131e+04 -4.53267616e+01  5.41579130e-03 
 2.75422870e+04 -4.53448003e+01  5.40455555e-03 
 2.78612117e+04 -4.53625011e+01  5.39355293e-03 
 2.81838293e+04 -4.53798690e+01  5.38277899e-03 
 2.85101827e+04 -4.53969090e+01  5.37222938e-03 
 2.88403150e+04 -4.54136260e+01  5.36189985e-03 
 2.91742701e+04 -4.54300250e+01  5.35178615e-03 
 2.95120923e+04 -4.54461107e+01  5.34188413e-03 
 2.98538262e+04 -4.54618881e+01  5.33218972e-03 
 3.01995172e+04 -4.54773620e+01  5.32269891e-03 
 3.05492111e+04 -4.54925371e+01  5.31340772e-03 
 3.09029543e+04 -4.55074183e+01  5.30431230e-03 
 3.12607937e+04 -4.55220101e+01  5.29540880e-03 
 3.16227766e+04 -4.55363174e+01  5.28669346e-03 
 3.19889511e+04 -4.55503447e+01  5.27816257e-03 
 3.23593657e+04 -4.55640967e+01  5.26981253e-03 
 3.27340695e+04 -4.55775778e+01  5.26163973e-03 
 3.31131121e+04 -4.55907927e+01  5.25364068e-03 
 3.34965439e+04 -4.56037457e+01  5.24581191e-03 
 3.38844156e+04 -4.56164413e+01  5.23815002e-03 
 3.42767787e+04 -4.56288840e+01  5.23065169e-03 
 3.46736850e+04 -4.56410779e+01  5.22331362e-03 
 3.50751874e+04 -4.56530275e+01  5.21613261e-03 
 3.54813389e+04 -4.56647369e+01  5.20910549e-03 
 3.58921935e+04 -4.56762104e+01  5.20222916e-03 
 3.63078055e+04 -4.56874521e+01  5.19550054e-03 
 3.67282300e+04 -4.56984661e+01  5.18891664e-03 
 3.71535229e+04 -4.57092565e+01  5.18247453e-03 
 3.75837404e+04 -4.57198272e+01  5.17617131e-03 
 3.80189396e+04 -4.57301822e+01  5.17000414e-03 
 3.84591782e+04 -4.57403254e+01  5.16397023e-03 
 3.89045145e+04 -4.57502607e+01  5.15806685e-03 
 3.93550075e+04 -4.57599918e+01  5.15229130e-03 
 3.98107171e+04 -4.57695225e+01  5.14664097e-03 
 4.02717034e+04 -4.57788566e+01  5.14111324e-03 
 4.07380278e+04 -4.57879976e+01  5.13570560e-03 
 4.12097519e+04 -4.57969492e+01  5.13041554e-03 
 4.16869383e+04 -4.58057148e+01  5.12524062e-03 
 4.21696503e+04 -4.58142980e+01  5.12017845e-03 
 4.26579519e+04 -4.58227023e+01  5.11522667e-03 
 4.31519077e+04 -4.58309310e+01  5.11038298e-03 
 4.36515832e+04 -4.58389875e+01  5.10564509e-03 
 4.41570447e+04 -4.58468751e+01  5.10101082e-03 
 4.46683592e+04 -4.58545970e+01  5.09647795e-03 
 4.51855944e+04 -4.58621564e+01  5.09204438e-03 
 4.57088190e+04 -4.58695564e+01  5.08770800e-03 
 4.62381021e+04 -4.58768002e+01  5.08346676e-03 
 4.67735141e+04 -4.58838908e+01  5.07931865e-03 
 4.73151259e+04 -4.58908312e+01  5.07526169e-03 
 4.78630092e+04 -4.58976243e+01  5.07129395e-03 
 4.84172368e+04 -4.59042731e+01  5.06741353e-03 
 4.89778819e+04 -4.59107803e+01  5.06361857e-03 
 4.95450191e+04 -4.59171489e+01  5.05990726e-03 
 5.01187234e+04 -4.59233815e+01  5.05627781e-03 
 5.06990708e+04 -4.59294808e+01  5.05272845e-03 
 5.12861384e+04 -4.59354496e+01  5.04925750e-03 
 5.18800039e+04 -4.59412905e+01  5.04586325e-03 
 5.24807460e+04 -4.59470059e+01  5.04254408e-03 
 5.30884444e+04 -4.59525986e+01  5.03929835e-03 
 5.37031796e+04 -4.59580709e+01  5.03612449e-03 
 5.43250331e+04 -4.59634252e+01  5.03302096e-03 
 5.49540874e+04 -4.59686641e+01  5.02998624e-03 
 5.55904257e+04 -4.59737897e+01  5.02701884e-03 
 5.62341325e+04 -4.59788046e+01  5.02411730e-03 
 5.68852931e+04 -4.59837109e+01  5.02128021e-03 
 5.75439937e+04 -4.59885108e+01  5.01850616e-03 
 5.82103218e+04 -4.59932065e+01  5.01579378e-03 
 5.88843655e+04 -4.59978003e+01  5.01314175e-03 
 5.95662144e+04 -4.60022942e+01  5.01054874e-03 
 6.02559586e+04 -4.60066902e+01  5.00801348e-03 
 6.09536897e+04 -4.60109905e+01  5.00553470e-03 
 6.16595002e+04 -4.60151969e+01  5.00311118e-03 
 6.23734835e+04 -4.60193115e+01  5.00074171e-03 
 6.30957344e+04 -4.60233362e+01  4.99842511e-03 
 6.38263486e+04 -4.60272729e+01  4.99616021e-03 
 6.45654229e+04 -4.60311233e+01  4.99394590e-03 
 6.53130553e+04 -4.60348894e+01  4.99178107e-03 
 6.60693448e+04 -4.60385729e+01  4.98966463e-03 
 6.68343918e+04 -4.60421755e+01  4.98759551e-03 
 6.76082975e+04 -4.60456989e+01  4.98557269e-03 
 6.83911647e+04 -4.60491449e+01  4.98359514e-03 
 6.91830971e+04 -4.60525151e+01  4.98166188e-03 
 6.99841996e+04 -4.60558110e+01  4.97977191e-03 
 7.07945784e+04 -4.60590342e+01  4.97792430e-03 
 7.16143410e+04 -4.60621864e+01  4.97611810e-03 
 7.24435960e+04 -4.60652690e+01  4.97435242e-03 
 7.32824533e+04 -4.60682835e+01  4.97262634e-03 
 7.41310241e+04 -4.60712313e+01  4.97093900e-03 
 7.49894209e+04 -4.60741139e+01  4.96928955e-03 
 7.58577575e+04 -4.60769328e+01  4.96767714e-03 
 7.67361489e+04 -4.60796891e+01  4.96610096e-03 
 7.76247117e+04 -4.60823844e+01  4.96456020e-03 
 7.85235635e+04 -4.60850199e+01  4.96305408e-03 
 7.94328235e+04 -4.60875968e+01  4.96158183e-03 
 8.03526122e+04 -4.60901166e+01  4.96014271e-03 
 8.12830516e+04 -4.60925803e+01  4.95873598e-03 
 8.22242650e+04 -4.60949892e+01  4.95736091e-03 
 8.31763771e+04 -4.60973446e+01  4.95601681e-03 
 8.41395142e+04 -4.60996475e+01  4.95470298e-03 
 8.51138038e+04 -4.61018991e+01  4.95341877e-03 
 8.60993752e+04 -4.61041005e+01  4.95216350e-03 
 8.70963590e+04 -4.61062528e+01  4.95093654e-03 
 8.81048873e+04 -4.61083571e+01  4.94973724e-03 
 8.91250938e+04 -4.61104144e+01  4.94856501e-03 
 9.01571138e+04 -4.61124257e+01  4.94741923e-03 
 9.12010839e+04 -4.61143921e+01  4.94629932e-03 
 9.22571427e+04 -4.61163145e+01  4.94520470e-03 
 9.33254301e+04 -4.61181939e+01  4.94413481e-03 
 9.44060876e+04 -4.61200313e+01  4.94308909e-03 
 9.54992586e+04 -4.61218274e+01  4.94206700e-03 
 9.66050879e+04 -4.61235833e+01  4.94106802e-03 
 9.77237221e+04 -4.61252999e+01  4.94009164e-03 
 9.88553095e+04 -4.61269779e+01  4.93913735e-03 
 1.00000000e+05 -4.61286183e+01  4.93820464e-03 
 1.01157945e+05 -4.61302219e+01  4.93729305e-03 
 1.02329299e+05 -4.61317894e+01  4.93640210e-03 
 1.03514217e+05 -4.61333217e+01  4.93553134e-03 
 1.04712855e+05 -4.61348196e+01  4.93468029e-03 
 1.05925373e+05 -4.61362837e+01  4.93384854e-03 
 1.07151931e+05 -4.61377149e+01  4.93303564e-03 
 1.08392691e+05 -4.61391139e+01  4.93224118e-03 
 1.09647820e+05 -4.61404814e+01  4.93146473e-03 
 1.10917482e+05 -4.61418180e+01  4.93070591e-03 
 1.12201845e+05 -4.61431245e+01  4.92996430e-03 
 1.13501082e+05 -4.61444015e+01  4.92923954e-03 
 1.14815362e+05 -4.61456497e+01  4.92853124e-03 
 1.16144861e+05 -4.61468697e+01  4.92783903e-03 
 1.17489755e+05 -4.61480622e+01  4.92716255e-03 
 1.18850223e+05 -4.61492277e+01  4.92650145e-03 
 1.20226443e+05 -4.61503668e+01  4.92585539e-03 
 1.21618600e+05 -4.61514802e+01  4.92522403e-03 
 1.23026877e+05 -4.61525684e+01  4.92460704e-03 
 1.24451461e+05 -4.61536319e+01  4.92400410e-03 
 1.25892541e+05 -4.61546713e+01  4.92341489e-03 
 1.27350308e+05 -4.61556872e+01  4.92283910e-03 
 1.28824955e+05 -4.61566800e+01  4.92227645e-03 
 1.30316678e+05 -4.61576503e+01  4.92172662e-03 
 1.31825674e+05 -4.61585985e+01  4.92118934e-03 
 1.33352143e+05 -4.61595252e+01  4.92066432e-03 
 1.34896288e+05 -4.61604309e+01  4.92015129e-03 
 1.36458314e+05 -4.61613159e+01  4.91964998e-03 
 1.38038426e+05 -4.61621808e+01  4.91916013e-03 
 1.39636836e+05 -4.61630260e+01  4.91868149e-03 
 1.41253754e+05 -4.61638519e+01  4.91821379e-03 
 1.42889396e+05 -4.61646590e+01  4.91775680e-03 
 1.44543977e+05 -4.61654477e+01  4.91731028e-03 
 1.46217717e+05 -4.61662184e+01  4.91687399e-03 
 1.47910839e+05 -4.61669715e+01  4.91644771e-03 
 1.49623566e+05 -4.61677074e+01  4.91603121e-03 
 1.51356125e+05 -4.61684264e+01  4.91562427e-03 
 1.53108746e+05 -4.61691290e+01  4.91522668e-03 
 1.54881662e+05 -4.61698154e+01  4.91483823e-03 
 1.56675107e+05 -4.61704862e+01  4.91445872e-03 
 1.58489319e+05 -4.61711415e+01  4.91408795e-03 
 1.60324539e+05 -4.61717818e+01  4.91372572e-03 
 1.62181010e+05 -4.61724073e+01  4.91337184e-03 
 1.64058977e+05 -4.61730185e+01  4.91302614e-03 
 1.65958691e+05 -4.61736156e+01  4.91268841e-03 
 1.67880402e+05 -4.61741989e+01  4.91235850e-03 
 1.69824365e+05 -4.61747688e+01  4.91203622e-03 
 1.71790839e+05 -4.61753255e+01  4.91172141e-03 
 1.73780083e+05 -4.61758693e+01  4.91141390e-03 
 1.75792361e+05 -4.61764005e+01  4.91111352e-03 
 1.77827941e+05 -4.61769195e+01  4.91082013e-03 
 1.79887092e+05 -4.61774263e+01  4.91053356e-03 
 1.81970086e+05 -4.61779214e+01  4.91025367e-03 
 1.84077200e+05 -4.61784050e+01  4.90998030e-03 
 1.86208714e+05 -4.61788773e+01  4.90971332e-03 
 1.88364909e+05 -4.61793386e+01  4.90945259e-03 
 1.90546072e+05 -4.61797891e+01  4.90919796e-03 
 1.92752491e+05 -4.61802291e+01  4.90894930e-03 
 1.94984460e+05 -4.61806587e+01  4.90870648e-03 
 1.97242274e+05 -4.61810783e+01  4.90846938e-03 
 1.99526231e+05 -4.61814880e+01  4.90823787e-03 
 2.01836636e+05 -4.61818880e+01  4.90801182e-03 
 2.04173794e+05 -4.61822786e+01  4.90779112e-03 
 2.06538016e+05 -4.61826599e+01  4.90757565e-03 
 2.08929613e+05 -4.61830322e+01  4.90736530e-03 
 2.11348904e+05 -4.61833957e+01  4.90715996e-03 
 2.13796209e+05 -4.61837505e+01  4.90695952e-03 
 2.16271852e+05 -4.61840968e+01  4.90676387e-03 
 2.18776162e+05 -4.61844349e+01  4.90657290e-03 
 2.21309471e+05 -4.61847648e+01  4.90638653e-03 
 2.23872114e+05 -4.61850868e+01  4.90620465e-03 
 2.26464431e+05 -4.61854010e+01  4.90602716e-03 
 2.29086765e+05 -4.61857077e+01  4.90585398e-03 
 2.31739465e+05 -4.61860068e+01  4.90568500e-03 
 2.34422882e+05 -4.61862987e+01  4.90552015e-03 
 2.37137371e+05 -4.61865835e+01  4.90535932e-03 
 2.39883292e+05 -4.61868613e+01  4.90520245e-03 
 2.42661010e+05 -4.61871322e+01  4.90504945e-03 
 2.45470892e+05 -4.61873965e+01  4.90490022e-03 
 2.48313311e+05 -4.61876541e+01  4.90475471e-03 
 2.51188643e+05 -4.61879054e+01  4.90461282e-03 
 2.54097271e+05 -4.61881504e+01  4.90447449e-03 
 2.57039578e+05 -4.61883892e+01  4.90433964e-03 
 2.60015956e+05 -4.61886220e+01  4.90420820e-03 
 2.63026799e+05 -4.61888489e+01  4.90408010e-03 
 2.66072506e+05 -4.61890700e+01  4.90395528e-03 
 2.69153480e+05 -4.61892854e+01  4.90383366e-03 
 2.72270131e+05 -4.61894952e+01  4.90371519e-03 
 2.75422870e+05 -4.61896996e+01  4.90359979e-03 
 2.78612117e+05 -4.61898987e+01  4.90348742e-03 
 2.81838293e+05 -4.61900925e+01  4.90337800e-03 
 2.85101827e+05 -4.61902812e+01  4.90327149e-03 
 2.88403150e+05 -4.61904648e+01  4.90316782e-03 
 2.91742701e+05 -4.61906435e+01  4.90306695e-03 
 2.95120923e+05 -4.61908173e+01  4.90296887e-03 
 2.98538262e+05 -4.61909864e+01  4.90287342e-03 
 3.01995172e+05 -4.61911508e+01  4.90278060e-03 
 3.05492111e+05 -4.61913107e+01  4.90269037e-03 
 3.09029543e+05 -4.61914660e+01  4.90260268e-03 
 3.12607937e+05 -4.61916170e+01  4.90251748e-03 
 3.16227766e+05 -4.61917636e+01  4.90243473e-03 
 3.19889511e+05 -4.61919059e+01  4.90235439e-03 
 3.23593657e+05 -4.61920442e+01  4.90227635e-03 
 3.27340695e+05 -4.61921783e+01  4.90220068e-03 
 3.31131121e+05 -4.61923083e+01  4.90212729e-03 
 3.34965439e+05 -4.61924344e+01  4.90205615e-03 
 3.38844156e+05 -4.61925565e+01  4.90198721e-03 
 3.42767787e+05 -4.61926749e+01  4.90192043e-03 
 3.46736850e+05 -4.61927894e+01  4.90185579e-03 
 3.50751874e+05 -4.61929002e+01  4.90179324e-03 
 3.54813389e+05 -4.61930074e+01  4.90173276e-03 
 3.58921935e+05 -4.61931110e+01  4.90167431e-03 
 3.63078055e+05 -4.61932110e+01  4.90161786e-03 
 3.67282300e+05 -4.61933075e+01  4.90156339e-03 
 3.71535229e+05 -4.61934006e+01  4.90151085e-03 
 3.75837404e+05 -4.61934903e+01  4.90146023e-03 
 3.80189396e+05 -4.61935767e+01  4.90141150e-03 
 3.84591782e+05 -4.61936597e+01  4.90136463e-03 
 3.89045145e+05 -4.61937396e+01  4.90131960e-03 
 3.93550075e+05 -4.61938161e+01  4.90127638e-03 
 3.98107171e+05 -4.61938896e+01  4.90123495e-03 
 4.02717034e+05 -4.61939598e+01  4.90119529e-03 
 4.07380278e+05 -4.61940270e+01  4.90115738e-03 
 4.12097519e+05 -4.61940912e+01  4.90112120e-03 
 4.16869383e+05 -4.61941523e+01  4.90108672e-03 
 4.21696503e+05 -4.61942104e+01  4.90105394e-03 
 4.26579519e+05 -4.61942655e+01  4.90102282e-03 
 4.31519077e+05 -4.61943177e+01  4.90099337e-03 
 4.36515832e+05 -4.61943670e+01  4.90096555e-03 
 4.41570447e+05 -4.61944134e+01  4.90093936e-03 
 4.46683592e+05 -4.61944570e+01  4.90091478e-03 
 4.51855944e+05 -4.61944977e+01  4.90089180e-03 
 4.57088190e+05 -4.61945356e+01  4.90087041e-03 
 4.62381021e+05 -4.61945707e+01  4.90085059e-03 
 4.67735141e+05 -4.61946031e+01  4.90083234e-03 
 4.73151259e+05 -4.61946327e+01  4.90081564e-03 
 4.78630092e+05 -4.61946596e+01  4.90080049e-03 
 4.84172368e+05 -4.61946837e+01  4.90078687e-03 
 4.89778819e+05 -4.61947051e+01  4.90077479e-03 
 4.95450191e+05 -4.61947238e+01  4.90076423e-03 
 5.01187234e+05 -4.61947398e+01  4.90075519e-03 
 5.06990708e+05 -4.61947532e+01  4.90074766e-03 
 5.12861384e+05 -4.61947637e+01  4.90074170e-03 
 5.18800039e+05 -4.61947717e+01  4.90073719e-03 
 5.24807460e+05 -4.61947771e+01  4.90073418e-03 
 5.30884444e+05 -4.61947797e+01  4.90073268e-03 
 5.37031796e+05 -4.61947797e+01  4.90073267e-03 
 5.43250331e+05 -4.61947771e+01  4.90073417e-03 
 5.49540874e+05 -4.61947718e+01  4.90073717e-03 
 5.55904257e+05 -4.61947638e+01  4.90074167e-03 
 5.62341325e+05 -4.61947531e+01  4.90074768e-03 
 5.68852931e+05 -4.61947398e+01  4.90075520e-03 
 5.75439937e+05 -4.61947238e+01  4.90076423e-03 
 5.82103218e+05 -4.61947051e+01  4.90077478e-03 
 5.88843655e+05 -4.61946837e+01  4.90078685e-03 
 5.95662144e+05 -4.61946596e+01  4.90080045e-03 
 6.02559586e+05 -4.61946328e+01  4.90081559e-03 
 6.09536897e+05 -4.61946032e+01  4.90083227e-03 
 6.16595002e+05 -4.61945709e+01  4.90085050e-03 
 6.23734835e+05 -4.61945358e+01  4.90087030e-03 
 6.30957344e+05 -4.61944980e+01  4.90089166e-03 
 6.38263486e+05 -4.61944574e+01  4.90091456e-03 
 6.45654229e+05 -4.61944139e+01  4.90093911e-03 
 6.53130553e+05 -4.61943675e+01  4.90096526e-03 
 6.60693448e+05 -4.61943182e+01  4.90099309e-03 
 6.68343918e+05 -4.61942661e+01  4.90102250e-03 
 6.76082975e+05 -4.61942110e+01  4.90105357e-03 
 6.83911647e+05 -4.61941530e+01  4.90108630e-03 
 6.91830971e+05 -4.61940920e+01  4.90112072e-03 
 6.99841996e+05 -4.61940280e+01  4.90115684e-03 
 7.07945784e+05 -4.61939609e+01  4.90119468e-03 
 7.16143410e+05 -4.61938908e+01  4.90123427e-03 
 7.24435960e+05 -4.61938175e+01  4.90127561e-03 
 7.32824533e+05 -4.61937411e+01  4.90131874e-03 
 7.41310241e+05 -4.61936614e+01  4.90136368e-03 
 7.49894209e+05 -4.61935786e+01  4.90141044e-03 
 7.58577575e+05 -4.61934924e+01  4.90145906e-03 
 7.67361489e+05 -4.61934029e+01  4.90150956e-03 
 7.76247117e+05 -4.61933101e+01  4.90156196e-03 
 7.85235635e+05 -4.61932137e+01  4.90161636e-03 
 7.94328235e+05 -4.61931139e+01  4.90167265e-03 
 8.03526122e+05 -4.61930106e+01  4.90173094e-03 
 8.12830516e+05 -4.61929037e+01  4.90179125e-03 
 8.22242650e+05 -4.61927932e+01  4.90185362e-03 
 8.31763771e+05 -4.61926791e+01  4.90191801e-03 
 8.41395142e+05 -4.61925612e+01  4.90198458e-03 
 8.51138038e+05 -4.61924394e+01  4.90205330e-03 
 8.60993752e+05 -4.61923138e+01  4.90212420e-03 
 8.70963590e+05 -4.61921842e+01  4.90219734e-03 
 8.81048873e+05 -4.61920506e+01  4.90227274e-03 
 8.91250938e+05 -4.61919128e+01  4.90235049e-03 
 9.01571138e+05 -4.61917710e+01  4.90243053e-03 
 9.12010839e+05 -4.61916250e+01  4.90251296e-03 
 9.22571427e+05 -4.61914746e+01  4.90259782e-03 
 9.33254301e+05 -4.61913199e+01  4.90268514e-03 
 9.44060876e+05 -4.61911608e+01  4.90277499e-03 
 9.54992586e+05 -4.61909971e+01  4.90286740e-03 
 9.66050879e+05 -4.61908287e+01  4.90296242e-03 
 9.77237221e+05 -4.61906557e+01  4.90306009e-03 
 9.88553095e+05 -4.61904777e+01  4.90316054e-03 
 1.00000000e+06 -4.61902950e+01  4.90326369e-03 
 1.01157945e+06 -4.61901074e+01  4.90336961e-03 
 1.02329299e+06 -4.61899146e+01  4.90347845e-03 
 1.03514217e+06 -4.61897166e+01  4.90359022e-03 
 1.04712855e+06 -4.61895133e+01  4.90370498e-03 
 1.05925373e+06 -4.61893047e+01  4.90382278e-03 
 1.07151931e+06 -4.61890904e+01  4.90394374e-03 
 1.08392691e+06 -4.61888707e+01  4.90406781e-03 
 1.09647820e+06 -4.61886452e+01  4.90419511e-03 
 1.10917482e+06 -4.61884139e+01  4.90432571e-03 
 1.12201845e+06 -4.61881766e+01  4.90445968e-03 
 1.13501082e+06 -4.61879333e+01  4.90459708e-03 
 1.14815362e+06 -4.61876839e+01  4.90473793e-03 
 1.16144861e+06 -4.61874280e+01  4.90488241e-03 
 1.17489755e+06 -4.61871657e+01  4.90503054e-03 
 1.18850223e+06 -4.61868968e+01  4.90518240e-03 
 1.20226443e+06 -4.61866211e+01  4.90533807e-03 
 1.21618600e+06 -4.61863385e+01  4.90549767e-03 
 1.23026877e+06 -4.61860490e+01  4.90566118e-03 
 1.24451461e+06 -4.61857523e+01  4.90582875e-03 
 1.25892541e+06 -4.61854483e+01  4.90600045e-03 
 1.27350308e+06 -4.61851370e+01  4.90617632e-03 
 1.28824955e+06 -4.61848178e+01  4.90635661e-03 
 1.30316678e+06 -4.61844909e+01  4.90654125e-03 
 1.31825674e+06 -4.61841561e+01  4.90673040e-03 
 1.33352143e+06 -4.61838131e+01  4.90692413e-03 
 1.34896288e+06 -4.61834619e+01  4.90712257e-03 
 1.36458314e+06 -4.61831020e+01  4.90732590e-03 
 1.38038426e+06 -4.61827336e+01  4.90753403e-03 
 1.39636836e+06 -4.61823565e+01  4.90774710e-03 
 1.41253754e+06 -4.61819702e+01  4.90796535e-03 
 1.42889396e+06 -4.61815747e+01  4.90818886e-03 
 1.44543977e+06 -4.61811698e+01  4.90841767e-03 
 1.46217717e+06 -4.61807553e+01  4.90865192e-03 
 1.47910839e+06 -4.61803308e+01  4.90889179e-03 
 1.49623566e+06 -4.61798966e+01  4.90913720e-03 
 1.51356125e+06 -4.61794519e+01  4.90938853e-03 
 1.53108746e+06 -4.61789968e+01  4.90964580e-03 
 1.54881662e+06 -4.61785308e+01  4.90990919e-03 
 1.56675107e+06 -4.61780540e+01  4.91017872e-03 
 1.58489319e+06 -4.61775661e+01  4.91045455e-03 
 1.60324539e+06 -4.61770666e+01  4.91073695e-03 
 1.62181010e+06 -4.61765555e+01  4.91102592e-03 
 1.64058977e+06 -4.61760324e+01  4.91132165e-03 
 1.65958691e+06 -4.61754971e+01  4.91162434e-03 
 1.67880402e+06 -4.61749495e+01  4.91193404e-03 
 1.69824365e+06 -4.61743891e+01  4.91225094e-03 
 1.71790839e+06 -4.61738157e+01  4.91257522e-03 
 1.73780083e+06 -4.61732291e+01  4.91290703e-03 
 1.75792361e+06 -4.61726288e+01  4.91324659e-03 
 1.77827941e+06 -4.61720148e+01  4.91359391e-03 
 1.79887092e+06 -4.61713865e+01  4.91394937e-03 
 1.81970086e+06 -4.61707438e+01  4.91431297e-03 
 1.84077200e+06 -4.61700863e+01  4.91468497e-03 
 1.86208714e+06 -4.61694137e+01  4.91506554e-03 
 1.88364909e+06 -4.61687257e+01  4.91545487e-03 
 1.90546072e+06 -4.61680219e+01  4.91585319e-03 
 1.92752491e+06 -4.61673022e+01  4.91626055e-03 
 1.94984460e+06 -4.61665658e+01  4.91667736e-03 
 1.97242274e+06 -4.61658127e+01  4.91710366e-03 
 1.99526231e+06 -4.61650425e+01  4.91753970e-03 
 2.01836636e+06 -4.61642547e+01  4.91798571e-03 
 2.04173794e+06 -4.61634490e+01  4.91844194e-03 
 2.06538016e+06 -4.61626250e+01  4.91890857e-03 
 2.08929613e+06 -4.61617826e+01  4.91938567e-03 
 2.11348904e+06 -4.61609208e+01  4.91987376e-03 
 2.13796209e+06 -4.61600397e+01  4.92037289e-03 
 2.16271852e+06 -4.61591386e+01  4.92088334e-03 
 2.18776162e+06 -4.61582172e+01  4.92140541e-03 
 2.21309471e+06 -4.61572751e+01  4.92193923e-03 
 2.23872114e+06 -4.61563118e+01  4.92248511e-03 
 2.26464431e+06 -4.61553268e+01  4.92304332e-03 
 2.29086765e+06 -4.61543198e+01  4.92361412e-03 
 2.31739465e+06 -4.61532902e+01  4.92419782e-03 
 2.34422882e+06 -4.61522375e+01  4.92479464e-03 
 2.37137371e+06 -4.61511615e+01  4.92540477e-03 
 2.39883292e+06 -4.61500613e+01  4.92602868e-03 
 2.42661010e+06 -4.61489367e+01  4.92666653e-03 
 2.45470892e+06 -4.61477869e+01  4.92731871e-03 
 2.48313311e+06 -4.61466118e+01  4.92798535e-03 
 2.51188643e+06 -4.61454105e+01  4.92866698e-03 
 2.54097271e+06 -4.61441827e+01  4.92936375e-03 
 2.57039578e+06 -4.61429276e+01  4.93007609e-03 
 2.60015956e+06 -4.61416448e+01  4.93080421e-03 
 2.63026799e+06 -4.61403338e+01  4.93154849e-03 
 2.66072506e+06 -4.61389939e+01  4.93230933e-03 
 2.69153480e+06 -4.61376246e+01  4.93308696e-03 
 2.72270131e+06 -4.61362251e+01  4.93388183e-03 
 2.75422870e+06 -4.61347951e+01  4.93469420e-03 
 2.78612117e+06 -4.61333338e+01  4.93552447e-03 
 2.81838293e+06 -4.61318406e+01  4.93637301e-03 
 2.85101827e+06 -4.61303148e+01  4.93724026e-03 
 2.88403150e+06 -4.61287558e+01  4.93812648e-03 
 2.91742701e+06 -4.61271629e+01  4.93903216e-03 
 2.95120923e+06 -4.61255356e+01  4.93995760e-03 
 2.98538262e+06 -4.61238731e+01  4.94090319e-03 
 3.01995172e+06 -4.61221745e+01  4.94186950e-03 
 3.05492111e+06 -4.61204393e+01  4.94285688e-03 
 3.09029543e+06 -4.61186668e+01  4.94386565e-03 
 3.12607937e+06 -4.61168563e+01  4.94489625e-03 
 3.16227766e+06 -4.61150071e+01  4.94594915e-03 
 3.19889511e+06 -4.61131182e+01  4.94702484e-03 
 3.23593657e+06 -4.61111891e+01  4.94812368e-03 
 3.27340695e+06 -4.61092188e+01  4.94924621e-03 
 3.31131121e+06 -4.61072068e+01  4.95039279e-03 
 3.34965439e+06 -4.61051521e+01  4.95156400e-03 
 3.38844156e+06 -4.61030539e+01  4.95276025e-03 
 3.42767787e+06 -4.61009115e+01  4.95398198e-03 
 3.46736850e+06 -4.60987241e+01  4.95522973e-03 
 3.50751874e+06 -4.60964907e+01  4.95650404e-03 
 3.54813389e+06 -4.60942106e+01  4.95780531e-03 
 3.58921935e+06 -4.60918829e+01  4.95913415e-03 
 3.63078055e+06 -4.60895066e+01  4.96049102e-03 
 3.67282300e+06 -4.60870811e+01  4.96187645e-03 
 3.71535229e+06 -4.60846054e+01  4.96329092e-03 
 3.75837404e+06 -4.60820785e+01  4.96473506e-03 
 3.80189396e+06 -4.60794995e+01  4.96620935e-03 
 3.84591782e+06 -4.60768678e+01  4.96771431e-03 
 3.89045145e+06 -4.60741821e+01  4.96925058e-03 
 3.93550075e+06 -4.60714417e+01  4.97081862e-03 
 3.98107171e+06 -4.60686456e+01  4.97241904e-03 
 4.02717034e+06 -4.60657927e+01  4.97405248e-03 
 4.07380278e+06 -4.60628822e+01  4.97571950e-03 
 4.12097519e+06 -4.60599132e+01  4.97742059e-03 
 4.16869383e+06 -4.60568847e+01  4.97915637e-03 
 4.21696503e+06 -4.60537957e+01  4.98092742e-03 
 4.26579519e+06 -4.60506452e+01  4.98273442e-03 
 4.31519077e+06 -4.60474322e+01  4.98457791e-03 
 4.36515832e+06 -4.60441557e+01  4.98645856e-03 
 4.41570447e+06 -4.60408150e+01  4.98837679e-03 
 4.46683592e+06 -4.60374086e+01  4.99033350e-03 
 4.51855944e+06 -4.60339358e+01  4.99232912e-03 
 4.57088190e+06 -4.60303956e+01  4.99436431e-03 
 4.62381021e+06 -4.60267869e+01  4.99643975e-03 
 4.67735141e+06 -4.60231089e+01  4.99855593e-03 
 4.73151259e+06 -4.60193603e+01  5.00071361e-03 
 4.78630092e+06 -4.60155402e+01  5.00291345e-03 
 4.84172368e+06 -4.60116478e+01  5.00515590e-03 
 4.89778819e+06 -4.60076818e+01  5.00744182e-03 
 4.95450191e+06 -4.60036414e+01  5.00977164e-03 
 5.01187234e+06 -4.59995255e+01  5.01214613e-03 
 5.06990708e+06 -4.59953331e+01  5.01456595e-03 
 5.12861384e+06 -4.59910633e+01  5.01703157e-03 
 5.18800039e+06 -4.59867150e+01  5.01954382e-03 
 5.24807460e+06 -4.59822873e+01  5.02210324e-03 
 5.30884444e+06 -4.59777793e+01  5.02471039e-03 
 5.37031796e+06 -4.59731899e+01  5.02736601e-03 
 5.43250331e+06 -4.59685184e+01  5.03007062e-03 
 5.49540874e+06 -4.59637636e+01  5.03282488e-03 
 5.55904257e+06 -4.59589248e+01  5.03562941e-03 
 5.62341325e+06 -4.59540007e+01  5.03848493e-03 
 5.68852931e+06 -4.59489911e+01  5.04139173e-03 
 5.75439937e+06 -4.59438947e+01  5.04435063e-03 
 5.82103218e+06 -4.59387106e+01  5.04736220e-03 
 5.88843655e+06 -4.59334381e+01  5.05042698e-03 
 5.95662144e+06 -4.59280764e+01  5.05354552e-03 
 6.02559586e+06 -4.59226248e+01  5.05671831e-03 
 6.09536897e+06 -4.59170824e+01  5.05994600e-03 
 6.16595002e+06 -4.59114485e+01  5.06322906e-03 
 6.23734835e+06 -4.59057224e+01  5.06656805e-03 
 6.30957344e+06 -4.58999037e+01  5.06996331e-03 
 6.38263486e+06 -4.58939915e+01  5.07341542e-03 
 6.45654229e+06 -4.58879853e+01  5.07692488e-03 
 6.53130553e+06 -4.58818844e+01  5.08049208e-03 
 6.60693448e+06 -4.58756885e+01  5.08411748e-03 
 6.68343918e+06 -4.58693971e+01  5.08780136e-03 
 6.76082975e+06 -4.58630095e+01  5.09154427e-03 
 6.83911647e+06 -4.58565256e+01  5.09534647e-03 
 6.91830971e+06 -4.58499451e+01  5.09920823e-03 
 6.99841996e+06 -4.58432675e+01  5.10312991e-03 
 7.07945784e+06 -4.58364927e+01  5.10711178e-03 
 7.16143410e+06 -4.58296205e+01  5.11115412e-03 
 7.24435960e+06 -4.58226507e+01  5.11525707e-03 
 7.32824533e+06 -4.58155833e+01  5.11942088e-03 
 7.41310241e+06 -4.58084183e+01  5.12364562e-03 
 7.49894209e+06 -4.58011558e+01  5.12793144e-03 
 7.58577575e+06 -4.57937956e+01  5.13227855e-03 
 7.67361489e+06 -4.57863385e+01  5.13668669e-03 
 7.76247117e+06 -4.57787842e+01  5.14115611e-03 
 7.85235635e+06 -4.57711332e+01  5.14568671e-03 
 7.94328235e+06 -4.57633861e+01  5.15027830e-03 
 8.03526122e+06 -4.57555430e+01  5.15493091e-03 
 8.12830516e+06 -4.57476049e+01  5.15964421e-03 
 8.22242650e+06 -4.57395722e+01  5.16441808e-03 
 8.31763771e+06 -4.57314454e+01  5.16925231e-03 
 8.41395142e+06 -4.57232257e+01  5.17414642e-03 
 8.51138038e+06 -4.57149139e+01  5.17910011e-03 
 8.60993752e+06 -4.57065109e+01  5.18411296e-03 
 8.70963590e+06 -4.56980176e+01  5.18918458e-03 
 8.81048873e+06 -4.56894356e+01  5.19431426e-03 
 8.91250938e+06 -4.56807658e+01  5.19950155e-03 
 9.01571138e+06 -4.56720097e+01  5.20474572e-03 
 9.12010839e+06 -4.56631686e+01  5.21004614e-03 
 9.22571427e+06 -4.56542441e+01  5.21540205e-03 
 9.33254301e+06 -4.56452380e+01  5.22081253e-03 
 9.44060876e+06 -4.56361519e+01  5.22627674e-03 
 9.54992586e+06 -4.56269877e+01  5.23179373e-03 
 9.66050879e+06 -4.56177473e+01  5.23736248e-03 
 9.77237221e+06 -4.56084327e+01  5.24298195e-03 
 9.88553095e+06 -4.55990461e+01  5.24865098e-03 
 1.00000000e+07 -4.55895898e+01  5.25436830e-03 
 1.01157945e+07 -4.55800661e+01  5.26013263e-03 
 1.02329299e+07 -4.55704774e+01  5.26594273e-03 
 1.03514217e+07 -4.55608263e+01  5.27179709e-03 
 1.04712855e+07 -4.55511155e+01  5.27769422e-03 
 1.05925373e+07 -4.55413476e+01  5.28363269e-03 
 1.07151931e+07 -4.55315257e+01  5.28961077e-03 
 1.08392691e+07 -4.55216524e+01  5.29562691e-03 
 1.09647820e+07 -4.55117309e+01  5.30167929e-03 
 1.10917482e+07 -4.55017644e+01  5.30776616e-03 
 1.12201845e+07 -4.54917560e+01  5.31388557e-03 
 1.13501082e+07 -4.54817091e+01  5.32003569e-03 
 1.14815362e+07 -4.54716269e+01  5.32621456e-03 
 1.16144861e+07 -4.54615130e+01  5.33242003e-03 
 1.17489755e+07 -4.54513709e+01  5.33865004e-03 
 1.18850223e+07 -4.54412041e+01  5.34490257e-03 
 1.20226443e+07 -4.54310164e+01  5.35117531e-03 
 1.21618600e+07 -4.54208115e+01  5.35746602e-03 
 1.23026877e+07 -4.54105930e+01  5.36377252e-03 
 1.24451461e+07 -4.54003649e+01  5.37009238e-03 
 1.25892541e+07 -4.53901308e+01  5.37642338e-03 
 1.27350308e+07 -4.53798948e+01  5.38276301e-03 
 1.28824955e+07 -4.53696607e+01  5.38910895e-03 
 1.30316678e+07 -4.53594325e+01  5.39545876e-03 
 1.31825674e+07 -4.53492139e+01  5.40181001e-03 
 1.33352143e+07 -4.53390090e+01  5.40816025e-03 
 1.34896288e+07 -4.53288216e+01  5.41450701e-03 
 1.36458314e+07 -4.53186556e+01  5.42084786e-03 
 1.38038426e+07 -4.53085148e+01  5.42718041e-03 
 1.39636836e+07 -4.52984030e+01  5.43350224e-03 
 1.41253754e+07 -4.52883239e+01  5.43981095e-03 
 1.42889396e+07 -4.52782810e+01  5.44610427e-03 
 1.44543977e+07 -4.52682780e+01  5.45237983e-03 
 1.46217717e+07 -4.52583183e+01  5.45863540e-03 
 1.47910839e+07 -4.52484051e+01  5.46486889e-03 
 1.49623566e+07 -4.52385416e+01  5.47107815e-03 
 1.51356125e+07 -4.52287309e+01  5.47726121e-03 
 1.53108746e+07 -4.52189759e+01  5.48341611e-03 
 1.54881662e+07 -4.52092792e+01  5.48954111e-03 
 1.56675107e+07 -4.51996431e+01  5.49563455e-03 
 1.58489319e+07 -4.51900699e+01  5.50169490e-03 
 1.60324539e+07 -4.51805618e+01  5.50772072e-03 
 1.62181010e+07 -4.51711202e+01  5.51371088e-03 
 1.64058977e+07 -4.51617467e+01  5.51966428e-03 
 1.65958691e+07 -4.51524424e+01  5.52558012e-03 
 1.67880402e+07 -4.51432080e+01  5.53145773e-03 
 1.69824365e+07 -4.51340441e+01  5.53729673e-03 
 1.71790839e+07 -4.51249506e+01  5.54309690e-03 
 1.73780083e+07 -4.51159272e+01  5.54885836e-03 
 1.75792361e+07 -4.51069732e+01  5.55458146e-03 
 1.77827941e+07 -4.50980873e+01  5.56026685e-03 
 1.79887092e+07 -4.50892679e+01  5.56591544e-03 
 1.81970086e+07 -4.50805128e+01  5.57152855e-03 
 1.84077200e+07 -4.50718192e+01  5.57710779e-03 
 1.86208714e+07 -4.50631840e+01  5.58265511e-03 
 1.88364909e+07 -4.50546033e+01  5.58817287e-03 
 1.90546072e+07 -4.50460728e+01  5.59366381e-03 
 1.92752491e+07 -4.50375873e+01  5.59913109e-03 
 1.94984460e+07 -4.50291411e+01  5.60457833e-03 
 1.97242274e+07 -4.50207280e+01  5.61000955e-03 
 1.99526231e+07 -4.50123408e+01  5.61542924e-03 
 2.01836636e+07 -4.50039719e+01  5.62084237e-03 
 2.04173794e+07 -4.49956125e+01  5.62625451e-03 
 2.06538016e+07 -4.49872536e+01  5.63167159e-03 
 2.08929613e+07 -4.49788849e+01  5.63710020e-03 
 2.11348904e+07 -4.49704957e+01  5.64254741e-03 
 2.13796209e+07 -4.49620741e+01  5.64802090e-03 
 2.16271852e+07 -4.49536077e+01  5.65352890e-03 
 2.18776162e+07 -4.49450829e+01  5.65908026e-03 
 2.21309471e+07 -4.49364856e+01  5.66468441e-03 
 2.23872114e+07 -4.49278005e+01  5.67035141e-03 
 2.26464431e+07 -4.49190115e+01  5.67609196e-03 
 2.29086765e+07 -4.49101017e+01  5.68191738e-03 
 2.31739465e+07 -4.49010531e+01  5.68783966e-03 
 2.34422882e+07 -4.48918469e+01  5.69387141e-03 
 2.37137371e+07 -4.48824634e+01  5.70002594e-03 
 2.39883292e+07 -4.48728818e+01  5.70631718e-03 
 2.42661010e+07 -4.48630808e+01  5.71275975e-03 
 2.45470892e+07 -4.48530378e+01  5.71936892e-03 
 2.48313311e+07 -4.48427295e+01  5.72616062e-03 
 2.51188643e+07 -4.48321317e+01  5.73315143e-03 
 2.54097271e+07 -4.48212196e+01  5.74035857e-03 
 2.57039578e+07 -4.48099672e+01  5.74779991e-03 
 2.60015956e+07 -4.47983480e+01  5.75549394e-03 
 2.63026799e+07 -4.47863347e+01  5.76345974e-03 
 2.66072506e+07 -4.47738994e+01  5.77171699e-03 
 2.69153480e+07 -4.47610136e+01  5.78028593e-03 
 2.72270131e+07 -4.47476479e+01  5.78918735e-03 
 2.75422870e+07 -4.47337728e+01  5.79844255e-03 
 2.78612117e+07 -4.47193582e+01  5.80807331e-03 
 2.81838293e+07 -4.47043736e+01  5.81810187e-03 
 2.85101827e+07 -4.46887882e+01  5.82855085e-03 
 2.88403150e+07 -4.46725711e+01  5.83944328e-03 
 2.91742701e+07 -4.46556912e+01  5.85080250e-03 
 2.95120923e+07 -4.46381175e+01  5.86265213e-03 
 2.98538262e+07 -4.46198189e+01  5.87501602e-03 
 3.01995172e+07 -4.46007647e+01  5.88791818e-03 
 3.05492111e+07 -4.45809243e+01  5.90138278e-03 
 3.09029543e+07 -4.45602677e+01  5.91543401e-03 
 3.12607937e+07 -4.45387654e+01  5.93009606e-03 
 3.16227766e+07 -4.45163886e+01  5.94539307e-03 
 3.19889511e+07 -4.44931090e+01  5.96134905e-03 
 3.23593657e+07 -4.44688996e+01  5.97798776e-03 
 3.27340695e+07 -4.44437342e+01  5.99533274e-03 
 3.31131121e+07 -4.44175878e+01  6.01340717e-03 
 3.34965439e+07 -4.43904367e+01  6.03223376e-03 
 3.38844156e+07 -4.43622588e+01  6.05183476e-03 
 3.42767787e+07 -4.43330331e+01  6.07223185e-03 
 3.46736850e+07 -4.43027406e+01  6.09344604e-03 
 3.50751874e+07 -4.42713640e+01  6.11549762e-03 
 3.54813389e+07 -4.42388877e+01  6.13840605e-03 
 3.58921935e+07 -4.42052984e+01  6.16218996e-03 
 3.63078055e+07 -4.41705844e+01  6.18686700e-03 
 3.67282300e+07 -4.41347366e+01  6.21245378e-03 
 3.71535229e+07 -4.40977479e+01  6.23896580e-03 
 3.75837404e+07 -4.40596135e+01  6.26641747e-03 
 3.80189396e+07 -4.40203311e+01  6.29482191e-03 
 3.84591782e+07 -4.39799006e+01  6.32419092e-03 
 3.89045145e+07 -4.39383244e+01  6.35453505e-03 
 3.93550075e+07 -4.38956076e+01  6.38586334e-03 
 3.98107171e+07 -4.38517575e+01  6.41818346e-03 
 4.02717034e+07 -4.38067839e+01  6.45150152e-03 
 4.07380278e+07 -4.37606994e+01  6.48582208e-03 
 4.12097519e+07 -4.37135186e+01  6.52114822e-03 
 4.16869383e+07 -4.36652588e+01  6.55748129e-03 
 4.21696503e+07 -4.36159397e+01  6.59482108e-03 
 4.26579519e+07 -4.35655831e+01  6.63316567e-03 
 4.31519077e+07 -4.35142133e+01  6.67251154e-03 
 4.36515832e+07 -4.34618567e+01  6.71285341e-03 
 4.41570447e+07 -4.34085418e+01  6.75418437e-03 
 4.46683592e+07 -4.33542990e+01  6.79649577e-03 
 4.51855944e+07 -4.32991607e+01  6.83977733e-03 
 4.57088190e+07 -4.32431612e+01  6.88401711e-03 
 4.62381021e+07 -4.31863363e+01  6.92920143e-03 
 4.67735141e+07 -4.31287234e+01  6.97531506e-03 
 4.73151259e+07 -4.30703615e+01  7.02234117e-03 
 4.78630092e+07 -4.30112907e+01  7.07026129e-03 
 4.84172368e+07 -4.29515525e+01  7.11905542e-03 
 4.89778819e+07 -4.28911893e+01  7.16870212e-03 
 4.95450191e+07 -4.28302445e+01  7.21917839e-03 
 5.01187234e+07 -4.27687623e+01  7.27045993e-03 
 5.06990708e+07 -4.27067875e+01  7.32252097e-03 
 5.12861384e+07 -4.26443656e+01  7.37533448e-03 
 5.18800039e+07 -4.25815423e+01  7.42887213e-03 
 5.24807460e+07 -4.25183639e+01  7.48310446e-03 
 5.30884444e+07 -4.24548765e+01  7.53800075e-03 
 5.37031796e+07 -4.23911266e+01  7.59352928e-03 
 5.43250331e+07 -4.23271604e+01  7.64965729e-03 
 5.49540874e+07 -4.22630242e+01  7.70635107e-03 
 5.55904257e+07 -4.21987639e+01  7.76357597e-03 
 5.62341325e+07 -4.21344249e+01  7.82129656e-03 
 5.68852931e+07 -4.20700525e+01  7.87947665e-03 
 5.75439937e+07 -4.20056913e+01  7.93807930e-03 
 5.82103218e+07 -4.19413853e+01  7.99706699e-03 
 5.88843655e+07 -4.18771778e+01  8.05640164e-03 
 5.95662144e+07 -4.18131115e+01  8.11604464e-03 
 6.02559586e+07 -4.17492281e+01  8.17595698e-03 
 6.09536897e+07 -4.16855685e+01  8.23609928e-03 
 6.16595002e+07 -4.16221730e+01  8.29643185e-03 
 6.23734835e+07 -4.15590805e+01  8.35691482e-03 
 6.30957344e+07 -4.14963292e+01  8.41750807e-03 
 6.38263486e+07 -4.14339561e+01  8.47817145e-03 
 6.45654229e+07 -4.13719973e+01  8.53886476e-03 
 6.53130553e+07 -4.13104877e+01  8.59954776e-03 
 6.60693448e+07 -4.12494613e+01  8.66018034e-03 
 6.68343918e+07 -4.11889506e+01  8.72072253e-03 
 6.76082975e+07 -4.11289874e+01  8.78113450e-03 
 6.83911647e+07 -4.10696020e+01  8.84137679e-03 
 6.91830971e+07 -4.10108238e+01  8.90141014e-03 
 6.99841996e+07 -4.09526808e+01  8.96119565e-03 
 7.07945784e+07 -4.08952001e+01  9.02069490e-03 
 7.16143410e+07 -4.08384075e+01  9.07986990e-03 
 7.24435960e+07 -4.07823276e+01  9.13868315e-03 
 7.32824533e+07 -4.07269840e+01  9.19709772e-03 
 7.41310241e+07 -4.06723990e+01  9.25507729e-03 
 7.49894209e+07 -4.06185939e+01  9.31258619e-03 
 7.58577575e+07 -4.05655888e+01  9.36958941e-03 
 7.67361489e+07 -4.05134027e+01  9.42605271e-03 
 7.76247117e+07 -4.04620536e+01  9.48194258e-03 
 7.85235635e+07 -4.04115582e+01  9.53722633e-03 
 7.94328235e+07 -4.03619324e+01  9.59187211e-03 
 8.03526122e+07 -4.03131909e+01  9.64584894e-03 
 8.12830516e+07 -4.02653473e+01  9.69912673e-03 
 8.22242650e+07 -4.02184144e+01  9.75167634e-03 
 8.31763771e+07 -4.01724039e+01  9.80346959e-03 
 8.41395142e+07 -4.01273264e+01  9.85447924e-03 
 8.51138038e+07 -4.00831918e+01  9.90467914e-03 
 8.60993752e+07 -4.00400088e+01  9.95404411e-03 
 8.70963590e+07 -3.99977854e+01  1.00025500e-02 
 8.81048873e+07 -3.99565285e+01  1.00501739e-02 
 8.91250938e+07 -3.99162444e+01  1.00968937e-02 
 9.01571138e+07 -3.98769382e+01  1.01426886e-02 
 9.12010839e+07 -3.98386145e+01  1.01875388e-02 
 9.22571427e+07 -3.98012768e+01  1.02314259e-02 
 9.33254301e+07 -3.97649280e+01  1.02743322e-02 
 9.44060876e+07 -3.97295701e+01  1.03162414e-02 
 9.54992586e+07 -3.96952045e+01  1.03571383e-02 
 9.66050879e+07 -3.96618316e+01  1.03970090e-02 
 9.77237221e+07 -3.96294514e+01  1.04358404e-02 
 9.88553095e+07 -3.95980630e+01  1.04736209e-02 
 1.00000000e+08 -3.95676649e+01  1.05103398e-02 
 1.01157945e+08 -3.95382548e+01  1.05459877e-02 
 1.02329299e+08 -3.95098299e+01  1.05805564e-02 
 1.03514217e+08 -3.94823868e+01  1.06140386e-02 
 1.04712855e+08 -3.94559214e+01  1.06464282e-02 
 1.05925373e+08 -3.94304291e+01  1.06777204e-02 
 1.07151931e+08 -3.94059046e+01  1.07079114e-02 
 1.08392691e+08 -3.93823423e+01  1.07369984e-02 
 1.09647820e+08 -3.93597357e+01  1.07649797e-02 
 1.10917482e+08 -3.93380782e+01  1.07918547e-02 
 1.12201845e+08 -3.93173624e+01  1.08176240e-02 
 1.13501082e+08 -3.92975804e+01  1.08422890e-02 
 1.14815362e+08 -3.92787242e+01  1.08658521e-02 
 1.16144861e+08 -3.92607850e+01  1.08883169e-02 
 1.17489755e+08 -3.92437536e+01  1.09096877e-02 
 1.18850223e+08 -3.92276206e+01  1.09299700e-02 
 1.20226443e+08 -3.92123760e+01  1.09491700e-02 
 1.21618600e+08 -3.91980096e+01  1.09672949e-02 
 1.23026877e+08 -3.91845106e+01  1.09843527e-02 
 1.24451461e+08 -3.91718680e+01  1.10003524e-02 
 1.25892541e+08 -3.91600706e+01  1.10153036e-02 
 1.27350308e+08 -3.91491066e+01  1.10292168e-02 
 1.28824955e+08 -3.91389640e+01  1.10421031e-02 
 1.30316678e+08 -3.91296307e+01  1.10539747e-02 
 1.31825674e+08 -3.91210941e+01  1.10648440e-02 
 1.33352143e+08 -3.91133414e+01  1.10747245e-02 
 1.34896288e+08 -3.91063596e+01  1.10836300e-02 
 1.36458314e+08 -3.91001355e+01  1.10915751e-02 
 1.38038426e+08 -3.90946557e+01  1.10985749e-02 
 1.39636836e+08 -3.90899064e+01  1.11046450e-02 
 1.41253754e+08 -3.90858739e+01  1.11098016e-02 
 1.42889396e+08 -3.90825442e+01  1.11140613e-02 
 1.44543977e+08 -3.90799031e+01  1.11174413e-02 
 1.46217717e+08 -3.90779364e+01  1.11199589e-02 
 1.47910839e+08 -3.90766296e+01  1.11216320e-02 
 1.49623566e+08 -3.90759682e+01  1.11224789e-02 
 1.51356125e+08 -3.90759375e+01  1.11225182e-02 
 1.53108746e+08 -3.90765230e+01  1.11217685e-02 
 1.54881662e+08 -3.90777097e+01  1.11202490e-02 
 1.56675107e+08 -3.90794830e+01  1.11179791e-02 
 1.58489319e+08 -3.90818277e+01  1.11149781e-02 
 1.60324539e+08 -3.90847292e+01  1.11112659e-02 
 1.62181010e+08 -3.90881723e+01  1.11068622e-02 
 1.64058977e+08 -3.90921422e+01  1.11017869e-02 
 1.65958691e+08 -3.90966240e+01  1.10960601e-02 
 1.67880402e+08 -3.91016026e+01  1.10897019e-02 
 1.69824365e+08 -3.91070631e+01  1.10827323e-02 
 1.71790839e+08 -3.91129908e+01  1.10751715e-02 
 1.73780083e+08 -3.91193707e+01  1.10670396e-02 
 1.75792361e+08 -3.91261881e+01  1.10583567e-02 
 1.77827941e+08 -3.91334283e+01  1.10491427e-02 
 1.79887092e+08 -3.91410767e+01  1.10394176e-02 
 1.81970086e+08 -3.91491188e+01  1.10292012e-02 
 1.84077200e+08 -3.91575400e+01  1.10185132e-02 
 1.86208714e+08 -3.91663262e+01  1.10073732e-02 
 1.88364909e+08 -3.91754630e+01  1.09958005e-02 
 1.90546072e+08 -3.91849364e+01  1.09838142e-02 
 1.92752491e+08 -3.91947325e+01  1.09714335e-02 
 1.94984460e+08 -3.92048374e+01  1.09586771e-02 
 1.97242274e+08 -3.92152375e+01  1.09455636e-02 
 1.99526231e+08 -3.92259192e+01  1.09321111e-02 
 2.01836636e+08 -3.92368694e+01  1.09183379e-02 
 2.04173794e+08 -3.92480747e+01  1.09042617e-02 
 2.06538016e+08 -3.92595222e+01  1.08899000e-02 
 2.08929613e+08 -3.92711991e+01  1.08752699e-02 
 2.11348904e+08 -3.92830929e+01  1.08603884e-02 
 2.13796209e+08 -3.92951910e+01  1.08452720e-02 
 2.16271852e+08 -3.93074814e+01  1.08299370e-02 
 2.18776162e+08 -3.93199519e+01  1.08143994e-02 
 2.21309471e+08 -3.93325909e+01  1.07986747e-02 
 2.23872114e+08 -3.93453866e+01  1.07827781e-02 
 2.26464431e+08 -3.93583279e+01  1.07667246e-02 
 2.29086765e+08 -3.93714036e+01  1.07505286e-02 
 2.31739465e+08 -3.93846027e+01  1.07342045e-02 
 2.34422882e+08 -3.93979146e+01  1.07177659e-02 
 2.37137371e+08 -3.94113289e+01  1.07012264e-02 
 2.39883292e+08 -3.94248354e+01  1.06845990e-02 
 2.42661010e+08 -3.94384241e+01  1.06678965e-02 
 2.45470892e+08 -3.94520853e+01  1.06511312e-02 
 2.48313311e+08 -3.94658095e+01  1.06343151e-02 
 2.51188643e+08 -3.94795875e+01  1.06174598e-02 
 2.54097271e+08 -3.94934103e+01  1.06005765e-02 
 2.57039578e+08 -3.95072692e+01  1.05836761e-02 
 2.60015956e+08 -3.95211556e+01  1.05667692e-02 
 2.63026799e+08 -3.95350613e+01  1.05498658e-02 
 2.66072506e+08 -3.95489783e+01  1.05329758e-02 
 2.69153480e+08 -3.95628988e+01  1.05161086e-02 
 2.72270131e+08 -3.95768153e+01  1.04992732e-02 
 2.75422870e+08 -3.95907205e+01  1.04824784e-02 
 2.78612117e+08 -3.96046074e+01  1.04657325e-02 
 2.81838293e+08 -3.96184691e+01  1.04490436e-02 
 2.85101827e+08 -3.96322992e+01  1.04324194e-02 
 2.88403150e+08 -3.96460913e+01  1.04158672e-02 
 2.91742701e+08 -3.96598393e+01  1.03993941e-02 
 2.95120923e+08 -3.96735373e+01  1.03830067e-02 
 2.98538262e+08 -3.96871798e+01  1.03667115e-02 
 3.01995172e+08 -3.97007612e+01  1.03505145e-02 
 3.05492111e+08 -3.97142766e+01  1.03344215e-02 
 3.09029543e+08 -3.97277208e+01  1.03184381e-02 
 3.12607937e+08 -3.97410891e+01  1.03025693e-02 
 3.16227766e+08 -3.97543772e+01  1.02868200e-02 
 3.19889511e+08 -3.97675805e+01  1.02711950e-02 
 3.23593657e+08 -3.97806951e+01  1.02556985e-02 
 3.27340695e+08 -3.97937170e+01  1.02403347e-02 
 3.31131121e+08 -3.98066426e+01  1.02251072e-02 
 3.34965439e+08 -3.98194683e+01  1.02100198e-02 
 3.38844156e+08 -3.98321908e+01  1.01950758e-02 
 3.42767787e+08 -3.98448072e+01  1.01802781e-02 
 3.46736850e+08 -3.98573143e+01  1.01656297e-02 
 3.50751874e+08 -3.98697095e+01  1.01511332e-02 
 3.54813389e+08 -3.98819901e+01  1.01367910e-02 
 3.58921935e+08 -3.98941539e+01  1.01226053e-02 
 3.63078055e+08 -3.99061986e+01  1.01085781e-02 
 3.67282300e+08 -3.99181220e+01  1.00947112e-02 
 3.71535229e+08 -3.99299224e+01  1.00810061e-02 
 3.75837404e+08 -3.99415980e+01  1.00674644e-02 
 3.80189396e+08 -3.99531471e+01  1.00540872e-02 
 3.84591782e+08 -3.99645683e+01  1.00408755e-02 
 3.89045145e+08 -3.99758604e+01  1.00278304e-02 
 3.93550075e+08 -3.99870221e+01  1.00149525e-02 
 3.98107171e+08 -3.99980525e+01  1.00022424e-02 
 4.02717034e+08 -4.00089505e+01  9.98970064e-03 
 4.07380278e+08 -4.00197155e+01  9.97732739e-03 
 4.12097519e+08 -4.00303468e+01  9.96512287e-03 
 4.16869383e+08 -4.00408439e+01  9.95308710e-03 
 4.21696503e+08 -4.00512063e+01  9.94121999e-03 
 4.26579519e+08 -4.00614337e+01  9.92952133e-03 
 4.31519077e+08 -4.00715260e+01  9.91799081e-03 
 4.36515832e+08 -4.00814829e+01  9.90662798e-03 
 4.41570447e+08 -4.00913046e+01  9.89543231e-03 
 4.46683592e+08 -4.01009910e+01  9.88440317e-03 
 4.51855944e+08 -4.01105423e+01  9.87353984e-03 
 4.57088190e+08 -4.01199589e+01  9.86284150e-03 
 4.62381021e+08 -4.01292411e+01  9.85230725e-03 
 4.67735141e+08 -4.01383892e+01  9.84193612e-03 
 4.73151259e+08 -4.01474037e+01  9.83172706e-03 
 4.78630092e+08 -4.01562853e+01  9.82167894e-03 
 4.84172368e+08 -4.01650346e+01  9.81179058e-03 
 4.89778819e+08 -4.01736522e+01  9.80206073e-03 
 4.95450191e+08 -4.01821390e+01  9.79248807e-03 
 5.01187234e+08 -4.01904957e+01  9.78307125e-03 
 5.06990708e+08 -4.01987232e+01  9.77380885e-03 
 5.12861384e+08 -4.02068224e+01  9.76469940e-03 
 5.18800039e+08 -4.02147944e+01  9.75574140e-03 
 5.24807460e+08 -4.02226401e+01  9.74693330e-03 
 5.30884444e+08 -4.02303606e+01  9.73827352e-03 
 5.37031796e+08 -4.02379571e+01  9.72976042e-03 
 5.43250331e+08 -4.02454306e+01  9.72139237e-03 
 5.49540874e+08 -4.02527823e+01  9.71316768e-03 
 5.55904257e+08 -4.02600135e+01  9.70508463e-03 
 5.62341325e+08 -4.02671253e+01  9.69714150e-03 
 5.68852931e+08 -4.02741192e+01  9.68933652e-03 
 5.75439937e+08 -4.02809963e+01  9.68166793e-03 
 5.82103218e+08 -4.02877581e+01  9.67413394e-03 
 5.88843655e+08 -4.02944058e+01  9.66673274e-03 
 5.95662144e+08 -4.03009408e+01  9.65946251e-03 
 6.02559586e+08 -4.03073645e+01  9.65232142e-03 
 6.09536897e+08 -4.03136783e+01  9.64530763e-03 
 6.16595002e+08 -4.03198837e+01  9.63841931e-03 
 6.23734835e+08 -4.03259820e+01  9.63165459e-03 
 6.30957344e+08 -4.03319747e+01  9.62501164e-03 
 6.38263486e+08 -4.03378633e+01  9.61848858e-03 
 6.45654229e+08 -4.03436492e+01  9.61208357e-03 
 6.53130553e+08 -4.03493339e+01  9.60579475e-03 
 6.60693448e+08 -4.03549189e+01  9.59962027e-03 
 6.68343918e+08 -4.03604056e+01  9.59355828e-03 
 6.76082975e+08 -4.03657956e+01  9.58760693e-03 
 6.83911647e+08 -4.03710903e+01  9.58176439e-03 
 6.91830971e+08 -4.03762911e+01  9.57602882e-03 
 6.99841996e+08 -4.03813997e+01  9.57039840e-03 
 7.07945784e+08 -4.03864174e+01  9.56487131e-03 
 7.16143410e+08 -4.03913457e+01  9.55944575e-03 
 7.24435960e+08 -4.03961862e+01  9.55411993e-03 
 7.32824533e+08 -4.04009403e+01  9.54889205e-03 
 7.41310241e+08 -4.04056095e+01  9.54376036e-03 
 7.49894209e+08 -4.04101952e+01  9.53872308e-03 
 7.58577575e+08 -4.04146989e+01  9.53377848e-03 
 7.67361489e+08 -4.04191220e+01  9.52892482e-03 
 7.76247117e+08 -4.04234660e+01  9.52416039e-03 
 7.85235635e+08 -4.04277323e+01  9.51948349e-03 
 7.94328235e+08 -4.04319224e+01  9.51489242e-03 
 8.03526122e+08 -4.04360376e+01  9.51038552e-03 
 8.12830516e+08 -4.04400793e+01  9.50596114e-03 
 8.22242650e+08 -4.04440490e+01  9.50161764e-03 
 8.31763771e+08 -4.04479480e+01  9.49735339e-03 
 8.41395142e+08 -4.04517778e+01  9.49316681e-03 
 8.51138038e+08 -4.04555395e+01  9.48905629e-03 
 8.60993752e+08 -4.04592347e+01  9.48502028e-03 
 8.70963590e+08 -4.04628646e+01  9.48105722e-03 
 8.81048873e+08 -4.04664306e+01  9.47716559e-03 
 8.91250938e+08 -4.04699340e+01  9.47334387e-03 
 9.01571138e+08 -4.04733760e+01  9.46959057e-03 
 9.12010839e+08 -4.04767579e+01  9.46590422e-03 
 9.22571427e+08 -4.04800810e+01  9.46228336e-03 
 9.33254301e+08 -4.04833466e+01  9.45872656e-03 
 9.44060876e+08 -4.04865559e+01  9.45523239e-03 
 9.54992586e+08 -4.04897100e+01  9.45179946e-03 
 9.66050879e+08 -4.04928103e+01  9.44842638e-03 
 9.77237221e+08 -4.04958579e+01  9.44511181e-03 
 9.88553095e+08 -4.04988540e+01  9.44185440e-03 
 1.00000000e+09 -4.05017998e+01  9.43865282e-03 
