 1.00000000e+00 -6.94254103e+01  3.37854325e-04 
 1.01157945e+00 -6.94254120e+01  3.37854259e-04 
 1.02329299e+00 -6.94254139e+01  3.37854187e-04 
 1.03514217e+00 -6.94254158e+01  3.37854113e-04 
 1.04712855e+00 -6.94254177e+01  3.37854037e-04 
 1.05925373e+00 -6.94254197e+01  3.37853960e-04 
 1.07151931e+00 -6.94254218e+01  3.37853881e-04 
 1.08392691e+00 -6.94254239e+01  3.37853800e-04 
 1.09647820e+00 -6.94254262e+01  3.37853708e-04 
 1.10917482e+00 -6.94254284e+01  3.37853623e-04 
 1.12201845e+00 -6.94254306e+01  3.37853536e-04 
 1.13501082e+00 -6.94254329e+01  3.37853447e-04 
 1.14815362e+00 -6.94254352e+01  3.37853356e-04 
 1.16144861e+00 -6.94254376e+01  3.37853263e-04 
 1.17489755e+00 -6.94254401e+01  3.37853168e-04 
 1.18850223e+00 -6.94254426e+01  3.37853071e-04 
 1.20226443e+00 -6.94254452e+01  3.37852971e-04 
 1.21618600e+00 -6.94254478e+01  3.37852869e-04 
 1.23026877e+00 -6.94254505e+01  3.37852765e-04 
 1.24451461e+00 -6.94254532e+01  3.37852658e-04 
 1.25892541e+00 -6.94254560e+01  3.37852548e-04 
 1.27350308e+00 -6.94254589e+01  3.37852437e-04 
 1.28824955e+00 -6.94254618e+01  3.37852322e-04 
 1.30316678e+00 -6.94254648e+01  3.37852205e-04 
 1.31825674e+00 -6.94254679e+01  3.37852085e-04 
 1.33352143e+00 -6.94254711e+01  3.37851963e-04 
 1.34896288e+00 -6.94254743e+01  3.37851837e-04 
 1.36458314e+00 -6.94254776e+01  3.37851709e-04 
 1.38038426e+00 -6.94254810e+01  3.37851577e-04 
 1.39636836e+00 -6.94254844e+01  3.37851443e-04 
 1.41253754e+00 -6.94254880e+01  3.37851305e-04 
 1.42889396e+00 -6.94254916e+01  3.37851164e-04 
 1.44543977e+00 -6.94254953e+01  3.37851020e-04 
 1.46217717e+00 -6.94254991e+01  3.37850873e-04 
 1.47910839e+00 -6.94255030e+01  3.37850722e-04 
 1.49623566e+00 -6.94255069e+01  3.37850568e-04 
 1.51356125e+00 -6.94255109e+01  3.37850414e-04 
 1.53108746e+00 -6.94255150e+01  3.37850252e-04 
 1.54881662e+00 -6.94255193e+01  3.37850087e-04 
 1.56675107e+00 -6.94255239e+01  3.37849909e-04 
 1.58489319e+00 -6.94255283e+01  3.37849735e-04 
 1.60324539e+00 -6.94255329e+01  3.37849558e-04 
 1.62181010e+00 -6.94255376e+01  3.37849377e-04 
 1.64058977e+00 -6.94255423e+01  3.37849191e-04 
 1.65958691e+00 -6.94255471e+01  3.37849006e-04 
 1.67880402e+00 -6.94255521e+01  3.37848811e-04 
 1.69824365e+00 -6.94255572e+01  3.37848613e-04 
 1.71790839e+00 -6.94255624e+01  3.37848409e-04 
 1.73780083e+00 -6.94255678e+01  3.37848201e-04 
 1.75792361e+00 -6.94255733e+01  3.37847988e-04 
 1.77827941e+00 -6.94255789e+01  3.37847769e-04 
 1.79887092e+00 -6.94255846e+01  3.37847546e-04 
 1.81970086e+00 -6.94255905e+01  3.37847318e-04 
 1.84077200e+00 -6.94255965e+01  3.37847084e-04 
 1.86208714e+00 -6.94256026e+01  3.37846845e-04 
 1.88364909e+00 -6.94256088e+01  3.37846605e-04 
 1.90546072e+00 -6.94256153e+01  3.37846355e-04 
 1.92752491e+00 -6.94256218e+01  3.37846098e-04 
 1.94984460e+00 -6.94256286e+01  3.37845836e-04 
 1.97242274e+00 -6.94256357e+01  3.37845559e-04 
 1.99526231e+00 -6.94256428e+01  3.37845284e-04 
 2.01836636e+00 -6.94256500e+01  3.37845003e-04 
 2.04173794e+00 -6.94256574e+01  3.37844716e-04 
 2.06538016e+00 -6.94256649e+01  3.37844422e-04 
 2.08929613e+00 -6.94256725e+01  3.37844130e-04 
 2.11348904e+00 -6.94256804e+01  3.37843822e-04 
 2.13796209e+00 -6.94256885e+01  3.37843506e-04 
 2.16271852e+00 -6.94256968e+01  3.37843184e-04 
 2.18776162e+00 -6.94257053e+01  3.37842854e-04 
 2.21309471e+00 -6.94257138e+01  3.37842521e-04 
 2.23872114e+00 -6.94257227e+01  3.37842175e-04 
 2.26464431e+00 -6.94257318e+01  3.37841821e-04 
 2.29086765e+00 -6.94257411e+01  3.37841459e-04 
 2.31739465e+00 -6.94257507e+01  3.37841085e-04 
 2.34422882e+00 -6.94257605e+01  3.37840706e-04 
 2.37137371e+00 -6.94257705e+01  3.37840318e-04 
 2.39883292e+00 -6.94257807e+01  3.37839921e-04 
 2.42661010e+00 -6.94257911e+01  3.37839515e-04 
 2.45470892e+00 -6.94258018e+01  3.37839100e-04 
 2.48313311e+00 -6.94258126e+01  3.37838679e-04 
 2.51188643e+00 -6.94258241e+01  3.37838230e-04 
 2.54097271e+00 -6.94258356e+01  3.37837785e-04 
 2.57039578e+00 -6.94258472e+01  3.37837334e-04 
 2.60015956e+00 -6.94258592e+01  3.37836868e-04 
 2.63026799e+00 -6.94258714e+01  3.37836391e-04 
 2.66072506e+00 -6.94258840e+01  3.37835903e-04 
 2.69153480e+00 -6.94258968e+01  3.37835403e-04 
 2.72270131e+00 -6.94259100e+01  3.37834892e-04 
 2.75422870e+00 -6.94259234e+01  3.37834369e-04 
 2.78612117e+00 -6.94259371e+01  3.37833838e-04 
 2.81838293e+00 -6.94259511e+01  3.37833290e-04 
 2.85101827e+00 -6.94259656e+01  3.37832730e-04 
 2.88403150e+00 -6.94259803e+01  3.37832156e-04 
 2.91742701e+00 -6.94259954e+01  3.37831569e-04 
 2.95120923e+00 -6.94260108e+01  3.37830969e-04 
 2.98538262e+00 -6.94260265e+01  3.37830359e-04 
 3.01995172e+00 -6.94260429e+01  3.37829721e-04 
 3.05492111e+00 -6.94260596e+01  3.37829073e-04 
 3.09029543e+00 -6.94260765e+01  3.37828415e-04 
 3.12607937e+00 -6.94260938e+01  3.37827741e-04 
 3.16227766e+00 -6.94261114e+01  3.37827056e-04 
 3.19889511e+00 -6.94261295e+01  3.37826355e-04 
 3.23593657e+00 -6.94261479e+01  3.37825637e-04 
 3.27340695e+00 -6.94261669e+01  3.37824898e-04 
 3.31131121e+00 -6.94261866e+01  3.37824133e-04 
 3.34965439e+00 -6.94262066e+01  3.37823355e-04 
 3.38844156e+00 -6.94262269e+01  3.37822564e-04 
 3.42767787e+00 -6.94262476e+01  3.37821758e-04 
 3.46736850e+00 -6.94262690e+01  3.37820929e-04 
 3.50751874e+00 -6.94262908e+01  3.37820081e-04 
 3.54813389e+00 -6.94263131e+01  3.37819213e-04 
 3.58921935e+00 -6.94263358e+01  3.37818329e-04 
 3.63078055e+00 -6.94263592e+01  3.37817420e-04 
 3.67282300e+00 -6.94263831e+01  3.37816490e-04 
 3.71535229e+00 -6.94264074e+01  3.37815543e-04 
 3.75837404e+00 -6.94264328e+01  3.37814556e-04 
 3.80189396e+00 -6.94264584e+01  3.37813559e-04 
 3.84591782e+00 -6.94264845e+01  3.37812544e-04 
 3.89045145e+00 -6.94265115e+01  3.37811496e-04 
 3.93550075e+00 -6.94265388e+01  3.37810433e-04 
 3.98107171e+00 -6.94265669e+01  3.37809340e-04 
 4.02717034e+00 -6.94265954e+01  3.37808231e-04 
 4.07380278e+00 -6.94266250e+01  3.37807083e-04 
 4.12097519e+00 -6.94266552e+01  3.37805908e-04 
 4.16869383e+00 -6.94266860e+01  3.37804710e-04 
 4.21696503e+00 -6.94267174e+01  3.37803488e-04 
 4.26579519e+00 -6.94267497e+01  3.37802234e-04 
 4.31519077e+00 -6.94267826e+01  3.37800955e-04 
 4.36515832e+00 -6.94268166e+01  3.37799632e-04 
 4.41570447e+00 -6.94268511e+01  3.37798288e-04 
 4.46683592e+00 -6.94268866e+01  3.37796908e-04 
 4.51855944e+00 -6.94269227e+01  3.37795505e-04 
 4.57088190e+00 -6.94269597e+01  3.37794065e-04 
 4.62381021e+00 -6.94269976e+01  3.37792591e-04 
 4.67735141e+00 -6.94270363e+01  3.37791088e-04 
 4.73151259e+00 -6.94270760e+01  3.37789540e-04 
 4.78630092e+00 -6.94271164e+01  3.37787970e-04 
 4.84172368e+00 -6.94271580e+01  3.37786355e-04 
 4.89778819e+00 -6.94272006e+01  3.37784697e-04 
 4.95450191e+00 -6.94272442e+01  3.37783000e-04 
 5.01187234e+00 -6.94272887e+01  3.37781269e-04 
 5.06990708e+00 -6.94273344e+01  3.37779493e-04 
 5.12861384e+00 -6.94273809e+01  3.37777685e-04 
 5.18800039e+00 -6.94274287e+01  3.37775825e-04 
 5.24807460e+00 -6.94274773e+01  3.37773936e-04 
 5.30884444e+00 -6.94275274e+01  3.37771989e-04 
 5.37031796e+00 -6.94275783e+01  3.37770011e-04 
 5.43250331e+00 -6.94276308e+01  3.37767968e-04 
 5.49540874e+00 -6.94276843e+01  3.37765887e-04 
 5.55904257e+00 -6.94277389e+01  3.37763762e-04 
 5.62341325e+00 -6.94277949e+01  3.37761587e-04 
 5.68852931e+00 -6.94278526e+01  3.37759344e-04 
 5.75439937e+00 -6.94279111e+01  3.37757066e-04 
 5.82103218e+00 -6.94279712e+01  3.37754732e-04 
 5.88843655e+00 -6.94280326e+01  3.37752342e-04 
 5.95662144e+00 -6.94280955e+01  3.37749898e-04 
 6.02559586e+00 -6.94281597e+01  3.37747400e-04 
 6.09536897e+00 -6.94282257e+01  3.37744836e-04 
 6.16595002e+00 -6.94282931e+01  3.37742212e-04 
 6.23734835e+00 -6.94283620e+01  3.37739536e-04 
 6.30957344e+00 -6.94284324e+01  3.37736798e-04 
 6.38263486e+00 -6.94285047e+01  3.37733987e-04 
 6.45654229e+00 -6.94285783e+01  3.37731124e-04 
 6.53130553e+00 -6.94286541e+01  3.37728176e-04 
 6.60693448e+00 -6.94287314e+01  3.37725169e-04 
 6.68343918e+00 -6.94288107e+01  3.37722087e-04 
 6.76082975e+00 -6.94288915e+01  3.37718948e-04 
 6.83911647e+00 -6.94289743e+01  3.37715726e-04 
 6.91830971e+00 -6.94290592e+01  3.37712424e-04 
 6.99841996e+00 -6.94291460e+01  3.37709051e-04 
 7.07945784e+00 -6.94292347e+01  3.37705603e-04 
 7.16143410e+00 -6.94293256e+01  3.37702066e-04 
 7.24435960e+00 -6.94294187e+01  3.37698447e-04 
 7.32824533e+00 -6.94295137e+01  3.37694753e-04 
 7.41310241e+00 -6.94296113e+01  3.37690960e-04 
 7.49894209e+00 -6.94297107e+01  3.37687096e-04 
 7.58577575e+00 -6.94298126e+01  3.37683133e-04 
 7.67361489e+00 -6.94299168e+01  3.37679083e-04 
 7.76247117e+00 -6.94300236e+01  3.37674929e-04 
 7.85235635e+00 -6.94301329e+01  3.37670684e-04 
 7.94328235e+00 -6.94302446e+01  3.37666339e-04 
 8.03526122e+00 -6.94303588e+01  3.37661898e-04 
 8.12830516e+00 -6.94304760e+01  3.37657345e-04 
 8.22242650e+00 -6.94305957e+01  3.37652691e-04 
 8.31763771e+00 -6.94307181e+01  3.37647932e-04 
 8.41395142e+00 -6.94308436e+01  3.37643054e-04 
 8.51138038e+00 -6.94309718e+01  3.37638072e-04 
 8.60993752e+00 -6.94311030e+01  3.37632969e-04 
 8.70963590e+00 -6.94312375e+01  3.37627743e-04 
 8.81048873e+00 -6.94313750e+01  3.37622396e-04 
 8.91250938e+00 -6.94315156e+01  3.37616934e-04 
 9.01571138e+00 -6.94316595e+01  3.37611340e-04 
 9.12010839e+00 -6.94318068e+01  3.37605616e-04 
 9.22571427e+00 -6.94319574e+01  3.37599759e-04 
 9.33254301e+00 -6.94321116e+01  3.37593766e-04 
 9.44060876e+00 -6.94322694e+01  3.37587633e-04 
 9.54992586e+00 -6.94324308e+01  3.37581363e-04 
 9.66050879e+00 -6.94325962e+01  3.37574933e-04 
 9.77237221e+00 -6.94327650e+01  3.37568372e-04 
 9.88553095e+00 -6.94329380e+01  3.37561650e-04 
 1.00000000e+01 -6.94331150e+01  3.37554771e-04 
 1.01157945e+01 -6.94332963e+01  3.37547724e-04 
 1.02329299e+01 -6.94334815e+01  3.37540526e-04 
 1.03514217e+01 -6.94336712e+01  3.37533157e-04 
 1.04712855e+01 -6.94338651e+01  3.37525621e-04 
 1.05925373e+01 -6.94340639e+01  3.37517896e-04 
 1.07151931e+01 -6.94342671e+01  3.37510001e-04 
 1.08392691e+01 -6.94344748e+01  3.37501928e-04 
 1.09647820e+01 -6.94346877e+01  3.37493658e-04 
 1.10917482e+01 -6.94349051e+01  3.37485209e-04 
 1.12201845e+01 -6.94351280e+01  3.37476551e-04 
 1.13501082e+01 -6.94353558e+01  3.37467700e-04 
 1.14815362e+01 -6.94355891e+01  3.37458636e-04 
 1.16144861e+01 -6.94358277e+01  3.37449365e-04 
 1.17489755e+01 -6.94360717e+01  3.37439884e-04 
 1.18850223e+01 -6.94363217e+01  3.37430173e-04 
 1.20226443e+01 -6.94365773e+01  3.37420242e-04 
 1.21618600e+01 -6.94368390e+01  3.37410076e-04 
 1.23026877e+01 -6.94371066e+01  3.37399683e-04 
 1.24451461e+01 -6.94373805e+01  3.37389045e-04 
 1.25892541e+01 -6.94376607e+01  3.37378159e-04 
 1.27350308e+01 -6.94379476e+01  3.37367017e-04 
 1.28824955e+01 -6.94382410e+01  3.37355621e-04 
 1.30316678e+01 -6.94385413e+01  3.37343956e-04 
 1.31825674e+01 -6.94388483e+01  3.37332035e-04 
 1.33352143e+01 -6.94391626e+01  3.37319827e-04 
 1.34896288e+01 -6.94394841e+01  3.37307341e-04 
 1.36458314e+01 -6.94398133e+01  3.37294557e-04 
 1.38038426e+01 -6.94401501e+01  3.37281481e-04 
 1.39636836e+01 -6.94404946e+01  3.37268102e-04 
 1.41253754e+01 -6.94408472e+01  3.37254413e-04 
 1.42889396e+01 -6.94412079e+01  3.37240407e-04 
 1.44543977e+01 -6.94415771e+01  3.37226071e-04 
 1.46217717e+01 -6.94419547e+01  3.37211413e-04 
 1.47910839e+01 -6.94423411e+01  3.37196411e-04 
 1.49623566e+01 -6.94427368e+01  3.37181053e-04 
 1.51356125e+01 -6.94431412e+01  3.37165352e-04 
 1.53108746e+01 -6.94435552e+01  3.37149284e-04 
 1.54881662e+01 -6.94439786e+01  3.37132848e-04 
 1.56675107e+01 -6.94444120e+01  3.37116026e-04 
 1.58489319e+01 -6.94448554e+01  3.37098816e-04 
 1.60324539e+01 -6.94453093e+01  3.37081203e-04 
 1.62181010e+01 -6.94457734e+01  3.37063192e-04 
 1.64058977e+01 -6.94462484e+01  3.37044760e-04 
 1.65958691e+01 -6.94467347e+01  3.37025892e-04 
 1.67880402e+01 -6.94472318e+01  3.37006602e-04 
 1.69824365e+01 -6.94477405e+01  3.36986866e-04 
 1.71790839e+01 -6.94482613e+01  3.36966660e-04 
 1.73780083e+01 -6.94487938e+01  3.36946005e-04 
 1.75792361e+01 -6.94493389e+01  3.36924859e-04 
 1.77827941e+01 -6.94498966e+01  3.36903225e-04 
 1.79887092e+01 -6.94504669e+01  3.36881105e-04 
 1.81970086e+01 -6.94510508e+01  3.36858461e-04 
 1.84077200e+01 -6.94516482e+01  3.36835293e-04 
 1.86208714e+01 -6.94522591e+01  3.36811605e-04 
 1.88364909e+01 -6.94528844e+01  3.36787356e-04 
 1.90546072e+01 -6.94535243e+01  3.36762548e-04 
 1.92752491e+01 -6.94541788e+01  3.36737172e-04 
 1.94984460e+01 -6.94548485e+01  3.36711211e-04 
 1.97242274e+01 -6.94555334e+01  3.36684661e-04 
 1.99526231e+01 -6.94562344e+01  3.36657489e-04 
 2.01836636e+01 -6.94569519e+01  3.36629682e-04 
 2.04173794e+01 -6.94576854e+01  3.36601253e-04 
 2.06538016e+01 -6.94584363e+01  3.36572155e-04 
 2.08929613e+01 -6.94592046e+01  3.36542387e-04 
 2.11348904e+01 -6.94599904e+01  3.36511943e-04 
 2.13796209e+01 -6.94607944e+01  3.36480793e-04 
 2.16271852e+01 -6.94616169e+01  3.36448932e-04 
 2.18776162e+01 -6.94624588e+01  3.36416324e-04 
 2.21309471e+01 -6.94633199e+01  3.36382975e-04 
 2.23872114e+01 -6.94642008e+01  3.36348860e-04 
 2.26464431e+01 -6.94651021e+01  3.36313960e-04 
 2.29086765e+01 -6.94660242e+01  3.36278259e-04 
 2.31739465e+01 -6.94669676e+01  3.36241738e-04 
 2.34422882e+01 -6.94679326e+01  3.36204383e-04 
 2.37137371e+01 -6.94689201e+01  3.36166161e-04 
 2.39883292e+01 -6.94699302e+01  3.36127072e-04 
 2.42661010e+01 -6.94709640e+01  3.36087067e-04 
 2.45470892e+01 -6.94720210e+01  3.36046169e-04 
 2.48313311e+01 -6.94731029e+01  3.36004315e-04 
 2.51188643e+01 -6.94742093e+01  3.35961520e-04 
 2.54097271e+01 -6.94753414e+01  3.35917731e-04 
 2.57039578e+01 -6.94764994e+01  3.35872949e-04 
 2.60015956e+01 -6.94776842e+01  3.35827138e-04 
 2.63026799e+01 -6.94788964e+01  3.35780274e-04 
 2.66072506e+01 -6.94801364e+01  3.35732343e-04 
 2.69153480e+01 -6.94814048e+01  3.35683317e-04 
 2.72270131e+01 -6.94827027e+01  3.35633162e-04 
 2.75422870e+01 -6.94840298e+01  3.35581884e-04 
 2.78612117e+01 -6.94853878e+01  3.35529422e-04 
 2.81838293e+01 -6.94867772e+01  3.35475755e-04 
 2.85101827e+01 -6.94881982e+01  3.35420877e-04 
 2.88403150e+01 -6.94896519e+01  3.35364744e-04 
 2.91742701e+01 -6.94911389e+01  3.35307336e-04 
 2.95120923e+01 -6.94926603e+01  3.35248608e-04 
 2.98538262e+01 -6.94942163e+01  3.35188558e-04 
 3.01995172e+01 -6.94958082e+01  3.35127132e-04 
 3.05492111e+01 -6.94974366e+01  3.35064311e-04 
 3.09029543e+01 -6.94991019e+01  3.35000075e-04 
 3.12607937e+01 -6.95008057e+01  3.34934368e-04 
 3.16227766e+01 -6.95025486e+01  3.34867170e-04 
 3.19889511e+01 -6.95043310e+01  3.34798457e-04 
 3.23593657e+01 -6.95061544e+01  3.34728182e-04 
 3.27340695e+01 -6.95080196e+01  3.34656311e-04 
 3.31131121e+01 -6.95099274e+01  3.34582813e-04 
 3.34965439e+01 -6.95081074e+01  3.34652930e-04 
 3.38844156e+01 -6.95101033e+01  3.34576038e-04 
 3.42767787e+01 -6.95121445e+01  3.34497423e-04 
 3.46736850e+01 -6.95142326e+01  3.34417020e-04 
 3.50751874e+01 -6.95163683e+01  3.34334803e-04 
 3.54813389e+01 -6.95185525e+01  3.34250738e-04 
 3.58921935e+01 -6.95207864e+01  3.34164783e-04 
 3.63078055e+01 -6.95230712e+01  3.34076895e-04 
 3.67282300e+01 -6.95254081e+01  3.33987025e-04 
 3.71535229e+01 -6.95277985e+01  3.33895124e-04 
 3.75837404e+01 -6.95302427e+01  3.33801177e-04 
 3.80189396e+01 -6.95327425e+01  3.33705123e-04 
 3.84591782e+01 -6.95352994e+01  3.33606902e-04 
 3.89045145e+01 -6.95379140e+01  3.33506497e-04 
 3.93550075e+01 -6.95405883e+01  3.33403831e-04 
 3.98107171e+01 -6.95433228e+01  3.33298885e-04 
 4.02717034e+01 -6.95461192e+01  3.33191595e-04 
 4.07380278e+01 -6.95489793e+01  3.33081899e-04 
 4.12097519e+01 -6.95519039e+01  3.32969768e-04 
 4.16869383e+01 -6.95548946e+01  3.32855140e-04 
 4.21696503e+01 -6.95579530e+01  3.32737959e-04 
 4.26579519e+01 -6.95610803e+01  3.32618180e-04 
 4.31519077e+01 -6.95642779e+01  3.32495756e-04 
 4.36515832e+01 -6.95675481e+01  3.32370596e-04 
 4.41570447e+01 -6.95708917e+01  3.32242675e-04 
 4.46683592e+01 -6.95743106e+01  3.32111924e-04 
 4.51855944e+01 -6.95778065e+01  3.31978282e-04 
 4.57088190e+01 -6.95813808e+01  3.31841700e-04 
 4.62381021e+01 -6.95850356e+01  3.31702100e-04 
 4.67735141e+01 -6.95887723e+01  3.31559429e-04 
 4.73151259e+01 -6.95925928e+01  3.31413628e-04 
 4.78630092e+01 -6.95964986e+01  3.31264631e-04 
 4.84172368e+01 -6.96004922e+01  3.31112360e-04 
 4.89778819e+01 -6.96045751e+01  3.30956752e-04 
 4.95450191e+01 -6.96087491e+01  3.30797749e-04 
 5.01187234e+01 -6.96130160e+01  3.30635285e-04 
 5.06990708e+01 -6.96173782e+01  3.30469276e-04 
 5.12861384e+01 -6.96218375e+01  3.30299657e-04 
 5.18800039e+01 -6.96263960e+01  3.30126358e-04 
 5.24807460e+01 -6.96310561e+01  3.29949287e-04 
 5.30884444e+01 -6.96358193e+01  3.29768397e-04 
 5.37031796e+01 -6.96406886e+01  3.29583584e-04 
 5.43250331e+01 -6.96456653e+01  3.29394797e-04 
 5.49540874e+01 -6.96507524e+01  3.29201934e-04 
 5.55904257e+01 -6.96559520e+01  3.29004926e-04 
 5.62341325e+01 -6.96612661e+01  3.28803699e-04 
 5.68852931e+01 -6.96666978e+01  3.28598149e-04 
 5.75439937e+01 -6.96722487e+01  3.28388218e-04 
 5.82103218e+01 -6.96779217e+01  3.28173807e-04 
 5.88843655e+01 -6.96837197e+01  3.27954819e-04 
 5.95662144e+01 -6.96896447e+01  3.27731181e-04 
 6.02559586e+01 -6.96956994e+01  3.27502811e-04 
 6.09536897e+01 -6.97018867e+01  3.27269599e-04 
 6.16595002e+01 -6.97082091e+01  3.27031469e-04 
 6.23734835e+01 -6.97146695e+01  3.26788319e-04 
 6.30957344e+01 -6.97212707e+01  3.26540058e-04 
 6.38263486e+01 -6.97280152e+01  3.26286601e-04 
 6.45654229e+01 -6.97349065e+01  3.26027830e-04 
 6.53130553e+01 -6.97419469e+01  3.25763673e-04 
 6.60693448e+01 -6.97491399e+01  3.25494015e-04 
 6.68343918e+01 -6.97564885e+01  3.25218749e-04 
 6.76082975e+01 -6.97639956e+01  3.24937790e-04 
 6.83911647e+01 -6.97716641e+01  3.24651038e-04 
 6.91830971e+01 -6.97794977e+01  3.24358373e-04 
 6.99841996e+01 -6.97874995e+01  3.24059698e-04 
 7.07945784e+01 -6.97956727e+01  3.23754913e-04 
 7.16143410e+01 -6.98040207e+01  3.23443902e-04 
 7.24435960e+01 -6.98125467e+01  3.23126565e-04 
 7.32824533e+01 -6.98212545e+01  3.22802785e-04 
 7.41310241e+01 -6.98301475e+01  3.22472456e-04 
 7.49894209e+01 -6.98392290e+01  3.22135472e-04 
 7.58577575e+01 -6.98485027e+01  3.21791721e-04 
 7.67361489e+01 -6.98579727e+01  3.21441072e-04 
 7.76247117e+01 -6.98676422e+01  3.21083429e-04 
 7.85235635e+01 -6.98775149e+01  3.20718681e-04 
 7.94328235e+01 -6.98875951e+01  3.20346692e-04 
 8.03526122e+01 -6.98978864e+01  3.19967363e-04 
 8.12830516e+01 -6.99083925e+01  3.19580576e-04 
 8.22242650e+01 -6.99153463e+01  3.19324828e-04 
 8.31763771e+01 -6.99262946e+01  3.18922583e-04 
 8.41395142e+01 -6.99374697e+01  3.18512526e-04 
 8.51138038e+01 -6.99488763e+01  3.18094517e-04 
 8.60993752e+01 -6.99605180e+01  3.17668462e-04 
 8.70963590e+01 -6.99723992e+01  3.17234228e-04 
 8.81048873e+01 -6.99845245e+01  3.16791685e-04 
 8.91250938e+01 -6.99968980e+01  3.16340721e-04 
 9.01571138e+01 -7.00095236e+01  3.15881228e-04 
 9.12010839e+01 -7.00224065e+01  3.15413063e-04 
 9.22571427e+01 -7.00355507e+01  3.14936114e-04 
 9.33254301e+01 -7.00489609e+01  3.14450258e-04 
 9.44060876e+01 -7.00626414e+01  3.13955380e-04 
 9.54992586e+01 -7.00765972e+01  3.13451346e-04 
 9.66050879e+01 -7.00908328e+01  3.12938043e-04 
 9.77237221e+01 -7.01053525e+01  3.12415360e-04 
 9.88553095e+01 -7.01201615e+01  3.11883159e-04 
 1.00000000e+02 -7.01352641e+01  3.11341343e-04 
 1.01157945e+02 -7.01506656e+01  3.10789772e-04 
 1.02329299e+02 -7.01663709e+01  3.10228328e-04 
 1.03514217e+02 -7.01823843e+01  3.09656915e-04 
 1.04712855e+02 -7.01987111e+01  3.09075405e-04 
 1.05925373e+02 -7.02153562e+01  3.08483678e-04 
 1.07151931e+02 -7.02323246e+01  3.07881625e-04 
 1.08392691e+02 -7.02496214e+01  3.07269129e-04 
 1.09647820e+02 -7.02672515e+01  3.06646084e-04 
 1.10917482e+02 -7.02852198e+01  3.06012388e-04 
 1.12201845e+02 -7.02997607e+01  3.05500528e-04 
 1.13501082e+02 -7.03184211e+01  3.04844906e-04 
 1.14815362e+02 -7.03374354e+01  3.04178300e-04 
 1.16144861e+02 -7.03568085e+01  3.03500614e-04 
 1.17489755e+02 -7.03765457e+01  3.02811745e-04 
 1.18850223e+02 -7.03966522e+01  3.02111591e-04 
 1.20226443e+02 -7.04171331e+01  3.01400066e-04 
 1.21618600e+02 -7.04379938e+01  3.00677069e-04 
 1.23026877e+02 -7.04592393e+01  2.99942519e-04 
 1.24451461e+02 -7.04808750e+01  2.99196321e-04 
 1.25892541e+02 -7.05029060e+01  2.98438399e-04 
 1.27350308e+02 -7.05253376e+01  2.97668664e-04 
 1.28824955e+02 -7.05481752e+01  2.96887041e-04 
 1.30316678e+02 -7.05714234e+01  2.96093470e-04 
 1.31825674e+02 -7.05950881e+01  2.95287862e-04 
 1.33352143e+02 -7.06191744e+01  2.94470150e-04 
 1.34896288e+02 -7.06399156e+01  2.93767818e-04 
 1.36458314e+02 -7.06648602e+01  2.92925371e-04 
 1.38038426e+02 -7.06902414e+01  2.92070660e-04 
 1.39636836e+02 -7.07160647e+01  2.91203619e-04 
 1.41253754e+02 -7.07423352e+01  2.90324202e-04 
 1.42889396e+02 -7.07690576e+01  2.89432381e-04 
 1.44543977e+02 -7.07962374e+01  2.88528108e-04 
 1.46217717e+02 -7.08238796e+01  2.87611348e-04 
 1.47910839e+02 -7.08519888e+01  2.86682090e-04 
 1.49623566e+02 -7.08805696e+01  2.85740316e-04 
 1.51356125e+02 -7.09096279e+01  2.84785979e-04 
 1.53108746e+02 -7.09391678e+01  2.83819094e-04 
 1.54881662e+02 -7.09654226e+01  2.82962490e-04 
 1.56675107e+02 -7.09959400e+01  2.81970062e-04 
 1.58489319e+02 -7.10269532e+01  2.80965077e-04 
 1.60324539e+02 -7.10584669e+01  2.79947539e-04 
 1.62181010e+02 -7.10904849e+01  2.78917493e-04 
 1.64058977e+02 -7.11230128e+01  2.77874925e-04 
 1.65958691e+02 -7.11560540e+01  2.76819895e-04 
 1.67880402e+02 -7.11896131e+01  2.75752428e-04 
 1.69824365e+02 -7.12236945e+01  2.74672559e-04 
 1.71790839e+02 -7.12545306e+01  2.73699162e-04 
 1.73780083e+02 -7.12896683e+01  2.72594184e-04 
 1.75792361e+02 -7.13253399e+01  2.71476978e-04 
 1.77827941e+02 -7.13615498e+01  2.70347595e-04 
 1.79887092e+02 -7.13983013e+01  2.69206124e-04 
 1.81970086e+02 -7.14355981e+01  2.68052645e-04 
 1.84077200e+02 -7.14734438e+01  2.66887240e-04 
 1.86208714e+02 -7.15118417e+01  2.65710010e-04 
 1.88364909e+02 -7.15470238e+01  2.64635931e-04 
 1.90546072e+02 -7.15865361e+01  2.63434831e-04 
 1.92752491e+02 -7.16266098e+01  2.62222233e-04 
 1.94984460e+02 -7.16672489e+01  2.60998226e-04 
 1.97242274e+02 -7.17084554e+01  2.59762962e-04 
 1.99526231e+02 -7.17502324e+01  2.58516568e-04 
 2.01836636e+02 -7.17888111e+01  2.57370902e-04 
 2.04173794e+02 -7.18317362e+01  2.56102130e-04 
 2.06538016e+02 -7.18752392e+01  2.54822657e-04 
 2.08929613e+02 -7.19193222e+01  2.53532648e-04 
 2.11348904e+02 -7.19639870e+01  2.52232272e-04 
 2.13796209e+02 -7.20092361e+01  2.50921685e-04 
 2.16271852e+02 -7.20512995e+01  2.49709478e-04 
 2.18776162e+02 -7.20977214e+01  2.48378460e-04 
 2.21309471e+02 -7.21447323e+01  2.47037784e-04 
 2.23872114e+02 -7.21923337e+01  2.45687643e-04 
 2.26464431e+02 -7.22405265e+01  2.44328246e-04 
 2.29086765e+02 -7.22855406e+01  2.43065304e-04 
 2.31739465e+02 -7.23349196e+01  2.41687405e-04 
 2.34422882e+02 -7.23848931e+01  2.40300871e-04 
 2.37137371e+02 -7.24354616e+01  2.38905924e-04 
 2.39883292e+02 -7.24828550e+01  2.37605915e-04 
 2.42661010e+02 -7.25346146e+01  2.36194221e-04 
 2.45470892e+02 -7.25869715e+01  2.34774771e-04 
 2.48313311e+02 -7.26399243e+01  2.33347839e-04 
 2.51188643e+02 -7.26897024e+01  2.32014369e-04 
 2.54097271e+02 -7.27438477e+01  2.30572557e-04 
 2.57039578e+02 -7.27985886e+01  2.29123993e-04 
 2.60015956e+02 -7.28539255e+01  2.27668908e-04 
 2.63026799e+02 -7.29060857e+01  2.26305815e-04 
 2.66072506e+02 -7.29626110e+01  2.24837865e-04 
 2.69153480e+02 -7.30197298e+01  2.23364171e-04 
 2.72270131e+02 -7.30774411e+01  2.21885001e-04 
 2.75422870e+02 -7.31319716e+01  2.20496357e-04 
 2.78612117e+02 -7.31908638e+01  2.19006402e-04 
 2.81838293e+02 -7.32503444e+01  2.17511779e-04 
 2.85101827e+02 -7.33066409e+01  2.16106563e-04 
 2.88403150e+02 -7.33672940e+01  2.14602760e-04 
 2.91742701e+02 -7.34285309e+01  2.13095095e-04 
 2.95120923e+02 -7.34865781e+01  2.11675744e-04 
 2.98538262e+02 -7.35489768e+01  2.10160533e-04 
 3.01995172e+02 -7.36081821e+01  2.08732894e-04 
 3.05492111e+02 -7.36717341e+01  2.07211233e-04 
 3.09029543e+02 -7.37358597e+01  2.05687081e-04 
 3.12607937e+02 -7.37967851e+01  2.04249380e-04 
 3.16227766e+02 -7.38620504e+01  2.02720413e-04 
 3.19889511e+02 -7.39278817e+01  2.01189780e-04 
 3.23593657e+02 -7.39905049e+01  1.99744466e-04 
 3.27340695e+02 -7.40574601e+01  1.98210655e-04 
 3.31131121e+02 -7.41212020e+01  1.96761397e-04 
 3.34965439e+02 -7.41892700e+01  1.95225480e-04 
 3.38844156e+02 -7.42541188e+01  1.93773355e-04 
 3.42767787e+02 -7.43232879e+01  1.92236390e-04 
 3.46736850e+02 -7.43892314e+01  1.90782454e-04 
 3.50751874e+02 -7.44594889e+01  1.89245498e-04 
 3.54813389e+02 -7.45265148e+01  1.87790778e-04 
 3.58921935e+02 -7.45978480e+01  1.86254855e-04 
 3.63078055e+02 -7.46659427e+01  1.84800382e-04 
 3.67282300e+02 -7.47383384e+01  1.83266497e-04 
 3.71535229e+02 -7.48074889e+01  1.81813261e-04 
 3.75837404e+02 -7.48809333e+01  1.80282403e-04 
 3.80189396e+02 -7.49511254e+01  1.78831381e-04 
 3.84591782e+02 -7.50218337e+01  1.77381497e-04 
 3.89045145e+02 -7.50968250e+01  1.75856632e-04 
 3.93550075e+02 -7.51685536e+01  1.74410378e-04 
 3.98107171e+02 -7.52445588e+01  1.72890871e-04 
 4.02717034e+02 -7.53172936e+01  1.71449144e-04 
 4.07380278e+02 -7.53905268e+01  1.70009685e-04 
 4.12097519e+02 -7.54680258e+01  1.68499536e-04 
 4.16869383e+02 -7.55422436e+01  1.67065903e-04 
 4.21696503e+02 -7.56169486e+01  1.65635174e-04 
 4.26579519e+02 -7.56921375e+01  1.64207551e-04 
 4.31519077e+02 -7.57715775e+01  1.62712577e-04 
 4.36515832e+02 -7.58477223e+01  1.61292394e-04 
 4.41570447e+02 -7.59243404e+01  1.59875892e-04 
 4.46683592e+02 -7.60014277e+01  1.58463271e-04 
 4.51855944e+02 -7.60789813e+01  1.57054699e-04 
 4.57088190e+02 -7.61607680e+01  1.55582805e-04 
 4.62381021e+02 -7.62392428e+01  1.54183486e-04 
 4.67735141e+02 -7.63181730e+01  1.52788741e-04 
 4.73151259e+02 -7.63975560e+01  1.51398718e-04 
 4.78630092e+02 -7.64773876e+01  1.50013595e-04 
 4.84172368e+02 -7.65576654e+01  1.48633509e-04 
 4.89778819e+02 -7.66383858e+01  1.47258614e-04 
 4.95450191e+02 -7.67195458e+01  1.45889054e-04 
 5.01187234e+02 -7.68011421e+01  1.44524972e-04 
 5.06990708e+02 -7.68831720e+01  1.43166498e-04 
 5.12861384e+02 -7.69656322e+01  1.41813766e-04 
 5.18800039e+02 -7.70485203e+01  1.40466895e-04 
 5.24807460e+02 -7.71318331e+01  1.39126014e-04 
 5.30884444e+02 -7.72155682e+01  1.37791235e-04 
 5.37031796e+02 -7.72959515e+01  1.36521931e-04 
 5.43250331e+02 -7.73805229e+01  1.35199116e-04 
 5.49540874e+02 -7.74655088e+01  1.33882731e-04 
 5.55904257e+02 -7.75509069e+01  1.32572868e-04 
 5.62341325e+02 -7.76329437e+01  1.31326635e-04 
 5.68852931e+02 -7.77191590e+01  1.30029547e-04 
 5.75439937e+02 -7.78057800e+01  1.28739258e-04 
 5.82103218e+02 -7.78890333e+01  1.27511200e-04 
 5.88843655e+02 -7.79764592e+01  1.26234202e-04 
 5.95662144e+02 -7.80642850e+01  1.24964240e-04 
 6.02559586e+02 -7.81487376e+01  1.23755104e-04 
 6.09536897e+02 -7.82373579e+01  1.22498877e-04 
 6.16595002e+02 -7.83226018e+01  1.21302545e-04 
 6.23734835e+02 -7.84120110e+01  1.20060307e-04 
 6.30957344e+02 -7.84980410e+01  1.18877031e-04 
 6.38263486e+02 -7.85844625e+01  1.17700112e-04 
 6.45654229e+02 -7.86750452e+01  1.16479028e-04 
 6.53130553e+02 -7.87622464e+01  1.15315498e-04 
 6.60693448e+02 -7.88498359e+01  1.14158487e-04 
 6.68343918e+02 -7.89378136e+01  1.13008033e-04 
 6.76082975e+02 -7.90261788e+01  1.11864185e-04 
 6.83911647e+02 -7.91187025e+01  1.10678911e-04 
 6.91830971e+02 -7.92078415e+01  1.09548876e-04 
 6.99841996e+02 -7.92973674e+01  1.08425549e-04 
 7.07945784e+02 -7.93872803e+01  1.07308960e-04 
 7.16143410e+02 -7.94775803e+01  1.06199136e-04 
 7.24435960e+02 -7.95644963e+01  1.05141746e-04 
 7.32824533e+02 -7.96555714e+01  1.04045052e-04 
 7.41310241e+02 -7.97470350e+01  1.02955191e-04 
 7.49894209e+02 -7.98388880e+01  1.01872180e-04 
 7.58577575e+02 -7.99273600e+01  1.00839805e-04 
 7.67361489e+02 -8.00199941e+01  9.97700747e-05 
 7.76247117e+02 -8.01130212e+01  9.87072241e-05 
 7.85235635e+02 -8.02026709e+01  9.76936764e-05 
 7.94328235e+02 -8.02964878e+01  9.66441583e-05 
 8.03526122e+02 -8.03869305e+01  9.56430624e-05 
 8.12830516e+02 -8.04777724e+01  9.46479868e-05 
 8.22242650e+02 -8.05690160e+01  9.36589320e-05 
 8.31763771e+02 -8.06644341e+01  9.26356807e-05 
 8.41395142e+02 -8.07564868e+01  9.16591149e-05 
 8.51138038e+02 -8.08489484e+01  9.06885752e-05 
 8.60993752e+02 -8.09418217e+01  8.97240599e-05 
 8.70963590e+02 -8.10351092e+01  8.87655690e-05 
 8.81048873e+02 -8.11288145e+01  8.78130932e-05 
 8.91250938e+02 -8.12191696e+01  8.69043505e-05 
 9.01571138e+02 -8.13137202e+01  8.59634801e-05 
 9.12010839e+02 -8.14086991e+01  8.50286036e-05 
 9.22571427e+02 -8.15003396e+01  8.41362243e-05 
 9.33254301e+02 -8.15961875e+01  8.32128942e-05 
 9.44060876e+02 -8.16887048e+01  8.23312600e-05 
 9.54992586e+02 -8.17854390e+01  8.14194286e-05 
 9.66050879e+02 -8.18788519e+01  8.05484899e-05 
 9.77237221e+02 -8.19727200e+01  7.96826921e-05 
 9.88553095e+02 -8.20670490e+01  7.88220179e-05 
 1.00000000e+03 -8.21618436e+01  7.79664603e-05 
 1.01157945e+03 -8.22571097e+01  7.71160035e-05 
 1.02329299e+03 -8.23528537e+01  7.62706269e-05 
 1.03514217e+03 -8.24453095e+01  7.54630801e-05 
 1.04712855e+03 -8.25420268e+01  7.46274596e-05 
 1.05925373e+03 -8.26354699e+01  7.38289184e-05 
 1.07151931e+03 -8.27331875e+01  7.30029860e-05 
 1.08392691e+03 -8.28276445e+01  7.22133970e-05 
 1.09647820e+03 -8.29226193e+01  7.14280896e-05 
 1.10917482e+03 -8.30181200e+01  7.06470450e-05 
 1.12201845e+03 -8.31141546e+01  6.98702454e-05 
 1.13501082e+03 -8.32107308e+01  6.90976790e-05 
 1.14815362e+03 -8.33040863e+01  6.83589978e-05 
 1.16144861e+03 -8.34017718e+01  6.75945081e-05 
 1.17489755e+03 -8.34962539e+01  6.68632226e-05 
 1.18850223e+03 -8.35950851e+01  6.61067406e-05 
 1.20226443e+03 -8.36907316e+01  6.53827860e-05 
 1.21618600e+03 -8.37869751e+01  6.46623142e-05 
 1.23026877e+03 -8.38838259e+01  6.39453111e-05 
 1.24451461e+03 -8.39775225e+01  6.32592259e-05 
 1.25892541e+03 -8.40756591e+01  6.25485207e-05 
 1.27350308e+03 -8.41706239e+01  6.18683884e-05 
 1.28824955e+03 -8.42700117e+01  6.11644976e-05 
 1.30316678e+03 -8.43662910e+01  6.04902600e-05 
 1.31825674e+03 -8.44632452e+01  5.98188057e-05 
 1.33352143e+03 -8.45608875e+01  5.91501192e-05 
 1.34896288e+03 -8.46554589e+01  5.85095903e-05 
 1.36458314e+03 -8.47545158e+01  5.78461171e-05 
 1.38038426e+03 -8.48505284e+01  5.72102149e-05 
 1.39636836e+03 -8.49472826e+01  5.65764727e-05 
 1.41253754e+03 -8.50447932e+01  5.59448793e-05 
 1.42889396e+03 -8.51430745e+01  5.53154276e-05 
 1.44543977e+03 -8.52383703e+01  5.47118606e-05 
 1.46217717e+03 -8.53382390e+01  5.40863967e-05 
 1.47910839e+03 -8.54351537e+01  5.34862703e-05 
 1.49623566e+03 -8.55329027e+01  5.28877223e-05 
 1.51356125e+03 -8.56277314e+01  5.23134582e-05 
 1.53108746e+03 -8.57271992e+01  5.17177995e-05 
 1.54881662e+03 -8.58237823e+01  5.11459070e-05 
 1.56675107e+03 -8.59212695e+01  5.05750737e-05 
 1.58489319e+03 -8.60196798e+01  5.00052966e-05 
 1.60324539e+03 -8.61190325e+01  4.94365751e-05 
 1.62181010e+03 -8.62155959e+01  4.88900187e-05 
 1.64058977e+03 -8.63131215e+01  4.83441496e-05 
 1.65958691e+03 -8.64116502e+01  4.77988545e-05 
 1.67880402e+03 -8.65112037e+01  4.72541349e-05 
 1.69824365e+03 -8.66080314e+01  4.67302851e-05 
 1.71790839e+03 -8.67059280e+01  4.62065562e-05 
 1.73780083e+03 -8.68049156e+01  4.56829581e-05 
 1.75792361e+03 -8.69012471e+01  4.51791075e-05 
 1.77827941e+03 -8.69987179e+01  4.46749530e-05 
 1.79887092e+03 -8.70973524e+01  4.41705068e-05 
 1.81970086e+03 -8.71971757e+01  4.36657792e-05 
 1.84077200e+03 -8.72944428e+01  4.31795252e-05 
 1.86208714e+03 -8.73929518e+01  4.26925811e-05 
 1.88364909e+03 -8.74927292e+01  4.22049646e-05 
 1.90546072e+03 -8.75900321e+01  4.17348056e-05 
 1.92752491e+03 -8.76886609e+01  4.12635847e-05 
 1.94984460e+03 -8.77886436e+01  4.07913255e-05 
 1.97242274e+03 -8.78862406e+01  4.03355488e-05 
 1.99526231e+03 -8.79852526e+01  3.98783672e-05 
 2.01836636e+03 -8.80819405e+01  3.94369187e-05 
 2.04173794e+03 -8.81838786e+01  3.89767900e-05 
 2.06538016e+03 -8.82797864e+01  3.85487836e-05 
 2.08929613e+03 -8.83810117e+01  3.81021440e-05 
 2.11348904e+03 -8.84800467e+01  3.76701775e-05 
 2.13796209e+03 -8.85769264e+01  3.72523505e-05 
 2.16271852e+03 -8.86754986e+01  3.68319802e-05 
 2.18776162e+03 -8.87757213e+01  3.64094347e-05 
 2.21309471e+03 -8.88739005e+01  3.60002053e-05 
 2.23872114e+03 -8.89738463e+01  3.55883362e-05 
 2.26464431e+03 -8.90718284e+01  3.51891343e-05 
 2.29086765e+03 -8.91716582e+01  3.47870091e-05 
 2.31739465e+03 -8.92696066e+01  3.43969291e-05 
 2.34422882e+03 -8.93694881e+01  3.40036546e-05 
 2.37137371e+03 -8.94675747e+01  3.36218235e-05 
 2.39883292e+03 -8.95676835e+01  3.32365415e-05 
 2.42661010e+03 -8.96660886e+01  3.28621195e-05 
 2.45470892e+03 -8.97628376e+01  3.24981111e-05 
 2.48313311e+03 -8.98617498e+01  3.21301321e-05 
 2.51188643e+03 -8.99628745e+01  3.17582288e-05 
 2.54097271e+03 -9.00624909e+01  3.13960821e-05 
 2.57039578e+03 -9.01606518e+01  3.10432664e-05 
 2.60015956e+03 -9.02612004e+01  3.06859788e-05 
 2.63026799e+03 -9.03603801e+01  3.03375842e-05 
 2.66072506e+03 -9.04582664e+01  2.99976116e-05 
 2.69153480e+03 -9.05586876e+01  2.96527940e-05 
 2.72270131e+03 -9.06579310e+01  2.93159149e-05 
 2.75422870e+03 -9.07560555e+01  2.89865966e-05 
 2.78612117e+03 -9.08569136e+01  2.86519588e-05 
 2.81838293e+03 -9.09529852e+01  2.83367956e-05 
 2.85101827e+03 -9.10556681e+01  2.80037760e-05 
 2.88403150e+03 -9.11537140e+01  2.76894483e-05 
 2.91742701e+03 -9.12509608e+01  2.73811673e-05 
 2.95120923e+03 -9.13512486e+01  2.70668408e-05 
 2.98538262e+03 -9.14508962e+01  2.67580949e-05 
 3.01995172e+03 -9.15499351e+01  2.64547246e-05 
 3.05492111e+03 -9.16484597e+01  2.61563425e-05 
 3.09029543e+03 -9.17503149e+01  2.58514111e-05 
 3.12607937e+03 -9.18480365e+01  2.55621969e-05 
 3.16227766e+03 -9.19492657e+01  2.52660130e-05 
 3.19889511e+03 -9.20465000e+01  2.49847495e-05 
 3.23593657e+03 -9.21473845e+01  2.46962363e-05 
 3.27340695e+03 -9.22482332e+01  2.44111557e-05 
 3.31131121e+03 -9.23453797e+01  2.41396525e-05 
 3.34965439e+03 -9.24460958e+01  2.38613608e-05 
 3.38844156e+03 -9.25435906e+01  2.35950264e-05 
 3.42767787e+03 -9.26451781e+01  2.33206737e-05 
 3.46736850e+03 -9.27434306e+01  2.30583629e-05 
 3.50751874e+03 -9.28421770e+01  2.27977060e-05 
 3.54813389e+03 -9.29415370e+01  2.25384036e-05 
 3.58921935e+03 -9.30416106e+01  2.22802197e-05 
 3.63078055e+03 -9.31425232e+01  2.20228661e-05 
 3.67282300e+03 -9.32405696e+01  2.17756698e-05 
 3.71535229e+03 -9.33396498e+01  2.15286853e-05 
 3.75837404e+03 -9.34398952e+01  2.12816474e-05 
 3.80189396e+03 -9.35413804e+01  2.10344413e-05 
 3.84591782e+03 -9.36404702e+01  2.07958410e-05 
 3.89045145e+03 -9.37410764e+01  2.05563584e-05 
 3.93550075e+03 -9.38395089e+01  2.03247193e-05 
 3.98107171e+03 -9.39396849e+01  2.00916569e-05 
 4.02717034e+03 -9.40379812e+01  1.98655660e-05 
 4.07380278e+03 -9.41382593e+01  1.96375379e-05 
 4.12097519e+03 -9.42369030e+01  1.94157804e-05 
 4.16869383e+03 -9.43378398e+01  1.91914597e-05 
 4.21696503e+03 -9.44374005e+01  1.89727366e-05 
 4.26579519e+03 -9.45357671e+01  1.87590847e-05 
 4.31519077e+03 -9.46368189e+01  1.85421057e-05 
 4.36515832e+03 -9.47369551e+01  1.83295686e-05 
 4.41570447e+03 -9.48363497e+01  1.81210149e-05 
 4.46683592e+03 -9.49351200e+01  1.79161214e-05 
 4.51855944e+03 -9.50372395e+01  1.77067161e-05 
 4.57088190e+03 -9.51352898e+01  1.75079587e-05 
 4.62381021e+03 -9.52370223e+01  1.73040948e-05 
 4.67735141e+03 -9.53350280e+01  1.71099445e-05 
 4.73151259e+03 -9.54332947e+01  1.69174642e-05 
 4.78630092e+03 -9.55357352e+01  1.67191133e-05 
 4.84172368e+03 -9.56350312e+01  1.65290708e-05 
 4.89778819e+03 -9.57351043e+01  1.63397265e-05 
 4.95450191e+03 -9.58324168e+01  1.61576858e-05 
 5.01187234e+03 -9.59346704e+01  1.59685867e-05 
 5.06990708e+03 -9.60345450e+01  1.57860236e-05 
 5.12861384e+03 -9.61322487e+01  1.56094487e-05 
 5.18800039e+03 -9.62318060e+01  1.54315553e-05 
 5.24807460e+03 -9.63333938e+01  1.52521233e-05 
 5.30884444e+03 -9.64334246e+01  1.50774802e-05 
 5.37031796e+03 -9.65321858e+01  1.49070158e-05 
 5.43250331e+03 -9.66336419e+01  1.47339064e-05 
 5.49540874e+03 -9.67305084e+01  1.45705042e-05 
 5.55904257e+03 -9.68306136e+01  1.44035425e-05 
 5.62341325e+03 -9.69303557e+01  1.42390894e-05 
 5.68852931e+03 -9.70300296e+01  1.40766243e-05 
 5.75439937e+03 -9.71299379e+01  1.39156374e-05 
 5.82103218e+03 -9.72302689e+01  1.37558223e-05 
 5.88843655e+03 -9.73313554e+01  1.35966598e-05 
 5.95662144e+03 -9.74296682e+01  1.34436312e-05 
 6.02559586e+03 -9.75293047e+01  1.32902995e-05 
 6.09536897e+03 -9.76305380e+01  1.31363013e-05 
 6.16595002e+03 -9.77299186e+01  1.29868573e-05 
 6.23734835e+03 -9.78314651e+01  1.28359125e-05 
 6.30957344e+03 -9.79317806e+01  1.26885201e-05 
 6.38263486e+03 -9.80311471e+01  1.25441906e-05 
 6.45654229e+03 -9.81296142e+01  1.24027872e-05 
 6.53130553e+03 -9.82281400e+01  1.22628947e-05 
 6.60693448e+03 -9.83305206e+01  1.21192005e-05 
 6.68343918e+03 -9.84295662e+01  1.19817896e-05 
 6.76082975e+03 -9.85294094e+01  1.18448491e-05 
 6.83911647e+03 -9.86304207e+01  1.17078990e-05 
 6.91830971e+03 -9.87292060e+01  1.15754985e-05 
 6.99841996e+03 -9.88299257e+01  1.14420467e-05 
 7.07945784e+03 -9.89292231e+01  1.13119856e-05 
 7.16143410e+03 -9.90274646e+01  1.11847625e-05 
 7.24435960e+03 -9.91288566e+01  1.10549599e-05 
 7.32824533e+03 -9.92300326e+01  1.09269353e-05 
 7.41310241e+03 -9.93277145e+01  1.08047388e-05 
 7.49894209e+03 -9.94298509e+01  1.06784313e-05 
 7.58577575e+03 -9.95293339e+01  1.05568245e-05 
 7.67361489e+03 -9.96266685e+01  1.04391845e-05 
 7.76247117e+03 -9.97260436e+01  1.03204306e-05 
 7.85235635e+03 -9.98280251e+01  1.01999665e-05 
 7.94328235e+03 -9.99292825e+01  1.00817488e-05 
 8.03526122e+03 -1.00026594e+02  9.96942902e-06 
 8.12830516e+03 -1.00127985e+02  9.85373181e-06 
 8.22242650e+03 -1.00226468e+02  9.74263915e-06 
 8.31763771e+03 -1.00326380e+02  9.63121378e-06 
 8.41395142e+03 -1.00428261e+02  9.51890364e-06 
 8.51138038e+03 -1.00528574e+02  9.40960350e-06 
 8.60993752e+03 -1.00628583e+02  9.30188237e-06 
 8.70963590e+03 -1.00728530e+02  9.19546059e-06 
 8.81048873e+03 -1.00825297e+02  9.09358542e-06 
 8.91250938e+03 -1.00927014e+02  8.98771524e-06 
 9.01571138e+03 -1.01026843e+02  8.88500904e-06 
 9.12010839e+03 -1.01125379e+02  8.78478325e-06 
 9.22571427e+03 -1.01227088e+02  8.68251607e-06 
 9.33254301e+03 -1.01325116e+02  8.58507755e-06 
 9.44060876e+03 -1.01427690e+02  8.48428964e-06 
 9.54992586e+03 -1.01528029e+02  8.38684360e-06 
 9.66050879e+03 -1.01626851e+02  8.29196522e-06 
 9.77237221e+03 -1.01724911e+02  8.19887815e-06 
 9.88553095e+03 -1.01826773e+02  8.10328918e-06 
 1.00000000e+04 -1.01925646e+02  8.01157099e-06 
 1.01157945e+04 -1.02025809e+02  7.91971467e-06 
 1.02329299e+04 -1.02124961e+02  7.82982324e-06 
 1.03514217e+04 -1.02227418e+02  7.73800640e-06 
 1.04712855e+04 -1.02326467e+02  7.65026819e-06 
 1.05925373e+04 -1.02426825e+02  7.56238467e-06 
 1.07151931e+04 -1.02525528e+02  7.47693462e-06 
 1.08392691e+04 -1.02627399e+02  7.38975513e-06 
 1.09647820e+04 -1.02725724e+02  7.30657440e-06 
 1.10917482e+04 -1.02825347e+02  7.22324982e-06 
 1.12201845e+04 -1.02927226e+02  7.13902170e-06 
 1.13501082e+04 -1.03024834e+02  7.05924539e-06 
 1.14815362e+04 -1.03126439e+02  6.97715016e-06 
 1.16144861e+04 -1.03226203e+02  6.89747071e-06 
 1.17489755e+04 -1.03324879e+02  6.81955539e-06 
 1.18850223e+04 -1.03423663e+02  6.74243651e-06 
 1.20226443e+04 -1.03527350e+02  6.66242750e-06 
 1.21618600e+04 -1.03625876e+02  6.58728108e-06 
 1.23026877e+04 -1.03724209e+02  6.51312727e-06 
 1.24451461e+04 -1.03827305e+02  6.43627771e-06 
 1.25892541e+04 -1.03925122e+02  6.36420101e-06 
 1.27350308e+04 -1.04026188e+02  6.29057877e-06 
 1.28824955e+04 -1.04124870e+02  6.21951438e-06 
 1.30316678e+04 -1.04226026e+02  6.14750235e-06 
 1.31825674e+04 -1.04323404e+02  6.07896689e-06 
 1.33352143e+04 -1.04426015e+02  6.00757540e-06 
 1.34896288e+04 -1.04523964e+02  5.94021017e-06 
 1.36458314e+04 -1.04626265e+02  5.87065783e-06 
 1.38038426e+04 -1.04726582e+02  5.80324525e-06 
 1.39636836e+04 -1.04823287e+02  5.73899226e-06 
 1.41253754e+04 -1.04925221e+02  5.67203579e-06 
 1.42889396e+04 -1.05026414e+02  5.60633829e-06 
 1.44543977e+04 -1.05124768e+02  5.54321312e-06 
 1.46217717e+04 -1.05225767e+02  5.47913040e-06 
 1.47910839e+04 -1.05323576e+02  5.41777799e-06 
 1.49623566e+04 -1.05423416e+02  5.35585997e-06 
 1.51356125e+04 -1.05523969e+02  5.29421449e-06 
 1.53108746e+04 -1.05622998e+02  5.23419720e-06 
 1.54881662e+04 -1.05726171e+02  5.17239251e-06 
 1.56675107e+04 -1.05824134e+02  5.11438367e-06 
 1.58489319e+04 -1.05926037e+02  5.05473196e-06 
 1.60324539e+04 -1.06023340e+02  4.99842300e-06 
 1.62181010e+04 -1.06125263e+02  4.94011251e-06 
 1.64058977e+04 -1.06226415e+02  4.88291591e-06 
 1.65958691e+04 -1.06325200e+02  4.82769680e-06 
 1.67880402e+04 -1.06423549e+02  4.77334225e-06 
 1.69824365e+04 -1.06524321e+02  4.71828271e-06 
 1.71790839e+04 -1.06625840e+02  4.66345715e-06 
 1.73780083e+04 -1.06722891e+02  4.61164059e-06 
 1.75792361e+04 -1.06825500e+02  4.55748221e-06 
 1.77827941e+04 -1.06924515e+02  4.50582450e-06 
 1.79887092e+04 -1.07023135e+02  4.45495439e-06 
 1.81970086e+04 -1.07123678e+02  4.40368373e-06 
 1.84077200e+04 -1.07225031e+02  4.35259703e-06 
 1.86208714e+04 -1.07325827e+02  4.30237894e-06 
 1.88364909e+04 -1.07425781e+02  4.25315268e-06 
 1.90546072e+04 -1.07523310e+02  4.20566317e-06 
 1.92752491e+04 -1.07625828e+02  4.15631657e-06 
 1.94984460e+04 -1.07724643e+02  4.10930010e-06 
 1.97242274e+04 -1.07822856e+02  4.06309727e-06 
 1.99526231e+04 -1.07923330e+02  4.01636809e-06 
 2.01836636e+04 -1.08026101e+02  3.96912674e-06 
 2.04173794e+04 -1.08122848e+02  3.92516199e-06 
 2.06538016e+04 -1.08224329e+02  3.87956969e-06 
 2.08929613e+04 -1.08322862e+02  3.83580846e-06 
 2.11348904e+04 -1.08425890e+02  3.79057856e-06 
 2.13796209e+04 -1.08525394e+02  3.74740220e-06 
 2.16271852e+04 -1.08625233e+02  3.70457472e-06 
 2.18776162e+04 -1.08725621e+02  3.66200514e-06 
 2.21309471e+04 -1.08822469e+02  3.62140043e-06 
 2.23872114e+04 -1.08923772e+02  3.57940981e-06 
 2.26464431e+04 -1.09026022e+02  3.53752013e-06 
 2.29086765e+04 -1.09125947e+02  3.49705631e-06 
 2.31739465e+04 -1.09223744e+02  3.45790304e-06 
 2.34422882e+04 -1.09323898e+02  3.41826012e-06 
 2.37137371e+04 -1.09423333e+02  3.37935122e-06 
 2.39883292e+04 -1.09522790e+02  3.34087718e-06 
 2.42661010e+04 -1.09623212e+02  3.30247395e-06 
 2.45470892e+04 -1.09725535e+02  3.26379775e-06 
 2.48313311e+04 -1.09823341e+02  3.22725261e-06 
 2.51188643e+04 -1.09925410e+02  3.18955053e-06 
 2.54097271e+04 -1.10025535e+02  3.15299478e-06 
 2.57039578e+04 -1.10125129e+02  3.11704850e-06 
 2.60015956e+04 -1.10225828e+02  3.08111983e-06 
 2.63026799e+04 -1.10325641e+02  3.04591623e-06 
 2.66072506e+04 -1.10422223e+02  3.01223517e-06 
 2.69153480e+04 -1.10525654e+02  2.97657833e-06 
 2.72270131e+04 -1.10622360e+02  2.94362160e-06 
 2.75422870e+04 -1.10722714e+02  2.90980785e-06 
 2.78612117e+04 -1.10824667e+02  2.87585267e-06 
 2.81838293e+04 -1.10923512e+02  2.84331126e-06 
 2.85101827e+04 -1.11026015e+02  2.80995425e-06 
 2.88403150e+04 -1.11123008e+02  2.77875089e-06 
 2.91742701e+04 -1.11225333e+02  2.74620738e-06 
 2.95120923e+04 -1.11325116e+02  2.71483983e-06 
 2.98538262e+04 -1.11424949e+02  2.68381471e-06 
 3.01995172e+04 -1.11524865e+02  2.65311907e-06 
 3.05492111e+04 -1.11625022e+02  2.62270162e-06 
 3.09029543e+04 -1.11724787e+02  2.59274991e-06 
 3.12607937e+04 -1.11824608e+02  2.56312385e-06 
 3.16227766e+04 -1.11924931e+02  2.53368982e-06 
 3.19889511e+04 -1.12022833e+02  2.50529187e-06 
 3.23593657e+04 -1.12122164e+02  2.47680483e-06 
 3.27340695e+04 -1.12224196e+02  2.44788050e-06 
 3.31131121e+04 -1.12322514e+02  2.42032839e-06 
 3.34965439e+04 -1.12422200e+02  2.39270952e-06 
 3.38844156e+04 -1.12524773e+02  2.36461997e-06 
 3.42767787e+04 -1.12624497e+02  2.33762662e-06 
 3.46736850e+04 -1.12723619e+02  2.31110176e-06 
 3.50751874e+04 -1.12823704e+02  2.28462433e-06 
 3.54813389e+04 -1.12923715e+02  2.25846952e-06 
 3.58921935e+04 -1.13022205e+02  2.23300517e-06 
 3.63078055e+04 -1.13122698e+02  2.20731891e-06 
 3.67282300e+04 -1.13224327e+02  2.18164272e-06 
 3.71535229e+04 -1.13322724e+02  2.15706773e-06 
 3.75837404e+04 -1.13425328e+02  2.13173700e-06 
 3.80189396e+04 -1.13524793e+02  2.10746499e-06 
 3.84591782e+04 -1.13625232e+02  2.08323558e-06 
 3.89045145e+04 -1.13723394e+02  2.05982494e-06 
 3.93550075e+04 -1.13824321e+02  2.03602891e-06 
 3.98107171e+04 -1.13925103e+02  2.01254162e-06 
 4.02717034e+04 -1.14023980e+02  1.98976137e-06 
 4.07380278e+04 -1.14121962e+02  1.96744183e-06 
 4.12097519e+04 -1.14225717e+02  1.94407997e-06 
 4.16869383e+04 -1.14322291e+02  1.92258458e-06 
 4.21696503e+04 -1.14425422e+02  1.89989183e-06 
 4.26579519e+04 -1.14523747e+02  1.87850626e-06 
 4.31519077e+04 -1.14623827e+02  1.85698616e-06 
 4.36515832e+04 -1.14722434e+02  1.83602385e-06 
 4.41570447e+04 -1.14823153e+02  1.81485671e-06 
 4.46683592e+04 -1.14923490e+02  1.79401263e-06 
 4.51855944e+04 -1.15023822e+02  1.77340896e-06 
 4.57088190e+04 -1.15122519e+02  1.75337187e-06 
 4.62381021e+04 -1.15224512e+02  1.73290363e-06 
 4.67735141e+04 -1.15324816e+02  1.71300725e-06 
 4.73151259e+04 -1.15422559e+02  1.69383873e-06 
 4.78630092e+04 -1.15523922e+02  1.67418670e-06 
 4.84172368e+04 -1.15625158e+02  1.65478700e-06 
 4.89778819e+04 -1.15722749e+02  1.63629848e-06 
 4.95450191e+04 -1.15824474e+02  1.61724682e-06 
 5.01187234e+04 -1.15923958e+02  1.59882933e-06 
 5.06990708e+04 -1.16022852e+02  1.58072893e-06 
 5.12861384e+04 -1.16122760e+02  1.56265101e-06 
 5.18800039e+04 -1.16222500e+02  1.54480977e-06 
 5.24807460e+04 -1.16324694e+02  1.52674070e-06 
 5.30884444e+04 -1.16422086e+02  1.50971758e-06 
 5.37031796e+04 -1.16522094e+02  1.49243459e-06 
 5.43250331e+04 -1.16625410e+02  1.47478772e-06 
 5.49540874e+04 -1.16721975e+02  1.45848262e-06 
 5.55904257e+04 -1.16824632e+02  1.44134644e-06 
 5.62341325e+04 -1.16925031e+02  1.42478213e-06 
 5.68852931e+04 -1.17021942e+02  1.40897379e-06 
 5.75439937e+04 -1.17122835e+02  1.39270220e-06 
 5.82103218e+04 -1.17224113e+02  1.37655743e-06 
 5.88843655e+04 -1.17323613e+02  1.36087846e-06 
 5.95662144e+04 -1.17422291e+02  1.34550547e-06 
 6.02559586e+04 -1.17522801e+02  1.33002549e-06 
 6.09536897e+04 -1.17624356e+02  1.31456544e-06 
 6.16595002e+04 -1.17723080e+02  1.29970867e-06 
 6.23734835e+04 -1.17823321e+02  1.28479533e-06 
 6.30957344e+04 -1.17922660e+02  1.27018505e-06 
 6.38263486e+04 -1.18023124e+02  1.25557831e-06 
 6.45654229e+04 -1.18123738e+02  1.24111812e-06 
 6.53130553e+04 -1.18224294e+02  1.22683258e-06 
 6.60693448e+04 -1.18325213e+02  1.21266079e-06 
 6.68343918e+04 -1.18424286e+02  1.19890754e-06 
 6.76082975e+04 -1.18523839e+02  1.18524473e-06 
 6.83911647e+04 -1.18622708e+02  1.17182996e-06 
 6.91830971e+04 -1.18725123e+02  1.15809409e-06 
 6.99841996e+04 -1.18824864e+02  1.14487171e-06 
 7.07945784e+04 -1.18922886e+02  1.13202411e-06 
 7.16143410e+04 -1.19023344e+02  1.11900704e-06 
 7.24435960e+04 -1.19125309e+02  1.10594754e-06 
 7.32824533e+04 -1.19222487e+02  1.09364313e-06 
 7.41310241e+04 -1.19324435e+02  1.08088191e-06 
 7.49894209e+04 -1.19422505e+02  1.06874659e-06 
 7.58577575e+04 -1.19525113e+02  1.05619561e-06 
 7.67361489e+04 -1.19621635e+02  1.04452356e-06 
 7.76247117e+04 -1.19722533e+02  1.03246029e-06 
 7.85235635e+04 -1.19823547e+02  1.02052264e-06 
 7.94328235e+04 -1.19921638e+02  1.00906255e-06 
 8.03526122e+04 -1.20022791e+02  9.97379580e-07 
 8.12830516e+04 -1.20122643e+02  9.85979445e-07 
 8.22242650e+04 -1.20221906e+02  9.74775722e-07 
 8.31763771e+04 -1.20322490e+02  9.63552709e-07 
 8.41395142e+04 -1.20423634e+02  9.52397596e-07 
 8.51138038e+04 -1.20522445e+02  9.41624493e-07 
 8.60993752e+04 -1.20624631e+02  9.30611547e-07 
 8.70963590e+04 -1.20722440e+02  9.20191073e-07 
 8.81048873e+04 -1.20824417e+02  9.09450678e-07 
 8.91250938e+04 -1.20921950e+02  8.99295700e-07 
 9.01571138e+04 -1.21022245e+02  8.88971291e-07 
 9.12010839e+04 -1.21123702e+02  8.78647945e-07 
 9.22571427e+04 -1.21221450e+02  8.68815403e-07 
 9.33254301e+04 -1.21324390e+02  8.58579508e-07 
 9.44060876e+04 -1.21424128e+02  8.48776948e-07 
 9.54992586e+04 -1.21524263e+02  8.39048073e-07 
 9.66050879e+04 -1.21623451e+02  8.29521144e-07 
 9.77237221e+04 -1.21721832e+02  8.20178550e-07 
 9.88553095e+04 -1.21824709e+02  8.10521509e-07 
 1.00000000e+05 -1.21925092e+02  8.01208245e-07 
 1.01157945e+05 -1.22024021e+02  7.92134572e-07 
 1.02329299e+05 -1.22121701e+02  7.83276219e-07 
 1.03514217e+05 -1.22223489e+02  7.74150756e-07 
 1.04712855e+05 -1.22322000e+02  7.65420359e-07 
 1.05925373e+05 -1.22422811e+02  7.56587985e-07 
 1.07151931e+05 -1.22522644e+02  7.47941804e-07 
 1.08392691e+05 -1.22624019e+02  7.39263095e-07 
 1.09647820e+05 -1.22723821e+02  7.30817550e-07 
 1.10917482e+05 -1.22824575e+02  7.22389241e-07 
 1.12201845e+05 -1.22924659e+02  7.14113179e-07 
 1.13501082e+05 -1.23024008e+02  7.05991717e-07 
 1.14815362e+05 -1.23124821e+02  6.97844952e-07 
 1.16144861e+05 -1.23224453e+02  6.89886000e-07 
 1.17489755e+05 -1.23322861e+02  6.82113968e-07 
 1.18850223e+05 -1.23422244e+02  6.74353794e-07 
 1.20226443e+05 -1.23523888e+02  6.66508324e-07 
 1.21618600e+05 -1.23624149e+02  6.58859084e-07 
 1.23026877e+05 -1.23721654e+02  6.51504354e-07 
 1.24451461e+05 -1.23822661e+02  6.43971946e-07 
 1.25892541e+05 -1.23923340e+02  6.36550702e-07 
 1.27350308e+05 -1.24020875e+02  6.29442805e-07 
 1.28824955e+05 -1.24121453e+02  6.22196181e-07 
 1.30316678e+05 -1.24223909e+02  6.14900058e-07 
 1.31825674e+05 -1.24322410e+02  6.07966284e-07 
 1.33352143e+05 -1.24421448e+02  6.01073518e-07 
 1.34896288e+05 -1.24522126e+02  5.94146730e-07 
 1.36458314e+05 -1.24624136e+02  5.87209640e-07 
 1.38038426e+05 -1.24723912e+02  5.80502929e-07 
 1.39636836e+05 -1.24820960e+02  5.74052989e-07 
 1.41253754e+05 -1.24921798e+02  5.67427144e-07 
 1.42889396e+05 -1.25022738e+02  5.60871131e-07 
 1.44543977e+05 -1.25122426e+02  5.54470855e-07 
 1.46217717e+05 -1.25220592e+02  5.48239625e-07 
 1.47910839e+05 -1.25323941e+02  5.41755019e-07 
 1.49623566e+05 -1.25421302e+02  5.35716372e-07 
 1.51356125e+05 -1.25524148e+02  5.29410546e-07 
 1.53108746e+05 -1.25621117e+02  5.23533135e-07 
 1.54881662e+05 -1.25721854e+02  5.17496389e-07 
 1.56675107e+05 -1.25823730e+02  5.11462169e-07 
 1.58489319e+05 -1.25922110e+02  5.05701811e-07 
 1.60324539e+05 -1.26020316e+02  5.00016367e-07 
 1.62181010e+05 -1.26122446e+02  4.94171488e-07 
 1.64058977e+05 -1.26222597e+02  4.88506251e-07 
 1.65958691e+05 -1.26320165e+02  4.83049618e-07 
 1.67880402e+05 -1.26422811e+02  4.77374780e-07 
 1.69824365e+05 -1.26521273e+02  4.71993864e-07 
 1.71790839e+05 -1.26622728e+02  4.66512812e-07 
 1.73780083e+05 -1.26720496e+02  4.61291219e-07 
 1.75792361e+05 -1.26821436e+02  4.55961520e-07 
 1.77827941e+05 -1.26923228e+02  4.50649201e-07 
 1.79887092e+05 -1.27021254e+02  4.45591910e-07 
 1.81970086e+05 -1.27121301e+02  4.40488900e-07 
 1.84077200e+05 -1.27223170e+02  4.35352960e-07 
 1.86208714e+05 -1.27322065e+02  4.30424288e-07 
 1.88364909e+05 -1.27420148e+02  4.25591173e-07 
 1.90546072e+05 -1.27520722e+02  4.20691640e-07 
 1.92752491e+05 -1.27620371e+02  4.15892852e-07 
 1.94984460e+05 -1.27721419e+02  4.11082574e-07 
 1.97242274e+05 -1.27822380e+02  4.06331971e-07 
 1.99526231e+05 -1.27921269e+02  4.01732102e-07 
 2.01836636e+05 -1.28019986e+02  3.97192185e-07 
 2.04173794e+05 -1.28119841e+02  3.92652124e-07 
 2.06538016e+05 -1.28219087e+02  3.88191184e-07 
 2.08929613e+05 -1.28319384e+02  3.83734477e-07 
 2.11348904e+05 -1.28419171e+02  3.79351168e-07 
 2.13796209e+05 -1.28522671e+02  3.74857696e-07 
 2.16271852e+05 -1.28621646e+02  3.70610487e-07 
 2.18776162e+05 -1.28721750e+02  3.66363744e-07 
 2.21309471e+05 -1.28821727e+02  3.62170994e-07 
 2.23872114e+05 -1.28922065e+02  3.58011310e-07 
 2.26464431e+05 -1.29020632e+02  3.53971590e-07 
 2.29086765e+05 -1.29118368e+02  3.50010913e-07 
 2.31739465e+05 -1.29220603e+02  3.45915345e-07 
 2.34422882e+05 -1.29321174e+02  3.41933239e-07 
 2.37137371e+05 -1.29419740e+02  3.38074967e-07 
 2.39883292e+05 -1.29518694e+02  3.34245285e-07 
 2.42661010e+05 -1.29619361e+02  3.30393841e-07 
 2.45470892e+05 -1.29720440e+02  3.26571293e-07 
 2.48313311e+05 -1.29818015e+02  3.22923207e-07 
 2.51188643e+05 -1.29917930e+02  3.19229851e-07 
 2.54097271e+05 -1.30017631e+02  3.15586529e-07 
 2.57039578e+05 -1.30119181e+02  3.11918351e-07 
 2.60015956e+05 -1.30217581e+02  3.08404665e-07 
 2.63026799e+05 -1.30317242e+02  3.04886299e-07 
 2.66072506e+05 -1.30419854e+02  3.01305671e-07 
 2.69153480e+05 -1.30517585e+02  2.97934453e-07 
 2.72270131e+05 -1.30619316e+02  2.94465354e-07 
 2.75422870e+05 -1.30718307e+02  2.91128449e-07 
 2.78612117e+05 -1.30816904e+02  2.87842413e-07 
 2.81838293e+05 -1.30917671e+02  2.84522400e-07 
 2.85101827e+05 -1.31018305e+02  2.81244968e-07 
 2.88403150e+05 -1.31116674e+02  2.78077776e-07 
 2.91742701e+05 -1.31218297e+02  2.74843282e-07 
 2.95120923e+05 -1.31317810e+02  2.71712424e-07 
 2.98538262e+05 -1.31419099e+02  2.68562305e-07 
 3.01995172e+05 -1.31519191e+02  2.65485283e-07 
 3.05492111e+05 -1.31616490e+02  2.62527934e-07 
 3.09029543e+05 -1.31715892e+02  2.59540657e-07 
 3.12607937e+05 -1.31817601e+02  2.56519251e-07 
 3.16227766e+05 -1.31916039e+02  2.53628503e-07 
 3.19889511e+05 -1.32017310e+02  2.50688546e-07 
 3.23593657e+05 -1.32116506e+02  2.47841882e-07 
 3.27340695e+05 -1.32215563e+02  2.45031454e-07 
 3.31131121e+05 -1.32314607e+02  2.42253279e-07 
 3.34965439e+05 -1.32414354e+02  2.39487193e-07 
 3.38844156e+05 -1.32514231e+02  2.36749150e-07 
 3.42767787e+05 -1.32615518e+02  2.34004430e-07 
 3.46736850e+05 -1.32714644e+02  2.31349080e-07 
 3.50751874e+05 -1.32815452e+02  2.28679596e-07 
 3.54813389e+05 -1.32914224e+02  2.26093865e-07 
 3.58921935e+05 -1.33014919e+02  2.23487929e-07 
 3.63078055e+05 -1.33115720e+02  2.20909299e-07 
 3.67282300e+05 -1.33215874e+02  2.18376712e-07 
 3.71535229e+05 -1.33313352e+02  2.15939666e-07 
 3.75837404e+05 -1.33412886e+02  2.13479270e-07 
 3.80189396e+05 -1.33514412e+02  2.10998518e-07 
 3.84591782e+05 -1.33615014e+02  2.08568776e-07 
 3.89045145e+05 -1.33712345e+02  2.06244686e-07 
 3.93550075e+05 -1.33812919e+02  2.03870334e-07 
 3.98107171e+05 -1.33910648e+02  2.01589360e-07 
 4.02717034e+05 -1.34009599e+02  1.99305863e-07 
 4.07380278e+05 -1.34109379e+02  1.97029402e-07 
 4.12097519e+05 -1.34206887e+02  1.94829919e-07 
 4.16869383e+05 -1.34307685e+02  1.92582021e-07 
 4.21696503e+05 -1.34406918e+02  1.90394375e-07 
 4.26579519e+05 -1.34507075e+02  1.88211534e-07 
 4.31519077e+05 -1.34606219e+02  1.86075432e-07 
 4.36515832e+05 -1.34706082e+02  1.83948349e-07 
 4.41570447e+05 -1.34806483e+02  1.81834314e-07 
 4.46683592e+05 -1.34904589e+02  1.79792069e-07 
 4.51855944e+05 -1.35005098e+02  1.77723601e-07 
 4.57088190e+05 -1.35104619e+02  1.75698900e-07 
 4.62381021e+05 -1.35203857e+02  1.73702927e-07 
 4.67735141e+05 -1.35305895e+02  1.71674287e-07 
 4.73151259e+05 -1.35404914e+02  1.69728321e-07 
 4.78630092e+05 -1.35505671e+02  1.67770838e-07 
 4.84172368e+05 -1.35602879e+02  1.65903698e-07 
 4.89778819e+05 -1.35704070e+02  1.63982113e-07 
 4.95450191e+05 -1.35804327e+02  1.62100231e-07 
 5.01187234e+05 -1.35902627e+02  1.60276053e-07 
 5.06990708e+05 -1.36002219e+02  1.58448837e-07 
 5.12861384e+05 -1.36101529e+02  1.56647531e-07 
 5.18800039e+05 -1.36202502e+02  1.54837063e-07 
 5.24807460e+05 -1.36302651e+02  1.53062022e-07 
 5.30884444e+05 -1.36401964e+02  1.51321901e-07 
 5.37031796e+05 -1.36499373e+02  1.49634359e-07 
 5.43250331e+05 -1.36601442e+02  1.47886280e-07 
 5.49540874e+05 -1.36698414e+02  1.46244420e-07 
 5.55904257e+05 -1.36800728e+02  1.44531869e-07 
 5.62341325e+05 -1.36897725e+02  1.42926825e-07 
 5.68852931e+05 -1.36998617e+02  1.41276252e-07 
 5.75439937e+05 -1.37097246e+02  1.39681116e-07 
 5.82103218e+05 -1.37195455e+02  1.38110675e-07 
 5.88843655e+05 -1.37296765e+02  1.36509138e-07 
 5.95662144e+05 -1.37397571e+02  1.34934010e-07 
 6.02559586e+05 -1.37494881e+02  1.33430761e-07 
 6.09536897e+05 -1.37596508e+02  1.31878680e-07 
 6.16595002e+05 -1.37695359e+02  1.30386321e-07 
 6.23734835e+05 -1.37794611e+02  1.28904906e-07 
 6.30957344e+05 -1.37892450e+02  1.27461051e-07 
 6.38263486e+05 -1.37994206e+02  1.25976544e-07 
 6.45654229e+05 -1.38092009e+02  1.24566006e-07 
 6.53130553e+05 -1.38190827e+02  1.23156865e-07 
 6.60693448e+05 -1.38291827e+02  1.21733097e-07 
 6.68343918e+05 -1.38390039e+02  1.20364397e-07 
 6.76082975e+05 -1.38489923e+02  1.18988194e-07 
 6.83911647e+05 -1.38587375e+02  1.17660648e-07 
 6.91830971e+05 -1.38687956e+02  1.16306024e-07 
 6.99841996e+05 -1.38787142e+02  1.14985457e-07 
 7.07945784e+05 -1.38884739e+02  1.13700673e-07 
 7.16143410e+05 -1.38984920e+02  1.12396814e-07 
 7.24435960e+05 -1.39085749e+02  1.11099613e-07 
 7.32824533e+05 -1.39183350e+02  1.09858203e-07 
 7.41310241e+05 -1.39282087e+02  1.08616459e-07 
 7.49894209e+05 -1.39382001e+02  1.07374196e-07 
 7.58577575e+05 -1.39480887e+02  1.06158714e-07 
 7.67361489e+05 -1.39581182e+02  1.04939960e-07 
 7.76247117e+05 -1.39680484e+02  1.03747059e-07 
 7.85235635e+05 -1.39777035e+02  1.02600206e-07 
 7.94328235e+05 -1.39875229e+02  1.01446847e-07 
 8.03526122e+05 -1.39976785e+02  1.00267630e-07 
 8.12830516e+05 -1.40075176e+02  9.91382337e-08 
 8.22242650e+05 -1.40171901e+02  9.80403671e-08 
 8.31763771e+05 -1.40273192e+02  9.69037039e-08 
 8.41395142e+05 -1.40371077e+02  9.58177918e-08 
 8.51138038e+05 -1.40469108e+02  9.47424424e-08 
 8.60993752e+05 -1.40568261e+02  9.36670678e-08 
 8.70963590e+05 -1.40668727e+02  9.25899039e-08 
 8.81048873e+05 -1.40766056e+02  9.15581872e-08 
 8.91250938e+05 -1.40863400e+02  9.05378081e-08 
 9.01571138e+05 -1.40962860e+02  8.95070002e-08 
 9.12010839e+05 -1.41062651e+02  8.84845548e-08 
 9.22571427e+05 -1.41160241e+02  8.74959507e-08 
 9.33254301e+05 -1.41259381e+02  8.65029525e-08 
 9.44060876e+05 -1.41357385e+02  8.55324210e-08 
 9.54992586e+05 -1.41458128e+02  8.45461038e-08 
 9.66050879e+05 -1.41556037e+02  8.35984349e-08 
 9.77237221e+05 -1.41654950e+02  8.26518385e-08 
 9.88553095e+05 -1.41751996e+02  8.17335231e-08 
 1.00000000e+06 -1.41850626e+02  8.08106652e-08 
 1.01157945e+06 -1.41944794e+02  7.99392929e-08 
 1.02329299e+06 -1.42046687e+02  7.90070110e-08 
 1.03514217e+06 -1.42143280e+02  7.81332677e-08 
 1.04712855e+06 -1.42241383e+02  7.72557596e-08 
 1.05925373e+06 -1.42340317e+02  7.63807897e-08 
 1.07151931e+06 -1.42438407e+02  7.55230730e-08 
 1.08392691e+06 -1.42533949e+02  7.46968982e-08 
 1.09647820e+06 -1.42633570e+02  7.38450651e-08 
 1.10917482e+06 -1.42729685e+02  7.30324298e-08 
 1.12201845e+06 -1.42829678e+02  7.21964908e-08 
 1.13501082e+06 -1.42927104e+02  7.13912228e-08 
 1.14815362e+06 -1.43028116e+02  7.05657888e-08 
 1.16144861e+06 -1.43124862e+02  6.97841637e-08 
 1.17489755e+06 -1.43223709e+02  6.89945143e-08 
 1.18850223e+06 -1.43320707e+02  6.82283177e-08 
 1.20226443e+06 -1.43418664e+02  6.74631761e-08 
 1.21618600e+06 -1.43516158e+02  6.67101755e-08 
 1.23026877e+06 -1.43611517e+02  6.59817966e-08 
 1.24451461e+06 -1.43706765e+02  6.52622089e-08 
 1.25892541e+06 -1.43806265e+02  6.45188681e-08 
 1.27350308e+06 -1.43904576e+02  6.37927285e-08 
 1.28824955e+06 -1.44002245e+02  6.30794298e-08 
 1.30316678e+06 -1.44097609e+02  6.23906581e-08 
 1.31825674e+06 -1.44197753e+02  6.16754534e-08 
 1.33352143e+06 -1.44295206e+02  6.09873407e-08 
 1.34896288e+06 -1.44392214e+02  6.03099950e-08 
 1.36458314e+06 -1.44484875e+02  5.96700304e-08 
 1.38038426e+06 -1.44525234e+02  5.93934158e-08 
 1.39636836e+06 -1.44565387e+02  5.91194827e-08 
 1.41253754e+06 -1.44660498e+02  5.84756524e-08 
 1.42889396e+06 -1.44757114e+02  5.78288178e-08 
 1.44543977e+06 -1.44854850e+02  5.71817575e-08 
 1.46217717e+06 -1.44950971e+02  5.65524508e-08 
 1.47910839e+06 -1.45048751e+02  5.59193927e-08 
 1.49623566e+06 -1.45149545e+02  5.52742333e-08 
 1.51356125e+06 -1.45242285e+02  5.46872088e-08 
 1.53108746e+06 -1.45340203e+02  5.40741673e-08 
 1.54881662e+06 -1.45436469e+02  5.34781731e-08 
 1.56675107e+06 -1.45532479e+02  5.28903018e-08 
 1.58489319e+06 -1.45630016e+02  5.22997001e-08 
 1.60324539e+06 -1.45726184e+02  5.17238464e-08 
 1.62181010e+06 -1.45820664e+02  5.11642718e-08 
 1.64058977e+06 -1.45919840e+02  5.05834004e-08 
 1.65958691e+06 -1.46013435e+02  5.00412606e-08 
 1.67880402e+06 -1.46110613e+02  4.94845164e-08 
 1.69824365e+06 -1.46206036e+02  4.89438562e-08 
 1.71790839e+06 -1.46300826e+02  4.84126334e-08 
 1.73780083e+06 -1.46397373e+02  4.78774880e-08 
 1.75792361e+06 -1.46490519e+02  4.73667980e-08 
 1.77827941e+06 -1.46589331e+02  4.68310011e-08 
 1.79887092e+06 -1.46676929e+02  4.63610814e-08 
 1.81970086e+06 -1.46773032e+02  4.58509564e-08 
 1.84077200e+06 -1.46870890e+02  4.53372857e-08 
 1.86208714e+06 -1.46957383e+02  4.48880603e-08 
 1.88364909e+06 -1.47052278e+02  4.44003182e-08 
 1.90546072e+06 -1.47145914e+02  4.39242462e-08 
 1.92752491e+06 -1.47244971e+02  4.34261610e-08 
 1.94984460e+06 -1.47337301e+02  4.29669912e-08 
 1.97242274e+06 -1.47432443e+02  4.24989142e-08 
 1.99526231e+06 -1.47528781e+02  4.20301519e-08 
 2.01836636e+06 -1.47616854e+02  4.16061278e-08 
 2.04173794e+06 -1.47710888e+02  4.11581261e-08 
 2.06538016e+06 -1.47801191e+02  4.07324433e-08 
 2.08929613e+06 -1.47903448e+02  4.02557215e-08 
 2.11348904e+06 -1.47993603e+02  3.98400470e-08 
 2.13796209e+06 -1.48088133e+02  3.94088121e-08 
 2.16271852e+06 -1.48181172e+02  3.89889390e-08 
 2.18776162e+06 -1.48274526e+02  3.85721382e-08 
 2.21309471e+06 -1.48365364e+02  3.81708470e-08 
 2.23872114e+06 -1.48457959e+02  3.77660942e-08 
 2.26464431e+06 -1.48552236e+02  3.73583955e-08 
 2.29086765e+06 -1.48645628e+02  3.69588647e-08 
 2.31739465e+06 -1.48738181e+02  3.65671357e-08 
 2.34422882e+06 -1.48825506e+02  3.62013455e-08 
 2.37137371e+06 -1.48923455e+02  3.57954023e-08 
 2.39883292e+06 -1.49069023e+02  3.52005017e-08 
 2.42661010e+06 -1.49107144e+02  3.50463525e-08 
 2.45470892e+06 -1.49195762e+02  3.46906071e-08 
 2.48313311e+06 -1.49294162e+02  3.42998264e-08 
 2.51188643e+06 -1.49380953e+02  3.39588012e-08 
 2.54097271e+06 -1.49476213e+02  3.35884030e-08 
 2.57039578e+06 -1.49562624e+02  3.32559074e-08 
 2.60015956e+06 -1.49655357e+02  3.29027478e-08 
 2.63026799e+06 -1.49748080e+02  3.25533735e-08 
 2.66072506e+06 -1.49831268e+02  3.22430850e-08 
 2.69153480e+06 -1.49922698e+02  3.19054662e-08 
 2.72270131e+06 -1.50009685e+02  3.15875348e-08 
 2.75422870e+06 -1.50102539e+02  3.12516585e-08 
 2.78612117e+06 -1.50195441e+02  3.09191788e-08 
 2.81838293e+06 -1.50285154e+02  3.06014714e-08 
 2.85101827e+06 -1.50375553e+02  3.02846344e-08 
 2.88403150e+06 -1.50467540e+02  2.99656030e-08 
 2.91742701e+06 -1.50552540e+02  2.96737893e-08 
 2.95120923e+06 -1.50643637e+02  2.93641990e-08 
 2.98538262e+06 -1.50736848e+02  2.90507676e-08 
 3.01995172e+06 -1.50824793e+02  2.87581096e-08 
 3.05492111e+06 -1.50898124e+02  2.85163414e-08 
 3.09029543e+06 -1.51033826e+02  2.80742856e-08 
 3.12607937e+06 -1.51069882e+02  2.79579874e-08 
 3.16227766e+06 -1.51164751e+02  2.76542846e-08 
 3.19889511e+06 -1.51245002e+02  2.73999597e-08 
 3.23593657e+06 -1.51334802e+02  2.71181395e-08 
 3.27340695e+06 -1.51414983e+02  2.68689607e-08 
 3.31131121e+06 -1.51503899e+02  2.65953107e-08 
 3.34965439e+06 -1.51586301e+02  2.63441956e-08 
 3.38844156e+06 -1.51671719e+02  2.60863946e-08 
 3.42767787e+06 -1.51758240e+02  2.58278342e-08 
 3.46736850e+06 -1.51849566e+02  2.55576960e-08 
 3.50751874e+06 -1.51930344e+02  2.53211148e-08 
 3.54813389e+06 -1.52021394e+02  2.50570718e-08 
 3.58921935e+06 -1.52101200e+02  2.48279014e-08 
 3.63078055e+06 -1.52182153e+02  2.45975776e-08 
 3.67282300e+06 -1.52163934e+02  2.46492271e-08 
 3.71535229e+06 -1.52252241e+02  2.43998958e-08 
 3.75837404e+06 -1.52333773e+02  2.41719314e-08 
 3.80189396e+06 -1.52414293e+02  2.39488885e-08 
 3.84591782e+06 -1.52498271e+02  2.37184582e-08 
 3.89045145e+06 -1.52578882e+02  2.34993535e-08 
 3.93550075e+06 -1.52668423e+02  2.32583463e-08 
 3.98107171e+06 -1.52759404e+02  2.30159969e-08 
 4.02717034e+06 -1.52835941e+02  2.28140791e-08 
 4.07380278e+06 -1.52908937e+02  2.26231532e-08 
 4.12097519e+06 -1.52987540e+02  2.24193491e-08 
 4.16869383e+06 -1.53064415e+02  2.22218020e-08 
 4.21696503e+06 -1.53154826e+02  2.19916937e-08 
 4.26579519e+06 -1.53230296e+02  2.18014415e-08 
 4.31519077e+06 -1.53308823e+02  2.16052288e-08 
 4.36515832e+06 -1.53376914e+02  2.14365204e-08 
 4.41570447e+06 -1.53474141e+02  2.11979054e-08 
 4.46683592e+06 -1.53546573e+02  2.10218708e-08 
 4.51855944e+06 -1.53623481e+02  2.08365576e-08 
 4.57088190e+06 -1.53657281e+02  2.07556322e-08 
 4.62381021e+06 -1.53677580e+02  2.07071810e-08 
 4.67735141e+06 -1.53766358e+02  2.04966131e-08 
 4.73151259e+06 -1.53850542e+02  2.02989191e-08 
 4.78630092e+06 -1.53912628e+02  2.01543419e-08 
 4.84172368e+06 -1.54002807e+02  1.99461760e-08 
 4.89778819e+06 -1.54073067e+02  1.97854824e-08 
 4.95450191e+06 -1.54162354e+02  1.95831396e-08 
 5.01187234e+06 -1.54155785e+02  1.95979556e-08 
 5.06990708e+06 -1.54226133e+02  1.94398700e-08 
 5.12861384e+06 -1.54272350e+02  1.93367063e-08 
 5.18800039e+06 -1.54338158e+02  1.91907564e-08 
 5.24807460e+06 -1.54401455e+02  1.90514150e-08 
 5.30884444e+06 -1.54484487e+02  1.88701619e-08 
 5.37031796e+06 -1.54552550e+02  1.87228734e-08 
 5.43250331e+06 -1.54638521e+02  1.85384727e-08 
 5.49540874e+06 -1.54712289e+02  1.83816944e-08 
 5.55904257e+06 -1.54790205e+02  1.82175400e-08 
 5.62341325e+06 -1.54828829e+02  1.81367116e-08 
 5.68852931e+06 -1.54915867e+02  1.79558777e-08 
 5.75439937e+06 -1.54969425e+02  1.78455017e-08 
 5.82103218e+06 -1.55032566e+02  1.77162463e-08 
 5.88843655e+06 -1.55102737e+02  1.75736974e-08 
 5.95662144e+06 -1.55167934e+02  1.74422809e-08 
 6.02559586e+06 -1.55278559e+02  1.72215436e-08 
 6.09536897e+06 -1.55308790e+02  1.71617068e-08 
 6.16595002e+06 -1.55380075e+02  1.70214379e-08 
 6.23734835e+06 -1.55428736e+02  1.69263447e-08 
 6.30957344e+06 -1.55475675e+02  1.68351206e-08 
 6.38263486e+06 -1.55528579e+02  1.67328932e-08 
 6.45654229e+06 -1.55596892e+02  1.66018091e-08 
 6.53130553e+06 -1.55674768e+02  1.64536261e-08 
 6.60693448e+06 -1.55727136e+02  1.63547231e-08 
 6.68343918e+06 -1.55774417e+02  1.62659395e-08 
 6.76082975e+06 -1.55833006e+02  1.61565902e-08 
 6.83911647e+06 -1.55882660e+02  1.60644928e-08 
 6.91830971e+06 -1.55994313e+02  1.58593115e-08 
 6.99841996e+06 -1.56034053e+02  1.57869178e-08 
 7.07945784e+06 -1.56107178e+02  1.56545693e-08 
 7.16143410e+06 -1.56165302e+02  1.55501607e-08 
 7.24435960e+06 -1.56206852e+02  1.54759535e-08 
 7.32824533e+06 -1.56263544e+02  1.53752715e-08 
 7.41310241e+06 -1.56311974e+02  1.52897829e-08 
 7.49894209e+06 -1.56368198e+02  1.51911299e-08 
 7.58577575e+06 -1.56386578e+02  1.51590188e-08 
 7.67361489e+06 -1.56451678e+02  1.50458288e-08 
 7.76247117e+06 -1.56493584e+02  1.49734132e-08 
 7.85235635e+06 -1.56535586e+02  1.49011806e-08 
 7.94328235e+06 -1.56644981e+02  1.47146840e-08 
 8.03526122e+06 -1.56668585e+02  1.46747506e-08 
 8.12830516e+06 -1.56755852e+02  1.45280530e-08 
 8.22242650e+06 -1.56857391e+02  1.43592065e-08 
 8.31763771e+06 -1.56884565e+02  1.43143547e-08 
 8.41395142e+06 -1.56898989e+02  1.42906023e-08 
 8.51138038e+06 -1.56947216e+02  1.42114763e-08 
 8.60993752e+06 -1.56997919e+02  1.41287599e-08 
 8.70963590e+06 -1.57007424e+02  1.41133070e-08 
 8.81048873e+06 -1.57109111e+02  1.39490447e-08 
 8.91250938e+06 -1.57122592e+02  1.39274120e-08 
 9.01571138e+06 -1.57209684e+02  1.37884615e-08 
 9.12010839e+06 -1.57220621e+02  1.37711098e-08 
 9.22571427e+06 -1.57259807e+02  1.37091218e-08 
 9.33254301e+06 -1.57328476e+02  1.36011684e-08 
 9.44060876e+06 -1.57394686e+02  1.34978837e-08 
 9.54992586e+06 -1.57451012e+02  1.34106369e-08 
 9.66050879e+06 -1.57506807e+02  1.33247673e-08 
 9.77237221e+06 -1.57538799e+02  1.32757797e-08 
 9.88553095e+06 -1.57588882e+02  1.31994522e-08 
 1.00000000e+07 -1.57621508e+02  1.31499650e-08 
 1.01157945e+07 -1.57662877e+02  1.30874836e-08 
 1.02329299e+07 -1.57720930e+02  1.30003045e-08 
 1.03514217e+07 -1.57768566e+02  1.29292011e-08 
 1.04712855e+07 -1.57862219e+02  1.27905451e-08 
 1.05925373e+07 -1.57889032e+02  1.27511219e-08 
 1.07151931e+07 -1.57977059e+02  1.26225490e-08 
 1.08392691e+07 -1.57960920e+02  1.26460238e-08 
 1.09647820e+07 -1.58055833e+02  1.25085895e-08 
 1.10917482e+07 -1.58117278e+02  1.24204153e-08 
 1.12201845e+07 -1.58194343e+02  1.23107029e-08 
 1.13501082e+07 -1.58203793e+02  1.22973170e-08 
 1.14815362e+07 -1.58152746e+02  1.23698001e-08 
 1.16144861e+07 -1.58246145e+02  1.22375013e-08 
 1.17489755e+07 -1.58353042e+02  1.20878170e-08 
 1.18850223e+07 -1.58380616e+02  1.20495042e-08 
 1.20226443e+07 -1.58406409e+02  1.20137761e-08 
 1.21618600e+07 -1.58505083e+02  1.18780690e-08 
 1.23026877e+07 -1.58513433e+02  1.18666553e-08 
 1.24451461e+07 -1.58620459e+02  1.17213346e-08 
 1.25892541e+07 -1.58648490e+02  1.16835683e-08 
 1.27350308e+07 -1.58706024e+02  1.16064338e-08 
 1.28824955e+07 -1.58758043e+02  1.15371324e-08 
 1.30316678e+07 -1.58806694e+02  1.14726913e-08 
 1.31825674e+07 -1.58803783e+02  1.14765372e-08 
 1.33352143e+07 -1.58867602e+02  1.13925228e-08 
 1.34896288e+07 -1.58928022e+02  1.13135503e-08 
 1.36458314e+07 -1.58982340e+02  1.12430209e-08 
 1.38038426e+07 -1.58993867e+02  1.12281102e-08 
 1.39636836e+07 -1.59067533e+02  1.11332855e-08 
 1.41253754e+07 -1.59125089e+02  1.10597559e-08 
 1.42889396e+07 -1.59138975e+02  1.10420885e-08 
 1.44543977e+07 -1.59208277e+02  1.09543388e-08 
 1.46217717e+07 -1.59284670e+02  1.08584164e-08 
 1.47910839e+07 -1.59325086e+02  1.08080093e-08 
 1.49623566e+07 -1.59356744e+02  1.07686880e-08 
 1.51356125e+07 -1.59367429e+02  1.07554494e-08 
 1.53108746e+07 -1.59460061e+02  1.06413550e-08 
 1.54881662e+07 -1.59574373e+02  1.05022263e-08 
 1.56675107e+07 -1.59556741e+02  1.05235666e-08 
 1.58489319e+07 -1.59614619e+02  1.04536760e-08 
 1.60324539e+07 -1.59720056e+02  1.03275474e-08 
 1.62181010e+07 -1.59759579e+02  1.02806610e-08 
 1.64058977e+07 -1.59864203e+02  1.01575704e-08 
 1.65958691e+07 -1.59859856e+02  1.01626560e-08 
 1.67880402e+07 -1.59929139e+02  1.00819152e-08 
 1.69824365e+07 -1.59954071e+02  1.00530183e-08 
 1.71790839e+07 -1.60024697e+02  9.97160640e-09 
 1.73780083e+07 -1.60091797e+02  9.89487151e-09 
 1.75792361e+07 -1.60164409e+02  9.81249726e-09 
 1.77827941e+07 -1.60196708e+02  9.77607724e-09 
 1.79887092e+07 -1.60292060e+02  9.66934361e-09 
 1.81970086e+07 -1.60373909e+02  9.57865521e-09 
 1.84077200e+07 -1.60386108e+02  9.56521240e-09 
 1.86208714e+07 -1.60431983e+02  9.51482602e-09 
 1.88364909e+07 -1.60497601e+02  9.44321708e-09 
 1.90546072e+07 -1.60577287e+02  9.35697927e-09 
 1.92752491e+07 -1.60672868e+02  9.25457809e-09 
 1.94984460e+07 -1.60742125e+02  9.18107960e-09 
 1.97242274e+07 -1.60739662e+02  9.18368351e-09 
 1.99526231e+07 -1.60760528e+02  9.16164796e-09 
 2.01836636e+07 -1.60893327e+02  9.02264062e-09 
 2.04173794e+07 -1.60934941e+02  8.97951693e-09 
 2.06538016e+07 -1.61028048e+02  8.88377554e-09 
 2.08929613e+07 -1.61052738e+02  8.85855909e-09 
 2.11348904e+07 -1.61155270e+02  8.75460362e-09 
 2.13796209e+07 -1.61243209e+02  8.66641626e-09 
 2.16271852e+07 -1.61328469e+02  8.58176329e-09 
 2.18776162e+07 -1.61364899e+02  8.54584563e-09 
 2.21309471e+07 -1.61441674e+02  8.47064117e-09 
 2.23872114e+07 -1.61480482e+02  8.43287976e-09 
 2.26464431e+07 -1.61553101e+02  8.36267017e-09 
 2.29086765e+07 -1.61641498e+02  8.27799353e-09 
 2.31739465e+07 -1.61706358e+02  8.21640992e-09 
 2.34422882e+07 -1.61751891e+02  8.17345102e-09 
 2.37137371e+07 -1.61905072e+02  8.03057022e-09 
 2.39883292e+07 -1.61913822e+02  8.02248430e-09 
 2.42661010e+07 -1.62029578e+02  7.91627940e-09 
 2.45470892e+07 -1.62132367e+02  7.82315025e-09 
 2.48313311e+07 -1.62174147e+02  7.78561037e-09 
 2.51188643e+07 -1.62238025e+02  7.72856294e-09 
 2.54097271e+07 -1.62314426e+02  7.66088074e-09 
 2.57039578e+07 -1.62399485e+02  7.58622536e-09 
 2.60015956e+07 -1.62479547e+02  7.51662123e-09 
 2.63026799e+07 -1.62554565e+02  7.45198086e-09 
 2.66072506e+07 -1.62613526e+02  7.40156739e-09 
 2.69153480e+07 -1.62734500e+02  7.29919566e-09 
 2.72270131e+07 -1.62770588e+02  7.26893212e-09 
 2.75422870e+07 -1.62869673e+02  7.18648183e-09 
 2.78612117e+07 -1.62921498e+02  7.14373137e-09 
 2.81838293e+07 -1.63049067e+02  7.03957848e-09 
 2.85101827e+07 -1.63084847e+02  7.01063993e-09 
 2.88403150e+07 -1.63171926e+02  6.94070695e-09 
 2.91742701e+07 -1.63282692e+02  6.85275789e-09 
 2.95120923e+07 -1.63337756e+02  6.80945232e-09 
 2.98538262e+07 -1.63447031e+02  6.72432100e-09 
 3.01995172e+07 -1.63515033e+02  6.67188156e-09 
 3.05492111e+07 -1.63606607e+02  6.60191061e-09 
 3.09029543e+07 -1.63737735e+02  6.50299222e-09 
 3.12607937e+07 -1.63807826e+02  6.45072739e-09 
 3.16227766e+07 -1.63854469e+02  6.41618040e-09 
 3.19889511e+07 -1.64012850e+02  6.30024618e-09 
 3.23593657e+07 -1.64070018e+02  6.25891543e-09 
 3.27340695e+07 -1.64131567e+02  6.21472103e-09 
 3.31131121e+07 -1.64291657e+02  6.10122644e-09 
 3.34965439e+07 -1.64362507e+02  6.05166177e-09 
 3.38844156e+07 -1.64455428e+02  5.98726690e-09 
 3.42767787e+07 -1.64531841e+02  5.93482558e-09 
 3.46736850e+07 -1.64631435e+02  5.86716437e-09 
 3.50751874e+07 -1.64734831e+02  5.79773617e-09 
 3.54813389e+07 -1.64822676e+02  5.73939610e-09 
 3.58921935e+07 -1.64919891e+02  5.67551757e-09 
 3.63078055e+07 -1.65042608e+02  5.59589579e-09 
 3.67282300e+07 -1.65142222e+02  5.53208560e-09 
 3.71535229e+07 -1.65205847e+02  5.49171094e-09 
 3.75837404e+07 -1.65314736e+02  5.42329482e-09 
 3.80189396e+07 -1.65444920e+02  5.34261629e-09 
 3.84591782e+07 -1.65499149e+02  5.30936464e-09 
 3.89045145e+07 -1.65637056e+02  5.22573286e-09 
 3.93550075e+07 -1.65725181e+02  5.17298154e-09 
 3.98107171e+07 -1.65848731e+02  5.09992125e-09 
 4.02717034e+07 -1.65982020e+02  5.02225795e-09 
 4.07380278e+07 -1.66043349e+02  4.98692143e-09 
 4.12097519e+07 -1.66144524e+02  4.92917023e-09 
 4.16869383e+07 -1.66268719e+02  4.85919202e-09 
 4.21696503e+07 -1.66386720e+02  4.79362420e-09 
 4.26579519e+07 -1.66464513e+02  4.75088340e-09 
 4.31519077e+07 -1.66599661e+02  4.67753392e-09 
 4.36515832e+07 -1.66732290e+02  4.60665318e-09 
 4.41570447e+07 -1.66853489e+02  4.54282020e-09 
 4.46683592e+07 -1.66947722e+02  4.49380155e-09 
 4.51855944e+07 -1.67040293e+02  4.44616269e-09 
 4.57088190e+07 -1.67210873e+02  4.35969762e-09 
 4.62381021e+07 -1.67268995e+02  4.33062196e-09 
 4.67735141e+07 -1.67381295e+02  4.27499125e-09 
 4.73151259e+07 -1.67544991e+02  4.19517859e-09 
 4.78630092e+07 -1.67678346e+02  4.13126161e-09 
 4.84172368e+07 -1.67773828e+02  4.08609623e-09 
 4.89778819e+07 -1.67917179e+02  4.01921320e-09 
 4.95450191e+07 -1.67975675e+02  3.99223656e-09 
 5.01187234e+07 -1.68109064e+02  3.93139588e-09 
 5.06990708e+07 -1.68215486e+02  3.88352145e-09 
 5.12861384e+07 -1.68370417e+02  3.81486500e-09 
 5.18800039e+07 -1.68462984e+02  3.77442515e-09 
 5.24807460e+07 -1.68635042e+02  3.70039359e-09 
 5.30884444e+07 -1.68758568e+02  3.64814085e-09 
 5.37031796e+07 -1.68873843e+02  3.60004436e-09 
 5.43250331e+07 -1.68962804e+02  3.56336092e-09 
 5.49540874e+07 -1.69114091e+02  3.50183335e-09 
 5.55904257e+07 -1.69231124e+02  3.45496637e-09 
 5.62341325e+07 -1.69332382e+02  3.41492304e-09 
 5.68852931e+07 -1.69483806e+02  3.35590513e-09 
 5.75439937e+07 -1.69597985e+02  3.31207940e-09 
 5.82103218e+07 -1.69732303e+02  3.26125581e-09 
 5.88843655e+07 -1.69887296e+02  3.20357714e-09 
 5.95662144e+07 -1.70016999e+02  3.15609486e-09 
 6.02559586e+07 -1.70146160e+02  3.10951020e-09 
 6.09536897e+07 -1.70286043e+02  3.05983406e-09 
 6.16595002e+07 -1.70391729e+02  3.02282895e-09 
 6.23734835e+07 -1.70538209e+02  2.97227885e-09 
 6.30957344e+07 -1.70647513e+02  2.93510968e-09 
 6.38263486e+07 -1.70767697e+02  2.89477737e-09 
 6.45654229e+07 -1.70959683e+02  2.83149531e-09 
 6.53130553e+07 -1.71103907e+02  2.78486812e-09 
 6.60693448e+07 -1.71252931e+02  2.73749567e-09 
 6.68343918e+07 -1.71377276e+02  2.69858572e-09 
 6.76082975e+07 -1.71441910e+02  2.67857924e-09 
 6.83911647e+07 -1.71602204e+02  2.62960061e-09 
 6.91830971e+07 -1.71771233e+02  2.57892272e-09 
 6.99841996e+07 -1.71871826e+02  2.54922800e-09 
 7.07945784e+07 -1.71997968e+02  2.51247419e-09 
 7.16143410e+07 -1.72143037e+02  2.47086000e-09 
 7.24435960e+07 -1.72321930e+02  2.42049119e-09 
 7.32824533e+07 -1.72459095e+02  2.38256771e-09 
 7.41310241e+07 -1.72589246e+02  2.34713307e-09 
 7.49894209e+07 -1.72761466e+02  2.30105339e-09 
 7.58577575e+07 -1.72885747e+02  2.26836347e-09 
 7.67361489e+07 -1.73021707e+02  2.23313341e-09 
 7.76247117e+07 -1.73182601e+02  2.19214844e-09 
 7.85235635e+07 -1.73301840e+02  2.16226046e-09 
 7.94328235e+07 -1.73457596e+02  2.12383224e-09 
 8.03526122e+07 -1.73602783e+02  2.08862689e-09 
 8.12830516e+07 -1.73742326e+02  2.05534012e-09 
 8.22242650e+07 -1.73905331e+02  2.01712800e-09 
 8.31763771e+07 -1.74081208e+02  1.97669481e-09 
 8.41395142e+07 -1.74182167e+02  1.95385186e-09 
 8.51138038e+07 -1.74355654e+02  1.91521388e-09 
 8.60993752e+07 -1.74522389e+02  1.87879991e-09 
 8.70963590e+07 -1.74664085e+02  1.84839915e-09 
 8.81048873e+07 -1.74769940e+02  1.82600941e-09 
 8.91250938e+07 -1.74947129e+02  1.78913683e-09 
 9.01571138e+07 -1.75118698e+02  1.75414340e-09 
 9.12010839e+07 -1.75232515e+02  1.73130774e-09 
 9.22571427e+07 -1.75398473e+02  1.69854219e-09 
 9.33254301e+07 -1.75522899e+02  1.67438396e-09 
 9.44060876e+07 -1.75718942e+02  1.63701593e-09 
 9.54992586e+07 -1.75881301e+02  1.60670067e-09 
 9.66050879e+07 -1.75956782e+02  1.59279871e-09 
 9.77237221e+07 -1.76138202e+02  1.55987530e-09 
 9.88553095e+07 -1.76326801e+02  1.52637041e-09 
 1.00000000e+08 -1.76465566e+02  1.50217904e-09 
 1.01157945e+08 -1.76598151e+02  1.47942328e-09 
 1.02329299e+08 -1.76727636e+02  1.45753229e-09 
 1.03514217e+08 -1.76925300e+02  1.42473800e-09 
 1.04712855e+08 -1.77043835e+02  1.40542693e-09 
 1.05925373e+08 -1.77193732e+02  1.38138076e-09 
 1.07151931e+08 -1.77374453e+02  1.35293634e-09 
 1.08392691e+08 -1.77530894e+02  1.32878673e-09 
 1.09647820e+08 -1.77681464e+02  1.30595076e-09 
 1.10917482e+08 -1.77830471e+02  1.28373817e-09 
 1.12201845e+08 -1.77963468e+02  1.26423148e-09 
 1.13501082e+08 -1.78127726e+02  1.24054830e-09 
 1.14815362e+08 -1.78279588e+02  1.21904744e-09 
 1.16144861e+08 -1.78437095e+02  1.19714083e-09 
 1.17489755e+08 -1.78577231e+02  1.17798139e-09 
 1.18850223e+08 -1.78745828e+02  1.15533680e-09 
 1.20226443e+08 -1.78909416e+02  1.13378104e-09 
 1.21618600e+08 -1.79065407e+02  1.11360115e-09 
 1.23026877e+08 -1.79275675e+02  1.08696670e-09 
 1.24451461e+08 -1.79395932e+02  1.07202121e-09 
 1.25892541e+08 -1.79513049e+02  1.05766362e-09 
 1.27350308e+08 -1.79694698e+02  1.03577418e-09 
 1.28824955e+08 -1.79835514e+02  1.01911762e-09 
 1.30316678e+08 -1.80020312e+02  9.97664180e-10 
 1.31825674e+08 -1.80169299e+02  9.80697459e-10 
 1.33352143e+08 -1.80325986e+02  9.63165064e-10 
 1.34896288e+08 -1.80435854e+02  9.51058651e-10 
 1.36458314e+08 -1.80635821e+02  9.29413483e-10 
 1.38038426e+08 -1.80759690e+02  9.16253187e-10 
 1.39636836e+08 -1.80901750e+02  9.01389540e-10 
 1.41253754e+08 -1.81106575e+02  8.80382155e-10 
 1.42889396e+08 -1.81223092e+02  8.68651190e-10 
 1.44543977e+08 -1.81383126e+02  8.52793120e-10 
 1.46217717e+08 -1.81571696e+02  8.34478581e-10 
 1.47910839e+08 -1.81730597e+02  8.19351310e-10 
 1.49623566e+08 -1.81891042e+02  8.04355268e-10 
 1.51356125e+08 -1.82040385e+02  7.90643563e-10 
 1.53108746e+08 -1.82214135e+02  7.74984942e-10 
 1.54881662e+08 -1.82332236e+02  7.64518885e-10 
 1.56675107e+08 -1.82482546e+02  7.51402647e-10 
 1.58489319e+08 -1.82636016e+02  7.38242791e-10 
 1.60324539e+08 -1.82781453e+02  7.25984543e-10 
 1.62181010e+08 -1.82965158e+02  7.10791256e-10 
 1.64058977e+08 -1.83079685e+02  7.01480772e-10 
 1.65958691e+08 -1.83242131e+02  6.88483368e-10 
 1.67880402e+08 -1.83402754e+02  6.75868645e-10 
 1.69824365e+08 -1.83550575e+02  6.64463686e-10 
 1.71790839e+08 -1.83691889e+02  6.53740716e-10 
 1.73780083e+08 -1.83850390e+02  6.41919413e-10 
 1.75792361e+08 -1.84020136e+02  6.29496324e-10 
 1.77827941e+08 -1.84149900e+02  6.20161785e-10 
 1.79887092e+08 -1.84317545e+02  6.08306940e-10 
 1.81970086e+08 -1.84471617e+02  5.97611799e-10 
 1.84077200e+08 -1.84615547e+02  5.87790632e-10 
 1.86208714e+08 -1.84724577e+02  5.80458493e-10 
 1.88364909e+08 -1.84900449e+02  5.68823533e-10 
 1.90546072e+08 -1.85049897e+02  5.59120172e-10 
 1.92752491e+08 -1.85190664e+02  5.50131854e-10 
 1.94984460e+08 -1.85328915e+02  5.41444875e-10 
 1.97242274e+08 -1.85521625e+02  5.29564364e-10 
 1.99526231e+08 -1.85640659e+02  5.22356561e-10 
 2.01836636e+08 -1.85798286e+02  5.12962588e-10 
 2.04173794e+08 -1.85934220e+02  5.04997258e-10 
 2.06538016e+08 -1.86059452e+02  4.97768463e-10 
 2.08929613e+08 -1.86221052e+02  4.88593207e-10 
 2.11348904e+08 -1.86360157e+02  4.80830673e-10 
 2.13796209e+08 -1.86506534e+02  4.72795481e-10 
 2.16271852e+08 -1.86623144e+02  4.66490503e-10 
 2.18776162e+08 -1.86811989e+02  4.56457736e-10 
 2.21309471e+08 -1.86909389e+02  4.51367759e-10 
 2.23872114e+08 -1.87078306e+02  4.42674689e-10 
 2.26464431e+08 -1.87202720e+02  4.36379148e-10 
 2.29086765e+08 -1.87373149e+02  4.27900266e-10 
 2.31739465e+08 -1.87511130e+02  4.21156473e-10 
 2.34422882e+08 -1.87626012e+02  4.15622824e-10 
 2.37137371e+08 -1.87786151e+02  4.08030328e-10 
 2.39883292e+08 -1.87941597e+02  4.00793037e-10 
 2.42661010e+08 -1.88076259e+02  3.94627212e-10 
 2.45470892e+08 -1.88207798e+02  3.88696010e-10 
 2.48313311e+08 -1.88343566e+02  3.82667621e-10 
 2.51188643e+08 -1.88466520e+02  3.77288878e-10 
 2.54097271e+08 -1.88597288e+02  3.71651267e-10 
 2.57039578e+08 -1.88750696e+02  3.65144888e-10 
 2.60015956e+08 -1.88898743e+02  3.58973887e-10 
 2.63026799e+08 -1.89039227e+02  3.53214610e-10 
 2.66072506e+08 -1.89113258e+02  3.50216883e-10 
 2.69153480e+08 -1.89289976e+02  3.43163587e-10 
 2.72270131e+08 -1.89425809e+02  3.37838803e-10 
 2.75422870e+08 -1.89548705e+02  3.33092421e-10 
 2.78612117e+08 -1.89698166e+02  3.27409804e-10 
 2.81838293e+08 -1.89815184e+02  3.23028487e-10 
 2.85101827e+08 -1.89944940e+02  3.18238715e-10 
 2.88403150e+08 -1.90091129e+02  3.12927377e-10 
 2.91742701e+08 -1.90213486e+02  3.08550098e-10 
 2.95120923e+08 -1.90340389e+02  3.04074898e-10 
 2.98538262e+08 -1.90499814e+02  2.98544659e-10 
 3.01995172e+08 -1.90592556e+02  2.95373972e-10 
 3.05492111e+08 -1.90723130e+02  2.90966825e-10 
 3.09029543e+08 -1.90853313e+02  2.86638389e-10 
 3.12607937e+08 -1.90993931e+02  2.82035286e-10 
 3.16227766e+08 -1.91109939e+02  2.78293504e-10 
 3.19889511e+08 -1.91269006e+02  2.73243398e-10 
 3.23593657e+08 -1.91384696e+02  2.69628135e-10 
 3.27340695e+08 -1.91512947e+02  2.65676203e-10 
 3.31131121e+08 -1.91621550e+02  2.62375030e-10 
 3.34965439e+08 -1.91761820e+02  2.58171922e-10 
 3.38844156e+08 -1.91895887e+02  2.54217620e-10 
 3.42767787e+08 -1.92021492e+02  2.50567876e-10 
 3.46736850e+08 -1.92114238e+02  2.47906607e-10 
 3.50751874e+08 -1.92231515e+02  2.44581869e-10 
 3.54813389e+08 -1.92373719e+02  2.40610209e-10 
 3.58921935e+08 -1.92505320e+02  2.36992180e-10 
 3.63078055e+08 -1.92613943e+02  2.34046885e-10 
 3.67282300e+08 -1.92753468e+02  2.30317331e-10 
 3.71535229e+08 -1.92868868e+02  2.27277590e-10 
 3.75837404e+08 -1.93020162e+02  2.23353044e-10 
 3.80189396e+08 -1.93078872e+02  2.21848447e-10 
 3.84591782e+08 -1.93232127e+02  2.17968452e-10 
 3.89045145e+08 -1.93370440e+02  2.14525051e-10 
 3.93550075e+08 -1.93492675e+02  2.11527208e-10 
 3.98107171e+08 -1.93590973e+02  2.09146850e-10 
 4.02717034e+08 -1.93708205e+02  2.06343009e-10 
 4.07380278e+08 -1.93849817e+02  2.03006137e-10 
 4.12097519e+08 -1.93971326e+02  2.00186010e-10 
 4.16869383e+08 -1.94057948e+02  1.98199532e-10 
 4.21696503e+08 -1.94195640e+02  1.95082363e-10 
 4.26579519e+08 -1.94319925e+02  1.92310833e-10 
 4.31519077e+08 -1.94409890e+02  1.90329233e-10 
 4.36515832e+08 -1.94550290e+02  1.87277463e-10 
 4.41570447e+08 -1.94656581e+02  1.84999670e-10 
 4.46683592e+08 -1.94787409e+02  1.82234068e-10 
 4.51855944e+08 -1.94894550e+02  1.80000004e-10 
 4.57088190e+08 -1.94996150e+02  1.77906777e-10 
 4.62381021e+08 -1.95125634e+02  1.75274322e-10 
 4.67735141e+08 -1.95253861e+02  1.72705813e-10 
 4.73151259e+08 -1.95361914e+02  1.70570652e-10 
 4.78630092e+08 -1.95503360e+02  1.67815479e-10 
 4.84172368e+08 -1.95602041e+02  1.65919704e-10 
 4.89778819e+08 -1.95682736e+02  1.64385391e-10 
 4.95450191e+08 -1.95802815e+02  1.62128455e-10 
 5.01187234e+08 -1.95932641e+02  1.59723182e-10 
 5.06990708e+08 -1.96013575e+02  1.58241821e-10 
 5.12861384e+08 -1.96153967e+02  1.55704675e-10 
 5.18800039e+08 -1.96298247e+02  1.53139642e-10 
 5.24807460e+08 -1.96373121e+02  1.51825227e-10 
 5.30884444e+08 -1.96471797e+02  1.50110178e-10 
 5.37031796e+08 -1.96635049e+02  1.47315203e-10 
 5.43250331e+08 -1.96705875e+02  1.46118860e-10 
 5.49540874e+08 -1.96833287e+02  1.43991095e-10 
 5.55904257e+08 -1.96945857e+02  1.42137005e-10 
 5.62341325e+08 -1.97049418e+02  1.40452377e-10 
 5.68852931e+08 -1.97161570e+02  1.38650526e-10 
 5.75439937e+08 -1.97227175e+02  1.37607236e-10 
 5.82103218e+08 -1.97396751e+02  1.34946761e-10 
 5.88843655e+08 -1.97483372e+02  1.33607668e-10 
 5.95662144e+08 -1.97643930e+02  1.31160639e-10 
 6.02559586e+08 -1.97738311e+02  1.29743149e-10 
 6.09536897e+08 -1.97856648e+02  1.27987510e-10 
 6.16595002e+08 -1.97927880e+02  1.26942199e-10 
 6.23734835e+08 -1.98045903e+02  1.25228979e-10 
 6.30957344e+08 -1.98190182e+02  1.23166014e-10 
 6.38263486e+08 -1.98250151e+02  1.22318588e-10 
 6.45654229e+08 -1.98353079e+02  1.20877665e-10 
 6.53130553e+08 -1.98486400e+02  1.19036453e-10 
 6.60693448e+08 -1.98605839e+02  1.17410806e-10 
 6.68343918e+08 -1.98675133e+02  1.16477856e-10 
 6.76082975e+08 -1.98818775e+02  1.14567453e-10 
 6.83911647e+08 -1.98917165e+02  1.13277006e-10 
 6.91830971e+08 -1.99028694e+02  1.11831792e-10 
 6.99841996e+08 -1.99124319e+02  1.10607368e-10 
 7.07945784e+08 -1.99230157e+02  1.09267792e-10 
 7.16143410e+08 -1.99358204e+02  1.07668784e-10 
 7.24435960e+08 -1.99462334e+02  1.06385710e-10 
 7.32824533e+08 -1.99555131e+02  1.05255178e-10 
 7.41310241e+08 -1.99675057e+02  1.03811898e-10 
 7.49894209e+08 -1.99777652e+02  1.02592924e-10 
 7.58577575e+08 -1.99867337e+02  1.01539061e-10 
 7.67361489e+08 -1.99965425e+02  1.00398849e-10 
 7.76247117e+08 -2.00090602e+02  9.89623216e-11 
 7.85235635e+08 -2.00235875e+02  9.73209276e-11 
 7.94328235e+08 -2.00311669e+02  9.64753956e-11 
 8.03526122e+08 -2.00420072e+02  9.52788226e-11 
 8.12830516e+08 -2.00506031e+02  9.43405558e-11 
 8.22242650e+08 -2.00624082e+02  9.30670428e-11 
 8.31763771e+08 -2.00693271e+02  9.23286423e-11 
 8.41395142e+08 -2.00794811e+02  9.12555885e-11 
 8.51138038e+08 -2.00926914e+02  8.98781813e-11 
 8.60993752e+08 -2.01022927e+02  8.88901495e-11 
 8.70963590e+08 -2.01174474e+02  8.73526888e-11 
 8.81048873e+08 -2.01252297e+02  8.65735300e-11 
 8.91250938e+08 -2.01348198e+02  8.56229332e-11 
 9.01571138e+08 -2.01471285e+02  8.44181359e-11 
 9.12010839e+08 -2.01601887e+02  8.31583068e-11 
 9.22571427e+08 -2.01704125e+02  8.21852245e-11 
 9.33254301e+08 -2.01767856e+02  8.15844106e-11 
 9.44060876e+08 -2.01878958e+02  8.05475035e-11 
 9.54992586e+08 -2.02034108e+02  7.91215150e-11 
 9.66050879e+08 -2.02059002e+02  7.88950807e-11 
 9.77237221e+08 -2.02214615e+02  7.74942063e-11 
 9.88553095e+08 -2.02326058e+02  7.65062784e-11 
 1.00000000e+09 -2.02411665e+02  7.57559473e-11 
