 1.00000000e+00 -1.55457995e+01  1.66997522e-01 
 1.01157945e+00 -1.55458011e+01  1.66997491e-01 
 1.02329299e+00 -1.55458028e+01  1.66997459e-01 
 1.03514217e+00 -1.55458045e+01  1.66997426e-01 
 1.04712855e+00 -1.55458062e+01  1.66997392e-01 
 1.05925373e+00 -1.55458080e+01  1.66997358e-01 
 1.07151931e+00 -1.55458098e+01  1.66997323e-01 
 1.08392691e+00 -1.55458117e+01  1.66997287e-01 
 1.09647820e+00 -1.55458136e+01  1.66997250e-01 
 1.10917482e+00 -1.55458156e+01  1.66997212e-01 
 1.12201845e+00 -1.55458176e+01  1.66997174e-01 
 1.13501082e+00 -1.55458196e+01  1.66997135e-01 
 1.14815362e+00 -1.55458217e+01  1.66997094e-01 
 1.16144861e+00 -1.55458239e+01  1.66997053e-01 
 1.17489755e+00 -1.55458261e+01  1.66997011e-01 
 1.18850223e+00 -1.55458283e+01  1.66996967e-01 
 1.20226443e+00 -1.55458306e+01  1.66996923e-01 
 1.21618600e+00 -1.55458330e+01  1.66996878e-01 
 1.23026877e+00 -1.55458354e+01  1.66996832e-01 
 1.24451461e+00 -1.55458378e+01  1.66996784e-01 
 1.25892541e+00 -1.55458404e+01  1.66996736e-01 
 1.27350308e+00 -1.55458429e+01  1.66996686e-01 
 1.28824955e+00 -1.55458456e+01  1.66996635e-01 
 1.30316678e+00 -1.55458483e+01  1.66996583e-01 
 1.31825674e+00 -1.55458510e+01  1.66996530e-01 
 1.33352143e+00 -1.55458539e+01  1.66996476e-01 
 1.34896288e+00 -1.55458568e+01  1.66996420e-01 
 1.36458314e+00 -1.55458597e+01  1.66996363e-01 
 1.38038426e+00 -1.55458628e+01  1.66996305e-01 
 1.39636836e+00 -1.55458659e+01  1.66996245e-01 
 1.41253754e+00 -1.55458690e+01  1.66996184e-01 
 1.42889396e+00 -1.55458723e+01  1.66996122e-01 
 1.44543977e+00 -1.55458756e+01  1.66996058e-01 
 1.46217717e+00 -1.55458790e+01  1.66995992e-01 
 1.47910839e+00 -1.55458825e+01  1.66995926e-01 
 1.49623566e+00 -1.55458861e+01  1.66995857e-01 
 1.51356125e+00 -1.55458897e+01  1.66995787e-01 
 1.53108746e+00 -1.55458934e+01  1.66995715e-01 
 1.54881662e+00 -1.55458973e+01  1.66995642e-01 
 1.56675107e+00 -1.55459012e+01  1.66995567e-01 
 1.58489319e+00 -1.55459052e+01  1.66995490e-01 
 1.60324539e+00 -1.55459092e+01  1.66995411e-01 
 1.62181010e+00 -1.55459134e+01  1.66995331e-01 
 1.64058977e+00 -1.55459177e+01  1.66995248e-01 
 1.65958691e+00 -1.55459221e+01  1.66995164e-01 
 1.67880402e+00 -1.55459266e+01  1.66995078e-01 
 1.69824365e+00 -1.55459312e+01  1.66994990e-01 
 1.71790839e+00 -1.55459359e+01  1.66994899e-01 
 1.73780083e+00 -1.55459407e+01  1.66994807e-01 
 1.75792361e+00 -1.55459456e+01  1.66994712e-01 
 1.77827941e+00 -1.55459506e+01  1.66994616e-01 
 1.79887092e+00 -1.55459558e+01  1.66994517e-01 
 1.81970086e+00 -1.55459610e+01  1.66994415e-01 
 1.84077200e+00 -1.55459664e+01  1.66994312e-01 
 1.86208714e+00 -1.55459720e+01  1.66994206e-01 
 1.88364909e+00 -1.55459776e+01  1.66994097e-01 
 1.90546072e+00 -1.55459834e+01  1.66993986e-01 
 1.92752491e+00 -1.55459893e+01  1.66993872e-01 
 1.94984460e+00 -1.55459953e+01  1.66993756e-01 
 1.97242274e+00 -1.55460015e+01  1.66993637e-01 
 1.99526231e+00 -1.55460079e+01  1.66993515e-01 
 2.01836636e+00 -1.55460144e+01  1.66993391e-01 
 2.04173794e+00 -1.55460210e+01  1.66993263e-01 
 2.06538016e+00 -1.55460278e+01  1.66993132e-01 
 2.08929613e+00 -1.55460347e+01  1.66992999e-01 
 2.11348904e+00 -1.55460418e+01  1.66992862e-01 
 2.13796209e+00 -1.55460491e+01  1.66992722e-01 
 2.16271852e+00 -1.55460565e+01  1.66992579e-01 
 2.18776162e+00 -1.55460642e+01  1.66992433e-01 
 2.21309471e+00 -1.55460720e+01  1.66992283e-01 
 2.23872114e+00 -1.55460799e+01  1.66992130e-01 
 2.26464431e+00 -1.55460881e+01  1.66991973e-01 
 2.29086765e+00 -1.55460964e+01  1.66991812e-01 
 2.31739465e+00 -1.55461050e+01  1.66991648e-01 
 2.34422882e+00 -1.55461137e+01  1.66991480e-01 
 2.37137371e+00 -1.55461227e+01  1.66991308e-01 
 2.39883292e+00 -1.55461318e+01  1.66991132e-01 
 2.42661010e+00 -1.55461412e+01  1.66990952e-01 
 2.45470892e+00 -1.55461508e+01  1.66990767e-01 
 2.48313311e+00 -1.55461606e+01  1.66990579e-01 
 2.51188643e+00 -1.55461706e+01  1.66990386e-01 
 2.54097271e+00 -1.55461809e+01  1.66990188e-01 
 2.57039578e+00 -1.55461914e+01  1.66989986e-01 
 2.60015956e+00 -1.55462022e+01  1.66989779e-01 
 2.63026799e+00 -1.55462132e+01  1.66989568e-01 
 2.66072506e+00 -1.55462245e+01  1.66989351e-01 
 2.69153480e+00 -1.55462360e+01  1.66989129e-01 
 2.72270131e+00 -1.55462478e+01  1.66988903e-01 
 2.75422870e+00 -1.55462599e+01  1.66988670e-01 
 2.78612117e+00 -1.55462722e+01  1.66988433e-01 
 2.81838293e+00 -1.55462849e+01  1.66988190e-01 
 2.85101827e+00 -1.55462978e+01  1.66987941e-01 
 2.88403150e+00 -1.55463110e+01  1.66987687e-01 
 2.91742701e+00 -1.55463246e+01  1.66987427e-01 
 2.95120923e+00 -1.55463384e+01  1.66987160e-01 
 2.98538262e+00 -1.55463526e+01  1.66986887e-01 
 3.01995172e+00 -1.55463671e+01  1.66986608e-01 
 3.05492111e+00 -1.55463820e+01  1.66986323e-01 
 3.09029543e+00 -1.55463972e+01  1.66986031e-01 
 3.12607937e+00 -1.55464127e+01  1.66985732e-01 
 3.16227766e+00 -1.55464286e+01  1.66985426e-01 
 3.19889511e+00 -1.55464449e+01  1.66985113e-01 
 3.23593657e+00 -1.55464616e+01  1.66984793e-01 
 3.27340695e+00 -1.55464786e+01  1.66984465e-01 
 3.31131121e+00 -1.55464961e+01  1.66984130e-01 
 3.34965439e+00 -1.55465139e+01  1.66983786e-01 
 3.38844156e+00 -1.55465322e+01  1.66983435e-01 
 3.42767787e+00 -1.55465509e+01  1.66983076e-01 
 3.46736850e+00 -1.55465700e+01  1.66982708e-01 
 3.50751874e+00 -1.55465896e+01  1.66982332e-01 
 3.54813389e+00 -1.55466096e+01  1.66981947e-01 
 3.58921935e+00 -1.55466301e+01  1.66981553e-01 
 3.63078055e+00 -1.55466511e+01  1.66981149e-01 
 3.67282300e+00 -1.55466725e+01  1.66980737e-01 
 3.71535229e+00 -1.55466945e+01  1.66980314e-01 
 3.75837404e+00 -1.55467170e+01  1.66979882e-01 
 3.80189396e+00 -1.55467400e+01  1.66979440e-01 
 3.84591782e+00 -1.55467635e+01  1.66978988e-01 
 3.89045145e+00 -1.55467876e+01  1.66978525e-01 
 3.93550075e+00 -1.55468122e+01  1.66978051e-01 
 3.98107171e+00 -1.55468375e+01  1.66977567e-01 
 4.02717034e+00 -1.55468633e+01  1.66977070e-01 
 4.07380278e+00 -1.55468897e+01  1.66976563e-01 
 4.12097519e+00 -1.55469167e+01  1.66976043e-01 
 4.16869383e+00 -1.55469443e+01  1.66975512e-01 
 4.21696503e+00 -1.55469726e+01  1.66974968e-01 
 4.26579519e+00 -1.55470016e+01  1.66974412e-01 
 4.31519077e+00 -1.55470312e+01  1.66973842e-01 
 4.36515832e+00 -1.55470615e+01  1.66973259e-01 
 4.41570447e+00 -1.55470925e+01  1.66972663e-01 
 4.46683592e+00 -1.55471243e+01  1.66972053e-01 
 4.51855944e+00 -1.55471568e+01  1.66971428e-01 
 4.57088190e+00 -1.55471900e+01  1.66970789e-01 
 4.62381021e+00 -1.55472240e+01  1.66970136e-01 
 4.67735141e+00 -1.55472588e+01  1.66969467e-01 
 4.73151259e+00 -1.55472944e+01  1.66968782e-01 
 4.78630092e+00 -1.55473309e+01  1.66968081e-01 
 4.84172368e+00 -1.55473682e+01  1.66967365e-01 
 4.89778819e+00 -1.55474063e+01  1.66966631e-01 
 4.95450191e+00 -1.55474454e+01  1.66965880e-01 
 5.01187234e+00 -1.55474853e+01  1.66965112e-01 
 5.06990708e+00 -1.55475262e+01  1.66964326e-01 
 5.12861384e+00 -1.55475681e+01  1.66963522e-01 
 5.18800039e+00 -1.55476109e+01  1.66962699e-01 
 5.24807460e+00 -1.55476547e+01  1.66961857e-01 
 5.30884444e+00 -1.55476995e+01  1.66960995e-01 
 5.37031796e+00 -1.55477454e+01  1.66960113e-01 
 5.43250331e+00 -1.55477923e+01  1.66959211e-01 
 5.49540874e+00 -1.55478404e+01  1.66958288e-01 
 5.55904257e+00 -1.55478895e+01  1.66957343e-01 
 5.62341325e+00 -1.55479398e+01  1.66956376e-01 
 5.68852931e+00 -1.55479913e+01  1.66955387e-01 
 5.75439937e+00 -1.55480440e+01  1.66954374e-01 
 5.82103218e+00 -1.55480979e+01  1.66953338e-01 
 5.88843655e+00 -1.55481530e+01  1.66952278e-01 
 5.95662144e+00 -1.55482094e+01  1.66951193e-01 
 6.02559586e+00 -1.55482672e+01  1.66950084e-01 
 6.09536897e+00 -1.55483263e+01  1.66948948e-01 
 6.16595002e+00 -1.55483867e+01  1.66947786e-01 
 6.23734835e+00 -1.55484486e+01  1.66946596e-01 
 6.30957344e+00 -1.55485119e+01  1.66945379e-01 
 6.38263486e+00 -1.55485767e+01  1.66944134e-01 
 6.45654229e+00 -1.55486430e+01  1.66942860e-01 
 6.53130553e+00 -1.55487109e+01  1.66941556e-01 
 6.60693448e+00 -1.55487803e+01  1.66940222e-01 
 6.68343918e+00 -1.55488513e+01  1.66938856e-01 
 6.76082975e+00 -1.55489240e+01  1.66937459e-01 
 6.83911647e+00 -1.55489984e+01  1.66936030e-01 
 6.91830971e+00 -1.55490745e+01  1.66934567e-01 
 6.99841996e+00 -1.55491524e+01  1.66933070e-01 
 7.07945784e+00 -1.55492321e+01  1.66931539e-01 
 7.16143410e+00 -1.55493136e+01  1.66929971e-01 
 7.24435960e+00 -1.55493971e+01  1.66928368e-01 
 7.32824533e+00 -1.55494825e+01  1.66926726e-01 
 7.41310241e+00 -1.55495698e+01  1.66925047e-01 
 7.49894209e+00 -1.55496593e+01  1.66923329e-01 
 7.58577575e+00 -1.55497507e+01  1.66921571e-01 
 7.67361489e+00 -1.55498444e+01  1.66919772e-01 
 7.76247117e+00 -1.55499402e+01  1.66917930e-01 
 7.85235635e+00 -1.55500382e+01  1.66916047e-01 
 7.94328235e+00 -1.55501385e+01  1.66914119e-01 
 8.03526122e+00 -1.55502412e+01  1.66912147e-01 
 8.12830516e+00 -1.55503462e+01  1.66910128e-01 
 8.22242650e+00 -1.55504537e+01  1.66908063e-01 
 8.31763771e+00 -1.55505636e+01  1.66905950e-01 
 8.41395142e+00 -1.55506762e+01  1.66903787e-01 
 8.51138038e+00 -1.55507913e+01  1.66901574e-01 
 8.60993752e+00 -1.55509092e+01  1.66899310e-01 
 8.70963590e+00 -1.55510297e+01  1.66896993e-01 
 8.81048873e+00 -1.55511531e+01  1.66894623e-01 
 8.91250938e+00 -1.55512794e+01  1.66892197e-01 
 9.01571138e+00 -1.55514086e+01  1.66889715e-01 
 9.12010839e+00 -1.55515408e+01  1.66887175e-01 
 9.22571427e+00 -1.55516760e+01  1.66884576e-01 
 9.33254301e+00 -1.55518144e+01  1.66881916e-01 
 9.44060876e+00 -1.55519561e+01  1.66879195e-01 
 9.54992586e+00 -1.55521010e+01  1.66876411e-01 
 9.66050879e+00 -1.55522493e+01  1.66873562e-01 
 9.77237221e+00 -1.55524010e+01  1.66870646e-01 
 9.88553095e+00 -1.55525563e+01  1.66867663e-01 
 1.00000000e+01 -1.55527152e+01  1.66864611e-01 
 1.01157945e+01 -1.55528778e+01  1.66861487e-01 
 1.02329299e+01 -1.55530442e+01  1.66858291e-01 
 1.03514217e+01 -1.55532144e+01  1.66855021e-01 
 1.04712855e+01 -1.55533886e+01  1.66851675e-01 
 1.05925373e+01 -1.55535668e+01  1.66848251e-01 
 1.07151931e+01 -1.55537492e+01  1.66844748e-01 
 1.08392691e+01 -1.55539358e+01  1.66841163e-01 
 1.09647820e+01 -1.55541268e+01  1.66837495e-01 
 1.10917482e+01 -1.55543222e+01  1.66833742e-01 
 1.12201845e+01 -1.55545221e+01  1.66829901e-01 
 1.13501082e+01 -1.55547267e+01  1.66825972e-01 
 1.14815362e+01 -1.55549361e+01  1.66821951e-01 
 1.16144861e+01 -1.55551503e+01  1.66817837e-01 
 1.17489755e+01 -1.55553695e+01  1.66813627e-01 
 1.18850223e+01 -1.55555938e+01  1.66809320e-01 
 1.20226443e+01 -1.55558233e+01  1.66804912e-01 
 1.21618600e+01 -1.55560581e+01  1.66800402e-01 
 1.23026877e+01 -1.55562984e+01  1.66795788e-01 
 1.24451461e+01 -1.55565443e+01  1.66791067e-01 
 1.25892541e+01 -1.55567959e+01  1.66786236e-01 
 1.27350308e+01 -1.55570533e+01  1.66781292e-01 
 1.28824955e+01 -1.55573167e+01  1.66776235e-01 
 1.30316678e+01 -1.55575862e+01  1.66771060e-01 
 1.31825674e+01 -1.55578620e+01  1.66765764e-01 
 1.33352143e+01 -1.55581442e+01  1.66760346e-01 
 1.34896288e+01 -1.55584330e+01  1.66754803e-01 
 1.36458314e+01 -1.55587284e+01  1.66749130e-01 
 1.38038426e+01 -1.55590308e+01  1.66743327e-01 
 1.39636836e+01 -1.55593401e+01  1.66737388e-01 
 1.41253754e+01 -1.55596566e+01  1.66731312e-01 
 1.42889396e+01 -1.55599805e+01  1.66725096e-01 
 1.44543977e+01 -1.55603119e+01  1.66718735e-01 
 1.46217717e+01 -1.55606510e+01  1.66712226e-01 
 1.47910839e+01 -1.55609979e+01  1.66705567e-01 
 1.49623566e+01 -1.55613529e+01  1.66698754e-01 
 1.51356125e+01 -1.55617162e+01  1.66691783e-01 
 1.53108746e+01 -1.55620879e+01  1.66684650e-01 
 1.54881662e+01 -1.55624682e+01  1.66677352e-01 
 1.56675107e+01 -1.55628573e+01  1.66669885e-01 
 1.58489319e+01 -1.55632554e+01  1.66662245e-01 
 1.60324539e+01 -1.55636628e+01  1.66654429e-01 
 1.62181010e+01 -1.55640797e+01  1.66646431e-01 
 1.64058977e+01 -1.55645062e+01  1.66638248e-01 
 1.65958691e+01 -1.55649426e+01  1.66629876e-01 
 1.67880402e+01 -1.55653891e+01  1.66621310e-01 
 1.69824365e+01 -1.55658460e+01  1.66612547e-01 
 1.71790839e+01 -1.55663134e+01  1.66603580e-01 
 1.73780083e+01 -1.55667917e+01  1.66594406e-01 
 1.75792361e+01 -1.55672811e+01  1.66585020e-01 
 1.77827941e+01 -1.55677818e+01  1.66575417e-01 
 1.79887092e+01 -1.55682942e+01  1.66565592e-01 
 1.81970086e+01 -1.55688184e+01  1.66555540e-01 
 1.84077200e+01 -1.55693547e+01  1.66545255e-01 
 1.86208714e+01 -1.55699035e+01  1.66534733e-01 
 1.88364909e+01 -1.55704650e+01  1.66523968e-01 
 1.90546072e+01 -1.55710395e+01  1.66512955e-01 
 1.92752491e+01 -1.55716272e+01  1.66501687e-01 
 1.94984460e+01 -1.55722286e+01  1.66490159e-01 
 1.97242274e+01 -1.55728440e+01  1.66478365e-01 
 1.99526231e+01 -1.55734735e+01  1.66466299e-01 
 2.01836636e+01 -1.55741177e+01  1.66453955e-01 
 2.04173794e+01 -1.55747767e+01  1.66441325e-01 
 2.06538016e+01 -1.55754510e+01  1.66428405e-01 
 2.08929613e+01 -1.55761409e+01  1.66415187e-01 
 2.11348904e+01 -1.55768467e+01  1.66401664e-01 
 2.13796209e+01 -1.55775689e+01  1.66387830e-01 
 2.16271852e+01 -1.55783077e+01  1.66373677e-01 
 2.18776162e+01 -1.55790637e+01  1.66359198e-01 
 2.21309471e+01 -1.55798371e+01  1.66344385e-01 
 2.23872114e+01 -1.55806283e+01  1.66329232e-01 
 2.26464431e+01 -1.55814379e+01  1.66313730e-01 
 2.29086765e+01 -1.55822662e+01  1.66297872e-01 
 2.31739465e+01 -1.55831136e+01  1.66281649e-01 
 2.34422882e+01 -1.55839805e+01  1.66265052e-01 
 2.37137371e+01 -1.55848675e+01  1.66248075e-01 
 2.39883292e+01 -1.55857750e+01  1.66230707e-01 
 2.42661010e+01 -1.55867034e+01  1.66212940e-01 
 2.45470892e+01 -1.55876532e+01  1.66194766e-01 
 2.48313311e+01 -1.55886249e+01  1.66176174e-01 
 2.51188643e+01 -1.55896190e+01  1.66157156e-01 
 2.54097271e+01 -1.55906361e+01  1.66137701e-01 
 2.57039578e+01 -1.55916766e+01  1.66117801e-01 
 2.60015956e+01 -1.55927410e+01  1.66097444e-01 
 2.63026799e+01 -1.55938300e+01  1.66076621e-01 
 2.66072506e+01 -1.55949441e+01  1.66055320e-01 
 2.69153480e+01 -1.55960838e+01  1.66033533e-01 
 2.72270131e+01 -1.55972498e+01  1.66011246e-01 
 2.75422870e+01 -1.55984426e+01  1.65988450e-01 
 2.78612117e+01 -1.55996629e+01  1.65965132e-01 
 2.81838293e+01 -1.56009112e+01  1.65941282e-01 
 2.85101827e+01 -1.56021882e+01  1.65916887e-01 
 2.88403150e+01 -1.56034946e+01  1.65891934e-01 
 2.91742701e+01 -1.56048310e+01  1.65866412e-01 
 2.95120923e+01 -1.56061981e+01  1.65840308e-01 
 2.98538262e+01 -1.56075966e+01  1.65813608e-01 
 3.01995172e+01 -1.56090272e+01  1.65786300e-01 
 3.05492111e+01 -1.56104907e+01  1.65758369e-01 
 3.09029543e+01 -1.56119877e+01  1.65729803e-01 
 3.12607937e+01 -1.56135191e+01  1.65700587e-01 
 3.16227766e+01 -1.56150856e+01  1.65670706e-01 
 3.19889511e+01 -1.56166879e+01  1.65640145e-01 
 3.23593657e+01 -1.56183270e+01  1.65608891e-01 
 3.27340695e+01 -1.56200037e+01  1.65576926e-01 
 3.31131121e+01 -1.56217187e+01  1.65544237e-01 
 3.34965439e+01 -1.56234730e+01  1.65510805e-01 
 3.38844156e+01 -1.56252674e+01  1.65476616e-01 
 3.42767787e+01 -1.56271028e+01  1.65441653e-01 
 3.46736850e+01 -1.56289802e+01  1.65405898e-01 
 3.50751874e+01 -1.56309004e+01  1.65369335e-01 
 3.54813389e+01 -1.56328645e+01  1.65331944e-01 
 3.58921935e+01 -1.56348735e+01  1.65293709e-01 
 3.63078055e+01 -1.56369283e+01  1.65254611e-01 
 3.67282300e+01 -1.56390299e+01  1.65214631e-01 
 3.71535229e+01 -1.56411794e+01  1.65173750e-01 
 3.75837404e+01 -1.56433779e+01  1.65131948e-01 
 3.80189396e+01 -1.56456265e+01  1.65089205e-01 
 3.84591782e+01 -1.56479262e+01  1.65045500e-01 
 3.89045145e+01 -1.56502783e+01  1.65000814e-01 
 3.93550075e+01 -1.56526838e+01  1.64955124e-01 
 3.98107171e+01 -1.56551439e+01  1.64908410e-01 
 4.02717034e+01 -1.56576600e+01  1.64860648e-01 
 4.07380278e+01 -1.56602331e+01  1.64811817e-01 
 4.12097519e+01 -1.56628646e+01  1.64761893e-01 
 4.16869383e+01 -1.56655557e+01  1.64710853e-01 
 4.21696503e+01 -1.56683078e+01  1.64658673e-01 
 4.26579519e+01 -1.56711221e+01  1.64605330e-01 
 4.31519077e+01 -1.56740002e+01  1.64550797e-01 
 4.36515832e+01 -1.56769433e+01  1.64495050e-01 
 4.41570447e+01 -1.56799529e+01  1.64438064e-01 
 4.46683592e+01 -1.56830305e+01  1.64379811e-01 
 4.51855944e+01 -1.56861775e+01  1.64320265e-01 
 4.57088190e+01 -1.56893954e+01  1.64259400e-01 
 4.62381021e+01 -1.56926858e+01  1.64197186e-01 
 4.67735141e+01 -1.56960503e+01  1.64133597e-01 
 4.73151259e+01 -1.56994904e+01  1.64068602e-01 
 4.78630092e+01 -1.57030079e+01  1.64002174e-01 
 4.84172368e+01 -1.57066043e+01  1.63934282e-01 
 4.89778819e+01 -1.57102815e+01  1.63864896e-01 
 4.95450191e+01 -1.57140411e+01  1.63793984e-01 
 5.01187234e+01 -1.57178848e+01  1.63721516e-01 
 5.06990708e+01 -1.57218146e+01  1.63647460e-01 
 5.12861384e+01 -1.57258323e+01  1.63571782e-01 
 5.18800039e+01 -1.57299397e+01  1.63494450e-01 
 5.24807460e+01 -1.57341387e+01  1.63415431e-01 
 5.30884444e+01 -1.57384314e+01  1.63334689e-01 
 5.37031796e+01 -1.57428196e+01  1.63252191e-01 
 5.43250331e+01 -1.57473055e+01  1.63167900e-01 
 5.49540874e+01 -1.57518911e+01  1.63081780e-01 
 5.55904257e+01 -1.57565785e+01  1.62993796e-01 
 5.62341325e+01 -1.57613699e+01  1.62903910e-01 
 5.68852931e+01 -1.57662673e+01  1.62812083e-01 
 5.75439937e+01 -1.57712732e+01  1.62718278e-01 
 5.82103218e+01 -1.57763897e+01  1.62622456e-01 
 5.88843655e+01 -1.57816191e+01  1.62524577e-01 
 5.95662144e+01 -1.57869638e+01  1.62424601e-01 
 6.02559586e+01 -1.57924263e+01  1.62322487e-01 
 6.09536897e+01 -1.57980088e+01  1.62218193e-01 
 6.16595002e+01 -1.58037140e+01  1.62111678e-01 
 6.23734835e+01 -1.58095443e+01  1.62002899e-01 
 6.30957344e+01 -1.58155023e+01  1.61891812e-01 
 6.38263486e+01 -1.58215907e+01  1.61778374e-01 
 6.45654229e+01 -1.58278120e+01  1.61662540e-01 
 6.53130553e+01 -1.58341691e+01  1.61544266e-01 
 6.60693448e+01 -1.58406646e+01  1.61423504e-01 
 6.68343918e+01 -1.58473013e+01  1.61300210e-01 
 6.76082975e+01 -1.58540822e+01  1.61174336e-01 
 6.83911647e+01 -1.58610101e+01  1.61045834e-01 
 6.91830971e+01 -1.58680879e+01  1.60914657e-01 
 6.99841996e+01 -1.58753187e+01  1.60780756e-01 
 7.07945784e+01 -1.58827054e+01  1.60644081e-01 
 7.16143410e+01 -1.58902513e+01  1.60504583e-01 
 7.24435960e+01 -1.58979593e+01  1.60362211e-01 
 7.32824533e+01 -1.59058328e+01  1.60216914e-01 
 7.41310241e+01 -1.59138749e+01  1.60068641e-01 
 7.49894209e+01 -1.59220889e+01  1.59917339e-01 
 7.58577575e+01 -1.59304782e+01  1.59762957e-01 
 7.67361489e+01 -1.59390462e+01  1.59605440e-01 
 7.76247117e+01 -1.59477963e+01  1.59444736e-01 
 7.85235635e+01 -1.59567320e+01  1.59280790e-01 
 7.94328235e+01 -1.59658568e+01  1.59113548e-01 
 8.03526122e+01 -1.59751744e+01  1.58942954e-01 
 8.12830516e+01 -1.59846883e+01  1.58768954e-01 
 8.22242650e+01 -1.59944024e+01  1.58591490e-01 
 8.31763771e+01 -1.60043203e+01  1.58410508e-01 
 8.41395142e+01 -1.60144458e+01  1.58225950e-01 
 8.51138038e+01 -1.60247827e+01  1.58037759e-01 
 8.60993752e+01 -1.60353351e+01  1.57845878e-01 
 8.70963590e+01 -1.60461067e+01  1.57650250e-01 
 8.81048873e+01 -1.60571017e+01  1.57450816e-01 
 8.91250938e+01 -1.60683240e+01  1.57247517e-01 
 9.01571138e+01 -1.60797778e+01  1.57040297e-01 
 9.12010839e+01 -1.60914672e+01  1.56829095e-01 
 9.22571427e+01 -1.61033964e+01  1.56613854e-01 
 9.33254301e+01 -1.61155697e+01  1.56394514e-01 
 9.44060876e+01 -1.61279913e+01  1.56171016e-01 
 9.54992586e+01 -1.61406655e+01  1.55943302e-01 
 9.66050879e+01 -1.61535968e+01  1.55711311e-01 
 9.77237221e+01 -1.61667895e+01  1.55474985e-01 
 9.88553095e+01 -1.61802482e+01  1.55234265e-01 
 1.00000000e+02 -1.61939773e+01  1.54989092e-01 
 1.01157945e+02 -1.62079815e+01  1.54739406e-01 
 1.02329299e+02 -1.62222652e+01  1.54485150e-01 
 1.03514217e+02 -1.62368332e+01  1.54226264e-01 
 1.04712855e+02 -1.62516901e+01  1.53962691e-01 
 1.05925373e+02 -1.62668407e+01  1.53694373e-01 
 1.07151931e+02 -1.62822896e+01  1.53421252e-01 
 1.08392691e+02 -1.62980417e+01  1.53143270e-01 
 1.09647820e+02 -1.63141017e+01  1.52860373e-01 
 1.10917482e+02 -1.63304746e+01  1.52572502e-01 
 1.12201845e+02 -1.63471652e+01  1.52279604e-01 
 1.13501082e+02 -1.63641785e+01  1.51981622e-01 
 1.14815362e+02 -1.63815193e+01  1.51678503e-01 
 1.16144861e+02 -1.63991927e+01  1.51370194e-01 
 1.17489755e+02 -1.64172035e+01  1.51056641e-01 
 1.18850223e+02 -1.64355569e+01  1.50737794e-01 
 1.20226443e+02 -1.64542579e+01  1.50413600e-01 
 1.21618600e+02 -1.64733114e+01  1.50084012e-01 
 1.23026877e+02 -1.64927226e+01  1.49748979e-01 
 1.24451461e+02 -1.65124966e+01  1.49408454e-01 
 1.25892541e+02 -1.65326383e+01  1.49062391e-01 
 1.27350308e+02 -1.65531530e+01  1.48710745e-01 
 1.28824955e+02 -1.65740457e+01  1.48353472e-01 
 1.30316678e+02 -1.65953215e+01  1.47990530e-01 
 1.31825674e+02 -1.66169855e+01  1.47621878e-01 
 1.33352143e+02 -1.66390428e+01  1.47247476e-01 
 1.34896288e+02 -1.66614985e+01  1.46867287e-01 
 1.36458314e+02 -1.66843578e+01  1.46481275e-01 
 1.38038426e+02 -1.67076255e+01  1.46089406e-01 
 1.39636836e+02 -1.67313069e+01  1.45691647e-01 
 1.41253754e+02 -1.67554070e+01  1.45287968e-01 
 1.42889396e+02 -1.67799308e+01  1.44878340e-01 
 1.44543977e+02 -1.68048832e+01  1.44462737e-01 
 1.46217717e+02 -1.68302694e+01  1.44041134e-01 
 1.47910839e+02 -1.68560941e+01  1.43613510e-01 
 1.49623566e+02 -1.68823623e+01  1.43179843e-01 
 1.51356125e+02 -1.69090790e+01  1.42740118e-01 
 1.53108746e+02 -1.69362488e+01  1.42294318e-01 
 1.54881662e+02 -1.69638767e+01  1.41842430e-01 
 1.56675107e+02 -1.69919674e+01  1.41384445e-01 
 1.58489319e+02 -1.70205255e+01  1.40920354e-01 
 1.60324539e+02 -1.70495556e+01  1.40450153e-01 
 1.62181010e+02 -1.70790625e+01  1.39973839e-01 
 1.64058977e+02 -1.71090505e+01  1.39491413e-01 
 1.65958691e+02 -1.71395242e+01  1.39002877e-01 
 1.67880402e+02 -1.71704879e+01  1.38508238e-01 
 1.69824365e+02 -1.72019460e+01  1.38007504e-01 
 1.71790839e+02 -1.72339026e+01  1.37500687e-01 
 1.73780083e+02 -1.72663620e+01  1.36987803e-01 
 1.75792361e+02 -1.72993282e+01  1.36468868e-01 
 1.77827941e+02 -1.73328052e+01  1.35943904e-01 
 1.79887092e+02 -1.73667970e+01  1.35412935e-01 
 1.81970086e+02 -1.74013072e+01  1.34875988e-01 
 1.84077200e+02 -1.74363397e+01  1.34333093e-01 
 1.86208714e+02 -1.74718980e+01  1.33784284e-01 
 1.88364909e+02 -1.75079857e+01  1.33229597e-01 
 1.90546072e+02 -1.75446062e+01  1.32669072e-01 
 1.92752491e+02 -1.75817627e+01  1.32102753e-01 
 1.94984460e+02 -1.76194584e+01  1.31530685e-01 
 1.97242274e+02 -1.76576964e+01  1.30952918e-01 
 1.99526231e+02 -1.76964796e+01  1.30369505e-01 
 2.01836636e+02 -1.77358110e+01  1.29780503e-01 
 2.04173794e+02 -1.77756930e+01  1.29185969e-01 
 2.06538016e+02 -1.78161284e+01  1.28585968e-01 
 2.08929613e+02 -1.78571196e+01  1.27980564e-01 
 2.11348904e+02 -1.78986689e+01  1.27369826e-01 
 2.13796209e+02 -1.79407784e+01  1.26753827e-01 
 2.16271852e+02 -1.79834502e+01  1.26132641e-01 
 2.18776162e+02 -1.80266862e+01  1.25506347e-01 
 2.21309471e+02 -1.80704882e+01  1.24875025e-01 
 2.23872114e+02 -1.81148578e+01  1.24238761e-01 
 2.26464431e+02 -1.81597964e+01  1.23597640e-01 
 2.29086765e+02 -1.82053054e+01  1.22951754e-01 
 2.31739465e+02 -1.82513860e+01  1.22301195e-01 
 2.34422882e+02 -1.82980391e+01  1.21646059e-01 
 2.37137371e+02 -1.83452657e+01  1.20986444e-01 
 2.39883292e+02 -1.83930666e+01  1.20322451e-01 
 2.42661010e+02 -1.84414422e+01  1.19654184e-01 
 2.45470892e+02 -1.84903930e+01  1.18981749e-01 
 2.48313311e+02 -1.85399194e+01  1.18305254e-01 
 2.51188643e+02 -1.85900214e+01  1.17624809e-01 
 2.54097271e+02 -1.86406989e+01  1.16940529e-01 
 2.57039578e+02 -1.86919519e+01  1.16252528e-01 
 2.60015956e+02 -1.87437800e+01  1.15560923e-01 
 2.63026799e+02 -1.87961826e+01  1.14865833e-01 
 2.66072506e+02 -1.88491593e+01  1.14167380e-01 
 2.69153480e+02 -1.89027091e+01  1.13465687e-01 
 2.72270131e+02 -1.89568311e+01  1.12760876e-01 
 2.75422870e+02 -1.90115244e+01  1.12053076e-01 
 2.78612117e+02 -1.90667875e+01  1.11342412e-01 
 2.81838293e+02 -1.91226192e+01  1.10629014e-01 
 2.85101827e+02 -1.91790179e+01  1.09913011e-01 
 2.88403150e+02 -1.92359820e+01  1.09194535e-01 
 2.91742701e+02 -1.92935096e+01  1.08473717e-01 
 2.95120923e+02 -1.93515988e+01  1.07750690e-01 
 2.98538262e+02 -1.94102475e+01  1.07025589e-01 
 3.01995172e+02 -1.94694534e+01  1.06298547e-01 
 3.05492111e+02 -1.95292143e+01  1.05569699e-01 
 3.09029543e+02 -1.95895277e+01  1.04839180e-01 
 3.12607937e+02 -1.96503908e+01  1.04107126e-01 
 3.16227766e+02 -1.97118011e+01  1.03373673e-01 
 3.19889511e+02 -1.97737555e+01  1.02638956e-01 
 3.23593657e+02 -1.98362511e+01  1.01903111e-01 
 3.27340695e+02 -1.98992849e+01  1.01166274e-01 
 3.31131121e+02 -1.99628535e+01  1.00428580e-01 
 3.34965439e+02 -2.00269538e+01  9.96901644e-02 
 3.38844156e+02 -2.00915821e+01  9.89511612e-02 
 3.42767787e+02 -2.01567350e+01  9.82117048e-02 
 3.46736850e+02 -2.02224088e+01  9.74719283e-02 
 3.50751874e+02 -2.02885999e+01  9.67319644e-02 
 3.54813389e+02 -2.03553042e+01  9.59919446e-02 
 3.58921935e+02 -2.04225180e+01  9.52519996e-02 
 3.63078055e+02 -2.04902371e+01  9.45122592e-02 
 3.67282300e+02 -2.05584575e+01  9.37728517e-02 
 3.71535229e+02 -2.06271750e+01  9.30339045e-02 
 3.75837404e+02 -2.06963854e+01  9.22955436e-02 
 3.80189396e+02 -2.07660842e+01  9.15578934e-02 
 3.84591782e+02 -2.08362670e+01  9.08210770e-02 
 3.89045145e+02 -2.09069295e+01  9.00852160e-02 
 3.93550075e+02 -2.09780670e+01  8.93504303e-02 
 3.98107171e+02 -2.10496750e+01  8.86168381e-02 
 4.02717034e+02 -2.11217488e+01  8.78845559e-02 
 4.07380278e+02 -2.11942836e+01  8.71536982e-02 
 4.12097519e+02 -2.12672747e+01  8.64243781e-02 
 4.16869383e+02 -2.13407174e+01  8.56967061e-02 
 4.21696503e+02 -2.14146067e+01  8.49707914e-02 
 4.26579519e+02 -2.14889379e+01  8.42467406e-02 
 4.31519077e+02 -2.15637058e+01  8.35246586e-02 
 4.36515832e+02 -2.16389057e+01  8.28046481e-02 
 4.41570447e+02 -2.17145325e+01  8.20868096e-02 
 4.46683592e+02 -2.17905812e+01  8.13712415e-02 
 4.51855944e+02 -2.18670467e+01  8.06580398e-02 
 4.57088190e+02 -2.19439241e+01  7.99472986e-02 
 4.62381021e+02 -2.20212083e+01  7.92391094e-02 
 4.67735141e+02 -2.20988941e+01  7.85335615e-02 
 4.73151259e+02 -2.21769766e+01  7.78307421e-02 
 4.78630092e+02 -2.22554505e+01  7.71307358e-02 
 4.84172368e+02 -2.23343108e+01  7.64336251e-02 
 4.89778819e+02 -2.24135525e+01  7.57394899e-02 
 4.95450191e+02 -2.24931703e+01  7.50484081e-02 
 5.01187234e+02 -2.25731592e+01  7.43604549e-02 
 5.06990708e+02 -2.26535142e+01  7.36757034e-02 
 5.12861384e+02 -2.27342301e+01  7.29942242e-02 
 5.18800039e+02 -2.28153018e+01  7.23160857e-02 
 5.24807460e+02 -2.28967243e+01  7.16413538e-02 
 5.30884444e+02 -2.29784926e+01  7.09700921e-02 
 5.37031796e+02 -2.30606017e+01  7.03023620e-02 
 5.43250331e+02 -2.31430464e+01  6.96382226e-02 
 5.49540874e+02 -2.32258220e+01  6.89777304e-02 
 5.55904257e+02 -2.33089233e+01  6.83209400e-02 
 5.62341325e+02 -2.33923456e+01  6.76679035e-02 
 5.68852931e+02 -2.34760838e+01  6.70186710e-02 
 5.75439937e+02 -2.35601331e+01  6.63732900e-02 
 5.82103218e+02 -2.36444887e+01  6.57318063e-02 
 5.88843655e+02 -2.37291457e+01  6.50942632e-02 
 5.95662144e+02 -2.38140994e+01  6.44607018e-02 
 6.02559586e+02 -2.38993451e+01  6.38311614e-02 
 6.09536897e+02 -2.39848780e+01  6.32056790e-02 
 6.16595002e+02 -2.40706935e+01  6.25842895e-02 
 6.23734835e+02 -2.41567869e+01  6.19670261e-02 
 6.30957344e+02 -2.42431537e+01  6.13539196e-02 
 6.38263486e+02 -2.43297894e+01  6.07449990e-02 
 6.45654229e+02 -2.44166894e+01  6.01402915e-02 
 6.53130553e+02 -2.45038493e+01  5.95398224e-02 
 6.60693448e+02 -2.45912647e+01  5.89436148e-02 
 6.68343918e+02 -2.46789312e+01  5.83516905e-02 
 6.76082975e+02 -2.47668444e+01  5.77640691e-02 
 6.83911647e+02 -2.48550002e+01  5.71807687e-02 
 6.91830971e+02 -2.49433943e+01  5.66018056e-02 
 6.99841996e+02 -2.50320225e+01  5.60271944e-02 
 7.07945784e+02 -2.51208807e+01  5.54569481e-02 
 7.16143410e+02 -2.52099648e+01  5.48910781e-02 
 7.24435960e+02 -2.52992708e+01  5.43295942e-02 
 7.32824533e+02 -2.53887947e+01  5.37725048e-02 
 7.41310241e+02 -2.54785325e+01  5.32198166e-02 
 7.49894209e+02 -2.55684805e+01  5.26715352e-02 
 7.58577575e+02 -2.56586347e+01  5.21276644e-02 
 7.67361489e+02 -2.57489914e+01  5.15882068e-02 
 7.76247117e+02 -2.58395468e+01  5.10531638e-02 
 7.85235635e+02 -2.59302973e+01  5.05225352e-02 
 7.94328235e+02 -2.60212392e+01  4.99963199e-02 
 8.03526122e+02 -2.61123691e+01  4.94745152e-02 
 8.12830516e+02 -2.62036832e+01  4.89571174e-02 
 8.22242650e+02 -2.62951783e+01  4.84441218e-02 
 8.31763771e+02 -2.63868507e+01  4.79355223e-02 
 8.41395142e+02 -2.64786973e+01  4.74313118e-02 
 8.51138038e+02 -2.65707146e+01  4.69314823e-02 
 8.60993752e+02 -2.66628993e+01  4.64360247e-02 
 8.70963590e+02 -2.67552484e+01  4.59449288e-02 
 8.81048873e+02 -2.68477584e+01  4.54581835e-02 
 8.91250938e+02 -2.69404265e+01  4.49757770e-02 
 9.01571138e+02 -2.70332494e+01  4.44976964e-02 
 9.12010839e+02 -2.71262242e+01  4.40239279e-02 
 9.22571427e+02 -2.72193479e+01  4.35544571e-02 
 9.33254301e+02 -2.73126175e+01  4.30892688e-02 
 9.44060876e+02 -2.74060302e+01  4.26283467e-02 
 9.54992586e+02 -2.74995831e+01  4.21716743e-02 
 9.66050879e+02 -2.75932735e+01  4.17192339e-02 
 9.77237221e+02 -2.76870986e+01  4.12710074e-02 
 9.88553095e+02 -2.77810557e+01  4.08269760e-02 
 1.00000000e+03 -2.78751422e+01  4.03871205e-02 
 1.01157945e+03 -2.79693555e+01  3.99514206e-02 
 1.02329299e+03 -2.80636929e+01  3.95198560e-02 
 1.03514217e+03 -2.81581521e+01  3.90924054e-02 
 1.04712855e+03 -2.82527305e+01  3.86690474e-02 
 1.05925373e+03 -2.83474258e+01  3.82497597e-02 
 1.07151931e+03 -2.84422354e+01  3.78345200e-02 
 1.08392691e+03 -2.85371572e+01  3.74233051e-02 
 1.09647820e+03 -2.86321887e+01  3.70160918e-02 
 1.10917482e+03 -2.87273278e+01  3.66128561e-02 
 1.12201845e+03 -2.88225723e+01  3.62135739e-02 
 1.13501082e+03 -2.89179198e+01  3.58182207e-02 
 1.14815362e+03 -2.90133684e+01  3.54267717e-02 
 1.16144861e+03 -2.91089160e+01  3.50392016e-02 
 1.17489755e+03 -2.92045604e+01  3.46554850e-02 
 1.18850223e+03 -2.93002996e+01  3.42755963e-02 
 1.20226443e+03 -2.93961318e+01  3.38995093e-02 
 1.21618600e+03 -2.94920548e+01  3.35271979e-02 
 1.23026877e+03 -2.95880669e+01  3.31586357e-02 
 1.24451461e+03 -2.96841662e+01  3.27937959e-02 
 1.25892541e+03 -2.97803508e+01  3.24326518e-02 
 1.27350308e+03 -2.98766189e+01  3.20751763e-02 
 1.28824955e+03 -2.99729689e+01  3.17213424e-02 
 1.30316678e+03 -3.00693988e+01  3.13711226e-02 
 1.31825674e+03 -3.01659071e+01  3.10244896e-02 
 1.33352143e+03 -3.02624921e+01  3.06814158e-02 
 1.34896288e+03 -3.03591521e+01  3.03418736e-02 
 1.36458314e+03 -3.04558856e+01  3.00058352e-02 
 1.38038426e+03 -3.05526910e+01  2.96732729e-02 
 1.39636836e+03 -3.06495667e+01  2.93441587e-02 
 1.41253754e+03 -3.07465113e+01  2.90184649e-02 
 1.42889396e+03 -3.08435233e+01  2.86961633e-02 
 1.44543977e+03 -3.09406012e+01  2.83772261e-02 
 1.46217717e+03 -3.10377436e+01  2.80616252e-02 
 1.47910839e+03 -3.11349492e+01  2.77493326e-02 
 1.49623566e+03 -3.12322165e+01  2.74403203e-02 
 1.51356125e+03 -3.13295442e+01  2.71345603e-02 
 1.53108746e+03 -3.14269311e+01  2.68320247e-02 
 1.54881662e+03 -3.15243758e+01  2.65326855e-02 
 1.56675107e+03 -3.16218772e+01  2.62365147e-02 
 1.58489319e+03 -3.17194339e+01  2.59434846e-02 
 1.60324539e+03 -3.18170447e+01  2.56535672e-02 
 1.62181010e+03 -3.19147086e+01  2.53667350e-02 
 1.64058977e+03 -3.20124243e+01  2.50829601e-02 
 1.65958691e+03 -3.21101907e+01  2.48022149e-02 
 1.67880402e+03 -3.22080067e+01  2.45244720e-02 
 1.69824365e+03 -3.23058712e+01  2.42497039e-02 
 1.71790839e+03 -3.24037832e+01  2.39778832e-02 
 1.73780083e+03 -3.25017416e+01  2.37089828e-02 
 1.75792361e+03 -3.25997454e+01  2.34429754e-02 
 1.77827941e+03 -3.26977936e+01  2.31798340e-02 
 1.79887092e+03 -3.27958852e+01  2.29195317e-02 
 1.81970086e+03 -3.28940193e+01  2.26620417e-02 
 1.84077200e+03 -3.29921950e+01  2.24073373e-02 
 1.86208714e+03 -3.30904112e+01  2.21553920e-02 
 1.88364909e+03 -3.31886672e+01  2.19061793e-02 
 1.90546072e+03 -3.32869621e+01  2.16596730e-02 
 1.92752491e+03 -3.33852949e+01  2.14158469e-02 
 1.94984460e+03 -3.34836649e+01  2.11746750e-02 
 1.97242274e+03 -3.35820713e+01  2.09361315e-02 
 1.99526231e+03 -3.36805131e+01  2.07001906e-02 
 2.01836636e+03 -3.37789897e+01  2.04668268e-02 
 2.04173794e+03 -3.38775003e+01  2.02360147e-02 
 2.06538016e+03 -3.39760440e+01  2.00077291e-02 
 2.08929613e+03 -3.40746203e+01  1.97819449e-02 
 2.11348904e+03 -3.41732282e+01  1.95586371e-02 
 2.13796209e+03 -3.42718673e+01  1.93377810e-02 
 2.16271852e+03 -3.43705366e+01  1.91193519e-02 
 2.18776162e+03 -3.44692357e+01  1.89033256e-02 
 2.21309471e+03 -3.45679637e+01  1.86896777e-02 
 2.23872114e+03 -3.46667200e+01  1.84783846e-02 
 2.26464431e+03 -3.47655041e+01  1.82694215e-02 
 2.29086765e+03 -3.48643153e+01  1.80627651e-02 
 2.31739465e+03 -3.49631531e+01  1.78583918e-02 
 2.34422882e+03 -3.50620167e+01  1.76562783e-02 
 2.37137371e+03 -3.51609056e+01  1.74564014e-02 
 2.39883292e+03 -3.52598193e+01  1.72587379e-02 
 2.42661010e+03 -3.53587572e+01  1.70632652e-02 
 2.45470892e+03 -3.54577187e+01  1.68699605e-02 
 2.48313311e+03 -3.55567033e+01  1.66788013e-02 
 2.51188643e+03 -3.56557105e+01  1.64897653e-02 
 2.54097271e+03 -3.57547398e+01  1.63028303e-02 
 2.57039578e+03 -3.58537907e+01  1.61179746e-02 
 2.60015956e+03 -3.59528626e+01  1.59351761e-02 
 2.63026799e+03 -3.60519552e+01  1.57544135e-02 
 2.66072506e+03 -3.61510679e+01  1.55756653e-02 
 2.69153480e+03 -3.62502003e+01  1.53989102e-02 
 2.72270131e+03 -3.63493519e+01  1.52241273e-02 
 2.75422870e+03 -3.64485223e+01  1.50512957e-02 
 2.78612117e+03 -3.65477110e+01  1.48803946e-02 
 2.81838293e+03 -3.66469177e+01  1.47114037e-02 
 2.85101827e+03 -3.67461420e+01  1.45443026e-02 
 2.88403150e+03 -3.68453834e+01  1.43790711e-02 
 2.91742701e+03 -3.69446415e+01  1.42156894e-02 
 2.95120923e+03 -3.70439160e+01  1.40541376e-02 
 2.98538262e+03 -3.71432064e+01  1.38943962e-02 
 3.01995172e+03 -3.72425125e+01  1.37364458e-02 
 3.05492111e+03 -3.73418338e+01  1.35802671e-02 
 3.09029543e+03 -3.74411700e+01  1.34258411e-02 
 3.12607937e+03 -3.75405207e+01  1.32731488e-02 
 3.16227766e+03 -3.76398857e+01  1.31221717e-02 
 3.19889511e+03 -3.77392645e+01  1.29728911e-02 
 3.23593657e+03 -3.78386569e+01  1.28252888e-02 
 3.27340695e+03 -3.79380626e+01  1.26793465e-02 
 3.31131121e+03 -3.80374812e+01  1.25350463e-02 
 3.34965439e+03 -3.81369124e+01  1.23923703e-02 
 3.38844156e+03 -3.82363559e+01  1.22513008e-02 
 3.42767787e+03 -3.83358115e+01  1.21118205e-02 
 3.46736850e+03 -3.84352788e+01  1.19739119e-02 
 3.50751874e+03 -3.85347577e+01  1.18375579e-02 
 3.54813389e+03 -3.86342477e+01  1.17027416e-02 
 3.58921935e+03 -3.87337487e+01  1.15694461e-02 
 3.63078055e+03 -3.88332603e+01  1.14376548e-02 
 3.67282300e+03 -3.89327824e+01  1.13073512e-02 
 3.71535229e+03 -3.90323147e+01  1.11785189e-02 
 3.75837404e+03 -3.91318568e+01  1.10511420e-02 
 3.80189396e+03 -3.92314087e+01  1.09252042e-02 
 3.84591782e+03 -3.93309700e+01  1.08006899e-02 
 3.89045145e+03 -3.94305406e+01  1.06775834e-02 
 3.93550075e+03 -3.95301202e+01  1.05558690e-02 
 3.98107171e+03 -3.96297085e+01  1.04355316e-02 
 4.02717034e+03 -3.97293054e+01  1.03165558e-02 
 4.07380278e+03 -3.98289107e+01  1.01989266e-02 
 4.12097519e+03 -3.99285241e+01  1.00826292e-02 
 4.16869383e+03 -4.00281454e+01  9.96764885e-03 
 4.21696503e+03 -4.01277745e+01  9.85397089e-03 
 4.26579519e+03 -4.02274111e+01  9.74158093e-03 
 4.31519077e+03 -4.03270551e+01  9.63046468e-03 
 4.36515832e+03 -4.04267063e+01  9.52060800e-03 
 4.41570447e+03 -4.05263645e+01  9.41199690e-03 
 4.46683592e+03 -4.06260295e+01  9.30461754e-03 
 4.51855944e+03 -4.07257011e+01  9.19845623e-03 
 4.57088190e+03 -4.08253792e+01  9.09349940e-03 
 4.62381021e+03 -4.09250635e+01  8.98973364e-03 
 4.67735141e+03 -4.10247540e+01  8.88714569e-03 
 4.73151259e+03 -4.11244505e+01  8.78572240e-03 
 4.78630092e+03 -4.12241527e+01  8.68545079e-03 
 4.84172368e+03 -4.13238606e+01  8.58631800e-03 
 4.89778819e+03 -4.14235740e+01  8.48831131e-03 
 4.95450191e+03 -4.15232926e+01  8.39141830e-03 
 5.01187234e+03 -4.16230165e+01  8.29562619e-03 
 5.06990708e+03 -4.17227455e+01  8.20092282e-03 
 5.12861384e+03 -4.18224794e+01  8.10729601e-03 
 5.18800039e+03 -4.19222181e+01  8.01473371e-03 
 5.24807460e+03 -4.20219613e+01  7.92322398e-03 
 5.30884444e+03 -4.21217091e+01  7.83275503e-03 
 5.37031796e+03 -4.22214613e+01  7.74331519e-03 
 5.43250331e+03 -4.23212176e+01  7.65489290e-03 
 5.49540874e+03 -4.24209781e+01  7.56747675e-03 
 5.55904257e+03 -4.25207425e+01  7.48105544e-03 
 5.62341325e+03 -4.26205108e+01  7.39561779e-03 
 5.68852931e+03 -4.27202829e+01  7.31115275e-03 
 5.75439937e+03 -4.28200585e+01  7.22764937e-03 
 5.82103218e+03 -4.29198376e+01  7.14509685e-03 
 5.88843655e+03 -4.30196201e+01  7.06348448e-03 
 5.95662144e+03 -4.31194059e+01  6.98280168e-03 
 6.02559586e+03 -4.32191947e+01  6.90303798e-03 
 6.09536897e+03 -4.33189867e+01  6.82418303e-03 
 6.16595002e+03 -4.34187815e+01  6.74622658e-03 
 6.23734835e+03 -4.35185792e+01  6.66915851e-03 
 6.30957344e+03 -4.36183796e+01  6.59296880e-03 
 6.38263486e+03 -4.37181826e+01  6.51764755e-03 
 6.45654229e+03 -4.38179881e+01  6.44318494e-03 
 6.53130553e+03 -4.39177959e+01  6.36957130e-03 
 6.60693448e+03 -4.40176061e+01  6.29679703e-03 
 6.68343918e+03 -4.41174183e+01  6.22485279e-03 
 6.76082975e+03 -4.42172328e+01  6.15372893e-03 
 6.83911647e+03 -4.43170492e+01  6.08341632e-03 
 6.91830971e+03 -4.44168676e+01  6.01390579e-03 
 6.99841996e+03 -4.45166878e+01  5.94518827e-03 
 7.07945784e+03 -4.46165096e+01  5.87725479e-03 
 7.16143410e+03 -4.47163331e+01  5.81009647e-03 
 7.24435960e+03 -4.48161581e+01  5.74370456e-03 
 7.32824533e+03 -4.49159846e+01  5.67807037e-03 
 7.41310241e+03 -4.50158124e+01  5.61318533e-03 
 7.49894209e+03 -4.51156414e+01  5.54904095e-03 
 7.58577575e+03 -4.52154716e+01  5.48562885e-03 
 7.67361489e+03 -4.53153028e+01  5.42294073e-03 
 7.76247117e+03 -4.54151351e+01  5.36096839e-03 
 7.85235635e+03 -4.55149682e+01  5.29970371e-03 
 7.94328235e+03 -4.56148021e+01  5.23913868e-03 
 8.03526122e+03 -4.57146366e+01  5.17926547e-03 
 8.12830516e+03 -4.58144718e+01  5.12007602e-03 
 8.22242650e+03 -4.59143076e+01  5.06156268e-03 
 8.31763771e+03 -4.60141439e+01  5.00371778e-03 
 8.41395142e+03 -4.61139805e+01  4.94653374e-03 
 8.51138038e+03 -4.62138174e+01  4.89000307e-03 
 8.60993752e+03 -4.63136545e+01  4.83411834e-03 
 8.70963590e+03 -4.64134916e+01  4.77887222e-03 
 8.81048873e+03 -4.65133288e+01  4.72425746e-03 
 8.91250938e+03 -4.66131660e+01  4.67026690e-03 
 9.01571138e+03 -4.67130030e+01  4.61689344e-03 
 9.12010839e+03 -4.68128397e+01  4.56413008e-03 
 9.22571427e+03 -4.69126760e+01  4.51196998e-03 
 9.33254301e+03 -4.70125120e+01  4.46040610e-03 
 9.44060876e+03 -4.71123475e+01  4.40943175e-03 
 9.54992586e+03 -4.72121824e+01  4.35904024e-03 
 9.66050879e+03 -4.73120167e+01  4.30922495e-03 
 9.77237221e+03 -4.74118502e+01  4.25997932e-03 
 9.88553095e+03 -4.75116828e+01  4.21129688e-03 
 1.00000000e+04 -4.76115145e+01  4.16317122e-03 
 1.01157945e+04 -4.77113452e+01  4.11559602e-03 
 1.02329299e+04 -4.78111746e+01  4.06856510e-03 
 1.03514217e+04 -4.79110030e+01  4.02207210e-03 
 1.04712855e+04 -4.80108300e+01  3.97611098e-03 
 1.05925373e+04 -4.81106557e+01  3.93067570e-03 
 1.07151931e+04 -4.82104799e+01  3.88576027e-03 
 1.08392691e+04 -4.83103026e+01  3.84135879e-03 
 1.09647820e+04 -4.84101235e+01  3.79746539e-03 
 1.10917482e+04 -4.85099425e+01  3.75407438e-03 
 1.12201845e+04 -4.86097599e+01  3.71117989e-03 
 1.13501082e+04 -4.87095753e+01  3.66877634e-03 
 1.14815362e+04 -4.88093886e+01  3.62685815e-03 
 1.16144861e+04 -4.89091998e+01  3.58541978e-03 
 1.17489755e+04 -4.90090087e+01  3.54445579e-03 
 1.18850223e+04 -4.91088153e+01  3.50396076e-03 
 1.20226443e+04 -4.92086193e+01  3.46392944e-03 
 1.21618600e+04 -4.93084209e+01  3.42435639e-03 
 1.23026877e+04 -4.94082198e+01  3.38523647e-03 
 1.24451461e+04 -4.95080159e+01  3.34656453e-03 
 1.25892541e+04 -4.96078092e+01  3.30833546e-03 
 1.27350308e+04 -4.97075993e+01  3.27054429e-03 
 1.28824955e+04 -4.98073865e+01  3.23318588e-03 
 1.30316678e+04 -4.99071705e+01  3.19625540e-03 
 1.31825674e+04 -5.00069512e+01  3.15974795e-03 
 1.33352143e+04 -5.01067284e+01  3.12365873e-03 
 1.34896288e+04 -5.02065019e+01  3.08798302e-03 
 1.36458314e+04 -5.03062719e+01  3.05271600e-03 
 1.38038426e+04 -5.04060381e+01  3.01785308e-03 
 1.39636836e+04 -5.05058003e+01  2.98338971e-03 
 1.41253754e+04 -5.06055585e+01  2.94932121e-03 
 1.42889396e+04 -5.07053126e+01  2.91564316e-03 
 1.44543977e+04 -5.08050624e+01  2.88235110e-03 
 1.46217717e+04 -5.09048075e+01  2.84944070e-03 
 1.47910839e+04 -5.10045483e+01  2.81690749e-03 
 1.49623566e+04 -5.11042844e+01  2.78474723e-03 
 1.51356125e+04 -5.12040156e+01  2.75295567e-03 
 1.53108746e+04 -5.13037417e+01  2.72152868e-03 
 1.54881662e+04 -5.14034628e+01  2.69046198e-03 
 1.56675107e+04 -5.15031787e+01  2.65975152e-03 
 1.58489319e+04 -5.16028889e+01  2.62939331e-03 
 1.60324539e+04 -5.17025938e+01  2.59938322e-03 
 1.62181010e+04 -5.18022929e+01  2.56971735e-03 
 1.64058977e+04 -5.19019861e+01  2.54039176e-03 
 1.65958691e+04 -5.20016731e+01  2.51140264e-03 
 1.67880402e+04 -5.21013540e+01  2.48274604e-03 
 1.69824365e+04 -5.22010286e+01  2.45441824e-03 
 1.71790839e+04 -5.23006964e+01  2.42641554e-03 
 1.73780083e+04 -5.24003577e+01  2.39873413e-03 
 1.75792361e+04 -5.25000121e+01  2.37137040e-03 
 1.77827941e+04 -5.25996592e+01  2.34432080e-03 
 1.79887092e+04 -5.26992992e+01  2.31758163e-03 
 1.81970086e+04 -5.27989316e+01  2.29114946e-03 
 1.84077200e+04 -5.28985565e+01  2.26502071e-03 
 1.86208714e+04 -5.29981735e+01  2.23919196e-03 
 1.88364909e+04 -5.30977823e+01  2.21365984e-03 
 1.90546072e+04 -5.31973830e+01  2.18842088e-03 
 1.92752491e+04 -5.32969751e+01  2.16347184e-03 
 1.94984460e+04 -5.33965586e+01  2.13880932e-03 
 1.97242274e+04 -5.34961331e+01  2.11443016e-03 
 1.99526231e+04 -5.35956987e+01  2.09033103e-03 
 2.01836636e+04 -5.36952547e+01  2.06650884e-03 
 2.04173794e+04 -5.37948013e+01  2.04296035e-03 
 2.06538016e+04 -5.38943380e+01  2.01968248e-03 
 2.08929613e+04 -5.39938647e+01  1.99667216e-03 
 2.11348904e+04 -5.40933808e+01  1.97392642e-03 
 2.13796209e+04 -5.41928866e+01  1.95144210e-03 
 2.16271852e+04 -5.42923816e+01  1.92921628e-03 
 2.18776162e+04 -5.43918655e+01  1.90724604e-03 
 2.21309471e+04 -5.44913377e+01  1.88552855e-03 
 2.23872114e+04 -5.45907987e+01  1.86406077e-03 
 2.26464431e+04 -5.46902477e+01  1.84283994e-03 
 2.29086765e+04 -5.47896845e+01  1.82186325e-03 
 2.31739465e+04 -5.48891084e+01  1.80112800e-03 
 2.34422882e+04 -5.49885200e+01  1.78063129e-03 
 2.37137371e+04 -5.50879184e+01  1.76037050e-03 
 2.39883292e+04 -5.51873030e+01  1.74034299e-03 
 2.42661010e+04 -5.52866743e+01  1.72054599e-03 
 2.45470892e+04 -5.53860315e+01  1.70097695e-03 
 2.48313311e+04 -5.54853739e+01  1.68163333e-03 
 2.51188643e+04 -5.55847019e+01  1.66251244e-03 
 2.54097271e+04 -5.56840145e+01  1.64361189e-03 
 2.57039578e+04 -5.57833120e+01  1.62492903e-03 
 2.60015956e+04 -5.58825937e+01  1.60646147e-03 
 2.63026799e+04 -5.59818589e+01  1.58820682e-03 
 2.66072506e+04 -5.60811078e+01  1.57016253e-03 
 2.69153480e+04 -5.61803394e+01  1.55232635e-03 
 2.72270131e+04 -5.62795540e+01  1.53469578e-03 
 2.75422870e+04 -5.63787509e+01  1.51726855e-03 
 2.78612117e+04 -5.64779292e+01  1.50004241e-03 
 2.81838293e+04 -5.65770893e+01  1.48301497e-03 
 2.85101827e+04 -5.66762300e+01  1.46618409e-03 
 2.88403150e+04 -5.67753511e+01  1.44954747e-03 
 2.91742701e+04 -5.68744528e+01  1.43310286e-03 
 2.95120923e+04 -5.69735336e+01  1.41684819e-03 
 2.98538262e+04 -5.70725939e+01  1.40078120e-03 
 3.01995172e+04 -5.71716325e+01  1.38489987e-03 
 3.05492111e+04 -5.72706496e+01  1.36920198e-03 
 3.09029543e+04 -5.73696440e+01  1.35368557e-03 
 3.12607937e+04 -5.74686159e+01  1.33834847e-03 
 3.16227766e+04 -5.75675640e+01  1.32318876e-03 
 3.19889511e+04 -5.76664885e+01  1.30820431e-03 
 3.23593657e+04 -5.77653881e+01  1.29339327e-03 
 3.27340695e+04 -5.78642627e+01  1.27875359e-03 
 3.31131121e+04 -5.79631119e+01  1.26428331e-03 
 3.34965439e+04 -5.80619348e+01  1.24998056e-03 
 3.38844156e+04 -5.81607306e+01  1.23584347e-03 
 3.42767787e+04 -5.82594992e+01  1.22187011e-03 
 3.46736850e+04 -5.83582397e+01  1.20805864e-03 
 3.50751874e+04 -5.84569512e+01  1.19440727e-03 
 3.54813389e+04 -5.85556336e+01  1.18091413e-03 
 3.58921935e+04 -5.86542857e+01  1.16757749e-03 
 3.63078055e+04 -5.87529073e+01  1.15439553e-03 
 3.67282300e+04 -5.88514972e+01  1.14136655e-03 
 3.71535229e+04 -5.89500549e+01  1.12848880e-03 
 3.75837404e+04 -5.90485798e+01  1.11576057e-03 
 3.80189396e+04 -5.91470712e+01  1.10318016e-03 
 3.84591782e+04 -5.92455280e+01  1.09074593e-03 
 3.89045145e+04 -5.93439496e+01  1.07845622e-03 
 3.93550075e+04 -5.94423352e+01  1.06630941e-03 
 3.98107171e+04 -5.95406841e+01  1.05430385e-03 
 4.02717034e+04 -5.96389953e+01  1.04243800e-03 
 4.07380278e+04 -5.97372680e+01  1.03071027e-03 
 4.12097519e+04 -5.98355014e+01  1.01911907e-03 
 4.16869383e+04 -5.99336944e+01  1.00766292e-03 
 4.21696503e+04 -6.00318463e+01  9.96340271e-04 
 4.26579519e+04 -6.01299561e+01  9.85149623e-04 
 4.31519077e+04 -6.02280225e+01  9.74089533e-04 
 4.36515832e+04 -6.03260452e+01  9.63158453e-04 
 4.41570447e+04 -6.04240229e+01  9.52354973e-04 
 4.46683592e+04 -6.05219546e+01  9.41677661e-04 
 4.51855944e+04 -6.06198393e+01  9.31125100e-04 
 4.57088190e+04 -6.07176756e+01  9.20695928e-04 
 4.62381021e+04 -6.08154630e+01  9.10388685e-04 
 4.67735141e+04 -6.09132001e+01  9.00202042e-04 
 4.73151259e+04 -6.10108859e+01  8.90134647e-04 
 4.78630092e+04 -6.11085188e+01  8.80185200e-04 
 4.84172368e+04 -6.12060983e+01  8.70352309e-04 
 4.89778819e+04 -6.13036229e+01  8.60634705e-04 
 4.95450191e+04 -6.14010912e+01  8.51031114e-04 
 5.01187234e+04 -6.14985022e+01  8.41540246e-04 
 5.06990708e+04 -6.15958545e+01  8.32160839e-04 
 5.12861384e+04 -6.16931469e+01  8.22891649e-04 
 5.18800039e+04 -6.17903779e+01  8.13731460e-04 
 5.24807460e+04 -6.18875464e+01  8.04679025e-04 
 5.30884444e+04 -6.19846509e+01  7.95733156e-04 
 5.37031796e+04 -6.20816899e+01  7.86892682e-04 
 5.43250331e+04 -6.21786623e+01  7.78156380e-04 
 5.49540874e+04 -6.22755662e+01  7.69523154e-04 
 5.55904257e+04 -6.23724002e+01  7.60991824e-04 
 5.62341325e+04 -6.24691629e+01  7.52561256e-04 
 5.68852931e+04 -6.25658527e+01  7.44230331e-04 
 5.75439937e+04 -6.26624680e+01  7.35997941e-04 
 5.82103218e+04 -6.27590073e+01  7.27862991e-04 
 5.88843655e+04 -6.28554687e+01  7.19824399e-04 
 5.95662144e+04 -6.29518510e+01  7.11881083e-04 
 6.02559586e+04 -6.30481518e+01  7.04032015e-04 
 6.09536897e+04 -6.31443696e+01  6.96276149e-04 
 6.16595002e+04 -6.32405029e+01  6.88612427e-04 
 6.23734835e+04 -6.33365494e+01  6.81039855e-04 
 6.30957344e+04 -6.34325076e+01  6.73557413e-04 
 6.38263486e+04 -6.35283756e+01  6.66164090e-04 
 6.45654229e+04 -6.36241515e+01  6.58858916e-04 
 6.53130553e+04 -6.37198327e+01  6.51640944e-04 
 6.60693448e+04 -6.38154181e+01  6.44509159e-04 
 6.68343918e+04 -6.39109049e+01  6.37462664e-04 
 6.76082975e+04 -6.40062914e+01  6.30500494e-04 
 6.83911647e+04 -6.41015754e+01  6.23621719e-04 
 6.91830971e+04 -6.41967550e+01  6.16825398e-04 
 6.99841996e+04 -6.42918275e+01  6.10110675e-04 
 7.07945784e+04 -6.43867909e+01  6.03476628e-04 
 7.16143410e+04 -6.44816429e+01  5.96922371e-04 
 7.24435960e+04 -6.45763811e+01  5.90447031e-04 
 7.32824533e+04 -6.46710033e+01  5.84049741e-04 
 7.41310241e+04 -6.47655069e+01  5.77729648e-04 
 7.49894209e+04 -6.48598895e+01  5.71485906e-04 
 7.58577575e+04 -6.49541483e+01  5.65317704e-04 
 7.67361489e+04 -6.50482813e+01  5.59224171e-04 
 7.76247117e+04 -6.51422855e+01  5.53204525e-04 
 7.85235635e+04 -6.52361584e+01  5.47257949e-04 
 7.94328235e+04 -6.53298972e+01  5.41383658e-04 
 8.03526122e+04 -6.54234991e+01  5.35580854e-04 
 8.12830516e+04 -6.55169619e+01  5.29848738e-04 
 8.22242650e+04 -6.56102820e+01  5.24186583e-04 
 8.31763771e+04 -6.57034565e+01  5.18593629e-04 
 8.41395142e+04 -6.57964831e+01  5.13069083e-04 
 8.51138038e+04 -6.58893587e+01  5.07612214e-04 
 8.60993752e+04 -6.59820798e+01  5.02222320e-04 
 8.70963590e+04 -6.60746436e+01  4.96898654e-04 
 8.81048873e+04 -6.61670470e+01  4.91640500e-04 
 8.91250938e+04 -6.62592869e+01  4.86447140e-04 
 9.01571138e+04 -6.63513597e+01  4.81317904e-04 
 9.12010839e+04 -6.64432623e+01  4.76252080e-04 
 9.22571427e+04 -6.65349915e+01  4.71248984e-04 
 9.33254301e+04 -6.66265438e+01  4.66307941e-04 
 9.44060876e+04 -6.67179156e+01  4.61428291e-04 
 9.54992586e+04 -6.68091040e+01  4.56609348e-04 
 9.66050879e+04 -6.69001046e+01  4.51850504e-04 
 9.77237221e+04 -6.69909142e+01  4.47151087e-04 
 9.88553095e+04 -6.70815295e+01  4.42510441e-04 
 1.00000000e+05 -6.71719463e+01  4.37927972e-04 
 1.01157945e+05 -6.72621610e+01  4.33403039e-04 
 1.02329299e+05 -6.73521698e+01  4.28935026e-04 
 1.03514217e+05 -6.74419689e+01  4.24523324e-04 
 1.04712855e+05 -6.75315542e+01  4.20167341e-04 
 1.05925373e+05 -6.76209218e+01  4.15866473e-04 
 1.07151931e+05 -6.77100677e+01  4.11620139e-04 
 1.08392691e+05 -6.77989882e+01  4.07427735e-04 
 1.09647820e+05 -6.78876782e+01  4.03288733e-04 
 1.10917482e+05 -6.79761347e+01  3.99202510e-04 
 1.12201845e+05 -6.80643527e+01  3.95168544e-04 
 1.13501082e+05 -6.81523283e+01  3.91186255e-04 
 1.14815362e+05 -6.82400567e+01  3.87255118e-04 
 1.16144861e+05 -6.83275340e+01  3.83374566e-04 
 1.17489755e+05 -6.84147554e+01  3.79544086e-04 
 1.18850223e+05 -6.85017168e+01  3.75763124e-04 
 1.20226443e+05 -6.85884133e+01  3.72031177e-04 
 1.21618600e+05 -6.86748408e+01  3.68347697e-04 
 1.23026877e+05 -6.87609942e+01  3.64712200e-04 
 1.24451461e+05 -6.88468690e+01  3.61124163e-04 
 1.25892541e+05 -6.89324607e+01  3.57583084e-04 
 1.27350308e+05 -6.90177642e+01  3.54088475e-04 
 1.28824955e+05 -6.91027749e+01  3.50639837e-04 
 1.30316678e+05 -6.91874880e+01  3.47236684e-04 
 1.31825674e+05 -6.92718983e+01  3.43878549e-04 
 1.33352143e+05 -6.93560013e+01  3.40564937e-04 
 1.34896288e+05 -6.94397918e+01  3.37295392e-04 
 1.36458314e+05 -6.95232648e+01  3.34069447e-04 
 1.38038426e+05 -6.96064156e+01  3.30886630e-04 
 1.39636836e+05 -6.96892384e+01  3.27746511e-04 
 1.41253754e+05 -6.97717289e+01  3.24648615e-04 
 1.42889396e+05 -6.98538817e+01  3.21592502e-04 
 1.44543977e+05 -6.99356914e+01  3.18577744e-04 
 1.46217717e+05 -7.00171530e+01  3.15603891e-04 
 1.47910839e+05 -7.00982615e+01  3.12670513e-04 
 1.49623566e+05 -7.01790114e+01  3.09777187e-04 
 1.51356125e+05 -7.02593974e+01  3.06923492e-04 
 1.53108746e+05 -7.03394145e+01  3.04109001e-04 
 1.54881662e+05 -7.04190574e+01  3.01333301e-04 
 1.56675107e+05 -7.04983205e+01  2.98595994e-04 
 1.58489319e+05 -7.05771987e+01  2.95896661e-04 
 1.60324539e+05 -7.06556867e+01  2.93234906e-04 
 1.62181010e+05 -7.07337792e+01  2.90610326e-04 
 1.64058977e+05 -7.08114707e+01  2.88022531e-04 
 1.65958691e+05 -7.08887559e+01  2.85471138e-04 
 1.67880402e+05 -7.09656297e+01  2.82955743e-04 
 1.69824365e+05 -7.10420865e+01  2.80475980e-04 
 1.71790839e+05 -7.11181212e+01  2.78031459e-04 
 1.73780083e+05 -7.11937283e+01  2.75621814e-04 
 1.75792361e+05 -7.12689028e+01  2.73246660e-04 
 1.77827941e+05 -7.13436392e+01  2.70905637e-04 
 1.79887092e+05 -7.14179322e+01  2.68598380e-04 
 1.81970086e+05 -7.14917765e+01  2.66324533e-04 
 1.84077200e+05 -7.15651672e+01  2.64083728e-04 
 1.86208714e+05 -7.16380987e+01  2.61875619e-04 
 1.88364909e+05 -7.17105662e+01  2.59699846e-04 
 1.90546072e+05 -7.17825644e+01  2.57556063e-04 
 1.92752491e+05 -7.18540884e+01  2.55443926e-04 
 1.94984460e+05 -7.19251330e+01  2.53363093e-04 
 1.97242274e+05 -7.19956932e+01  2.51313223e-04 
 1.99526231e+05 -7.20657641e+01  2.49293981e-04 
 2.01836636e+05 -7.21353408e+01  2.47305037e-04 
 2.04173794e+05 -7.22044185e+01  2.45346053e-04 
 2.06538016e+05 -7.22729925e+01  2.43416704e-04 
 2.08929613e+05 -7.23410578e+01  2.41516670e-04 
 2.11348904e+05 -7.24086099e+01  2.39645624e-04 
 2.13796209e+05 -7.24756444e+01  2.37803248e-04 
 2.16271852e+05 -7.25421566e+01  2.35989224e-04 
 2.18776162e+05 -7.26081420e+01  2.34203242e-04 
 2.21309471e+05 -7.26735965e+01  2.32444982e-04 
 2.23872114e+05 -7.27385156e+01  2.30714145e-04 
 2.26464431e+05 -7.28028951e+01  2.29010422e-04 
 2.29086765e+05 -7.28667310e+01  2.27333507e-04 
 2.31739465e+05 -7.29300193e+01  2.25683097e-04 
 2.34422882e+05 -7.29927561e+01  2.24058898e-04 
 2.37137371e+05 -7.30549375e+01  2.22460610e-04 
 2.39883292e+05 -7.31165599e+01  2.20887941e-04 
 2.42661010e+05 -7.31776196e+01  2.19340597e-04 
 2.45470892e+05 -7.32381131e+01  2.17818291e-04 
 2.48313311e+05 -7.32980369e+01  2.16320737e-04 
 2.51188643e+05 -7.33573882e+01  2.14847642e-04 
 2.54097271e+05 -7.34161632e+01  2.13398735e-04 
 2.57039578e+05 -7.34743591e+01  2.11973732e-04 
 2.60015956e+05 -7.35319729e+01  2.10572355e-04 
 2.63026799e+05 -7.35890022e+01  2.09194320e-04 
 2.66072506e+05 -7.36454437e+01  2.07839369e-04 
 2.69153480e+05 -7.37012952e+01  2.06507220e-04 
 2.72270131e+05 -7.37565542e+01  2.05197607e-04 
 2.75422870e+05 -7.38112183e+01  2.03910263e-04 
 2.78612117e+05 -7.38652854e+01  2.02644923e-04 
 2.81838293e+05 -7.39187535e+01  2.01401325e-04 
 2.85101827e+05 -7.39716206e+01  2.00179208e-04 
 2.88403150e+05 -7.40238850e+01  1.98978315e-04 
 2.91742701e+05 -7.40755449e+01  1.97798392e-04 
 2.95120923e+05 -7.41265987e+01  1.96639186e-04 
 2.98538262e+05 -7.41770455e+01  1.95500434e-04 
 3.01995172e+05 -7.42268835e+01  1.94381901e-04 
 3.05492111e+05 -7.42761118e+01  1.93283336e-04 
 3.09029543e+05 -7.43247296e+01  1.92204486e-04 
 3.12607937e+05 -7.43727359e+01  1.91145117e-04 
 3.16227766e+05 -7.44201299e+01  1.90104985e-04 
 3.19889511e+05 -7.44669111e+01  1.89083854e-04 
 3.23593657e+05 -7.45130792e+01  1.88081483e-04 
 3.27340695e+05 -7.45586335e+01  1.87097646e-04 
 3.31131121e+05 -7.46035746e+01  1.86132098e-04 
 3.34965439e+05 -7.46479018e+01  1.85184619e-04 
 3.38844156e+05 -7.46916153e+01  1.84254979e-04 
 3.42767787e+05 -7.47347155e+01  1.83342954e-04 
 3.46736850e+05 -7.47772026e+01  1.82448321e-04 
 3.50751874e+05 -7.48190771e+01  1.81570858e-04 
 3.54813389e+05 -7.48603398e+01  1.80710344e-04 
 3.58921935e+05 -7.49009910e+01  1.79866569e-04 
 3.63078055e+05 -7.49410315e+01  1.79039323e-04 
 3.67282300e+05 -7.49804629e+01  1.78228377e-04 
 3.71535229e+05 -7.50192860e+01  1.77433533e-04 
 3.75837404e+05 -7.50575018e+01  1.76654584e-04 
 3.80189396e+05 -7.50951116e+01  1.75891325e-04 
 3.84591782e+05 -7.51321170e+01  1.75143550e-04 
 3.89045145e+05 -7.51685194e+01  1.74411063e-04 
 3.93550075e+05 -7.52043202e+01  1.73693669e-04 
 3.98107171e+05 -7.52395214e+01  1.72991169e-04 
 4.02717034e+05 -7.52741246e+01  1.72303370e-04 
 4.07380278e+05 -7.53081317e+01  1.71630083e-04 
 4.12097519e+05 -7.53415447e+01  1.70971122e-04 
 4.16869383e+05 -7.53743656e+01  1.70326302e-04 
 4.21696503e+05 -7.54065968e+01  1.69695435e-04 
 4.26579519e+05 -7.54382400e+01  1.69078350e-04 
 4.31519077e+05 -7.54692978e+01  1.68474862e-04 
 4.36515832e+05 -7.54997724e+01  1.67884800e-04 
 4.41570447e+05 -7.55296667e+01  1.67307983e-04 
 4.46683592e+05 -7.55589825e+01  1.66744254e-04 
 4.51855944e+05 -7.55877225e+01  1.66193438e-04 
 4.57088190e+05 -7.56158894e+01  1.65655374e-04 
 4.62381021e+05 -7.56434858e+01  1.65129896e-04 
 4.67735141e+05 -7.56705144e+01  1.64616847e-04 
 4.73151259e+05 -7.56969781e+01  1.64116066e-04 
 4.78630092e+05 -7.57228791e+01  1.63627406e-04 
 4.84172368e+05 -7.57482205e+01  1.63150712e-04 
 4.89778819e+05 -7.57730052e+01  1.62685835e-04 
 4.95450191e+05 -7.57972359e+01  1.62232629e-04 
 5.01187234e+05 -7.58209153e+01  1.61790954e-04 
 5.06990708e+05 -7.58440465e+01  1.61360665e-04 
 5.12861384e+05 -7.58666324e+01  1.60941625e-04 
 5.18800039e+05 -7.58886756e+01  1.60533701e-04 
 5.24807460e+05 -7.59101791e+01  1.60136762e-04 
 5.30884444e+05 -7.59311460e+01  1.59750673e-04 
 5.37031796e+05 -7.59515789e+01  1.59375315e-04 
 5.43250331e+05 -7.59714807e+01  1.59010560e-04 
 5.49540874e+05 -7.59908545e+01  1.58656283e-04 
 5.55904257e+05 -7.60097028e+01  1.58312374e-04 
 5.62341325e+05 -7.60280287e+01  1.57978711e-04 
 5.68852931e+05 -7.60458347e+01  1.57655187e-04 
 5.75439937e+05 -7.60631240e+01  1.57341687e-04 
 5.82103218e+05 -7.60798988e+01  1.57038111e-04 
 5.88843655e+05 -7.60961623e+01  1.56744346e-04 
 5.95662144e+05 -7.61119168e+01  1.56460301e-04 
 6.02559586e+05 -7.61271652e+01  1.56185869e-04 
 6.09536897e+05 -7.61419099e+01  1.55920961e-04 
 6.16595002e+05 -7.61561535e+01  1.55665484e-04 
 6.23734835e+05 -7.61698985e+01  1.55419346e-04 
 6.30957344e+05 -7.61831471e+01  1.55182465e-04 
 6.38263486e+05 -7.61959019e+01  1.54954753e-04 
 6.45654229e+05 -7.62081654e+01  1.54736129e-04 
 6.53130553e+05 -7.62199396e+01  1.54526519e-04 
 6.60693448e+05 -7.62312267e+01  1.54325845e-04 
 6.68343918e+05 -7.62420290e+01  1.54134035e-04 
 6.76082975e+05 -7.62523484e+01  1.53951024e-04 
 6.83911647e+05 -7.62621866e+01  1.53776747e-04 
 6.91830971e+05 -7.62715462e+01  1.53611133e-04 
 6.99841996e+05 -7.62804285e+01  1.53454128e-04 
 7.07945784e+05 -7.62888355e+01  1.53305673e-04 
 7.16143410e+05 -7.62967688e+01  1.53165715e-04 
 7.24435960e+05 -7.63042297e+01  1.53034206e-04 
 7.32824533e+05 -7.63112202e+01  1.52911092e-04 
 7.41310241e+05 -7.63177416e+01  1.52796328e-04 
 7.49894209e+05 -7.63237950e+01  1.52689879e-04 
 7.58577575e+05 -7.63293819e+01  1.52591698e-04 
 7.67361489e+05 -7.63345034e+01  1.52501751e-04 
 7.76247117e+05 -7.63391605e+01  1.52420006e-04 
 7.85235635e+05 -7.63433542e+01  1.52346433e-04 
 7.94328235e+05 -7.63470855e+01  1.52281001e-04 
 8.03526122e+05 -7.63503551e+01  1.52223690e-04 
 8.12830516e+05 -7.63531636e+01  1.52174477e-04 
 8.22242650e+05 -7.63555120e+01  1.52133341e-04 
 8.31763771e+05 -7.63574004e+01  1.52100269e-04 
 8.41395142e+05 -7.63588293e+01  1.52075249e-04 
 8.51138038e+05 -7.63597991e+01  1.52058269e-04 
 8.60993752e+05 -7.63603102e+01  1.52049323e-04 
 8.70963590e+05 -7.63603623e+01  1.52048410e-04 
 8.81048873e+05 -7.63599558e+01  1.52055526e-04 
 8.91250938e+05 -7.63590904e+01  1.52070677e-04 
 9.01571138e+05 -7.63577661e+01  1.52093865e-04 
 9.12010839e+05 -7.63559825e+01  1.52125099e-04 
 9.22571427e+05 -7.63537394e+01  1.52164390e-04 
 9.33254301e+05 -7.63510361e+01  1.52211756e-04 
 9.44060876e+05 -7.63478722e+01  1.52267211e-04 
 9.54992586e+05 -7.63442472e+01  1.52330771e-04 
 9.66050879e+05 -7.63401601e+01  1.52402467e-04 
 9.77237221e+05 -7.63356102e+01  1.52482320e-04 
 9.88553095e+05 -7.63305965e+01  1.52570361e-04 
 1.00000000e+06 -7.63251182e+01  1.52666619e-04 
 1.01157945e+06 -7.63191740e+01  1.52771133e-04 
 1.02329299e+06 -7.63127627e+01  1.52883940e-04 
 1.03514217e+06 -7.63058830e+01  1.53005079e-04 
 1.04712855e+06 -7.62985338e+01  1.53134594e-04 
 1.05925373e+06 -7.62907132e+01  1.53272536e-04 
 1.07151931e+06 -7.62824200e+01  1.53418947e-04 
 1.08392691e+06 -7.62736527e+01  1.53573882e-04 
 1.09647820e+06 -7.62644088e+01  1.53737411e-04 
 1.10917482e+06 -7.62546875e+01  1.53909570e-04 
 1.12201845e+06 -7.62444868e+01  1.54090428e-04 
 1.13501082e+06 -7.62338044e+01  1.54280053e-04 
 1.14815362e+06 -7.62226385e+01  1.54478511e-04 
 1.16144861e+06 -7.62109870e+01  1.54685871e-04 
 1.17489755e+06 -7.61988479e+01  1.54902206e-04 
 1.18850223e+06 -7.61862189e+01  1.55127594e-04 
 1.20226443e+06 -7.61730976e+01  1.55362114e-04 
 1.21618600e+06 -7.61594820e+01  1.55605844e-04 
 1.23026877e+06 -7.61453696e+01  1.55858869e-04 
 1.24451461e+06 -7.61307579e+01  1.56121280e-04 
 1.25892541e+06 -7.61156447e+01  1.56393164e-04 
 1.27350308e+06 -7.61000272e+01  1.56674617e-04 
 1.28824955e+06 -7.60839030e+01  1.56965733e-04 
 1.30316678e+06 -7.60672695e+01  1.57266610e-04 
 1.31825674e+06 -7.60501240e+01  1.57577352e-04 
 1.33352143e+06 -7.60324640e+01  1.57898063e-04 
 1.34896288e+06 -7.60142866e+01  1.58228850e-04 
 1.36458314e+06 -7.59955892e+01  1.58569822e-04 
 1.38038426e+06 -7.59763691e+01  1.58921093e-04 
 1.39636836e+06 -7.59566236e+01  1.59282778e-04 
 1.41253754e+06 -7.59363496e+01  1.59654999e-04 
 1.42889396e+06 -7.59155446e+01  1.60037872e-04 
 1.44543977e+06 -7.58942059e+01  1.60431523e-04 
 1.46217717e+06 -7.58723306e+01  1.60836077e-04 
 1.47910839e+06 -7.58499158e+01  1.61251666e-04 
 1.49623566e+06 -7.58269586e+01  1.61678426e-04 
 1.51356125e+06 -7.58034566e+01  1.62116483e-04 
 1.53108746e+06 -7.57794069e+01  1.62565975e-04 
 1.54881662e+06 -7.57548068e+01  1.63027046e-04 
 1.56675107e+06 -7.57296535e+01  1.63499838e-04 
 1.58489319e+06 -7.57039441e+01  1.63984499e-04 
 1.60324539e+06 -7.56776763e+01  1.64481170e-04 
 1.62181010e+06 -7.56508473e+01  1.64990005e-04 
 1.64058977e+06 -7.56234544e+01  1.65511160e-04 
 1.65958691e+06 -7.55954953e+01  1.66044783e-04 
 1.67880402e+06 -7.55669672e+01  1.66591041e-04 
 1.69824365e+06 -7.55378679e+01  1.67150087e-04 
 1.71790839e+06 -7.55081948e+01  1.67722088e-04 
 1.73780083e+06 -7.54779455e+01  1.68307211e-04 
 1.75792361e+06 -7.54471179e+01  1.68905621e-04 
 1.77827941e+06 -7.54157098e+01  1.69517489e-04 
 1.79887092e+06 -7.53837190e+01  1.70142987e-04 
 1.81970086e+06 -7.53511431e+01  1.70782294e-04 
 1.84077200e+06 -7.53179806e+01  1.71435583e-04 
 1.86208714e+06 -7.52842295e+01  1.72103034e-04 
 1.88364909e+06 -7.52498878e+01  1.72784830e-04 
 1.90546072e+06 -7.52149538e+01  1.73481156e-04 
 1.92752491e+06 -7.51794260e+01  1.74192198e-04 
 1.94984460e+06 -7.51433027e+01  1.74918146e-04 
 1.97242274e+06 -7.51065824e+01  1.75659192e-04 
 1.99526231e+06 -7.50692640e+01  1.76415524e-04 
 2.01836636e+06 -7.50313458e+01  1.77187348e-04 
 2.04173794e+06 -7.49928273e+01  1.77974850e-04 
 2.06538016e+06 -7.49537071e+01  1.78778235e-04 
 2.08929613e+06 -7.49139844e+01  1.79597704e-04 
 2.11348904e+06 -7.48736584e+01  1.80433460e-04 
 2.13796209e+06 -7.48327285e+01  1.81285711e-04 
 2.16271852e+06 -7.47911937e+01  1.82154671e-04 
 2.18776162e+06 -7.47490545e+01  1.83040535e-04 
 2.21309471e+06 -7.47063098e+01  1.83943527e-04 
 2.23872114e+06 -7.46629598e+01  1.84863857e-04 
 2.26464431e+06 -7.46190043e+01  1.85801745e-04 
 2.29086765e+06 -7.45744436e+01  1.86757400e-04 
 2.31739465e+06 -7.45292779e+01  1.87731047e-04 
 2.34422882e+06 -7.44835073e+01  1.88722914e-04 
 2.37137371e+06 -7.44371329e+01  1.89733210e-04 
 2.39883292e+06 -7.43901549e+01  1.90762171e-04 
 2.42661010e+06 -7.43425742e+01  1.91810020e-04 
 2.45470892e+06 -7.42943916e+01  1.92876990e-04 
 2.48313311e+06 -7.42456085e+01  1.93963306e-04 
 2.51188643e+06 -7.41962257e+01  1.95069206e-04 
 2.54097271e+06 -7.41462446e+01  1.96194924e-04 
 2.57039578e+06 -7.40956672e+01  1.97340689e-04 
 2.60015956e+06 -7.40444948e+01  1.98506742e-04 
 2.63026799e+06 -7.39927291e+01  1.99693324e-04 
 2.66072506e+06 -7.39403720e+01  2.00900676e-04 
 2.69153480e+06 -7.38874257e+01  2.02129041e-04 
 2.72270131e+06 -7.38338924e+01  2.03378660e-04 
 2.75422870e+06 -7.37797741e+01  2.04649786e-04 
 2.78612117e+06 -7.37250738e+01  2.05942657e-04 
 2.81838293e+06 -7.36697938e+01  2.07257526e-04 
 2.85101827e+06 -7.36139368e+01  2.08594646e-04 
 2.88403150e+06 -7.35575058e+01  2.09954268e-04 
 2.91742701e+06 -7.35005039e+01  2.11336643e-04 
 2.95120923e+06 -7.34429339e+01  2.12742034e-04 
 2.98538262e+06 -7.33847994e+01  2.14170688e-04 
 3.01995172e+06 -7.33261036e+01  2.15622870e-04 
 3.05492111e+06 -7.32668500e+01  2.17098840e-04 
 3.09029543e+06 -7.32070424e+01  2.18598855e-04 
 3.12607937e+06 -7.31466842e+01  2.20123185e-04 
 3.16227766e+06 -7.30857798e+01  2.21672088e-04 
 3.19889511e+06 -7.30243328e+01  2.23245831e-04 
 3.23593657e+06 -7.29623473e+01  2.24844689e-04 
 3.27340695e+06 -7.28998278e+01  2.26468921e-04 
 3.31131121e+06 -7.28367782e+01  2.28118806e-04 
 3.34965439e+06 -7.27732033e+01  2.29794608e-04 
 3.38844156e+06 -7.27091073e+01  2.31496609e-04 
 3.42767787e+06 -7.26444951e+01  2.33225078e-04 
 3.46736850e+06 -7.25793711e+01  2.34980294e-04 
 3.50751874e+06 -7.25137404e+01  2.36762533e-04 
 3.54813389e+06 -7.24476078e+01  2.38572076e-04 
 3.58921935e+06 -7.23809782e+01  2.40409204e-04 
 3.63078055e+06 -7.23138566e+01  2.42274201e-04 
 3.67282300e+06 -7.22462482e+01  2.44167349e-04 
 3.71535229e+06 -7.21781583e+01  2.46088935e-04 
 3.75837404e+06 -7.21095920e+01  2.48039245e-04 
 3.80189396e+06 -7.20405549e+01  2.50018564e-04 
 3.84591782e+06 -7.19710523e+01  2.52027184e-04 
 3.89045145e+06 -7.19010895e+01  2.54065401e-04 
 3.93550075e+06 -7.18306723e+01  2.56133502e-04 
 3.98107171e+06 -7.17598062e+01  2.58231780e-04 
 4.02717034e+06 -7.16884968e+01  2.60360537e-04 
 4.07380278e+06 -7.16167500e+01  2.62520063e-04 
 4.12097519e+06 -7.15445714e+01  2.64710661e-04 
 4.16869383e+06 -7.14719667e+01  2.66932630e-04 
 4.21696503e+06 -7.13989420e+01  2.69186269e-04 
 4.26579519e+06 -7.13255029e+01  2.71471884e-04 
 4.31519077e+06 -7.12516554e+01  2.73789777e-04 
 4.36515832e+06 -7.11774056e+01  2.76140255e-04 
 4.41570447e+06 -7.11027594e+01  2.78523620e-04 
 4.46683592e+06 -7.10277227e+01  2.80940187e-04 
 4.51855944e+06 -7.09523015e+01  2.83390264e-04 
 4.57088190e+06 -7.08765020e+01  2.85874157e-04 
 4.62381021e+06 -7.08003303e+01  2.88392185e-04 
 4.67735141e+06 -7.07237922e+01  2.90944658e-04 
 4.73151259e+06 -7.06468941e+01  2.93531892e-04 
 4.78630092e+06 -7.05696420e+01  2.96154202e-04 
 4.84172368e+06 -7.04920420e+01  2.98811907e-04 
 4.89778819e+06 -7.04141002e+01  3.01505326e-04 
 4.95450191e+06 -7.03358229e+01  3.04234777e-04 
 5.01187234e+06 -7.02572160e+01  3.07000582e-04 
 5.06990708e+06 -7.01782858e+01  3.09803066e-04 
 5.12861384e+06 -7.00990384e+01  3.12642547e-04 
 5.18800039e+06 -7.00194799e+01  3.15519355e-04 
 5.24807460e+06 -6.99396165e+01  3.18433813e-04 
 5.30884444e+06 -6.98594542e+01  3.21386248e-04 
 5.37031796e+06 -6.97789992e+01  3.24376990e-04 
 5.43250331e+06 -6.96982577e+01  3.27406362e-04 
 5.49540874e+06 -6.96172357e+01  3.30474698e-04 
 5.55904257e+06 -6.95359393e+01  3.33582328e-04 
 5.62341325e+06 -6.94543746e+01  3.36729581e-04 
 5.68852931e+06 -6.93725476e+01  3.39916793e-04 
 5.75439937e+06 -6.92904644e+01  3.43144294e-04 
 5.82103218e+06 -6.92081310e+01  3.46412418e-04 
 5.88843655e+06 -6.91255534e+01  3.49721499e-04 
 5.95662144e+06 -6.90427376e+01  3.53071870e-04 
 6.02559586e+06 -6.89596897e+01  3.56463868e-04 
 6.09536897e+06 -6.88764155e+01  3.59897829e-04 
 6.16595002e+06 -6.87929210e+01  3.63374086e-04 
 6.23734835e+06 -6.87092120e+01  3.66892976e-04 
 6.30957344e+06 -6.86252946e+01  3.70454837e-04 
 6.38263486e+06 -6.85411746e+01  3.74060002e-04 
 6.45654229e+06 -6.84568577e+01  3.77708810e-04 
 6.53130553e+06 -6.83723499e+01  3.81401595e-04 
 6.60693448e+06 -6.82876569e+01  3.85138693e-04 
 6.68343918e+06 -6.82027846e+01  3.88920442e-04 
 6.76082975e+06 -6.81177386e+01  3.92747175e-04 
 6.83911647e+06 -6.80325247e+01  3.96619228e-04 
 6.91830971e+06 -6.79471486e+01  4.00536933e-04 
 6.99841996e+06 -6.78616161e+01  4.04500623e-04 
 7.07945784e+06 -6.77759327e+01  4.08510633e-04 
 7.16143410e+06 -6.76901041e+01  4.12567293e-04 
 7.24435960e+06 -6.76041359e+01  4.16670935e-04 
 7.32824533e+06 -6.75180336e+01  4.20821885e-04 
 7.41310241e+06 -6.74318030e+01  4.25020474e-04 
 7.49894209e+06 -6.73454494e+01  4.29267027e-04 
 7.58577575e+06 -6.72589785e+01  4.33561866e-04 
 7.67361489e+06 -6.71723956e+01  4.37905317e-04 
 7.76247117e+06 -6.70857064e+01  4.42297700e-04 
 7.85235635e+06 -6.69989162e+01  4.46739333e-04 
 7.94328235e+06 -6.69120304e+01  4.51230532e-04 
 8.03526122e+06 -6.68250546e+01  4.55771612e-04 
 8.12830516e+06 -6.67379940e+01  4.60362881e-04 
 8.22242650e+06 -6.66508541e+01  4.65004652e-04 
 8.31763771e+06 -6.65636401e+01  4.69697227e-04 
 8.41395142e+06 -6.64763574e+01  4.74440909e-04 
 8.51138038e+06 -6.63890114e+01  4.79235997e-04 
 8.60993752e+06 -6.63016072e+01  4.84082785e-04 
 8.70963590e+06 -6.62141503e+01  4.88981566e-04 
 8.81048873e+06 -6.61266458e+01  4.93932624e-04 
 8.91250938e+06 -6.60390989e+01  4.98936246e-04 
 9.01571138e+06 -6.59515150e+01  5.03992707e-04 
 9.12010839e+06 -6.58638991e+01  5.09102284e-04 
 9.22571427e+06 -6.57762566e+01  5.14265242e-04 
 9.33254301e+06 -6.56885925e+01  5.19481848e-04 
 9.44060876e+06 -6.56009120e+01  5.24752359e-04 
 9.54992586e+06 -6.55132203e+01  5.30077029e-04 
 9.66050879e+06 -6.54255225e+01  5.35456104e-04 
 9.77237221e+06 -6.53378238e+01  5.40889824e-04 
 9.88553095e+06 -6.52501292e+01  5.46378425e-04 
 1.00000000e+07 -6.51624438e+01  5.51922134e-04 
 1.01157945e+07 -6.50747727e+01  5.57521172e-04 
 1.02329299e+07 -6.49871211e+01  5.63175751e-04 
 1.03514217e+07 -6.48994938e+01  5.68886081e-04 
 1.04712855e+07 -6.48118962e+01  5.74652357e-04 
 1.05925373e+07 -6.47243330e+01  5.80474771e-04 
 1.07151931e+07 -6.46368094e+01  5.86353508e-04 
 1.08392691e+07 -6.45493305e+01  5.92288736e-04 
 1.09647820e+07 -6.44619012e+01  5.98280627e-04 
 1.10917482e+07 -6.43745266e+01  6.04329329e-04 
 1.12201845e+07 -6.42872115e+01  6.10434996e-04 
 1.13501082e+07 -6.41999611e+01  6.16597761e-04 
 1.14815362e+07 -6.41127803e+01  6.22817753e-04 
 1.16144861e+07 -6.40256742e+01  6.29095085e-04 
 1.17489755e+07 -6.39386475e+01  6.35429867e-04 
 1.18850223e+07 -6.38517054e+01  6.41822191e-04 
 1.20226443e+07 -6.37648528e+01  6.48272144e-04 
 1.21618600e+07 -6.36780946e+01  6.54779796e-04 
 1.23026877e+07 -6.35914357e+01  6.61345211e-04 
 1.24451461e+07 -6.35048812e+01  6.67968436e-04 
 1.25892541e+07 -6.34184358e+01  6.74649507e-04 
 1.27350308e+07 -6.33321046e+01  6.81388451e-04 
 1.28824955e+07 -6.32458925e+01  6.88185277e-04 
 1.30316678e+07 -6.31598042e+01  6.95039982e-04 
 1.31825674e+07 -6.30738448e+01  7.01952554e-04 
 1.33352143e+07 -6.29880191e+01  7.08922962e-04 
 1.34896288e+07 -6.29023320e+01  7.15951162e-04 
 1.36458314e+07 -6.28167883e+01  7.23037101e-04 
 1.38038426e+07 -6.27313930e+01  7.30180702e-04 
 1.39636836e+07 -6.26461508e+01  7.37381881e-04 
 1.41253754e+07 -6.25610665e+01  7.44640538e-04 
 1.42889396e+07 -6.24761450e+01  7.51956556e-04 
 1.44543977e+07 -6.23913911e+01  7.59329801e-04 
 1.46217717e+07 -6.23068096e+01  7.66760127e-04 
 1.47910839e+07 -6.22224052e+01  7.74247370e-04 
 1.49623566e+07 -6.21381828e+01  7.81791350e-04 
 1.51356125e+07 -6.20541470e+01  7.89391871e-04 
 1.53108746e+07 -6.19703026e+01  7.97048722e-04 
 1.54881662e+07 -6.18866543e+01  8.04761673e-04 
 1.56675107e+07 -6.18032068e+01  8.12530477e-04 
 1.58489319e+07 -6.17199648e+01  8.20354872e-04 
 1.60324539e+07 -6.16369328e+01  8.28234578e-04 
 1.62181010e+07 -6.15541157e+01  8.36169297e-04 
 1.64058977e+07 -6.14715178e+01  8.44158716e-04 
 1.65958691e+07 -6.13891439e+01  8.52202501e-04 
 1.67880402e+07 -6.13069985e+01  8.60300304e-04 
 1.69824365e+07 -6.12250861e+01  8.68451755e-04 
 1.71790839e+07 -6.11434111e+01  8.76656471e-04 
 1.73780083e+07 -6.10619782e+01  8.84914047e-04 
 1.75792361e+07 -6.09807917e+01  8.93224065e-04 
 1.77827941e+07 -6.08998560e+01  9.01586085e-04 
 1.79887092e+07 -6.08191755e+01  9.09999650e-04 
 1.81970086e+07 -6.07387545e+01  9.18464288e-04 
 1.84077200e+07 -6.06585974e+01  9.26979504e-04 
 1.86208714e+07 -6.05787083e+01  9.35544790e-04 
 1.88364909e+07 -6.04990916e+01  9.44159617e-04 
 1.90546072e+07 -6.04197513e+01  9.52823441e-04 
 1.92752491e+07 -6.03406917e+01  9.61535699e-04 
 1.94984460e+07 -6.02619169e+01  9.70295810e-04 
 1.97242274e+07 -6.01834308e+01  9.79103176e-04 
 1.99526231e+07 -6.01052375e+01  9.87957184e-04 
 2.01836636e+07 -6.00273410e+01  9.96857201e-04 
 2.04173794e+07 -5.99497451e+01  1.00580258e-03 
 2.06538016e+07 -5.98724537e+01  1.01479265e-03 
 2.08929613e+07 -5.97954707e+01  1.02382673e-03 
 2.11348904e+07 -5.97187997e+01  1.03290413e-03 
 2.13796209e+07 -5.96424445e+01  1.04202413e-03 
 2.16271852e+07 -5.95664087e+01  1.05118599e-03 
 2.18776162e+07 -5.94906959e+01  1.06038898e-03 
 2.21309471e+07 -5.94153096e+01  1.06963232e-03 
 2.23872114e+07 -5.93402533e+01  1.07891525e-03 
 2.26464431e+07 -5.92655305e+01  1.08823697e-03 
 2.29086765e+07 -5.91911443e+01  1.09759668e-03 
 2.31739465e+07 -5.91170983e+01  1.10699354e-03 
 2.34422882e+07 -5.90433954e+01  1.11642673e-03 
 2.37137371e+07 -5.89700391e+01  1.12589541e-03 
 2.39883292e+07 -5.88970322e+01  1.13539869e-03 
 2.42661010e+07 -5.88243779e+01  1.14493571e-03 
 2.45470892e+07 -5.87520792e+01  1.15450559e-03 
 2.48313311e+07 -5.86801389e+01  1.16410741e-03 
 2.51188643e+07 -5.86085599e+01  1.17374027e-03 
 2.54097271e+07 -5.85373450e+01  1.18340323e-03 
 2.57039578e+07 -5.84664969e+01  1.19309536e-03 
 2.60015956e+07 -5.83960182e+01  1.20281571e-03 
 2.63026799e+07 -5.83259115e+01  1.21256332e-03 
 2.66072506e+07 -5.82561793e+01  1.22233722e-03 
 2.69153480e+07 -5.81868241e+01  1.23213642e-03 
 2.72270131e+07 -5.81178483e+01  1.24195993e-03 
 2.75422870e+07 -5.80492542e+01  1.25180675e-03 
 2.78612117e+07 -5.79810441e+01  1.26167586e-03 
 2.81838293e+07 -5.79132202e+01  1.27156624e-03 
 2.85101827e+07 -5.78457846e+01  1.28147687e-03 
 2.88403150e+07 -5.77787394e+01  1.29140668e-03 
 2.91742701e+07 -5.77120867e+01  1.30135465e-03 
 2.95120923e+07 -5.76458283e+01  1.31131969e-03 
 2.98538262e+07 -5.75799663e+01  1.32130076e-03 
 3.01995172e+07 -5.75145025e+01  1.33129676e-03 
 3.05492111e+07 -5.74494387e+01  1.34130661e-03 
 3.09029543e+07 -5.73847767e+01  1.35132922e-03 
 3.12607937e+07 -5.73205181e+01  1.36136348e-03 
 3.16227766e+07 -5.72566647e+01  1.37140828e-03 
 3.19889511e+07 -5.71932180e+01  1.38146250e-03 
 3.23593657e+07 -5.71301797e+01  1.39152501e-03 
 3.27340695e+07 -5.70675512e+01  1.40159468e-03 
 3.31131121e+07 -5.70053341e+01  1.41167036e-03 
 3.34965439e+07 -5.69435298e+01  1.42175089e-03 
 3.38844156e+07 -5.68821398e+01  1.43183512e-03 
 3.42767787e+07 -5.68211655e+01  1.44192186e-03 
 3.46736850e+07 -5.67606081e+01  1.45200995e-03 
 3.50751874e+07 -5.67004692e+01  1.46209819e-03 
 3.54813389e+07 -5.66407499e+01  1.47218539e-03 
 3.58921935e+07 -5.65814517e+01  1.48227033e-03 
 3.63078055e+07 -5.65225757e+01  1.49235180e-03 
 3.67282300e+07 -5.64641233e+01  1.50242858e-03 
 3.71535229e+07 -5.64060957e+01  1.51249942e-03 
 3.75837404e+07 -5.63484941e+01  1.52256308e-03 
 3.80189396e+07 -5.62913199e+01  1.53261830e-03 
 3.84591782e+07 -5.62345742e+01  1.54266381e-03 
 3.89045145e+07 -5.61782582e+01  1.55269834e-03 
 3.93550075e+07 -5.61223733e+01  1.56272059e-03 
 3.98107171e+07 -5.60669207e+01  1.57272925e-03 
 4.02717034e+07 -5.60119016e+01  1.58272302e-03 
 4.07380278e+07 -5.59573174e+01  1.59270056e-03 
 4.12097519e+07 -5.59031692e+01  1.60266053e-03 
 4.16869383e+07 -5.58494584e+01  1.61260158e-03 
 4.21696503e+07 -5.57961863e+01  1.62252233e-03 
 4.26579519e+07 -5.57433543e+01  1.63242141e-03 
 4.31519077e+07 -5.56909638e+01  1.64229742e-03 
 4.36515832e+07 -5.56390161e+01  1.65214893e-03 
 4.41570447e+07 -5.55875128e+01  1.66197452e-03 
 4.46683592e+07 -5.55364551e+01  1.67177275e-03 
 4.51855944e+07 -5.54858448e+01  1.68154215e-03 
 4.57088190e+07 -5.54356834e+01  1.69128124e-03 
 4.62381021e+07 -5.53859723e+01  1.70098853e-03 
 4.67735141e+07 -5.53367134e+01  1.71066249e-03 
 4.73151259e+07 -5.52879082e+01  1.72030159e-03 
 4.78630092e+07 -5.52395585e+01  1.72990428e-03 
 4.84172368e+07 -5.51916662e+01  1.73946899e-03 
 4.89778819e+07 -5.51442330e+01  1.74899412e-03 
 4.95450191e+07 -5.50972610e+01  1.75847805e-03 
 5.01187234e+07 -5.50507520e+01  1.76791916e-03 
 5.06990708e+07 -5.50047081e+01  1.77731578e-03 
 5.12861384e+07 -5.49591314e+01  1.78666624e-03 
 5.18800039e+07 -5.49140241e+01  1.79596883e-03 
 5.24807460e+07 -5.48693884e+01  1.80522184e-03 
 5.30884444e+07 -5.48252267e+01  1.81442352e-03 
 5.37031796e+07 -5.47815413e+01  1.82357209e-03 
 5.43250331e+07 -5.47383347e+01  1.83266577e-03 
 5.49540874e+07 -5.46956094e+01  1.84170273e-03 
 5.55904257e+07 -5.46533680e+01  1.85068114e-03 
 5.62341325e+07 -5.46116133e+01  1.85959912e-03 
 5.68852931e+07 -5.45703481e+01  1.86845480e-03 
 5.75439937e+07 -5.45295751e+01  1.87724625e-03 
 5.82103218e+07 -5.44892974e+01  1.88597153e-03 
 5.88843655e+07 -5.44495179e+01  1.89462867e-03 
 5.95662144e+07 -5.44102398e+01  1.90321569e-03 
 6.02559586e+07 -5.43714663e+01  1.91173057e-03 
 6.09536897e+07 -5.43332007e+01  1.92017126e-03 
 6.16595002e+07 -5.42954464e+01  1.92853569e-03 
 6.23734835e+07 -5.42582068e+01  1.93682178e-03 
 6.30957344e+07 -5.42214855e+01  1.94502740e-03 
 6.38263486e+07 -5.41852862e+01  1.95315041e-03 
 6.45654229e+07 -5.41496126e+01  1.96118864e-03 
 6.53130553e+07 -5.41144685e+01  1.96913990e-03 
 6.60693448e+07 -5.40798580e+01  1.97700197e-03 
 6.68343918e+07 -5.40457849e+01  1.98477260e-03 
 6.76082975e+07 -5.40122534e+01  1.99244954e-03 
 6.83911647e+07 -5.39792677e+01  2.00003049e-03 
 6.91830971e+07 -5.39468320e+01  2.00751315e-03 
 6.99841996e+07 -5.39149509e+01  2.01489518e-03 
 7.07945784e+07 -5.38836286e+01  2.02217422e-03 
 7.16143410e+07 -5.38528698e+01  2.02934791e-03 
 7.24435960e+07 -5.38226792e+01  2.03641385e-03 
 7.32824533e+07 -5.37930613e+01  2.04336963e-03 
 7.41310241e+07 -5.37640211e+01  2.05021281e-03 
 7.49894209e+07 -5.37355635e+01  2.05694096e-03 
 7.58577575e+07 -5.37076933e+01  2.06355162e-03 
 7.67361489e+07 -5.36804156e+01  2.07004231e-03 
 7.76247117e+07 -5.36537355e+01  2.07641053e-03 
 7.85235635e+07 -5.36276583e+01  2.08265381e-03 
 7.94328235e+07 -5.36021892e+01  2.08876962e-03 
 8.03526122e+07 -5.35773334e+01  2.09475545e-03 
 8.12830516e+07 -5.35530965e+01  2.10060878e-03 
 8.22242650e+07 -5.35294837e+01  2.10632709e-03 
 8.31763771e+07 -5.35065008e+01  2.11190784e-03 
 8.41395142e+07 -5.34841531e+01  2.11734850e-03 
 8.51138038e+07 -5.34624463e+01  2.12264656e-03 
 8.60993752e+07 -5.34413860e+01  2.12779948e-03 
 8.70963590e+07 -5.34209780e+01  2.13280475e-03 
 8.81048873e+07 -5.34012280e+01  2.13765985e-03 
 8.91250938e+07 -5.33821417e+01  2.14236230e-03 
 9.01571138e+07 -5.33637249e+01  2.14690960e-03 
 9.12010839e+07 -5.33459834e+01  2.15129928e-03 
 9.22571427e+07 -5.33289230e+01  2.15552889e-03 
 9.33254301e+07 -5.33125497e+01  2.15959601e-03 
 9.44060876e+07 -5.32968691e+01  2.16349822e-03 
 9.54992586e+07 -5.32818873e+01  2.16723316e-03 
 9.66050879e+07 -5.32676099e+01  2.17079846e-03 
 9.77237221e+07 -5.32540429e+01  2.17419181e-03 
 9.88553095e+07 -5.32411920e+01  2.17741094e-03 
 1.00000000e+08 -5.32290630e+01  2.18045360e-03 
 1.01157945e+08 -5.32176617e+01  2.18331759e-03 
 1.02329299e+08 -5.32069938e+01  2.18600076e-03 
 1.03514217e+08 -5.31970650e+01  2.18850100e-03 
 1.04712855e+08 -5.31878809e+01  2.19081627e-03 
 1.05925373e+08 -5.31794470e+01  2.19294455e-03 
 1.07151931e+08 -5.31717689e+01  2.19488391e-03 
 1.08392691e+08 -5.31648520e+01  2.19663248e-03 
 1.09647820e+08 -5.31587016e+01  2.19818843e-03 
 1.10917482e+08 -5.31533231e+01  2.19955002e-03 
 1.12201845e+08 -5.31487216e+01  2.20071558e-03 
 1.13501082e+08 -5.31449022e+01  2.20168350e-03 
 1.14815362e+08 -5.31418699e+01  2.20245226e-03 
 1.16144861e+08 -5.31396296e+01  2.20302041e-03 
 1.17489755e+08 -5.31381859e+01  2.20338660e-03 
 1.18850223e+08 -5.31375436e+01  2.20354956e-03 
 1.20226443e+08 -5.31377070e+01  2.20350809e-03 
 1.21618600e+08 -5.31386807e+01  2.20326110e-03 
 1.23026877e+08 -5.31404687e+01  2.20280759e-03 
 1.24451461e+08 -5.31430752e+01  2.20214668e-03 
 1.25892541e+08 -5.31465039e+01  2.20127754e-03 
 1.27350308e+08 -5.31507588e+01  2.20019949e-03 
 1.28824955e+08 -5.31558433e+01  2.19891193e-03 
 1.30316678e+08 -5.31617608e+01  2.19741436e-03 
 1.31825674e+08 -5.31685146e+01  2.19570642e-03 
 1.33352143e+08 -5.31761076e+01  2.19378782e-03 
 1.34896288e+08 -5.31845426e+01  2.19165842e-03 
 1.36458314e+08 -5.31938224e+01  2.18931816e-03 
 1.38038426e+08 -5.32039493e+01  2.18676711e-03 
 1.39636836e+08 -5.32149256e+01  2.18400547e-03 
 1.41253754e+08 -5.32267532e+01  2.18103352e-03 
 1.42889396e+08 -5.32394339e+01  2.17785170e-03 
 1.44543977e+08 -5.32529694e+01  2.17446054e-03 
 1.46217717e+08 -5.32673609e+01  2.17086069e-03 
 1.47910839e+08 -5.32826096e+01  2.16705294e-03 
 1.49623566e+08 -5.32987163e+01  2.16303817e-03 
 1.51356125e+08 -5.33156818e+01  2.15881740e-03 
 1.53108746e+08 -5.33335064e+01  2.15439177e-03 
 1.54881662e+08 -5.33521902e+01  2.14976252e-03 
 1.56675107e+08 -5.33717334e+01  2.14493103e-03 
 1.58489319e+08 -5.33921354e+01  2.13989877e-03 
 1.60324539e+08 -5.34133958e+01  2.13466735e-03 
 1.62181010e+08 -5.34355138e+01  2.12923849e-03 
 1.64058977e+08 -5.34584884e+01  2.12361401e-03 
 1.65958691e+08 -5.34823182e+01  2.11779584e-03 
 1.67880402e+08 -5.35070017e+01  2.11178605e-03 
 1.69824365e+08 -5.35325371e+01  2.10558679e-03 
 1.71790839e+08 -5.35589223e+01  2.09920032e-03 
 1.73780083e+08 -5.35861552e+01  2.09262900e-03 
 1.75792361e+08 -5.36142332e+01  2.08587530e-03 
 1.77827941e+08 -5.36431534e+01  2.07894179e-03 
 1.79887092e+08 -5.36729129e+01  2.07183113e-03 
 1.81970086e+08 -5.37035084e+01  2.06454607e-03 
 1.84077200e+08 -5.37349364e+01  2.05708946e-03 
 1.86208714e+08 -5.37671932e+01  2.04946422e-03 
 1.88364909e+08 -5.38002747e+01  2.04167337e-03 
 1.90546072e+08 -5.38341768e+01  2.03372001e-03 
 1.92752491e+08 -5.38688950e+01  2.02560729e-03 
 1.94984460e+08 -5.39044246e+01  2.01733847e-03 
 1.97242274e+08 -5.39407607e+01  2.00891687e-03 
 1.99526231e+08 -5.39778982e+01  2.00034585e-03 
 2.01836636e+08 -5.40158318e+01  1.99162886e-03 
 2.04173794e+08 -5.40545558e+01  1.98276941e-03 
 2.06538016e+08 -5.40940645e+01  1.97377104e-03 
 2.08929613e+08 -5.41343520e+01  1.96463737e-03 
 2.11348904e+08 -5.41754119e+01  1.95537205e-03 
 2.13796209e+08 -5.42172380e+01  1.94597877e-03 
 2.16271852e+08 -5.42598237e+01  1.93646127e-03 
 2.18776162e+08 -5.43031621e+01  1.92682332e-03 
 2.21309471e+08 -5.43472463e+01  1.91706873e-03 
 2.23872114e+08 -5.43920692e+01  1.90720132e-03 
 2.26464431e+08 -5.44376234e+01  1.89722495e-03 
 2.29086765e+08 -5.44839015e+01  1.88714350e-03 
 2.31739465e+08 -5.45308957e+01  1.87696085e-03 
 2.34422882e+08 -5.45785983e+01  1.86668091e-03 
 2.37137371e+08 -5.46270012e+01  1.85630759e-03 
 2.39883292e+08 -5.46760964e+01  1.84584480e-03 
 2.42661010e+08 -5.47258754e+01  1.83529647e-03 
 2.45470892e+08 -5.47763300e+01  1.82466651e-03 
 2.48313311e+08 -5.48274515e+01  1.81395883e-03 
 2.51188643e+08 -5.48792312e+01  1.80317733e-03 
 2.54097271e+08 -5.49316604e+01  1.79232591e-03 
 2.57039578e+08 -5.49847299e+01  1.78140843e-03 
 2.60015956e+08 -5.50384309e+01  1.77042876e-03 
 2.63026799e+08 -5.50927540e+01  1.75939073e-03 
 2.66072506e+08 -5.51476900e+01  1.74829816e-03 
 2.69153480e+08 -5.52032295e+01  1.73715482e-03 
 2.72270131e+08 -5.52593630e+01  1.72596447e-03 
 2.75422870e+08 -5.53160809e+01  1.71473083e-03 
 2.78612117e+08 -5.53733735e+01  1.70345758e-03 
 2.81838293e+08 -5.54312311e+01  1.69214839e-03 
 2.85101827e+08 -5.54896438e+01  1.68080686e-03 
 2.88403150e+08 -5.55486016e+01  1.66943656e-03 
 2.91742701e+08 -5.56080946e+01  1.65804101e-03 
 2.95120923e+08 -5.56681128e+01  1.64662370e-03 
 2.98538262e+08 -5.57286459e+01  1.63518805e-03 
 3.01995172e+08 -5.57896839e+01  1.62373745e-03 
 3.05492111e+08 -5.58512163e+01  1.61227523e-03 
 3.09029543e+08 -5.59132331e+01  1.60080468e-03 
 3.12607937e+08 -5.59757237e+01  1.58932902e-03 
 3.16227766e+08 -5.60386779e+01  1.57785142e-03 
 3.19889511e+08 -5.61020851e+01  1.56637500e-03 
 3.23593657e+08 -5.61659350e+01  1.55490282e-03 
 3.27340695e+08 -5.62302169e+01  1.54343787e-03 
 3.31131121e+08 -5.62949204e+01  1.53198311e-03 
 3.34965439e+08 -5.63600349e+01  1.52054141e-03 
 3.38844156e+08 -5.64255498e+01  1.50911560e-03 
 3.42767787e+08 -5.64914545e+01  1.49770843e-03 
 3.46736850e+08 -5.65577383e+01  1.48632262e-03 
 3.50751874e+08 -5.66243905e+01  1.47496078e-03 
 3.54813389e+08 -5.66914006e+01  1.46362551e-03 
 3.58921935e+08 -5.67587577e+01  1.45231932e-03 
 3.63078055e+08 -5.68264513e+01  1.44104465e-03 
 3.67282300e+08 -5.68944705e+01  1.42980389e-03 
 3.71535229e+08 -5.69628047e+01  1.41859938e-03 
 3.75837404e+08 -5.70314431e+01  1.40743337e-03 
 3.80189396e+08 -5.71003751e+01  1.39630807e-03 
 3.84591782e+08 -5.71695898e+01  1.38522561e-03 
 3.89045145e+08 -5.72390765e+01  1.37418808e-03 
 3.93550075e+08 -5.73088245e+01  1.36319748e-03 
 3.98107171e+08 -5.73788231e+01  1.35225578e-03 
 4.02717034e+08 -5.74490615e+01  1.34136486e-03 
 4.07380278e+08 -5.75195290e+01  1.33052657e-03 
 4.12097519e+08 -5.75902149e+01  1.31974266e-03 
 4.16869383e+08 -5.76611084e+01  1.30901487e-03 
 4.21696503e+08 -5.77321989e+01  1.29834484e-03 
 4.26579519e+08 -5.78034756e+01  1.28773417e-03 
 4.31519077e+08 -5.78749278e+01  1.27718441e-03 
 4.36515832e+08 -5.79465450e+01  1.26669703e-03 
 4.41570447e+08 -5.80183162e+01  1.25627347e-03 
 4.46683592e+08 -5.80902310e+01  1.24591510e-03 
 4.51855944e+08 -5.81622787e+01  1.23562324e-03 
 4.57088190e+08 -5.82344485e+01  1.22539915e-03 
 4.62381021e+08 -5.83067299e+01  1.21524405e-03 
 4.67735141e+08 -5.83791123e+01  1.20515910e-03 
 4.73151259e+08 -5.84515850e+01  1.19514541e-03 
 4.78630092e+08 -5.85241375e+01  1.18520405e-03 
 4.84172368e+08 -5.85967591e+01  1.17533602e-03 
 4.89778819e+08 -5.86694393e+01  1.16554229e-03 
 4.95450191e+08 -5.87421675e+01  1.15582377e-03 
 5.01187234e+08 -5.88149333e+01  1.14618135e-03 
 5.06990708e+08 -5.88877260e+01  1.13661584e-03 
 5.12861384e+08 -5.89605351e+01  1.12712802e-03 
 5.18800039e+08 -5.90333502e+01  1.11771864e-03 
 5.24807460e+08 -5.91061607e+01  1.10838838e-03 
 5.30884444e+08 -5.91789562e+01  1.09913791e-03 
 5.37031796e+08 -5.92517263e+01  1.08996784e-03 
 5.43250331e+08 -5.93244605e+01  1.08087875e-03 
 5.49540874e+08 -5.93971483e+01  1.07187116e-03 
 5.55904257e+08 -5.94697794e+01  1.06294558e-03 
 5.62341325e+08 -5.95423434e+01  1.05410247e-03 
 5.68852931e+08 -5.96148299e+01  1.04534225e-03 
 5.75439937e+08 -5.96872286e+01  1.03666532e-03 
 5.82103218e+08 -5.97595291e+01  1.02807204e-03 
 5.88843655e+08 -5.98317210e+01  1.01956272e-03 
 5.95662144e+08 -5.99037942e+01  1.01113767e-03 
 6.02559586e+08 -5.99757383e+01  1.00279713e-03 
 6.09536897e+08 -6.00475431e+01  9.94541348e-04 
 6.16595002e+08 -6.01191983e+01  9.86370517e-04 
 6.23734835e+08 -6.01906938e+01  9.78284810e-04 
 6.30957344e+08 -6.02620193e+01  9.70284372e-04 
 6.38263486e+08 -6.03331646e+01  9.62369320e-04 
 6.45654229e+08 -6.04041197e+01  9.54539744e-04 
 6.53130553e+08 -6.04748744e+01  9.46795710e-04 
 6.60693448e+08 -6.05454186e+01  9.39137258e-04 
 6.68343918e+08 -6.06157423e+01  9.31564406e-04 
 6.76082975e+08 -6.06858354e+01  9.24077146e-04 
 6.83911647e+08 -6.07556880e+01  9.16675450e-04 
 6.91830971e+08 -6.08252901e+01  9.09359266e-04 
 6.99841996e+08 -6.08946317e+01  9.02128523e-04 
 7.07945784e+08 -6.09637030e+01  8.94983129e-04 
 7.16143410e+08 -6.10324942e+01  8.87922970e-04 
 7.24435960e+08 -6.11009953e+01  8.80947917e-04 
 7.32824533e+08 -6.11691968e+01  8.74057818e-04 
 7.41310241e+08 -6.12370887e+01  8.67252508e-04 
 7.49894209e+08 -6.13046615e+01  8.60531800e-04 
 7.58577575e+08 -6.13719056e+01  8.53895493e-04 
 7.67361489e+08 -6.14388113e+01  8.47343370e-04 
 7.76247117e+08 -6.15053691e+01  8.40875198e-04 
 7.85235635e+08 -6.15715697e+01  8.34490728e-04 
 7.94328235e+08 -6.16374035e+01  8.28189698e-04 
 8.03526122e+08 -6.17028613e+01  8.21971831e-04 
 8.12830516e+08 -6.17679338e+01  8.15836837e-04 
 8.22242650e+08 -6.18326117e+01  8.09784413e-04 
 8.31763771e+08 -6.18968860e+01  8.03814243e-04 
 8.41395142e+08 -6.19607477e+01  7.97926000e-04 
 8.51138038e+08 -6.20241876e+01  7.92119345e-04 
 8.60993752e+08 -6.20871970e+01  7.86393926e-04 
 8.70963590e+08 -6.21497670e+01  7.80749383e-04 
 8.81048873e+08 -6.22118889e+01  7.75185343e-04 
 8.91250938e+08 -6.22735542e+01  7.69701425e-04 
 9.01571138e+08 -6.23347542e+01  7.64297238e-04 
 9.12010839e+08 -6.23954806e+01  7.58972380e-04 
 9.22571427e+08 -6.24557250e+01  7.53726443e-04 
 9.33254301e+08 -6.25154792e+01  7.48559007e-04 
 9.44060876e+08 -6.25747352e+01  7.43469646e-04 
 9.54992586e+08 -6.26334849e+01  7.38457926e-04 
 9.66050879e+08 -6.26917205e+01  7.33523404e-04 
 9.77237221e+08 -6.27494343e+01  7.28665631e-04 
 9.88553095e+08 -6.28066187e+01  7.23884149e-04 
 1.00000000e+09 -6.28632661e+01  7.19178496e-04 
