 1.00000000e+00 -6.99054242e+01  3.19689809e-04 
 1.01157945e+00 -6.99054258e+01  3.19689749e-04 
 1.02329299e+00 -6.99054275e+01  3.19689687e-04 
 1.03514217e+00 -6.99054292e+01  3.19689623e-04 
 1.04712855e+00 -6.99054310e+01  3.19689558e-04 
 1.05925373e+00 -6.99054328e+01  3.19689492e-04 
 1.07151931e+00 -6.99054346e+01  3.19689424e-04 
 1.08392691e+00 -6.99054365e+01  3.19689355e-04 
 1.09647820e+00 -6.99054384e+01  3.19689284e-04 
 1.10917482e+00 -6.99054404e+01  3.19689211e-04 
 1.12201845e+00 -6.99054424e+01  3.19689136e-04 
 1.13501082e+00 -6.99054445e+01  3.19689060e-04 
 1.14815362e+00 -6.99054466e+01  3.19688982e-04 
 1.16144861e+00 -6.99054488e+01  3.19688903e-04 
 1.17489755e+00 -6.99054510e+01  3.19688821e-04 
 1.18850223e+00 -6.99054533e+01  3.19688737e-04 
 1.20226443e+00 -6.99054556e+01  3.19688652e-04 
 1.21618600e+00 -6.99054580e+01  3.19688564e-04 
 1.23026877e+00 -6.99054604e+01  3.19688475e-04 
 1.24451461e+00 -6.99054629e+01  3.19688383e-04 
 1.25892541e+00 -6.99054657e+01  3.19688281e-04 
 1.27350308e+00 -6.99054683e+01  3.19688185e-04 
 1.28824955e+00 -6.99054709e+01  3.19688087e-04 
 1.30316678e+00 -6.99054737e+01  3.19687987e-04 
 1.31825674e+00 -6.99054765e+01  3.19687884e-04 
 1.33352143e+00 -6.99054793e+01  3.19687779e-04 
 1.34896288e+00 -6.99054822e+01  3.19687671e-04 
 1.36458314e+00 -6.99054852e+01  3.19687561e-04 
 1.38038426e+00 -6.99054883e+01  3.19687448e-04 
 1.39636836e+00 -6.99054914e+01  3.19687333e-04 
 1.41253754e+00 -6.99054946e+01  3.19687215e-04 
 1.42889396e+00 -6.99054979e+01  3.19687094e-04 
 1.44543977e+00 -6.99055010e+01  3.19686979e-04 
 1.46217717e+00 -6.99055045e+01  3.19686853e-04 
 1.47910839e+00 -6.99055082e+01  3.19686715e-04 
 1.49623566e+00 -6.99055118e+01  3.19686582e-04 
 1.51356125e+00 -6.99055155e+01  3.19686447e-04 
 1.53108746e+00 -6.99055193e+01  3.19686308e-04 
 1.54881662e+00 -6.99055231e+01  3.19686166e-04 
 1.56675107e+00 -6.99055271e+01  3.19686021e-04 
 1.58489319e+00 -6.99055311e+01  3.19685873e-04 
 1.60324539e+00 -6.99055352e+01  3.19685721e-04 
 1.62181010e+00 -6.99055395e+01  3.19685565e-04 
 1.64058977e+00 -6.99055438e+01  3.19685406e-04 
 1.65958691e+00 -6.99055482e+01  3.19685243e-04 
 1.67880402e+00 -6.99055527e+01  3.19685077e-04 
 1.69824365e+00 -6.99055574e+01  3.19684906e-04 
 1.71790839e+00 -6.99055621e+01  3.19684732e-04 
 1.73780083e+00 -6.99055670e+01  3.19684553e-04 
 1.75792361e+00 -6.99055719e+01  3.19684370e-04 
 1.77827941e+00 -6.99055770e+01  3.19684183e-04 
 1.79887092e+00 -6.99055822e+01  3.19683992e-04 
 1.81970086e+00 -6.99055875e+01  3.19683796e-04 
 1.84077200e+00 -6.99055930e+01  3.19683596e-04 
 1.86208714e+00 -6.99055985e+01  3.19683391e-04 
 1.88364909e+00 -6.99056042e+01  3.19683181e-04 
 1.90546072e+00 -6.99056101e+01  3.19682966e-04 
 1.92752491e+00 -6.99056160e+01  3.19682746e-04 
 1.94984460e+00 -6.99056222e+01  3.19682522e-04 
 1.97242274e+00 -6.99056284e+01  3.19682292e-04 
 1.99526231e+00 -6.99056346e+01  3.19682065e-04 
 2.01836636e+00 -6.99056411e+01  3.19681824e-04 
 2.04173794e+00 -6.99056478e+01  3.19681577e-04 
 2.06538016e+00 -6.99056547e+01  3.19681325e-04 
 2.08929613e+00 -6.99056619e+01  3.19681058e-04 
 2.11348904e+00 -6.99056691e+01  3.19680794e-04 
 2.13796209e+00 -6.99056764e+01  3.19680524e-04 
 2.16271852e+00 -6.99056840e+01  3.19680247e-04 
 2.18776162e+00 -6.99056916e+01  3.19679964e-04 
 2.21309471e+00 -6.99056995e+01  3.19679675e-04 
 2.23872114e+00 -6.99057076e+01  3.19679378e-04 
 2.26464431e+00 -6.99057158e+01  3.19679075e-04 
 2.29086765e+00 -6.99057242e+01  3.19678765e-04 
 2.31739465e+00 -6.99057329e+01  3.19678447e-04 
 2.34422882e+00 -6.99057417e+01  3.19678122e-04 
 2.37137371e+00 -6.99057507e+01  3.19677790e-04 
 2.39883292e+00 -6.99057600e+01  3.19677449e-04 
 2.42661010e+00 -6.99057692e+01  3.19677110e-04 
 2.45470892e+00 -6.99057789e+01  3.19676753e-04 
 2.48313311e+00 -6.99057888e+01  3.19676389e-04 
 2.51188643e+00 -6.99057989e+01  3.19676016e-04 
 2.54097271e+00 -6.99058095e+01  3.19675625e-04 
 2.57039578e+00 -6.99058201e+01  3.19675235e-04 
 2.60015956e+00 -6.99058310e+01  3.19674835e-04 
 2.63026799e+00 -6.99058421e+01  3.19674426e-04 
 2.66072506e+00 -6.99058535e+01  3.19674007e-04 
 2.69153480e+00 -6.99058651e+01  3.19673579e-04 
 2.72270131e+00 -6.99058770e+01  3.19673141e-04 
 2.75422870e+00 -6.99058892e+01  3.19672692e-04 
 2.78612117e+00 -6.99059017e+01  3.19672233e-04 
 2.81838293e+00 -6.99059147e+01  3.19671755e-04 
 2.85101827e+00 -6.99059278e+01  3.19671274e-04 
 2.88403150e+00 -6.99059411e+01  3.19670783e-04 
 2.91742701e+00 -6.99059548e+01  3.19670279e-04 
 2.95120923e+00 -6.99059688e+01  3.19669764e-04 
 2.98538262e+00 -6.99059831e+01  3.19669237e-04 
 3.01995172e+00 -6.99059978e+01  3.19668698e-04 
 3.05492111e+00 -6.99060125e+01  3.19668155e-04 
 3.09029543e+00 -6.99060279e+01  3.19667590e-04 
 3.12607937e+00 -6.99060436e+01  3.19667012e-04 
 3.16227766e+00 -6.99060596e+01  3.19666421e-04 
 3.19889511e+00 -6.99060761e+01  3.19665816e-04 
 3.23593657e+00 -6.99060929e+01  3.19665197e-04 
 3.27340695e+00 -6.99061101e+01  3.19664564e-04 
 3.31131121e+00 -6.99061279e+01  3.19663907e-04 
 3.34965439e+00 -6.99061460e+01  3.19663243e-04 
 3.38844156e+00 -6.99061644e+01  3.19662565e-04 
 3.42767787e+00 -6.99061833e+01  3.19661870e-04 
 3.46736850e+00 -6.99062026e+01  3.19661159e-04 
 3.50751874e+00 -6.99062221e+01  3.19660440e-04 
 3.54813389e+00 -6.99062424e+01  3.19659696e-04 
 3.58921935e+00 -6.99062631e+01  3.19658934e-04 
 3.63078055e+00 -6.99062842e+01  3.19658155e-04 
 3.67282300e+00 -6.99063059e+01  3.19657357e-04 
 3.71535229e+00 -6.99063281e+01  3.19656541e-04 
 3.75837404e+00 -6.99063510e+01  3.19655698e-04 
 3.80189396e+00 -6.99063742e+01  3.19654843e-04 
 3.84591782e+00 -6.99063980e+01  3.19653969e-04 
 3.89045145e+00 -6.99064223e+01  3.19653074e-04 
 3.93550075e+00 -6.99064472e+01  3.19652158e-04 
 3.98107171e+00 -6.99064726e+01  3.19651222e-04 
 4.02717034e+00 -6.99064985e+01  3.19650271e-04 
 4.07380278e+00 -6.99065251e+01  3.19649290e-04 
 4.12097519e+00 -6.99065524e+01  3.19648286e-04 
 4.16869383e+00 -6.99065803e+01  3.19647259e-04 
 4.21696503e+00 -6.99066089e+01  3.19646208e-04 
 4.26579519e+00 -6.99066381e+01  3.19645132e-04 
 4.31519077e+00 -6.99066680e+01  3.19644031e-04 
 4.36515832e+00 -6.99066986e+01  3.19642905e-04 
 4.41570447e+00 -6.99067299e+01  3.19641752e-04 
 4.46683592e+00 -6.99067620e+01  3.19640573e-04 
 4.51855944e+00 -6.99067950e+01  3.19639358e-04 
 4.57088190e+00 -6.99068283e+01  3.19638131e-04 
 4.62381021e+00 -6.99068627e+01  3.19636867e-04 
 4.67735141e+00 -6.99068981e+01  3.19635566e-04 
 4.73151259e+00 -6.99069340e+01  3.19634242e-04 
 4.78630092e+00 -6.99069706e+01  3.19632897e-04 
 4.84172368e+00 -6.99070085e+01  3.19631503e-04 
 4.89778819e+00 -6.99070470e+01  3.19630085e-04 
 4.95450191e+00 -6.99070862e+01  3.19628643e-04 
 5.01187234e+00 -6.99071265e+01  3.19627158e-04 
 5.06990708e+00 -6.99071678e+01  3.19625639e-04 
 5.12861384e+00 -6.99072101e+01  3.19624084e-04 
 5.18800039e+00 -6.99072535e+01  3.19622485e-04 
 5.24807460e+00 -6.99072978e+01  3.19620857e-04 
 5.30884444e+00 -6.99073428e+01  3.19619200e-04 
 5.37031796e+00 -6.99073891e+01  3.19617496e-04 
 5.43250331e+00 -6.99074365e+01  3.19615752e-04 
 5.49540874e+00 -6.99074850e+01  3.19613967e-04 
 5.55904257e+00 -6.99075346e+01  3.19612141e-04 
 5.62341325e+00 -6.99075852e+01  3.19610281e-04 
 5.68852931e+00 -6.99076372e+01  3.19608368e-04 
 5.75439937e+00 -6.99076903e+01  3.19606412e-04 
 5.82103218e+00 -6.99077450e+01  3.19604401e-04 
 5.88843655e+00 -6.99078009e+01  3.19602343e-04 
 5.95662144e+00 -6.99078576e+01  3.19600255e-04 
 6.02559586e+00 -6.99079160e+01  3.19598110e-04 
 6.09536897e+00 -6.99079756e+01  3.19595915e-04 
 6.16595002e+00 -6.99080367e+01  3.19593668e-04 
 6.23734835e+00 -6.99080991e+01  3.19591370e-04 
 6.30957344e+00 -6.99081633e+01  3.19589009e-04 
 6.38263486e+00 -6.99082285e+01  3.19586611e-04 
 6.45654229e+00 -6.99082954e+01  3.19584148e-04 
 6.53130553e+00 -6.99083639e+01  3.19581628e-04 
 6.60693448e+00 -6.99084340e+01  3.19579049e-04 
 6.68343918e+00 -6.99085055e+01  3.19576418e-04 
 6.76082975e+00 -6.99085794e+01  3.19573701e-04 
 6.83911647e+00 -6.99086544e+01  3.19570938e-04 
 6.91830971e+00 -6.99087311e+01  3.19568119e-04 
 6.99841996e+00 -6.99088097e+01  3.19565226e-04 
 7.07945784e+00 -6.99088904e+01  3.19562257e-04 
 7.16143410e+00 -6.99089725e+01  3.19559236e-04 
 7.24435960e+00 -6.99090570e+01  3.19556128e-04 
 7.32824533e+00 -6.99091430e+01  3.19552965e-04 
 7.41310241e+00 -6.99092314e+01  3.19549710e-04 
 7.49894209e+00 -6.99093215e+01  3.19546398e-04 
 7.58577575e+00 -6.99094136e+01  3.19543008e-04 
 7.67361489e+00 -6.99095086e+01  3.19539513e-04 
 7.76247117e+00 -6.99096051e+01  3.19535964e-04 
 7.85235635e+00 -6.99097041e+01  3.19532322e-04 
 7.94328235e+00 -6.99098051e+01  3.19528605e-04 
 8.03526122e+00 -6.99099092e+01  3.19524776e-04 
 8.12830516e+00 -6.99100150e+01  3.19520883e-04 
 8.22242650e+00 -6.99101236e+01  3.19516891e-04 
 8.31763771e+00 -6.99102346e+01  3.19512806e-04 
 8.41395142e+00 -6.99103485e+01  3.19508618e-04 
 8.51138038e+00 -6.99104645e+01  3.19504350e-04 
 8.60993752e+00 -6.99105835e+01  3.19499974e-04 
 8.70963590e+00 -6.99107050e+01  3.19495504e-04 
 8.81048873e+00 -6.99108300e+01  3.19490905e-04 
 8.91250938e+00 -6.99109575e+01  3.19486216e-04 
 9.01571138e+00 -6.99110879e+01  3.19481418e-04 
 9.12010839e+00 -6.99112214e+01  3.19476509e-04 
 9.22571427e+00 -6.99113577e+01  3.19471494e-04 
 9.33254301e+00 -6.99114975e+01  3.19466354e-04 
 9.44060876e+00 -6.99116407e+01  3.19461086e-04 
 9.54992586e+00 -6.99117868e+01  3.19455713e-04 
 9.66050879e+00 -6.99119368e+01  3.19450197e-04 
 9.77237221e+00 -6.99120900e+01  3.19444562e-04 
 9.88553095e+00 -6.99122466e+01  3.19438805e-04 
 1.00000000e+01 -6.99124070e+01  3.19432905e-04 
 1.01157945e+01 -6.99125714e+01  3.19426859e-04 
 1.02329299e+01 -6.99127391e+01  3.19420691e-04 
 1.03514217e+01 -6.99129110e+01  3.19414370e-04 
 1.04712855e+01 -6.99130871e+01  3.19407894e-04 
 1.05925373e+01 -6.99132671e+01  3.19401276e-04 
 1.07151931e+01 -6.99134512e+01  3.19394505e-04 
 1.08392691e+01 -6.99136394e+01  3.19387584e-04 
 1.09647820e+01 -6.99138325e+01  3.19380486e-04 
 1.10917482e+01 -6.99140295e+01  3.19373240e-04 
 1.12201845e+01 -6.99142314e+01  3.19365817e-04 
 1.13501082e+01 -6.99144380e+01  3.19358222e-04 
 1.14815362e+01 -6.99146491e+01  3.19350459e-04 
 1.16144861e+01 -6.99148656e+01  3.19342498e-04 
 1.17489755e+01 -6.99150870e+01  3.19334361e-04 
 1.18850223e+01 -6.99153134e+01  3.19326036e-04 
 1.20226443e+01 -6.99155451e+01  3.19317517e-04 
 1.21618600e+01 -6.99157822e+01  3.19308800e-04 
 1.23026877e+01 -6.99160253e+01  3.19299864e-04 
 1.24451461e+01 -6.99162733e+01  3.19290747e-04 
 1.25892541e+01 -6.99165274e+01  3.19281409e-04 
 1.27350308e+01 -6.99167871e+01  3.19271863e-04 
 1.28824955e+01 -6.99170530e+01  3.19262087e-04 
 1.30316678e+01 -6.99173252e+01  3.19252084e-04 
 1.31825674e+01 -6.99176036e+01  3.19241850e-04 
 1.33352143e+01 -6.99178886e+01  3.19231377e-04 
 1.34896288e+01 -6.99181801e+01  3.19220662e-04 
 1.36458314e+01 -6.99184787e+01  3.19209690e-04 
 1.38038426e+01 -6.99187837e+01  3.19198481e-04 
 1.39636836e+01 -6.99190963e+01  3.19186995e-04 
 1.41253754e+01 -6.99194158e+01  3.19175251e-04 
 1.42889396e+01 -6.99197426e+01  3.19163243e-04 
 1.44543977e+01 -6.99200775e+01  3.19150940e-04 
 1.46217717e+01 -6.99204198e+01  3.19138360e-04 
 1.47910839e+01 -6.99207699e+01  3.19125497e-04 
 1.49623566e+01 -6.99211286e+01  3.19112319e-04 
 1.51356125e+01 -6.99214951e+01  3.19098854e-04 
 1.53108746e+01 -6.99218704e+01  3.19085067e-04 
 1.54881662e+01 -6.99222546e+01  3.19070953e-04 
 1.56675107e+01 -6.99226475e+01  3.19056520e-04 
 1.58489319e+01 -6.99230498e+01  3.19041745e-04 
 1.60324539e+01 -6.99234606e+01  3.19026653e-04 
 1.62181010e+01 -6.99238815e+01  3.19011195e-04 
 1.64058977e+01 -6.99243122e+01  3.18995379e-04 
 1.65958691e+01 -6.99247528e+01  3.18979197e-04 
 1.67880402e+01 -6.99252036e+01  3.18962640e-04 
 1.69824365e+01 -6.99256652e+01  3.18945692e-04 
 1.71790839e+01 -6.99261372e+01  3.18928361e-04 
 1.73780083e+01 -6.99266201e+01  3.18910629e-04 
 1.75792361e+01 -6.99271143e+01  3.18892487e-04 
 1.77827941e+01 -6.99276196e+01  3.18873934e-04 
 1.79887092e+01 -6.99281372e+01  3.18854935e-04 
 1.81970086e+01 -6.99286662e+01  3.18835514e-04 
 1.84077200e+01 -6.99292082e+01  3.18815618e-04 
 1.86208714e+01 -6.99297619e+01  3.18795297e-04 
 1.88364909e+01 -6.99303290e+01  3.18774482e-04 
 1.90546072e+01 -6.99309089e+01  3.18753202e-04 
 1.92752491e+01 -6.99315026e+01  3.18731414e-04 
 1.94984460e+01 -6.99321098e+01  3.18709132e-04 
 1.97242274e+01 -6.99327311e+01  3.18686336e-04 
 1.99526231e+01 -6.99333668e+01  3.18663013e-04 
 2.01836636e+01 -6.99340172e+01  3.18639153e-04 
 2.04173794e+01 -6.99346827e+01  3.18614742e-04 
 2.06538016e+01 -6.99353635e+01  3.18589769e-04 
 2.08929613e+01 -6.99360599e+01  3.18564228e-04 
 2.11348904e+01 -6.99367726e+01  3.18538090e-04 
 2.13796209e+01 -6.99375020e+01  3.18511341e-04 
 2.16271852e+01 -6.99382480e+01  3.18483984e-04 
 2.18776162e+01 -6.99390113e+01  3.18455998e-04 
 2.21309471e+01 -6.99397923e+01  3.18427367e-04 
 2.23872114e+01 -6.99405915e+01  3.18398069e-04 
 2.26464431e+01 -6.99414085e+01  3.18368122e-04 
 2.29086765e+01 -6.99422450e+01  3.18337461e-04 
 2.31739465e+01 -6.99431007e+01  3.18306103e-04 
 2.34422882e+01 -6.99439759e+01  3.18274032e-04 
 2.37137371e+01 -6.99448715e+01  3.18241216e-04 
 2.39883292e+01 -6.99457880e+01  3.18207637e-04 
 2.42661010e+01 -6.99467255e+01  3.18173296e-04 
 2.45470892e+01 -6.99476845e+01  3.18138166e-04 
 2.48313311e+01 -6.99486657e+01  3.18102230e-04 
 2.51188643e+01 -6.99496693e+01  3.18065477e-04 
 2.54097271e+01 -6.99506965e+01  3.18027865e-04 
 2.57039578e+01 -6.99517472e+01  3.17989398e-04 
 2.60015956e+01 -6.99528220e+01  3.17950050e-04 
 2.63026799e+01 -6.99539217e+01  3.17909800e-04 
 2.66072506e+01 -6.99550466e+01  3.17868629e-04 
 2.69153480e+01 -6.99561977e+01  3.17826506e-04 
 2.72270131e+01 -6.99573749e+01  3.17783436e-04 
 2.75422870e+01 -6.99585793e+01  3.17739372e-04 
 2.78612117e+01 -6.99598115e+01  3.17694301e-04 
 2.81838293e+01 -6.99610721e+01  3.17648199e-04 
 2.85101827e+01 -6.99623618e+01  3.17601036e-04 
 2.88403150e+01 -6.99636810e+01  3.17552803e-04 
 2.91742701e+01 -6.99650302e+01  3.17503479e-04 
 2.95120923e+01 -6.99664110e+01  3.17453012e-04 
 2.98538262e+01 -6.99678229e+01  3.17401411e-04 
 3.01995172e+01 -6.99692678e+01  3.17348617e-04 
 3.05492111e+01 -6.99707456e+01  3.17294628e-04 
 3.09029543e+01 -6.99722571e+01  3.17239419e-04 
 3.12607937e+01 -6.99738035e+01  3.17182944e-04 
 3.16227766e+01 -6.99753856e+01  3.17125177e-04 
 3.19889511e+01 -6.99770034e+01  3.17066113e-04 
 3.23593657e+01 -6.99786586e+01  3.17005698e-04 
 3.27340695e+01 -6.99803520e+01  3.16943903e-04 
 3.31131121e+01 -6.99820836e+01  3.16880722e-04 
 3.34965439e+01 -6.99800560e+01  3.16954703e-04 
 3.38844156e+01 -6.99818680e+01  3.16888587e-04 
 3.42767787e+01 -6.99837217e+01  3.16820965e-04 
 3.46736850e+01 -6.99856176e+01  3.16751821e-04 
 3.50751874e+01 -6.99875568e+01  3.16681113e-04 
 3.54813389e+01 -6.99895402e+01  3.16608806e-04 
 3.58921935e+01 -6.99915690e+01  3.16534865e-04 
 3.63078055e+01 -6.99936440e+01  3.16459254e-04 
 3.67282300e+01 -6.99957663e+01  3.16381939e-04 
 3.71535229e+01 -6.99979371e+01  3.16302879e-04 
 3.75837404e+01 -7.00001573e+01  3.16222039e-04 
 3.80189396e+01 -7.00024281e+01  3.16139380e-04 
 3.84591782e+01 -7.00047508e+01  3.16054852e-04 
 3.89045145e+01 -7.00071261e+01  3.15968434e-04 
 3.93550075e+01 -7.00095551e+01  3.15880083e-04 
 3.98107171e+01 -7.00120399e+01  3.15789733e-04 
 4.02717034e+01 -7.00145806e+01  3.15697375e-04 
 4.07380278e+01 -7.00171794e+01  3.15602931e-04 
 4.12097519e+01 -7.00198368e+01  3.15506391e-04 
 4.16869383e+01 -7.00225546e+01  3.15407684e-04 
 4.21696503e+01 -7.00253343e+01  3.15306764e-04 
 4.26579519e+01 -7.00281768e+01  3.15203592e-04 
 4.31519077e+01 -7.00310833e+01  3.15098138e-04 
 4.36515832e+01 -7.00340557e+01  3.14990327e-04 
 4.41570447e+01 -7.00370952e+01  3.14880117e-04 
 4.46683592e+01 -7.00402032e+01  3.14767467e-04 
 4.51855944e+01 -7.00433818e+01  3.14652300e-04 
 4.57088190e+01 -7.00466321e+01  3.14534579e-04 
 4.62381021e+01 -7.00499553e+01  3.14414259e-04 
 4.67735141e+01 -7.00533530e+01  3.14291295e-04 
 4.73151259e+01 -7.00568278e+01  3.14165588e-04 
 4.78630092e+01 -7.00603807e+01  3.14037107e-04 
 4.84172368e+01 -7.00640127e+01  3.13905819e-04 
 4.89778819e+01 -7.00677269e+01  3.13771616e-04 
 4.95450191e+01 -7.00715242e+01  3.13634472e-04 
 5.01187234e+01 -7.00754070e+01  3.13494300e-04 
 5.06990708e+01 -7.00793761e+01  3.13351079e-04 
 5.12861384e+01 -7.00834339e+01  3.13204723e-04 
 5.18800039e+01 -7.00875829e+01  3.13055151e-04 
 5.24807460e+01 -7.00918241e+01  3.12902330e-04 
 5.30884444e+01 -7.00961605e+01  3.12746152e-04 
 5.37031796e+01 -7.01005928e+01  3.12586601e-04 
 5.43250331e+01 -7.01051243e+01  3.12423565e-04 
 5.49540874e+01 -7.01097563e+01  3.12257001e-04 
 5.55904257e+01 -7.01144910e+01  3.12086837e-04 
 5.62341325e+01 -7.01193309e+01  3.11912985e-04 
 5.68852931e+01 -7.01242786e+01  3.11735363e-04 
 5.75439937e+01 -7.01293351e+01  3.11553939e-04 
 5.82103218e+01 -7.01345036e+01  3.11368603e-04 
 5.88843655e+01 -7.01397866e+01  3.11179279e-04 
 5.95662144e+01 -7.01451856e+01  3.10985915e-04 
 6.02559586e+01 -7.01507038e+01  3.10788405e-04 
 6.09536897e+01 -7.01563437e+01  3.10586671e-04 
 6.16595002e+01 -7.01621071e+01  3.10380655e-04 
 6.23734835e+01 -7.01679974e+01  3.10170242e-04 
 6.30957344e+01 -7.01740166e+01  3.09955372e-04 
 6.38263486e+01 -7.01801676e+01  3.09735953e-04 
 6.45654229e+01 -7.01864530e+01  3.09511898e-04 
 6.53130553e+01 -7.01928756e+01  3.09283121e-04 
 6.60693448e+01 -7.01994382e+01  3.09049531e-04 
 6.68343918e+01 -7.02061436e+01  3.08811040e-04 
 6.76082975e+01 -7.02129950e+01  3.08567549e-04 
 6.83911647e+01 -7.02199948e+01  3.08318981e-04 
 6.91830971e+01 -7.02271464e+01  3.08065228e-04 
 6.99841996e+01 -7.02344520e+01  3.07806227e-04 
 7.07945784e+01 -7.02419160e+01  3.07541835e-04 
 7.16143410e+01 -7.02495409e+01  3.07271978e-04 
 7.24435960e+01 -7.02573296e+01  3.06996569e-04 
 7.32824533e+01 -7.02652853e+01  3.06715507e-04 
 7.41310241e+01 -7.02734124e+01  3.06428660e-04 
 7.49894209e+01 -7.02817128e+01  3.06135968e-04 
 7.58577575e+01 -7.02901906e+01  3.05837314e-04 
 7.67361489e+01 -7.02988491e+01  3.05532593e-04 
 7.76247117e+01 -7.03076920e+01  3.05221694e-04 
 7.85235635e+01 -7.03167223e+01  3.04904537e-04 
 7.94328235e+01 -7.03259443e+01  3.04580983e-04 
 8.03526122e+01 -7.03353611e+01  3.04250950e-04 
 8.12830516e+01 -7.03449767e+01  3.03914322e-04 
 8.22242650e+01 -7.03509955e+01  3.03703799e-04 
 8.31763771e+01 -7.03610197e+01  3.03353504e-04 
 8.41395142e+01 -7.03712540e+01  3.02996284e-04 
 8.51138038e+01 -7.03817027e+01  3.02632011e-04 
 8.60993752e+01 -7.03923687e+01  3.02260616e-04 
 8.70963590e+01 -7.04032570e+01  3.01881954e-04 
 8.81048873e+01 -7.04143714e+01  3.01495912e-04 
 8.91250938e+01 -7.04257158e+01  3.01102394e-04 
 9.01571138e+01 -7.04372945e+01  3.00701277e-04 
 9.12010839e+01 -7.04491120e+01  3.00292441e-04 
 9.22571427e+01 -7.04611718e+01  2.99875795e-04 
 9.33254301e+01 -7.04734789e+01  2.99451200e-04 
 9.44060876e+01 -7.04860376e+01  2.99018542e-04 
 9.54992586e+01 -7.04988520e+01  2.98577721e-04 
 9.66050879e+01 -7.05119270e+01  2.98128608e-04 
 9.77237221e+01 -7.05252667e+01  2.97671095e-04 
 9.88553095e+01 -7.05388753e+01  2.97205083e-04 
 1.00000000e+02 -7.05527584e+01  2.96730426e-04 
 1.01157945e+02 -7.05669198e+01  2.96247033e-04 
 1.02329299e+02 -7.05813647e+01  2.95754774e-04 
 1.03514217e+02 -7.05960974e+01  2.95253551e-04 
 1.04712855e+02 -7.06111228e+01  2.94743243e-04 
 1.05925373e+02 -7.06264461e+01  2.94223729e-04 
 1.07151931e+02 -7.06420715e+01  2.93694914e-04 
 1.08392691e+02 -7.06580041e+01  2.93156679e-04 
 1.09647820e+02 -7.06742493e+01  2.92608904e-04 
 1.10917482e+02 -7.06908115e+01  2.92051489e-04 
 1.12201845e+02 -7.07038967e+01  2.91611849e-04 
 1.13501082e+02 -7.07211079e+01  2.91034588e-04 
 1.14815362e+02 -7.07386513e+01  2.90447363e-04 
 1.16144861e+02 -7.07565319e+01  2.89850067e-04 
 1.17489755e+02 -7.07747549e+01  2.89242600e-04 
 1.18850223e+02 -7.07933258e+01  2.88624843e-04 
 1.20226443e+02 -7.08122486e+01  2.87996737e-04 
 1.21618600e+02 -7.08315297e+01  2.87358146e-04 
 1.23026877e+02 -7.08511738e+01  2.86708990e-04 
 1.24451461e+02 -7.08711858e+01  2.86049183e-04 
 1.25892541e+02 -7.08915713e+01  2.85378619e-04 
 1.27350308e+02 -7.09123353e+01  2.84697226e-04 
 1.28824955e+02 -7.09334833e+01  2.84004902e-04 
 1.30316678e+02 -7.09550201e+01  2.83301578e-04 
 1.31825674e+02 -7.09769512e+01  2.82587168e-04 
 1.33352143e+02 -7.09992821e+01  2.81861587e-04 
 1.34896288e+02 -7.10182186e+01  2.81247757e-04 
 1.36458314e+02 -7.10413642e+01  2.80499305e-04 
 1.38038426e+02 -7.10649250e+01  2.79739471e-04 
 1.39636836e+02 -7.10889061e+01  2.78968198e-04 
 1.41253754e+02 -7.11133130e+01  2.78185411e-04 
 1.42889396e+02 -7.11381505e+01  2.77391069e-04 
 1.44543977e+02 -7.11634243e+01  2.76585103e-04 
 1.46217717e+02 -7.11891390e+01  2.75767479e-04 
 1.47910839e+02 -7.12153005e+01  2.74938132e-04 
 1.49623566e+02 -7.12419126e+01  2.74097056e-04 
 1.51356125e+02 -7.12689818e+01  2.73244173e-04 
 1.53108746e+02 -7.12965122e+01  2.72379481e-04 
 1.54881662e+02 -7.13207099e+01  2.71621727e-04 
 1.56675107e+02 -7.13491777e+01  2.70732950e-04 
 1.58489319e+02 -7.13781220e+01  2.69832278e-04 
 1.60324539e+02 -7.14075474e+01  2.68919706e-04 
 1.62181010e+02 -7.14374585e+01  2.67995237e-04 
 1.64058977e+02 -7.14678607e+01  2.67058845e-04 
 1.65958691e+02 -7.14987579e+01  2.66110558e-04 
 1.67880402e+02 -7.15301548e+01  2.65150384e-04 
 1.69824365e+02 -7.15620566e+01  2.64178317e-04 
 1.71790839e+02 -7.15906680e+01  2.63309545e-04 
 1.73780083e+02 -7.16235916e+01  2.62313365e-04 
 1.75792361e+02 -7.16570329e+01  2.61305381e-04 
 1.77827941e+02 -7.16909959e+01  2.60285637e-04 
 1.79887092e+02 -7.17254854e+01  2.59254157e-04 
 1.81970086e+02 -7.17605049e+01  2.58211010e-04 
 1.84077200e+02 -7.17960586e+01  2.57156241e-04 
 1.86208714e+02 -7.18321499e+01  2.56089931e-04 
 1.88364909e+02 -7.18649840e+01  2.55123698e-04 
 1.90546072e+02 -7.19021628e+01  2.54034008e-04 
 1.92752491e+02 -7.19398905e+01  2.52932989e-04 
 1.94984460e+02 -7.19781707e+01  2.51820721e-04 
 1.97242274e+02 -7.20170072e+01  2.50697292e-04 
 1.99526231e+02 -7.20564023e+01  2.49562820e-04 
 2.01836636e+02 -7.20925609e+01  2.48526072e-04 
 2.04173794e+02 -7.21330838e+01  2.47369307e-04 
 2.06538016e+02 -7.21741752e+01  2.46201810e-04 
 2.08929613e+02 -7.22158374e+01  2.45023720e-04 
 2.11348904e+02 -7.22580737e+01  2.43835152e-04 
 2.13796209e+02 -7.23008860e+01  2.42636257e-04 
 2.16271852e+02 -7.23404780e+01  2.41532791e-04 
 2.18776162e+02 -7.23844500e+01  2.40313130e-04 
 2.21309471e+02 -7.24290051e+01  2.39083576e-04 
 2.23872114e+02 -7.24741450e+01  2.37844301e-04 
 2.26464431e+02 -7.25198722e+01  2.36595452e-04 
 2.29086765e+02 -7.25623892e+01  2.35440157e-04 
 2.31739465e+02 -7.26092955e+01  2.34172140e-04 
 2.34422882e+02 -7.26567937e+01  2.32895081e-04 
 2.37137371e+02 -7.27048851e+01  2.31609168e-04 
 2.39883292e+02 -7.27497717e+01  2.30415353e-04 
 2.42661010e+02 -7.27990524e+01  2.29111758e-04 
 2.45470892e+02 -7.28489297e+01  2.27799891e-04 
 2.48313311e+02 -7.28994042e+01  2.26479964e-04 
 2.51188643e+02 -7.29466774e+01  2.25250691e-04 
 2.54097271e+02 -7.29983475e+01  2.23914709e-04 
 2.57039578e+02 -7.30506166e+01  2.22571305e-04 
 2.60015956e+02 -7.31034842e+01  2.21220713e-04 
 2.63026799e+02 -7.31531520e+01  2.19959336e-04 
 2.66072506e+02 -7.32072168e+01  2.18594465e-04 
 2.69153480e+02 -7.32618804e+01  2.17223086e-04 
 2.72270131e+02 -7.33171426e+01  2.15845435e-04 
 2.75422870e+02 -7.33692029e+01  2.14555601e-04 
 2.78612117e+02 -7.34256597e+01  2.13165549e-04 
 2.81838293e+02 -7.34827130e+01  2.11769959e-04 
 2.85101827e+02 -7.35365621e+01  2.10461128e-04 
 2.88403150e+02 -7.35948054e+01  2.09054602e-04 
 2.91742701e+02 -7.36536417e+01  2.07643297e-04 
 2.95120923e+02 -7.37092709e+01  2.06317685e-04 
 2.98538262e+02 -7.37692902e+01  2.04896948e-04 
 3.01995172e+02 -7.38260993e+01  2.03561214e-04 
 3.05492111e+02 -7.38872950e+01  2.02132082e-04 
 3.09029543e+02 -7.39490768e+01  2.00699439e-04 
 3.12607937e+02 -7.40076437e+01  1.99350724e-04 
 3.16227766e+02 -7.40705914e+01  1.97911227e-04 
 3.19889511e+02 -7.41341196e+01  1.96468994e-04 
 3.23593657e+02 -7.41944259e+01  1.95109630e-04 
 3.27340695e+02 -7.42591075e+01  1.93662095e-04 
 3.31131121e+02 -7.43205628e+01  1.92296714e-04 
 3.34965439e+02 -7.43863883e+01  1.90844911e-04 
 3.38844156e+02 -7.44489828e+01  1.89474540e-04 
 3.42767787e+02 -7.45159425e+01  1.88019493e-04 
 3.46736850e+02 -7.45796657e+01  1.86645154e-04 
 3.50751874e+02 -7.46477485e+01  1.85187886e-04 
 3.54813389e+02 -7.47125893e+01  1.83810593e-04 
 3.58921935e+02 -7.47817840e+01  1.82352112e-04 
 3.63078055e+02 -7.48477312e+01  1.80972856e-04 
 3.67282300e+02 -7.49180257e+01  1.79514161e-04 
 3.71535229e+02 -7.49850667e+01  1.78133936e-04 
 3.75837404e+02 -7.50564492e+01  1.76675993e-04 
 3.80189396e+02 -7.51245711e+01  1.75295773e-04 
 3.84591782e+02 -7.51932293e+01  1.73915598e-04 
 3.89045145e+02 -7.52662190e+01  1.72460265e-04 
 3.93550075e+02 -7.53359389e+01  1.71081503e-04 
 3.98107171e+02 -7.54099839e+01  1.69629274e-04 
 4.02717034e+02 -7.54807523e+01  1.68252833e-04 
 4.07380278e+02 -7.55520397e+01  1.66877588e-04 
 4.12097519e+02 -7.56276424e+01  1.65431375e-04 
 4.16869383e+02 -7.56999579e+01  1.64059772e-04 
 4.21696503e+02 -7.57727825e+01  1.62690007e-04 
 4.26579519e+02 -7.58461123e+01  1.61322292e-04 
 4.31519077e+02 -7.59237437e+01  1.59886874e-04 
 4.36515832e+02 -7.59980742e+01  1.58524463e-04 
 4.41570447e+02 -7.60729001e+01  1.57164695e-04 
 4.46683592e+02 -7.61482175e+01  1.55807774e-04 
 4.51855944e+02 -7.62240238e+01  1.54453875e-04 
 4.57088190e+02 -7.63041141e+01  1.53036244e-04 
 4.62381021e+02 -7.63808862e+01  1.51689560e-04 
 4.67735141e+02 -7.64581370e+01  1.50346441e-04 
 4.73151259e+02 -7.65358625e+01  1.49007070e-04 
 4.78630092e+02 -7.66140599e+01  1.47671608e-04 
 4.84172368e+02 -7.66927257e+01  1.46340223e-04 
 4.89778819e+02 -7.67718568e+01  1.45013075e-04 
 4.95450191e+02 -7.68514501e+01  1.43690314e-04 
 5.01187234e+02 -7.69315020e+01  1.42372103e-04 
 5.06990708e+02 -7.70120102e+01  1.41058574e-04 
 5.12861384e+02 -7.70929712e+01  1.39749879e-04 
 5.18800039e+02 -7.71743824e+01  1.38446148e-04 
 5.24807460e+02 -7.72562411e+01  1.37147516e-04 
 5.30884444e+02 -7.73385441e+01  1.35854114e-04 
 5.37031796e+02 -7.74174894e+01  1.34624943e-04 
 5.43250331e+02 -7.75006726e+01  1.33341817e-04 
 5.49540874e+02 -7.75842928e+01  1.32064277e-04 
 5.55904257e+02 -7.76683468e+01  1.30792446e-04 
 5.62341325e+02 -7.77490334e+01  1.29583089e-04 
 5.68852931e+02 -7.78339481e+01  1.28322436e-04 
 5.75439937e+02 -7.79192899e+01  1.27067799e-04 
 5.82103218e+02 -7.80012572e+01  1.25874320e-04 
 5.88843655e+02 -7.80874466e+01  1.24631456e-04 
 5.95662144e+02 -7.81740571e+01  1.23394881e-04 
 6.02559586e+02 -7.82572872e+01  1.22218131e-04 
 6.09536897e+02 -7.83447341e+01  1.20993850e-04 
 6.16595002e+02 -7.84287975e+01  1.19828501e-04 
 6.23734835e+02 -7.85170739e+01  1.18616828e-04 
 6.30957344e+02 -7.86019636e+01  1.17463197e-04 
 6.38263486e+02 -7.86872652e+01  1.16315271e-04 
 6.45654229e+02 -7.87767759e+01  1.15122763e-04 
 6.53130553e+02 -7.88628969e+01  1.13986956e-04 
 6.60693448e+02 -7.89494261e+01  1.12857050e-04 
 6.68343918e+02 -7.90363625e+01  1.11733106e-04 
 6.76082975e+02 -7.91237062e+01  1.10615170e-04 
 6.83911647e+02 -7.92152548e+01  1.09455417e-04 
 6.91830971e+02 -7.93034104e+01  1.08350140e-04 
 6.99841996e+02 -7.93919716e+01  1.07251018e-04 
 7.07945784e+02 -7.94809376e+01  1.06158096e-04 
 7.16143410e+02 -7.95703094e+01  1.05071403e-04 
 7.24435960e+02 -7.96562879e+01  1.04036469e-04 
 7.32824533e+02 -7.97464709e+01  1.02961878e-04 
 7.41310241e+02 -7.98370605e+01  1.01893616e-04 
 7.49894209e+02 -7.99280569e+01  1.00831715e-04 
 7.58577575e+02 -8.00156621e+01  9.98198456e-05 
 7.67361489e+02 -8.01074746e+01  9.87702769e-05 
 7.76247117e+02 -8.01996973e+01  9.77271278e-05 
 7.85235635e+02 -8.02885309e+01  9.67327322e-05 
 7.94328235e+02 -8.03815766e+01  9.57020341e-05 
 8.03526122e+02 -8.04712366e+01  9.47192326e-05 
 8.12830516e+02 -8.05613125e+01  9.37420349e-05 
 8.22242650e+02 -8.06518063e+01  9.27704545e-05 
 8.31763771e+02 -8.07465180e+01  9.17643724e-05 
 8.41395142e+02 -8.08378706e+01  9.08043117e-05 
 8.51138038e+02 -8.09296296e+01  8.98500902e-05 
 8.60993752e+02 -8.10218158e+01  8.89015252e-05 
 8.70963590e+02 -8.11144318e+01  8.79586210e-05 
 8.81048873e+02 -8.12074804e+01  8.70213824e-05 
 8.91250938e+02 -8.12971661e+01  8.61274711e-05 
 9.01571138e+02 -8.13910896e+01  8.52011622e-05 
 9.12010839e+02 -8.14854568e+01  8.42805106e-05 
 9.22571427e+02 -8.15764714e+01  8.34019931e-05 
 9.33254301e+02 -8.16717358e+01  8.24922613e-05 
 9.44060876e+02 -8.17636563e+01  8.16238705e-05 
 9.54992586e+02 -8.18598353e+01  8.07250336e-05 
 9.66050879e+02 -8.19526791e+01  7.98667560e-05 
 9.77237221e+02 -8.20459920e+01  7.90133362e-05 
 9.88553095e+02 -8.21397793e+01  7.81647664e-05 
 1.00000000e+03 -8.22340456e+01  7.73210459e-05 
 1.01157945e+03 -8.23287969e+01  7.64821618e-05 
 1.02329299e+03 -8.24240391e+01  7.56481038e-05 
 1.03514217e+03 -8.25159786e+01  7.48515968e-05 
 1.04712855e+03 -8.26122203e+01  7.40268017e-05 
 1.05925373e+03 -8.27051726e+01  7.32388255e-05 
 1.07151931e+03 -8.28024402e+01  7.24232464e-05 
 1.08392691e+03 -8.28964319e+01  7.16437661e-05 
 1.09647820e+03 -8.29909540e+01  7.08683468e-05 
 1.10917482e+03 -8.30860150e+01  7.00969710e-05 
 1.12201845e+03 -8.31816215e+01  6.93296369e-05 
 1.13501082e+03 -8.32777819e+01  6.85663300e-05 
 1.14815362e+03 -8.33707060e+01  6.78366981e-05 
 1.16144861e+03 -8.34680000e+01  6.70810730e-05 
 1.17489755e+03 -8.35620752e+01  6.63584510e-05 
 1.18850223e+03 -8.36605384e+01  6.56104597e-05 
 1.20226443e+03 -8.37558015e+01  6.48948041e-05 
 1.21618600e+03 -8.38516728e+01  6.41824600e-05 
 1.23026877e+03 -8.39481635e+01  6.34734095e-05 
 1.24451461e+03 -8.40414841e+01  6.27951059e-05 
 1.25892541e+03 -8.41392435e+01  6.20923109e-05 
 1.27350308e+03 -8.42338559e+01  6.14196314e-05 
 1.28824955e+03 -8.43329294e+01  6.07230433e-05 
 1.30316678e+03 -8.44288781e+01  6.00559574e-05 
 1.31825674e+03 -8.45255136e+01  5.93915035e-05 
 1.33352143e+03 -8.46228483e+01  5.87296736e-05 
 1.34896288e+03 -8.47170958e+01  5.80958631e-05 
 1.36458314e+03 -8.48158674e+01  5.74389680e-05 
 1.38038426e+03 -8.49115789e+01  5.68095116e-05 
 1.39636836e+03 -8.50080432e+01  5.61820837e-05 
 1.41253754e+03 -8.51052745e+01  5.55566786e-05 
 1.42889396e+03 -8.52032883e+01  5.49332868e-05 
 1.44543977e+03 -8.52983179e+01  5.43355549e-05 
 1.46217717e+03 -8.53979412e+01  5.37159104e-05 
 1.47910839e+03 -8.54945944e+01  5.31214941e-05 
 1.49623566e+03 -8.55920931e+01  5.25285419e-05 
 1.51356125e+03 -8.56866547e+01  5.19597751e-05 
 1.53108746e+03 -8.57858955e+01  5.13694863e-05 
 1.54881662e+03 -8.58822342e+01  5.08028752e-05 
 1.56675107e+03 -8.59794890e+01  5.02372141e-05 
 1.58489319e+03 -8.60776782e+01  4.96725082e-05 
 1.60324539e+03 -8.61768211e+01  4.91087574e-05 
 1.62181010e+03 -8.62731388e+01  4.85671995e-05 
 1.64058977e+03 -8.63704500e+01  4.80261200e-05 
 1.65958691e+03 -8.64687758e+01  4.74855211e-05 
 1.67880402e+03 -8.65681381e+01  4.69454055e-05 
 1.69824365e+03 -8.66647589e+01  4.64260843e-05 
 1.71790839e+03 -8.67624597e+01  4.59067994e-05 
 1.73780083e+03 -8.68612646e+01  4.53875530e-05 
 1.75792361e+03 -8.69573973e+01  4.48879875e-05 
 1.77827941e+03 -8.70546815e+01  4.43880356e-05 
 1.79887092e+03 -8.71531416e+01  4.38877097e-05 
 1.81970086e+03 -8.72528029e+01  4.33870234e-05 
 1.84077200e+03 -8.73498928e+01  4.29047486e-05 
 1.86208714e+03 -8.74482367e+01  4.24217096e-05 
 1.88364909e+03 -8.75478802e+01  4.19378333e-05 
 1.90546072e+03 -8.76450166e+01  4.14714450e-05 
 1.92752491e+03 -8.77434910e+01  4.10039267e-05 
 1.94984460e+03 -8.78433338e+01  4.05352923e-05 
 1.97242274e+03 -8.79407752e+01  4.00830944e-05 
 1.99526231e+03 -8.80396453e+01  3.96294217e-05 
 2.01836636e+03 -8.81361775e+01  3.91914315e-05 
 2.04173794e+03 -8.82380010e+01  3.87346779e-05 
 2.06538016e+03 -8.83337535e+01  3.83100154e-05 
 2.08929613e+03 -8.84348648e+01  3.78666389e-05 
 2.11348904e+03 -8.85337724e+01  3.74378915e-05 
 2.13796209e+03 -8.86305118e+01  3.70232391e-05 
 2.16271852e+03 -8.87289185e+01  3.66061518e-05 
 2.18776162e+03 -8.88290307e+01  3.61866570e-05 
 2.21309471e+03 -8.89271038e+01  3.57803685e-05 
 2.23872114e+03 -8.90268146e+01  3.53719718e-05 
 2.26464431e+03 -8.91246769e+01  3.49756789e-05 
 2.29086765e+03 -8.92244032e+01  3.45764052e-05 
 2.31739465e+03 -8.93222358e+01  3.41891424e-05 
 2.34422882e+03 -8.94220184e+01  3.37986286e-05 
 2.37137371e+03 -8.95199952e+01  3.34195224e-05 
 2.39883292e+03 -8.96200109e+01  3.30369125e-05 
 2.42661010e+03 -8.97183124e+01  3.26651290e-05 
 2.45470892e+03 -8.98149477e+01  3.23037256e-05 
 2.48313311e+03 -8.99137641e+01  3.19383000e-05 
 2.51188643e+03 -9.00148117e+01  3.15688974e-05 
 2.54097271e+03 -9.01143419e+01  3.12092193e-05 
 2.57039578e+03 -9.02124074e+01  3.08588423e-05 
 2.60015956e+03 -9.03128600e+01  3.05040145e-05 
 2.63026799e+03 -9.04119556e+01  3.01579778e-05 
 2.66072506e+03 -9.05097498e+01  2.98203346e-05 
 2.69153480e+03 -9.06100994e+01  2.94777974e-05 
 2.72270131e+03 -9.07092641e+01  2.91431704e-05 
 2.75422870e+03 -9.08073039e+01  2.88160735e-05 
 2.78612117e+03 -9.09081139e+01  2.84835625e-05 
 2.81838293e+03 -9.10040886e+01  2.81705658e-05 
 2.85101827e+03 -9.11067247e+01  2.78396497e-05 
 2.88403150e+03 -9.12046911e+01  2.75274159e-05 
 2.91742701e+03 -9.13018542e+01  2.72212015e-05 
 2.95120923e+03 -9.14020817e+01  2.69088983e-05 
 2.98538262e+03 -9.15016458e+01  2.66022094e-05 
 3.01995172e+03 -9.16006184e+01  2.63008072e-05 
 3.05492111e+03 -9.16990737e+01  2.60043686e-05 
 3.09029543e+03 -9.18008866e+01  2.57013342e-05 
 3.12607937e+03 -9.18985360e+01  2.54140101e-05 
 3.16227766e+03 -9.19996999e+01  2.51197323e-05 
 3.19889511e+03 -9.20968608e+01  2.48403071e-05 
 3.23593657e+03 -9.21977361e+01  2.45534880e-05 
 3.27340695e+03 -9.22985402e+01  2.42701796e-05 
 3.31131121e+03 -9.23955969e+01  2.40004924e-05 
 3.34965439e+03 -9.24965937e+01  2.37230386e-05 
 3.38844156e+03 -9.25940228e+01  2.34584255e-05 
 3.42767787e+03 -9.26955761e+01  2.31857524e-05 
 3.46736850e+03 -9.27937687e+01  2.29251172e-05 
 3.50751874e+03 -9.28924625e+01  2.26661040e-05 
 3.54813389e+03 -9.29917740e+01  2.24084232e-05 
 3.58921935e+03 -9.30918061e+01  2.21518344e-05 
 3.63078055e+03 -9.31926645e+01  2.18961005e-05 
 3.67282300e+03 -9.32906918e+01  2.16503745e-05 
 3.71535229e+03 -9.33897267e+01  2.14049227e-05 
 3.75837404e+03 -9.34899159e+01  2.11594416e-05 
 3.80189396e+03 -9.35913747e+01  2.09137188e-05 
 3.84591782e+03 -9.36904224e+01  2.06765883e-05 
 3.89045145e+03 -9.37909766e+01  2.04386013e-05 
 3.93550075e+03 -9.38893631e+01  2.02083961e-05 
 3.98107171e+03 -9.39895073e+01  1.99767408e-05 
 4.02717034e+03 -9.40877728e+01  1.97520129e-05 
 4.07380278e+03 -9.41880208e+01  1.95253560e-05 
 4.12097519e+03 -9.42866228e+01  1.93049579e-05 
 4.16869383e+03 -9.43875164e+01  1.90820127e-05 
 4.21696503e+03 -9.44870431e+01  1.88646105e-05 
 4.26579519e+03 -9.45853491e+01  1.86523066e-05 
 4.31519077e+03 -9.46863805e+01  1.84366059e-05 
 4.36515832e+03 -9.47865079e+01  1.82252966e-05 
 4.41570447e+03 -9.48858507e+01  1.80180365e-05 
 4.46683592e+03 -9.49845860e+01  1.78143796e-05 
 4.51855944e+03 -9.50867106e+01  1.76061530e-05 
 4.57088190e+03 -9.51847204e+01  1.74086053e-05 
 4.62381021e+03 -9.52864213e+01  1.72059611e-05 
 4.67735141e+03 -9.53843877e+01  1.70129888e-05 
 4.73151259e+03 -9.54825983e+01  1.68217079e-05 
 4.78630092e+03 -9.55850348e+01  1.66244874e-05 
 4.84172368e+03 -9.56843188e+01  1.64355431e-05 
 4.89778819e+03 -9.57843704e+01  1.62473106e-05 
 4.95450191e+03 -9.58814945e+01  1.60666479e-05 
 5.01187234e+03 -9.59837438e+01  1.58786219e-05 
 5.06990708e+03 -9.60835981e+01  1.56971242e-05 
 5.12861384e+03 -9.61812831e+01  1.55215771e-05 
 5.18800039e+03 -9.62807781e+01  1.53447952e-05 
 5.24807460e+03 -9.63823372e+01  1.51664221e-05 
 5.30884444e+03 -9.64823498e+01  1.49927917e-05 
 5.37031796e+03 -9.65810819e+01  1.48233343e-05 
 5.43250331e+03 -9.66825317e+01  1.46512074e-05 
 5.49540874e+03 -9.67793762e+01  1.44887590e-05 
 5.55904257e+03 -9.68794250e+01  1.43228272e-05 
 5.62341325e+03 -9.69791676e+01  1.41592947e-05 
 5.68852931e+03 -9.70788246e+01  1.39977674e-05 
 5.75439937e+03 -9.71786953e+01  1.38377421e-05 
 5.82103218e+03 -9.72790134e+01  1.36788419e-05 
 5.88843655e+03 -9.73800917e+01  1.35205828e-05 
 5.95662144e+03 -9.74783789e+01  1.33684500e-05 
 6.02559586e+03 -9.75779968e+01  1.32160040e-05 
 6.09536897e+03 -9.76792240e+01  1.30628759e-05 
 6.16595002e+03 -9.77785479e+01  1.29143516e-05 
 6.23734835e+03 -9.78801107e+01  1.27642254e-05 
 6.30957344e+03 -9.79804149e+01  1.26176726e-05 
 6.38263486e+03 -9.80797661e+01  1.24741711e-05 
 6.45654229e+03 -9.81785313e+01  1.23331335e-05 
 6.53130553e+03 -9.82770335e+01  1.21940599e-05 
 6.60693448e+03 -9.83794012e+01  1.20511902e-05 
 6.68343918e+03 -9.84782811e+01  1.19147777e-05 
 6.76082975e+03 -9.85781298e+01  1.17785956e-05 
 6.83911647e+03 -9.86791365e+01  1.16424177e-05 
 6.91830971e+03 -9.87778850e+01  1.15108064e-05 
 6.99841996e+03 -9.88785978e+01  1.13781095e-05 
 7.07945784e+03 -9.89778604e+01  1.12488203e-05 
 7.16143410e+03 -9.90760963e+01  1.11223149e-05 
 7.24435960e+03 -9.91774706e+01  1.09932593e-05 
 7.32824533e+03 -9.92786663e+01  1.08659246e-05 
 7.41310241e+03 -9.93762831e+01  1.07444909e-05 
 7.49894209e+03 -9.94784241e+01  1.06188820e-05 
 7.58577575e+03 -9.95778764e+01  1.04979906e-05 
 7.67361489e+03 -9.96751814e+01  1.03810416e-05 
 7.76247117e+03 -9.97745458e+01  1.02629617e-05 
 7.85235635e+03 -9.98765144e+01  1.01431835e-05 
 7.94328235e+03 -9.99777734e+01  1.00256221e-05 
 8.03526122e+03 -1.00074910e+02  9.91412790e-06 
 8.12830516e+03 -1.00176304e+02  9.79906909e-06 
 8.22242650e+03 -1.00274786e+02  9.68859301e-06 
 8.31763771e+03 -1.00374671e+02  9.57781530e-06 
 8.41395142e+03 -1.00476539e+02  9.46614234e-06 
 8.51138038e+03 -1.00577171e+02  9.35710404e-06 
 8.60993752e+03 -1.00677155e+02  9.25001080e-06 
 8.70963590e+03 -1.00777114e+02  9.14416988e-06 
 8.81048873e+03 -1.00873832e+02  9.04291375e-06 
 8.91250938e+03 -1.00975539e+02  8.93764378e-06 
 9.01571138e+03 -1.01075339e+02  8.83553917e-06 
 9.12010839e+03 -1.01173858e+02  8.73588898e-06 
 9.22571427e+03 -1.01275427e+02  8.63432979e-06 
 9.33254301e+03 -1.01373436e+02  8.53745101e-06 
 9.44060876e+03 -1.01476042e+02  8.43719126e-06 
 9.54992586e+03 -1.01576361e+02  8.34030538e-06 
 9.66050879e+03 -1.01675168e+02  8.24596745e-06 
 9.77237221e+03 -1.01773209e+02  8.15341537e-06 
 9.88553095e+03 -1.01875024e+02  8.05839945e-06 
 1.00000000e+04 -1.01973884e+02  7.96720123e-06 
 1.01157945e+04 -1.02074367e+02  7.87556398e-06 
 1.02329299e+04 -1.02173362e+02  7.78631347e-06 
 1.03514217e+04 -1.02275815e+02  7.69501140e-06 
 1.04712855e+04 -1.02374852e+02  7.60777052e-06 
 1.05925373e+04 -1.02475168e+02  7.52041138e-06 
 1.07151931e+04 -1.02573880e+02  7.43542866e-06 
 1.08392691e+04 -1.02675703e+02  7.34877344e-06 
 1.09647820e+04 -1.02774033e+02  7.26604933e-06 
 1.10917482e+04 -1.02873504e+02  7.18331312e-06 
 1.12201845e+04 -1.02975392e+02  7.09954332e-06 
 1.13501082e+04 -1.03072961e+02  7.02023972e-06 
 1.14815362e+04 -1.03174878e+02  6.93834810e-06 
 1.16144861e+04 -1.03274619e+02  6.85912986e-06 
 1.17489755e+04 -1.03373302e+02  6.78164278e-06 
 1.18850223e+04 -1.03472016e+02  6.70500656e-06 
 1.20226443e+04 -1.03575603e+02  6.62551850e-06 
 1.21618600e+04 -1.03674097e+02  6.55081212e-06 
 1.23026877e+04 -1.03772395e+02  6.47709488e-06 
 1.24451461e+04 -1.03875494e+02  6.40066822e-06 
 1.25892541e+04 -1.03973277e+02  6.32901560e-06 
 1.27350308e+04 -1.04074541e+02  6.25565727e-06 
 1.28824955e+04 -1.04173213e+02  6.18499482e-06 
 1.30316678e+04 -1.04274318e+02  6.11341804e-06 
 1.31825674e+04 -1.04371676e+02  6.04527686e-06 
 1.33352143e+04 -1.04474286e+02  5.97428176e-06 
 1.34896288e+04 -1.04572071e+02  5.90740108e-06 
 1.36458314e+04 -1.04674370e+02  5.83823434e-06 
 1.38038426e+04 -1.04774973e+02  5.77100366e-06 
 1.39636836e+04 -1.04871507e+02  5.70722042e-06 
 1.41253754e+04 -1.04973416e+02  5.64065081e-06 
 1.42889396e+04 -1.05074617e+02  5.57531154e-06 
 1.44543977e+04 -1.05172941e+02  5.51255501e-06 
 1.46217717e+04 -1.05273799e+02  5.44891496e-06 
 1.47910839e+04 -1.05371554e+02  5.38793455e-06 
 1.49623566e+04 -1.05471696e+02  5.32617203e-06 
 1.51356125e+04 -1.05572234e+02  5.26487780e-06 
 1.53108746e+04 -1.05671092e+02  5.20529541e-06 
 1.54881662e+04 -1.05774269e+02  5.14382903e-06 
 1.56675107e+04 -1.05872197e+02  5.08616163e-06 
 1.58489319e+04 -1.05974312e+02  5.02671658e-06 
 1.60324539e+04 -1.06071537e+02  4.97076411e-06 
 1.62181010e+04 -1.06173437e+02  4.91278946e-06 
 1.64058977e+04 -1.06274561e+02  4.85592460e-06 
 1.65958691e+04 -1.06373173e+02  4.80110635e-06 
 1.67880402e+04 -1.06471829e+02  4.74688306e-06 
 1.69824365e+04 -1.06572574e+02  4.69214343e-06 
 1.71790839e+04 -1.06673939e+02  4.63770415e-06 
 1.73780083e+04 -1.06770952e+02  4.58619356e-06 
 1.75792361e+04 -1.06873543e+02  4.53234369e-06 
 1.77827941e+04 -1.06972710e+02  4.48089237e-06 
 1.79887092e+04 -1.07071320e+02  4.43030901e-06 
 1.81970086e+04 -1.07171665e+02  4.37942152e-06 
 1.84077200e+04 -1.07272974e+02  4.32863815e-06 
 1.86208714e+04 -1.07374082e+02  4.27854292e-06 
 1.88364909e+04 -1.07473888e+02  4.22966116e-06 
 1.90546072e+04 -1.07571690e+02  4.18230299e-06 
 1.92752491e+04 -1.07674043e+02  4.13330876e-06 
 1.94984460e+04 -1.07772815e+02  4.08657280e-06 
 1.97242274e+04 -1.07870852e+02  4.04070738e-06 
 1.99526231e+04 -1.07971598e+02  3.99411089e-06 
 2.01836636e+04 -1.08074226e+02  3.94719620e-06 
 2.04173794e+04 -1.08170914e+02  3.90350110e-06 
 2.06538016e+04 -1.08272515e+02  3.85810669e-06 
 2.08929613e+04 -1.08371163e+02  3.81453723e-06 
 2.11348904e+04 -1.08473904e+02  3.76968278e-06 
 2.13796209e+04 -1.08573513e+02  3.72669929e-06 
 2.16271852e+04 -1.08673478e+02  3.68405494e-06 
 2.18776162e+04 -1.08773796e+02  3.64175075e-06 
 2.21309471e+04 -1.08870514e+02  3.60142455e-06 
 2.23872114e+04 -1.08971935e+02  3.55961684e-06 
 2.26464431e+04 -1.09074309e+02  3.51790875e-06 
 2.29086765e+04 -1.09174183e+02  3.47768979e-06 
 2.31739465e+04 -1.09271816e+02  3.43881795e-06 
 2.34422882e+04 -1.09372081e+02  3.39935045e-06 
 2.37137371e+04 -1.09471602e+02  3.36062373e-06 
 2.39883292e+04 -1.09570910e+02  3.32241959e-06 
 2.42661010e+04 -1.09671425e+02  3.28419362e-06 
 2.45470892e+04 -1.09773875e+02  3.24568401e-06 
 2.48313311e+04 -1.09871520e+02  3.20940099e-06 
 2.51188643e+04 -1.09973697e+02  3.17186843e-06 
 2.54097271e+04 -1.10073657e+02  3.13557463e-06 
 2.57039578e+04 -1.10173359e+02  3.09978855e-06 
 2.60015956e+04 -1.10274136e+02  3.06403140e-06 
 2.63026799e+04 -1.10373644e+02  3.02912939e-06 
 2.66072506e+04 -1.10470451e+02  2.99555588e-06 
 2.69153480e+04 -1.10573604e+02  2.96019141e-06 
 2.72270131e+04 -1.10670538e+02  2.92733957e-06 
 2.75422870e+04 -1.10770789e+02  2.89374703e-06 
 2.78612117e+04 -1.10872774e+02  2.85996889e-06 
 2.81838293e+04 -1.10971847e+02  2.82753269e-06 
 2.85101827e+04 -1.11074027e+02  2.79446495e-06 
 2.88403150e+04 -1.11170997e+02  2.76344059e-06 
 2.91742701e+04 -1.11273577e+02  2.73099652e-06 
 2.95120923e+04 -1.11372996e+02  2.69991581e-06 
 2.98538262e+04 -1.11473084e+02  2.66898302e-06 
 3.01995172e+04 -1.11572963e+02  2.63846812e-06 
 3.05492111e+04 -1.11673034e+02  2.60824446e-06 
 3.09029543e+04 -1.11772742e+02  2.57847490e-06 
 3.12607937e+04 -1.11872820e+02  2.54893646e-06 
 3.16227766e+04 -1.11973144e+02  2.51966484e-06 
 3.19889511e+04 -1.12070892e+02  2.49146858e-06 
 3.23593657e+04 -1.12170182e+02  2.46315032e-06 
 3.27340695e+04 -1.12272192e+02  2.43439132e-06 
 3.31131121e+04 -1.12370698e+02  2.40693903e-06 
 3.34965439e+04 -1.12470456e+02  2.37945342e-06 
 3.38844156e+04 -1.12573033e+02  2.35151816e-06 
 3.42767787e+04 -1.12672830e+02  2.32465499e-06 
 3.46736850e+04 -1.12771716e+02  2.29833950e-06 
 3.50751874e+04 -1.12871749e+02  2.27202197e-06 
 3.54813389e+04 -1.12971817e+02  2.24599679e-06 
 3.58921935e+04 -1.13070566e+02  2.22060706e-06 
 3.63078055e+04 -1.13171099e+02  2.19505307e-06 
 3.67282300e+04 -1.13272548e+02  2.16956462e-06 
 3.71535229e+04 -1.13370861e+02  2.14514655e-06 
 3.75837404e+04 -1.13473434e+02  2.11996305e-06 
 3.80189396e+04 -1.13572916e+02  2.09582095e-06 
 3.84591782e+04 -1.13673310e+02  2.07173637e-06 
 3.89045145e+04 -1.13771550e+02  2.04843655e-06 
 3.93550075e+04 -1.13872378e+02  2.02479529e-06 
 3.98107171e+04 -1.13973366e+02  2.00138979e-06 
 4.02717034e+04 -1.14071969e+02  1.97879844e-06 
 4.07380278e+04 -1.14170172e+02  1.95655201e-06 
 4.12097519e+04 -1.14273980e+02  1.93330773e-06 
 4.16869383e+04 -1.14370442e+02  1.91195600e-06 
 4.21696503e+04 -1.14473817e+02  1.88933581e-06 
 4.26579519e+04 -1.14572026e+02  1.86809395e-06 
 4.31519077e+04 -1.14672032e+02  1.84670876e-06 
 4.36515832e+04 -1.14770565e+02  1.82587796e-06 
 4.41570447e+04 -1.14871472e+02  1.80478878e-06 
 4.46683592e+04 -1.14971652e+02  1.78409262e-06 
 4.51855944e+04 -1.15072191e+02  1.76356077e-06 
 4.57088190e+04 -1.15170486e+02  1.74371587e-06 
 4.62381021e+04 -1.15272678e+02  1.72332059e-06 
 4.67735141e+04 -1.15373150e+02  1.70350140e-06 
 4.73151259e+04 -1.15470739e+02  1.68446901e-06 
 4.78630092e+04 -1.15572027e+02  1.66494027e-06 
 4.84172368e+04 -1.15673439e+02  1.64561428e-06 
 4.89778819e+04 -1.15771019e+02  1.62723033e-06 
 4.95450191e+04 -1.15872761e+02  1.60828099e-06 
 5.01187234e+04 -1.15972283e+02  1.58995876e-06 
 5.06990708e+04 -1.16070994e+02  1.57199184e-06 
 5.12861384e+04 -1.16170925e+02  1.55400977e-06 
 5.18800039e+04 -1.16270524e+02  1.53629208e-06 
 5.24807460e+04 -1.16373046e+02  1.51826542e-06 
 5.30884444e+04 -1.16470407e+02  1.50134205e-06 
 5.37031796e+04 -1.16570258e+02  1.48418178e-06 
 5.43250331e+04 -1.16673716e+02  1.46660856e-06 
 5.49540874e+04 -1.16770101e+02  1.45042396e-06 
 5.55904257e+04 -1.16872925e+02  1.43335496e-06 
 5.62341325e+04 -1.16973156e+02  1.41690979e-06 
 5.68852931e+04 -1.17070012e+02  1.40119763e-06 
 5.75439937e+04 -1.17170862e+02  1.38502277e-06 
 5.82103218e+04 -1.17272323e+02  1.36893820e-06 
 5.88843655e+04 -1.17371610e+02  1.35337919e-06 
 5.95662144e+04 -1.17470522e+02  1.33805481e-06 
 6.02559586e+04 -1.17571134e+02  1.32264501e-06 
 6.09536897e+04 -1.17672671e+02  1.30727344e-06 
 6.16595002e+04 -1.17771466e+02  1.29248846e-06 
 6.23734835e+04 -1.17871683e+02  1.27766169e-06 
 6.30957344e+04 -1.17970953e+02  1.26314247e-06 
 6.38263486e+04 -1.18071466e+02  1.24860963e-06 
 6.45654229e+04 -1.18172131e+02  1.23422253e-06 
 6.53130553e+04 -1.18272483e+02  1.22004499e-06 
 6.60693448e+04 -1.18373637e+02  1.20591905e-06 
 6.68343918e+04 -1.18472602e+02  1.19225704e-06 
 6.76082975e+04 -1.18571928e+02  1.17870082e-06 
 6.83911647e+04 -1.18670853e+02  1.16535266e-06 
 6.91830971e+04 -1.18773586e+02  1.15165052e-06 
 6.99841996e+04 -1.18873065e+02  1.13853599e-06 
 7.07945784e+04 -1.18971443e+02  1.12571338e-06 
 7.16143410e+04 -1.19071592e+02  1.11280843e-06 
 7.24435960e+04 -1.19173564e+02  1.09982051e-06 
 7.32824533e+04 -1.19270734e+02  1.08758528e-06 
 7.41310241e+04 -1.19372710e+02  1.07489123e-06 
 7.49894209e+04 -1.19471048e+02  1.06279035e-06 
 7.58577575e+04 -1.19573400e+02  1.05034018e-06 
 7.67361489e+04 -1.19670183e+02  1.03870169e-06 
 7.76247117e+04 -1.19771061e+02  1.02670796e-06 
 7.85235635e+04 -1.19872025e+02  1.01484277e-06 
 7.94328235e+04 -1.19970080e+02  1.00345066e-06 
 8.03526122e+04 -1.20071197e+02  9.91836655e-07 
 8.12830516e+04 -1.20171267e+02  9.80475325e-07 
 8.22242650e+04 -1.20270448e+02  9.69343260e-07 
 8.31763771e+04 -1.20370688e+02  9.58220850e-07 
 8.41395142e+04 -1.20471910e+02  9.47118923e-07 
 8.51138038e+04 -1.20570913e+02  9.36384752e-07 
 8.60993752e+04 -1.20673166e+02  9.25426036e-07 
 8.70963590e+04 -1.20771008e+02  9.15060035e-07 
 8.81048873e+04 -1.20873020e+02  9.04375971e-07 
 8.91250938e+04 -1.20970537e+02  8.94279211e-07 
 9.01571138e+04 -1.21070870e+02  8.84008593e-07 
 9.12010839e+04 -1.21172174e+02  8.73758257e-07 
 9.22571427e+04 -1.21270070e+02  8.63965690e-07 
 9.33254301e+04 -1.21373178e+02  8.53770455e-07 
 9.44060876e+04 -1.21472553e+02  8.44058160e-07 
 9.54992586e+04 -1.21572906e+02  8.34362308e-07 
 9.66050879e+04 -1.21671912e+02  8.24905924e-07 
 9.77237221e+04 -1.21770085e+02  8.15634777e-07 
 9.88553095e+04 -1.21873352e+02  8.05995113e-07 
 1.00000000e+05 -1.21973488e+02  7.96756480e-07 
 1.01157945e+05 -1.22072468e+02  7.87728587e-07 
 1.02329299e+05 -1.22170172e+02  7.78917378e-07 
 1.03514217e+05 -1.22272144e+02  7.69826369e-07 
 1.04712855e+05 -1.22370648e+02  7.61145341e-07 
 1.05925373e+05 -1.22471636e+02  7.52347029e-07 
 1.07151931e+05 -1.22571453e+02  7.43750605e-07 
 1.08392691e+05 -1.22672904e+02  7.35114212e-07 
 1.09647820e+05 -1.22772222e+02  7.26756470e-07 
 1.10917482e+05 -1.22873372e+02  7.18342207e-07 
 1.12201845e+05 -1.22973397e+02  7.10117378e-07 
 1.13501082e+05 -1.23072731e+02  7.02042589e-07 
 1.14815362e+05 -1.23173473e+02  6.93947074e-07 
 1.16144861e+05 -1.23273279e+02  6.86018819e-07 
 1.17489755e+05 -1.23371543e+02  6.78301646e-07 
 1.18850223e+05 -1.23471041e+02  6.70575925e-07 
 1.20226443e+05 -1.23572549e+02  6.62784847e-07 
 1.21618600e+05 -1.23672880e+02  6.55173016e-07 
 1.23026877e+05 -1.23770473e+02  6.47852810e-07 
 1.24451461e+05 -1.23871254e+02  6.40379327e-07 
 1.25892541e+05 -1.23972278e+02  6.32974360e-07 
 1.27350308e+05 -1.24069669e+02  6.25916712e-07 
 1.28824955e+05 -1.24170417e+02  6.18698640e-07 
 1.30316678e+05 -1.24273004e+02  6.11434270e-07 
 1.31825674e+05 -1.24371310e+02  6.04553152e-07 
 1.33352143e+05 -1.24470581e+02  5.97683084e-07 
 1.34896288e+05 -1.24571160e+02  5.90802047e-07 
 1.36458314e+05 -1.24673265e+02  5.83897653e-07 
 1.38038426e+05 -1.24773150e+02  5.77221488e-07 
 1.39636836e+05 -1.24869914e+02  5.70826731e-07 
 1.41253754e+05 -1.24971056e+02  5.64218332e-07 
 1.42889396e+05 -1.25071924e+02  5.57704024e-07 
 1.44543977e+05 -1.25171548e+02  5.51343902e-07 
 1.46217717e+05 -1.25269582e+02  5.45156115e-07 
 1.47910839e+05 -1.25373134e+02  5.38695411e-07 
 1.49623566e+05 -1.25470473e+02  5.32692232e-07 
 1.51356125e+05 -1.25573156e+02  5.26431877e-07 
 1.53108746e+05 -1.25670495e+02  5.20565319e-07 
 1.54881662e+05 -1.25771276e+02  5.14560234e-07 
 1.56675107e+05 -1.25873202e+02  5.08557286e-07 
 1.58489319e+05 -1.25971529e+02  5.02832730e-07 
 1.60324539e+05 -1.26069547e+02  4.97190287e-07 
 1.62181010e+05 -1.26171772e+02  4.91373149e-07 
 1.64058977e+05 -1.26272111e+02  4.85729457e-07 
 1.65958691e+05 -1.26369601e+02  4.80308141e-07 
 1.67880402e+05 -1.26472488e+02  4.74652311e-07 
 1.69824365e+05 -1.26570936e+02  4.69302881e-07 
 1.71790839e+05 -1.26672265e+02  4.63859796e-07 
 1.73780083e+05 -1.26769942e+02  4.58672689e-07 
 1.75792361e+05 -1.26871117e+02  4.53360987e-07 
 1.77827941e+05 -1.26973013e+02  4.48073588e-07 
 1.79887092e+05 -1.27071226e+02  4.43035660e-07 
 1.81970086e+05 -1.27171123e+02  4.37969478e-07 
 1.84077200e+05 -1.27273143e+02  4.32855415e-07 
 1.86208714e+05 -1.27372143e+02  4.27949813e-07 
 1.88364909e+05 -1.27469891e+02  4.23160833e-07 
 1.90546072e+05 -1.27570646e+02  4.18280602e-07 
 1.92752491e+05 -1.27670205e+02  4.13513549e-07 
 1.94984460e+05 -1.27771336e+02  4.08726881e-07 
 1.97242274e+05 -1.27872442e+02  4.03996770e-07 
 1.99526231e+05 -1.27971573e+02  3.99412206e-07 
 2.01836636e+05 -1.28070233e+02  3.94901107e-07 
 2.04173794e+05 -1.28170235e+02  3.90380630e-07 
 2.06538016e+05 -1.28269363e+02  3.85950706e-07 
 2.08929613e+05 -1.28369561e+02  3.81524060e-07 
 2.11348904e+05 -1.28469669e+02  3.77152111e-07 
 2.13796209e+05 -1.28572970e+02  3.72693210e-07 
 2.16271852e+05 -1.28672116e+02  3.68463256e-07 
 2.18776162e+05 -1.28772201e+02  3.64241957e-07 
 2.21309471e+05 -1.28872356e+02  3.60066063e-07 
 2.23872114e+05 -1.28972666e+02  3.55931718e-07 
 2.26464431e+05 -1.29071499e+02  3.51904678e-07 
 2.29086765e+05 -1.29169105e+02  3.47972355e-07 
 2.31739465e+05 -1.29271605e+02  3.43890167e-07 
 2.34422882e+05 -1.29372184e+02  3.39931009e-07 
 2.37137371e+05 -1.29470726e+02  3.36096265e-07 
 2.39883292e+05 -1.29569567e+02  3.32293353e-07 
 2.42661010e+05 -1.29670683e+02  3.28447433e-07 
 2.45470892e+05 -1.29771527e+02  3.24656166e-07 
 2.48313311e+05 -1.29869336e+02  3.21020834e-07 
 2.51188643e+05 -1.29969436e+02  3.17342462e-07 
 2.54097271e+05 -1.30069098e+02  3.13722073e-07 
 2.57039578e+05 -1.30170528e+02  3.10079885e-07 
 2.60015956e+05 -1.30269051e+02  3.06582576e-07 
 2.63026799e+05 -1.30369013e+02  3.03074454e-07 
 2.66072506e+05 -1.30471585e+02  2.99516487e-07 
 2.69153480e+05 -1.30569276e+02  2.96166689e-07 
 2.72270131e+05 -1.30671222e+02  2.92710889e-07 
 2.75422870e+05 -1.30770148e+02  2.89396042e-07 
 2.78612117e+05 -1.30868919e+02  2.86123845e-07 
 2.81838293e+05 -1.30969760e+02  2.82821241e-07 
 2.85101827e+05 -1.31070507e+02  2.79559761e-07 
 2.88403150e+05 -1.31169008e+02  2.76407370e-07 
 2.91742701e+05 -1.31270683e+02  2.73190671e-07 
 2.95120923e+05 -1.31370406e+02  2.70072074e-07 
 2.98538262e+05 -1.31471958e+02  2.66932892e-07 
 3.01995172e+05 -1.31571928e+02  2.63878238e-07 
 3.05492111e+05 -1.31669284e+02  2.60937096e-07 
 3.09029543e+05 -1.31769105e+02  2.57955461e-07 
 3.12607937e+05 -1.31870770e+02  2.54953818e-07 
 3.16227766e+05 -1.31969368e+02  2.52076055e-07 
 3.19889511e+05 -1.32070850e+02  2.49148055e-07 
 3.23593657e+05 -1.32169989e+02  2.46320503e-07 
 3.27340695e+05 -1.32268997e+02  2.43528704e-07 
 3.31131121e+05 -1.32368242e+02  2.40761989e-07 
 3.34965439e+05 -1.32468215e+02  2.38006735e-07 
 3.38844156e+05 -1.32568210e+02  2.35282431e-07 
 3.42767787e+05 -1.32669574e+02  2.32552663e-07 
 3.46736850e+05 -1.32768834e+02  2.29910228e-07 
 3.50751874e+05 -1.32869785e+02  2.27253579e-07 
 3.54813389e+05 -1.32968733e+02  2.24679444e-07 
 3.58921935e+05 -1.33069624e+02  2.22084780e-07 
 3.63078055e+05 -1.33170077e+02  2.19531159e-07 
 3.67282300e+05 -1.33270440e+02  2.17009131e-07 
 3.71535229e+05 -1.33368148e+02  2.14581653e-07 
 3.75837404e+05 -1.33467661e+02  2.12137256e-07 
 3.80189396e+05 -1.33569362e+02  2.09667870e-07 
 3.84591782e+05 -1.33670255e+02  2.07246530e-07 
 3.89045145e+05 -1.33767790e+02  2.04932351e-07 
 3.93550075e+05 -1.33868583e+02  2.02568003e-07 
 3.98107171e+05 -1.33970189e+02  2.00212211e-07 
 4.02717034e+05 -1.34069201e+02  1.97942900e-07 
 4.07380278e+05 -1.34169376e+02  1.95673136e-07 
 4.12097519e+05 -1.34267139e+02  1.93483115e-07 
 4.16869383e+05 -1.34367812e+02  1.91253504e-07 
 4.21696503e+05 -1.34467505e+02  1.89070916e-07 
 4.26579519e+05 -1.34567813e+02  1.86900030e-07 
 4.31519077e+05 -1.34667030e+02  1.84777246e-07 
 4.36515832e+05 -1.34767061e+02  1.82661469e-07 
 4.41570447e+05 -1.34867852e+02  1.80554121e-07 
 4.46683592e+05 -1.34966276e+02  1.78519728e-07 
 4.51855944e+05 -1.35067013e+02  1.76461256e-07 
 4.57088190e+05 -1.35166516e+02  1.74451295e-07 
 4.62381021e+05 -1.35266043e+02  1.72463757e-07 
 4.67735141e+05 -1.35368435e+02  1.70442631e-07 
 4.73151259e+05 -1.35467775e+02  1.68504410e-07 
 4.78630092e+05 -1.35568755e+02  1.66556749e-07 
 4.84172368e+05 -1.35666203e+02  1.64698577e-07 
 4.89778819e+05 -1.35767676e+02  1.62785676e-07 
 4.95450191e+05 -1.35868238e+02  1.60911883e-07 
 5.01187234e+05 -1.35966644e+02  1.59099133e-07 
 5.06990708e+05 -1.36066783e+02  1.57275415e-07 
 5.12861384e+05 -1.36166845e+02  1.55473987e-07 
 5.18800039e+05 -1.36267955e+02  1.53674657e-07 
 5.24807460e+05 -1.36368264e+02  1.51910161e-07 
 5.30884444e+05 -1.36467963e+02  1.50176460e-07 
 5.37031796e+05 -1.36565544e+02  1.48498757e-07 
 5.43250331e+05 -1.36668109e+02  1.46755563e-07 
 5.49540874e+05 -1.36765358e+02  1.45121615e-07 
 5.55904257e+05 -1.36868051e+02  1.43415950e-07 
 5.62341325e+05 -1.36965451e+02  1.41816732e-07 
 5.68852931e+05 -1.37066753e+02  1.40172351e-07 
 5.75439937e+05 -1.37165868e+02  1.38581923e-07 
 5.82103218e+05 -1.37264173e+02  1.37022328e-07 
 5.88843655e+05 -1.37366050e+02  1.35424579e-07 
 5.95662144e+05 -1.37467074e+02  1.33858609e-07 
 6.02559586e+05 -1.37564966e+02  1.32358460e-07 
 6.09536897e+05 -1.37667064e+02  1.30811766e-07 
 6.16595002e+05 -1.37766428e+02  1.29323841e-07 
 6.23734835e+05 -1.37865907e+02  1.27851159e-07 
 6.30957344e+05 -1.37964280e+02  1.26411336e-07 
 6.38263486e+05 -1.38065921e+02  1.24940708e-07 
 6.45654229e+05 -1.38163961e+02  1.23538395e-07 
 6.53130553e+05 -1.38263343e+02  1.22132957e-07 
 6.60693448e+05 -1.38365138e+02  1.20709957e-07 
 6.68343918e+05 -1.38463986e+02  1.19344030e-07 
 6.76082975e+05 -1.38564816e+02  1.17966640e-07 
 6.83911647e+05 -1.38662530e+02  1.16646978e-07 
 6.91830971e+05 -1.38763625e+02  1.15297198e-07 
 6.99841996e+05 -1.38863435e+02  1.13979892e-07 
 7.07945784e+05 -1.38961734e+02  1.12697241e-07 
 7.16143410e+05 -1.39062847e+02  1.11392931e-07 
 7.24435960e+05 -1.39164137e+02  1.10101476e-07 
 7.32824533e+05 -1.39262355e+02  1.08863487e-07 
 7.41310241e+05 -1.39361828e+02  1.07623863e-07 
 7.49894209e+05 -1.39461897e+02  1.06391061e-07 
 7.58577575e+05 -1.39561592e+02  1.05176903e-07 
 7.67361489e+05 -1.39662679e+02  1.03959951e-07 
 7.76247117e+05 -1.39762476e+02  1.02772328e-07 
 7.85235635e+05 -1.39860156e+02  1.01623048e-07 
 7.94328235e+05 -1.39959039e+02  1.00472693e-07 
 8.03526122e+05 -1.40061371e+02  9.92959311e-08 
 8.12830516e+05 -1.40160359e+02  9.81707421e-08 
 8.22242650e+05 -1.40258047e+02  9.70728195e-08 
 8.31763771e+05 -1.40359448e+02  9.59461561e-08 
 8.41395142e+05 -1.40454288e+02  9.49042367e-08 
 8.51138038e+05 -1.40552943e+02  9.38324042e-08 
 8.60993752e+05 -1.40652834e+02  9.27594828e-08 
 8.70963590e+05 -1.40754682e+02  9.16781616e-08 
 8.81048873e+05 -1.40853487e+02  9.06412005e-08 
 8.91250938e+05 -1.40952524e+02  8.96135746e-08 
 9.01571138e+05 -1.41052870e+02  8.85842516e-08 
 9.12010839e+05 -1.41153587e+02  8.75629997e-08 
 9.22571427e+05 -1.41252252e+02  8.65739818e-08 
 9.33254301e+05 -1.41352133e+02  8.55841480e-08 
 9.44060876e+05 -1.41450855e+02  8.46169223e-08 
 9.54992586e+05 -1.41552979e+02  8.36278773e-08 
 9.66050879e+05 -1.41651856e+02  8.26812813e-08 
 9.77237221e+05 -1.41751654e+02  8.17367330e-08 
 9.88553095e+05 -1.41850857e+02  8.08085188e-08 
 1.00000000e+06 -1.41950973e+02  7.98824449e-08 
 1.01157945e+06 -1.42048655e+02  7.89891134e-08 
 1.02329299e+06 -1.42151338e+02  7.80608185e-08 
 1.03514217e+06 -1.42250098e+02  7.71782791e-08 
 1.04712855e+06 -1.42349325e+02  7.63016219e-08 
 1.05925373e+06 -1.42449308e+02  7.54283460e-08 
 1.07151931e+06 -1.42550114e+02  7.45580117e-08 
 1.08392691e+06 -1.42647072e+02  7.37303661e-08 
 1.09647820e+06 -1.42747286e+02  7.28845890e-08 
 1.10917482e+06 -1.42844260e+02  7.20753934e-08 
 1.12201845e+06 -1.42945689e+02  7.12386316e-08 
 1.13501082e+06 -1.43044466e+02  7.04330866e-08 
 1.14815362e+06 -1.43145621e+02  6.96175842e-08 
 1.16144861e+06 -1.43247581e+02  6.88051501e-08 
 1.17489755e+06 -1.43348230e+02  6.80124613e-08 
 1.18850223e+06 -1.43446589e+02  6.72466354e-08 
 1.20226443e+06 -1.43545363e+02  6.64862518e-08 
 1.21618600e+06 -1.43646133e+02  6.57193662e-08 
 1.23026877e+06 -1.43746414e+02  6.49649759e-08 
 1.24451461e+06 -1.43842874e+02  6.42475083e-08 
 1.25892541e+06 -1.43943982e+02  6.35039753e-08 
 1.27350308e+06 -1.44043203e+02  6.27826775e-08 
 1.28824955e+06 -1.44144209e+02  6.20568247e-08 
 1.30316678e+06 -1.44240982e+02  6.13692598e-08 
 1.31825674e+06 -1.44342888e+02  6.06534611e-08 
 1.33352143e+06 -1.44442158e+02  5.99642046e-08 
 1.34896288e+06 -1.44541144e+02  5.92847257e-08 
 1.36458314e+06 -1.44637872e+02  5.86281782e-08 
 1.38038426e+06 -1.44739655e+02  5.79451683e-08 
 1.39636836e+06 -1.44778245e+02  5.76882991e-08 
 1.41253754e+06 -1.44875426e+02  5.70464619e-08 
 1.42889396e+06 -1.44974828e+02  5.63973368e-08 
 1.44543977e+06 -1.45075067e+02  5.57502284e-08 
 1.46217717e+06 -1.45170252e+02  5.51426181e-08 
 1.47910839e+06 -1.45152893e+02  5.52529368e-08 
 1.49623566e+06 -1.45251125e+02  5.46315796e-08 
 1.51356125e+06 -1.45346972e+02  5.40320453e-08 
 1.53108746e+06 -1.45446968e+02  5.34135675e-08 
 1.54881662e+06 -1.45547040e+02  5.28017135e-08 
 1.56675107e+06 -1.45647587e+02  5.21940063e-08 
 1.58489319e+06 -1.45744225e+02  5.16165224e-08 
 1.60324539e+06 -1.45845266e+02  5.10195599e-08 
 1.62181010e+06 -1.45942433e+02  5.04519973e-08 
 1.64058977e+06 -1.46043053e+02  4.98709143e-08 
 1.65958691e+06 -1.46143673e+02  4.92965279e-08 
 1.67880402e+06 -1.46241995e+02  4.87416537e-08 
 1.69824365e+06 -1.46340626e+02  4.81913055e-08 
 1.71790839e+06 -1.46437677e+02  4.76558432e-08 
 1.73780083e+06 -1.46537284e+02  4.71124626e-08 
 1.75792361e+06 -1.46632464e+02  4.65990223e-08 
 1.77827941e+06 -1.46732865e+02  4.60634793e-08 
 1.79887092e+06 -1.46829854e+02  4.55519854e-08 
 1.81970086e+06 -1.46927929e+02  4.50405341e-08 
 1.84077200e+06 -1.47028387e+02  4.45226135e-08 
 1.86208714e+06 -1.47124704e+02  4.40316327e-08 
 1.88364909e+06 -1.47222835e+02  4.35369769e-08 
 1.90546072e+06 -1.47326452e+02  4.30206941e-08 
 1.92752491e+06 -1.47427464e+02  4.25232828e-08 
 1.94984460e+06 -1.47525538e+02  4.20458487e-08 
 1.97242274e+06 -1.47623281e+02  4.15753519e-08 
 1.99526231e+06 -1.47719375e+02  4.11179299e-08 
 2.01836636e+06 -1.47815798e+02  4.06640009e-08 
 2.04173794e+06 -1.47915230e+02  4.02011530e-08 
 2.06538016e+06 -1.48011441e+02  3.97583148e-08 
 2.08929613e+06 -1.48110608e+02  3.93069714e-08 
 2.11348904e+06 -1.48210534e+02  3.88573622e-08 
 2.13796209e+06 -1.48310406e+02  3.84131302e-08 
 2.16271852e+06 -1.48405639e+02  3.79942656e-08 
 2.18776162e+06 -1.48507304e+02  3.75521474e-08 
 2.21309471e+06 -1.48603497e+02  3.71385670e-08 
 2.23872114e+06 -1.48702508e+02  3.67176280e-08 
 2.26464431e+06 -1.48799837e+02  3.63084867e-08 
 2.29086765e+06 -1.48896493e+02  3.59066866e-08 
 2.31739465e+06 -1.48994471e+02  3.55039321e-08 
 2.34422882e+06 -1.49087683e+02  3.51249618e-08 
 2.37137371e+06 -1.49186890e+02  3.47260577e-08 
 2.39883292e+06 -1.49285693e+02  3.43332838e-08 
 2.42661010e+06 -1.49327546e+02  3.41682485e-08 
 2.45470892e+06 -1.49424358e+02  3.37895268e-08 
 2.48313311e+06 -1.49527220e+02  3.33917343e-08 
 2.51188643e+06 -1.49616233e+02  3.30512868e-08 
 2.54097271e+06 -1.49716249e+02  3.26728881e-08 
 2.57039578e+06 -1.49868506e+02  3.21051491e-08 
 2.60015956e+06 -1.49957997e+02  3.17760664e-08 
 2.63026799e+06 -1.50056700e+02  3.14170205e-08 
 2.66072506e+06 -1.50153108e+02  3.10702387e-08 
 2.69153480e+06 -1.50251895e+02  3.07188717e-08 
 2.72270131e+06 -1.50348590e+02  3.03787926e-08 
 2.75422870e+06 -1.50446016e+02  3.00399512e-08 
 2.78612117e+06 -1.50545436e+02  2.96980679e-08 
 2.81838293e+06 -1.50641907e+02  2.93700478e-08 
 2.85101827e+06 -1.50733094e+02  2.90633239e-08 
 2.88403150e+06 -1.50831828e+02  2.87348289e-08 
 2.91742701e+06 -1.50928501e+02  2.84167846e-08 
 2.95120923e+06 -1.51026495e+02  2.80979884e-08 
 2.98538262e+06 -1.51119890e+02  2.77974840e-08 
 3.01995172e+06 -1.51212991e+02  2.75011255e-08 
 3.05492111e+06 -1.51310216e+02  2.71950073e-08 
 3.09029543e+06 -1.51416174e+02  2.68652745e-08 
 3.12607937e+06 -1.51453573e+02  2.67498486e-08 
 3.16227766e+06 -1.51553056e+02  2.64452224e-08 
 3.19889511e+06 -1.51643649e+02  2.61708326e-08 
 3.23593657e+06 -1.51740365e+02  2.58810423e-08 
 3.27340695e+06 -1.51838512e+02  2.55902426e-08 
 3.31131121e+06 -1.51989040e+02  2.51505799e-08 
 3.34965439e+06 -1.52080846e+02  2.48861481e-08 
 3.38844156e+06 -1.52177582e+02  2.46105248e-08 
 3.42767787e+06 -1.52272665e+02  2.43425894e-08 
 3.46736850e+06 -1.52367638e+02  2.40778723e-08 
 3.50751874e+06 -1.52460908e+02  2.38207051e-08 
 3.54813389e+06 -1.52558019e+02  2.35558649e-08 
 3.58921935e+06 -1.52653197e+02  2.32991542e-08 
 3.63078055e+06 -1.52748624e+02  2.30445809e-08 
 3.67282300e+06 -1.52843085e+02  2.27953238e-08 
 3.71535229e+06 -1.52879070e+02  2.27010796e-08 
 3.75837404e+06 -1.52971089e+02  2.24618526e-08 
 3.80189396e+06 -1.53075774e+02  2.21927589e-08 
 3.84591782e+06 -1.53175408e+02  2.19396450e-08 
 3.89045145e+06 -1.53263587e+02  2.17180418e-08 
 3.93550075e+06 -1.53357038e+02  2.14856292e-08 
 3.98107171e+06 -1.53446325e+02  2.12658982e-08 
 4.02717034e+06 -1.53535932e+02  2.10476405e-08 
 4.07380278e+06 -1.53633791e+02  2.08118385e-08 
 4.12097519e+06 -1.53728331e+02  2.05865450e-08 
 4.16869383e+06 -1.53823312e+02  2.03626554e-08 
 4.21696503e+06 -1.53855174e+02  2.02880968e-08 
 4.26579519e+06 -1.53954315e+02  2.00578441e-08 
 4.31519077e+06 -1.54038213e+02  1.98650367e-08 
 4.36515832e+06 -1.54136309e+02  1.96419475e-08 
 4.41570447e+06 -1.54183773e+02  1.95349077e-08 
 4.46683592e+06 -1.54265920e+02  1.93510269e-08 
 4.51855944e+06 -1.54364273e+02  1.91331444e-08 
 4.57088190e+06 -1.54461116e+02  1.89210045e-08 
 4.62381021e+06 -1.54493129e+02  1.88513964e-08 
 4.67735141e+06 -1.54594557e+02  1.86325445e-08 
 4.73151259e+06 -1.54680574e+02  1.84489357e-08 
 4.78630092e+06 -1.54772025e+02  1.82557107e-08 
 4.84172368e+06 -1.54863386e+02  1.80646971e-08 
 4.89778819e+06 -1.54915203e+02  1.79572519e-08 
 4.95450191e+06 -1.54994604e+02  1.77938450e-08 
 5.01187234e+06 -1.55092805e+02  1.75938047e-08 
 5.06990708e+06 -1.55133635e+02  1.75112944e-08 
 5.12861384e+06 -1.55223800e+02  1.73304557e-08 
 5.18800039e+06 -1.55316183e+02  1.71471062e-08 
 5.24807460e+06 -1.55400271e+02  1.69819063e-08 
 5.30884444e+06 -1.55546642e+02  1.66981320e-08 
 5.37031796e+06 -1.55625182e+02  1.65478247e-08 
 5.43250331e+06 -1.55664261e+02  1.64735406e-08 
 5.49540874e+06 -1.55767809e+02  1.62783187e-08 
 5.55904257e+06 -1.55852994e+02  1.61194535e-08 
 5.62341325e+06 -1.55941496e+02  1.59560429e-08 
 5.68852931e+06 -1.56038702e+02  1.57784696e-08 
 5.75439937e+06 -1.56028121e+02  1.57977026e-08 
 5.82103218e+06 -1.56110924e+02  1.56478180e-08 
 5.88843655e+06 -1.56199335e+02  1.54893527e-08 
 5.95662144e+06 -1.56298906e+02  1.53128040e-08 
 6.02559586e+06 -1.56384562e+02  1.51625387e-08 
 6.09536897e+06 -1.56438165e+02  1.50692546e-08 
 6.16595002e+06 -1.56506790e+02  1.49506645e-08 
 6.23734835e+06 -1.56603105e+02  1.47857971e-08 
 6.30957344e+06 -1.56694091e+02  1.46317220e-08 
 6.38263486e+06 -1.56738006e+02  1.45579321e-08 
 6.45654229e+06 -1.56776124e+02  1.44941846e-08 
 6.53130553e+06 -1.56857978e+02  1.43582366e-08 
 6.60693448e+06 -1.56947955e+02  1.42102669e-08 
 6.68343918e+06 -1.56997671e+02  1.41291630e-08 
 6.76082975e+06 -1.57089669e+02  1.39803014e-08 
 6.83911647e+06 -1.57171061e+02  1.38499106e-08 
 6.91830971e+06 -1.57242949e+02  1.37357562e-08 
 6.99841996e+06 -1.57296151e+02  1.36518804e-08 
 7.07945784e+06 -1.57480236e+02  1.33655913e-08 
 7.16143410e+06 -1.57563754e+02  1.32376934e-08 
 7.24435960e+06 -1.57604502e+02  1.31757363e-08 
 7.32824533e+06 -1.57702435e+02  1.30280148e-08 
 7.41310241e+06 -1.57759664e+02  1.29424583e-08 
 7.49894209e+06 -1.57787864e+02  1.29005072e-08 
 7.58577575e+06 -1.57874463e+02  1.27725273e-08 
 7.67361489e+06 -1.57957289e+02  1.26513110e-08 
 7.76247117e+06 -1.57990519e+02  1.26030038e-08 
 7.85235635e+06 -1.58075763e+02  1.24799210e-08 
 7.94328235e+06 -1.58134960e+02  1.23951565e-08 
 8.03526122e+06 -1.58164829e+02  1.23526054e-08 
 8.12830516e+06 -1.58279800e+02  1.21901766e-08 
 8.22242650e+06 -1.58360075e+02  1.20780346e-08 
 8.31763771e+06 -1.58398007e+02  1.20254040e-08 
 8.41395142e+06 -1.58466551e+02  1.19308794e-08 
 8.51138038e+06 -1.58583321e+02  1.17715581e-08 
 8.60993752e+06 -1.58624154e+02  1.17163491e-08 
 8.70963590e+06 -1.58705604e+02  1.16069945e-08 
 8.81048873e+06 -1.58775972e+02  1.15133416e-08 
 8.91250938e+06 -1.58809097e+02  1.14695175e-08 
 9.01571138e+06 -1.58954355e+02  1.12793021e-08 
 9.12010839e+06 -1.58987717e+02  1.12360627e-08 
 9.22571427e+06 -1.58987075e+02  1.12368935e-08 
 9.33254301e+06 -1.59009641e+02  1.12077376e-08 
 9.44060876e+06 -1.59122649e+02  1.10628628e-08 
 9.54992586e+06 -1.59186514e+02  1.09818196e-08 
 9.66050879e+06 -1.59310045e+02  1.08267417e-08 
 9.77237221e+06 -1.59340587e+02  1.07887386e-08 
 9.88553095e+06 -1.59388606e+02  1.07292587e-08 
 1.00000000e+07 -1.59441274e+02  1.06643963e-08 
 1.01157945e+07 -1.59561491e+02  1.05178136e-08 
 1.02329299e+07 -1.59608489e+02  1.04610571e-08 
 1.03514217e+07 -1.59634525e+02  1.04297462e-08 
 1.04712855e+07 -1.59719327e+02  1.03284145e-08 
 1.05925373e+07 -1.59796811e+02  1.02366879e-08 
 1.07151931e+07 -1.59845221e+02  1.01797928e-08 
 1.08392691e+07 -1.59917937e+02  1.00949262e-08 
 1.09647820e+07 -1.59969173e+02  1.00355534e-08 
 1.10917482e+07 -1.60036748e+02  9.95778205e-09 
 1.12201845e+07 -1.60068764e+02  9.92114472e-09 
 1.13501082e+07 -1.60124058e+02  9.85818780e-09 
 1.14815362e+07 -1.60153045e+02  9.82534345e-09 
 1.16144861e+07 -1.60277007e+02  9.68611551e-09 
 1.17489755e+07 -1.60273150e+02  9.69041724e-09 
 1.18850223e+07 -1.60304826e+02  9.65514239e-09 
 1.20226443e+07 -1.60405096e+02  9.54432459e-09 
 1.21618600e+07 -1.60510146e+02  9.42958757e-09 
 1.23026877e+07 -1.60486338e+02  9.45546905e-09 
 1.24451461e+07 -1.60570601e+02  9.36418432e-09 
 1.25892541e+07 -1.60636826e+02  9.29305863e-09 
 1.27350308e+07 -1.60656408e+02  9.27213157e-09 
 1.28824955e+07 -1.60730699e+02  9.19316443e-09 
 1.30316678e+07 -1.60763160e+02  9.15887258e-09 
 1.31825674e+07 -1.60847511e+02  9.07035806e-09 
 1.33352143e+07 -1.60894784e+02  9.02112683e-09 
 1.34896288e+07 -1.60966209e+02  8.94724961e-09 
 1.36458314e+07 -1.61043284e+02  8.86820662e-09 
 1.38038426e+07 -1.61061640e+02  8.84948553e-09 
 1.39636836e+07 -1.61130224e+02  8.77988398e-09 
 1.41253754e+07 -1.61180644e+02  8.72906688e-09 
 1.42889396e+07 -1.61201715e+02  8.70791617e-09 
 1.44543977e+07 -1.61296031e+02  8.61387255e-09 
 1.46217717e+07 -1.61312809e+02  8.59724989e-09 
 1.47910839e+07 -1.61387879e+02  8.52326594e-09 
 1.49623566e+07 -1.61421398e+02  8.49043839e-09 
 1.51356125e+07 -1.61497136e+02  8.41672586e-09 
 1.53108746e+07 -1.61550426e+02  8.36524580e-09 
 1.54881662e+07 -1.61622884e+02  8.29575239e-09 
 1.56675107e+07 -1.61666397e+02  8.25429827e-09 
 1.58489319e+07 -1.61738032e+02  8.18650279e-09 
 1.60324539e+07 -1.61751950e+02  8.17339544e-09 
 1.62181010e+07 -1.61873281e+02  8.06001684e-09 
 1.64058977e+07 -1.61894788e+02  8.04008468e-09 
 1.65958691e+07 -1.61936126e+02  8.00191060e-09 
 1.67880402e+07 -1.61996201e+02  7.94675729e-09 
 1.69824365e+07 -1.62026838e+02  7.91877632e-09 
 1.71790839e+07 -1.62045383e+02  7.90188801e-09 
 1.73780083e+07 -1.62160317e+02  7.79801682e-09 
 1.75792361e+07 -1.62152109e+02  7.80538930e-09 
 1.77827941e+07 -1.62212210e+02  7.75156690e-09 
 1.79887092e+07 -1.62314830e+02  7.66052471e-09 
 1.81970086e+07 -1.62344592e+02  7.63432102e-09 
 1.84077200e+07 -1.62387177e+02  7.59698335e-09 
 1.86208714e+07 -1.62463428e+02  7.53058313e-09 
 1.88364909e+07 -1.62496712e+02  7.50178113e-09 
 1.90546072e+07 -1.62611250e+02  7.40350699e-09 
 1.92752491e+07 -1.62585645e+02  7.42536361e-09 
 1.94984460e+07 -1.62680412e+02  7.34479049e-09 
 1.97242274e+07 -1.62749043e+02  7.28698480e-09 
 1.99526231e+07 -1.62799484e+02  7.24479032e-09 
 2.01836636e+07 -1.62869678e+02  7.18647794e-09 
 2.04173794e+07 -1.62919331e+02  7.14551384e-09 
 2.06538016e+07 -1.63002320e+02  7.07756725e-09 
 2.08929613e+07 -1.63023452e+02  7.06036874e-09 
 2.11348904e+07 -1.63065668e+02  7.02613642e-09 
 2.13796209e+07 -1.63149350e+02  6.95877058e-09 
 2.16271852e+07 -1.63186366e+02  6.92917783e-09 
 2.18776162e+07 -1.63247067e+02  6.88092185e-09 
 2.21309471e+07 -1.63288475e+02  6.84819712e-09 
 2.23872114e+07 -1.63374918e+02  6.78038090e-09 
 2.26464431e+07 -1.63434950e+02  6.73368063e-09 
 2.29086765e+07 -1.63475587e+02  6.70225031e-09 
 2.31739465e+07 -1.63508492e+02  6.67690845e-09 
 2.34422882e+07 -1.63588905e+02  6.61537936e-09 
 2.37137371e+07 -1.63653680e+02  6.56622838e-09 
 2.39883292e+07 -1.63670113e+02  6.55381755e-09 
 2.42661010e+07 -1.63797854e+02  6.45813788e-09 
 2.45470892e+07 -1.63838117e+02  6.42827026e-09 
 2.48313311e+07 -1.63971273e+02  6.33047577e-09 
 2.51188643e+07 -1.63986622e+02  6.31929913e-09 
 2.54097271e+07 -1.64072493e+02  6.25713214e-09 
 2.57039578e+07 -1.64133608e+02  6.21326102e-09 
 2.60015956e+07 -1.64163532e+02  6.19189261e-09 
 2.63026799e+07 -1.64232742e+02  6.14275051e-09 
 2.66072506e+07 -1.64297473e+02  6.09714256e-09 
 2.69153480e+07 -1.64324969e+02  6.07787225e-09 
 2.72270131e+07 -1.64457894e+02  5.98556678e-09 
 2.75422870e+07 -1.64482980e+02  5.96830498e-09 
 2.78612117e+07 -1.64581647e+02  5.90089199e-09 
 2.81838293e+07 -1.64698541e+02  5.82200995e-09 
 2.85101827e+07 -1.64649713e+02  5.85483100e-09 
 2.88403150e+07 -1.64802083e+02  5.75301926e-09 
 2.91742701e+07 -1.64850857e+02  5.72080476e-09 
 2.95120923e+07 -1.64884642e+02  5.69859662e-09 
 2.98538262e+07 -1.65033420e+02  5.60181794e-09 
 3.01995172e+07 -1.65082362e+02  5.57034248e-09 
 3.05492111e+07 -1.65074834e+02  5.57517225e-09 
 3.09029543e+07 -1.65210697e+02  5.48864514e-09 
 3.12607937e+07 -1.65311965e+02  5.42502518e-09 
 3.16227766e+07 -1.65394169e+02  5.37392417e-09 
 3.19889511e+07 -1.65437540e+02  5.34715775e-09 
 3.23593657e+07 -1.65564144e+02  5.26978382e-09 
 3.27340695e+07 -1.65578702e+02  5.26095860e-09 
 3.31131121e+07 -1.65601566e+02  5.24712826e-09 
 3.34965439e+07 -1.65741849e+02  5.16306460e-09 
 3.38844156e+07 -1.65862879e+02  5.09162068e-09 
 3.42767787e+07 -1.65890884e+02  5.07523071e-09 
 3.46736850e+07 -1.66003180e+02  5.01003779e-09 
 3.50751874e+07 -1.66073098e+02  4.96987082e-09 
 3.54813389e+07 -1.66152067e+02  4.92489122e-09 
 3.58921935e+07 -1.66201706e+02  4.89682652e-09 
 3.63078055e+07 -1.66300564e+02  4.84140940e-09 
 3.67282300e+07 -1.66328497e+02  4.82586492e-09 
 3.71535229e+07 -1.66462714e+02  4.75186745e-09 
 3.75837404e+07 -1.66547402e+02  4.70576117e-09 
 3.80189396e+07 -1.66631011e+02  4.66068169e-09 
 3.84591782e+07 -1.66755611e+02  4.59430101e-09 
 3.89045145e+07 -1.66735157e+02  4.60513276e-09 
 3.93550075e+07 -1.66855077e+02  4.54198962e-09 
 3.98107171e+07 -1.66981227e+02  4.47650078e-09 
 4.02717034e+07 -1.67014128e+02  4.45957612e-09 
 4.07380278e+07 -1.67119391e+02  4.40585777e-09 
 4.12097519e+07 -1.67160093e+02  4.38525983e-09 
 4.16869383e+07 -1.67324786e+02  4.30289444e-09 
 4.21696503e+07 -1.67322570e+02  4.30399226e-09 
 4.26579519e+07 -1.67418838e+02  4.25655338e-09 
 4.31519077e+07 -1.67551862e+02  4.19186105e-09 
 4.36515832e+07 -1.67644473e+02  4.14740391e-09 
 4.41570447e+07 -1.67764940e+02  4.09027952e-09 
 4.46683592e+07 -1.67827806e+02  4.06078243e-09 
 4.51855944e+07 -1.67964626e+02  3.99731800e-09 
 4.57088190e+07 -1.68002555e+02  3.97990067e-09 
 4.62381021e+07 -1.68095338e+02  3.93761358e-09 
 4.67735141e+07 -1.68223655e+02  3.87987067e-09 
 4.73151259e+07 -1.68317072e+02  3.83836636e-09 
 4.78630092e+07 -1.68412235e+02  3.79654234e-09 
 4.84172368e+07 -1.68536408e+02  3.74265348e-09 
 4.89778819e+07 -1.68541389e+02  3.74050781e-09 
 4.95450191e+07 -1.68711433e+02  3.66799164e-09 
 5.01187234e+07 -1.68815497e+02  3.62430847e-09 
 5.06990708e+07 -1.68887679e+02  3.59431428e-09 
 5.12861384e+07 -1.69034801e+02  3.53394621e-09 
 5.18800039e+07 -1.69098331e+02  3.50819281e-09 
 5.24807460e+07 -1.69256673e+02  3.44481845e-09 
 5.30884444e+07 -1.69351763e+02  3.40731176e-09 
 5.37031796e+07 -1.69528947e+02  3.33850982e-09 
 5.43250331e+07 -1.69584788e+02  3.31711560e-09 
 5.49540874e+07 -1.69663193e+02  3.28730755e-09 
 5.55904257e+07 -1.69776597e+02  3.24466695e-09 
 5.62341325e+07 -1.69938411e+02  3.18477998e-09 
 5.68852931e+07 -1.69989884e+02  3.16596267e-09 
 5.75439937e+07 -1.70106386e+02  3.12378204e-09 
 5.82103218e+07 -1.70239242e+02  3.07636537e-09 
 5.88843655e+07 -1.70344031e+02  3.03947427e-09 
 5.95662144e+07 -1.70431414e+02  3.00904943e-09 
 6.02559586e+07 -1.70585938e+02  2.95599089e-09 
 6.09536897e+07 -1.70675501e+02  2.92566753e-09 
 6.16595002e+07 -1.70745169e+02  2.90229499e-09 
 6.23734835e+07 -1.70877674e+02  2.85835588e-09 
 6.30957344e+07 -1.71036213e+02  2.80665705e-09 
 6.38263486e+07 -1.71109931e+02  2.78293737e-09 
 6.45654229e+07 -1.71241709e+02  2.74103492e-09 
 6.53130553e+07 -1.71400271e+02  2.69145068e-09 
 6.60693448e+07 -1.71538503e+02  2.64895659e-09 
 6.68343918e+07 -1.71612716e+02  2.62642009e-09 
 6.76082975e+07 -1.71707293e+02  2.59797736e-09 
 6.83911647e+07 -1.71902777e+02  2.54016056e-09 
 6.91830971e+07 -1.71939670e+02  2.52939412e-09 
 6.99841996e+07 -1.72050487e+02  2.49732833e-09 
 7.07945784e+07 -1.72201833e+02  2.45419082e-09 
 7.16143410e+07 -1.72353934e+02  2.41158916e-09 
 7.24435960e+07 -1.72462686e+02  2.38158301e-09 
 7.32824533e+07 -1.72550572e+02  2.35760684e-09 
 7.41310241e+07 -1.72692050e+02  2.31951676e-09 
 7.49894209e+07 -1.72826002e+02  2.28402003e-09 
 7.58577575e+07 -1.72894846e+02  2.26598856e-09 
 7.67361489e+07 -1.73025705e+02  2.23210565e-09 
 7.76247117e+07 -1.73146456e+02  2.20128978e-09 
 7.85235635e+07 -1.73311291e+02  2.15990908e-09 
 7.94328235e+07 -1.73488249e+02  2.11635017e-09 
 8.03526122e+07 -1.73609828e+02  2.08693349e-09 
 8.12830516e+07 -1.73716218e+02  2.06152725e-09 
 8.22242650e+07 -1.73853239e+02  2.02926163e-09 
 8.31763771e+07 -1.73968034e+02  2.00261880e-09 
 8.41395142e+07 -1.74101475e+02  1.97208784e-09 
 8.51138038e+07 -1.74265968e+02  1.93509199e-09 
 8.60993752e+07 -1.74408446e+02  1.90360870e-09 
 8.70963590e+07 -1.74523119e+02  1.87864204e-09 
 8.81048873e+07 -1.74614928e+02  1.85888964e-09 
 8.91250938e+07 -1.74770884e+02  1.82581086e-09 
 9.01571138e+07 -1.74901198e+02  1.79862279e-09 
 9.12010839e+07 -1.75061296e+02  1.76577429e-09 
 9.22571427e+07 -1.75208000e+02  1.73620097e-09 
 9.33254301e+07 -1.75319190e+02  1.71411717e-09 
 9.44060876e+07 -1.75427086e+02  1.69295606e-09 
 9.54992586e+07 -1.75595653e+02  1.66041769e-09 
 9.66050879e+07 -1.75748144e+02  1.63152147e-09 
 9.77237221e+07 -1.75906493e+02  1.60204735e-09 
 9.88553095e+07 -1.76018951e+02  1.58143907e-09 
 1.00000000e+08 -1.76176384e+02  1.55303336e-09 
 1.01157945e+08 -1.76292765e+02  1.53236329e-09 
 1.02329299e+08 -1.76439420e+02  1.50670771e-09 
 1.03514217e+08 -1.76554415e+02  1.48689144e-09 
 1.04712855e+08 -1.76717516e+02  1.45923157e-09 
 1.05925373e+08 -1.76831642e+02  1.44018368e-09 
 1.07151931e+08 -1.76993741e+02  1.41355575e-09 
 1.08392691e+08 -1.77121129e+02  1.39297569e-09 
 1.09647820e+08 -1.77257770e+02  1.37123375e-09 
 1.10917482e+08 -1.77422719e+02  1.34543914e-09 
 1.12201845e+08 -1.77590527e+02  1.31969521e-09 
 1.13501082e+08 -1.77752278e+02  1.29534698e-09 
 1.14815362e+08 -1.77899879e+02  1.27352083e-09 
 1.16144861e+08 -1.77998386e+02  1.25915941e-09 
 1.17489755e+08 -1.78158095e+02  1.23621855e-09 
 1.18850223e+08 -1.78277942e+02  1.21927840e-09 
 1.20226443e+08 -1.78417935e+02  1.19978450e-09 
 1.21618600e+08 -1.78602041e+02  1.17462152e-09 
 1.23026877e+08 -1.78779003e+02  1.15093246e-09 
 1.24451461e+08 -1.78900716e+02  1.13491730e-09 
 1.25892541e+08 -1.79033023e+02  1.11776074e-09 
 1.27350308e+08 -1.79174302e+02  1.09972704e-09 
 1.28824955e+08 -1.79332300e+02  1.07990360e-09 
 1.30316678e+08 -1.79507709e+02  1.05831406e-09 
 1.31825674e+08 -1.79579422e+02  1.04961227e-09 
 1.33352143e+08 -1.79778876e+02  1.02578465e-09 
 1.34896288e+08 -1.79894221e+02  1.01225267e-09 
 1.36458314e+08 -1.80135686e+02  9.84499904e-10 
 1.38038426e+08 -1.80229756e+02  9.73895185e-10 
 1.39636836e+08 -1.80371009e+02  9.58185356e-10 
 1.41253754e+08 -1.80521141e+02  9.41765894e-10 
 1.42889396e+08 -1.80676319e+02  9.25090109e-10 
 1.44543977e+08 -1.80799248e+02  9.12089800e-10 
 1.46217717e+08 -1.80978409e+02  8.93469112e-10 
 1.47910839e+08 -1.81140479e+02  8.76952421e-10 
 1.49623566e+08 -1.81295664e+02  8.61423703e-10 
 1.51356125e+08 -1.81421301e+02  8.49053278e-10 
 1.53108746e+08 -1.81605568e+02  8.31230750e-10 
 1.54881662e+08 -1.81743986e+02  8.18089246e-10 
 1.56675107e+08 -1.81931712e+02  8.00597814e-10 
 1.58489319e+08 -1.82044977e+02  7.90225730e-10 
 1.60324539e+08 -1.82191764e+02  7.76983515e-10 
 1.62181010e+08 -1.82336693e+02  7.64126694e-10 
 1.64058977e+08 -1.82497724e+02  7.50090692e-10 
 1.65958691e+08 -1.82681358e+02  7.34399073e-10 
 1.67880402e+08 -1.82816035e+02  7.23099853e-10 
 1.69824365e+08 -1.82978192e+02  7.09725473e-10 
 1.71790839e+08 -1.83109470e+02  6.99079418e-10 
 1.73780083e+08 -1.83319494e+02  6.82378459e-10 
 1.75792361e+08 -1.83465088e+02  6.71035667e-10 
 1.77827941e+08 -1.83560010e+02  6.63742323e-10 
 1.79887092e+08 -1.83727630e+02  6.51056232e-10 
 1.81970086e+08 -1.83910602e+02  6.37484907e-10 
 1.84077200e+08 -1.84053430e+02  6.27088039e-10 
 1.86208714e+08 -1.84210400e+02  6.15857183e-10 
 1.88364909e+08 -1.84322785e+02  6.07940066e-10 
 1.90546072e+08 -1.84487276e+02  5.96535387e-10 
 1.92752491e+08 -1.84674848e+02  5.83791273e-10 
 1.94984460e+08 -1.84826847e+02  5.73664103e-10 
 1.97242274e+08 -1.84973651e+02  5.64049796e-10 
 1.99526231e+08 -1.85107027e+02  5.55454679e-10 
 2.01836636e+08 -1.85244037e+02  5.46761806e-10 
 2.04173794e+08 -1.85392447e+02  5.37498965e-10 
 2.06538016e+08 -1.85608364e+02  5.24302329e-10 
 2.08929613e+08 -1.85716832e+02  5.17795651e-10 
 2.11348904e+08 -1.85903106e+02  5.06809462e-10 
 2.13796209e+08 -1.86029403e+02  4.99493522e-10 
 2.16271852e+08 -1.86173099e+02  4.91298076e-10 
 2.18776162e+08 -1.86342100e+02  4.81831278e-10 
 2.21309471e+08 -1.86508451e+02  4.72691116e-10 
 2.23872114e+08 -1.86665542e+02  4.64218985e-10 
 2.26464431e+08 -1.86797532e+02  4.57218093e-10 
 2.29086765e+08 -1.86955466e+02  4.48979712e-10 
 2.31739465e+08 -1.87087992e+02  4.42181320e-10 
 2.34422882e+08 -1.87240189e+02  4.34500777e-10 
 2.37137371e+08 -1.87398259e+02  4.26665036e-10 
 2.39883292e+08 -1.87542689e+02  4.19629073e-10 
 2.42661010e+08 -1.87668658e+02  4.13587207e-10 
 2.45470892e+08 -1.87841538e+02  4.05436742e-10 
 2.48313311e+08 -1.88000772e+02  3.98071777e-10 
 2.51188643e+08 -1.88118116e+02  3.92730125e-10 
 2.54097271e+08 -1.88249835e+02  3.86819420e-10 
 2.57039578e+08 -1.88433701e+02  3.78717110e-10 
 2.60015956e+08 -1.88603462e+02  3.71387192e-10 
 2.63026799e+08 -1.88730685e+02  3.65987083e-10 
 2.66072506e+08 -1.88868935e+02  3.60207919e-10 
 2.69153480e+08 -1.89006939e+02  3.54530065e-10 
 2.72270131e+08 -1.89175492e+02  3.47716565e-10 
 2.75422870e+08 -1.89324963e+02  3.41784101e-10 
 2.78612117e+08 -1.89485194e+02  3.35536901e-10 
 2.81838293e+08 -1.89630426e+02  3.29973208e-10 
 2.85101827e+08 -1.89768260e+02  3.24778304e-10 
 2.88403150e+08 -1.89890178e+02  3.20251457e-10 
 2.91742701e+08 -1.90021960e+02  3.15429263e-10 
 2.95120923e+08 -1.90183497e+02  3.09617242e-10 
 2.98538262e+08 -1.90283295e+02  3.06080213e-10 
 3.01995172e+08 -1.90499484e+02  2.98556006e-10 
 3.05492111e+08 -1.90636877e+02  2.93870619e-10 
 3.09029543e+08 -1.90766982e+02  2.89501568e-10 
 3.12607937e+08 -1.90887385e+02  2.85516201e-10 
 3.16227766e+08 -1.91035750e+02  2.80680658e-10 
 3.19889511e+08 -1.91196061e+02  2.75547803e-10 
 3.23593657e+08 -1.91310484e+02  2.71941689e-10 
 3.27340695e+08 -1.91478251e+02  2.66739584e-10 
 3.31131121e+08 -1.91598289e+02  2.63078630e-10 
 3.34965439e+08 -1.91744116e+02  2.58698685e-10 
 3.38844156e+08 -1.91863100e+02  2.55179026e-10 
 3.42767787e+08 -1.91982028e+02  2.51708930e-10 
 3.46736850e+08 -1.92151399e+02  2.46848242e-10 
 3.50751874e+08 -1.92297766e+02  2.42723437e-10 
 3.54813389e+08 -1.92444131e+02  2.38667591e-10 
 3.58921935e+08 -1.92552164e+02  2.35717481e-10 
 3.63078055e+08 -1.92691507e+02  2.31966176e-10 
 3.67282300e+08 -1.92838465e+02  2.28074520e-10 
 3.71535229e+08 -1.92978415e+02  2.24429132e-10 
 3.75837404e+08 -1.93103122e+02  2.21229935e-10 
 3.80189396e+08 -1.93254473e+02  2.17408423e-10 
 3.84591782e+08 -1.93329460e+02  2.15539554e-10 
 3.89045145e+08 -1.93488464e+02  2.11629801e-10 
 3.93550075e+08 -1.93656916e+02  2.07565032e-10 
 3.98107171e+08 -1.93761672e+02  2.05076742e-10 
 4.02717034e+08 -1.93878735e+02  2.02331392e-10 
 4.07380278e+08 -1.94030503e+02  1.98826756e-10 
 4.12097519e+08 -1.94170612e+02  1.95645287e-10 
 4.16869383e+08 -1.94296157e+02  1.92837793e-10 
 4.21696503e+08 -1.94422012e+02  1.90063797e-10 
 4.26579519e+08 -1.94574621e+02  1.86753588e-10 
 4.31519077e+08 -1.94682633e+02  1.84445614e-10 
 4.36515832e+08 -1.94832748e+02  1.81285300e-10 
 4.41570447e+08 -1.94922745e+02  1.79416656e-10 
 4.46683592e+08 -1.95056679e+02  1.76671320e-10 
 4.51855944e+08 -1.95197588e+02  1.73828341e-10 
 4.57088190e+08 -1.95306195e+02  1.71668353e-10 
 4.62381021e+08 -1.95464155e+02  1.68574643e-10 
 4.67735141e+08 -1.95561810e+02  1.66689984e-10 
 4.73151259e+08 -1.95726359e+02  1.63561859e-10 
 4.78630092e+08 -1.95832400e+02  1.61577163e-10 
 4.84172368e+08 -1.95930199e+02  1.59768087e-10 
 4.89778819e+08 -1.96070763e+02  1.57203372e-10 
 4.95450191e+08 -1.96215987e+02  1.54596857e-10 
 5.01187234e+08 -1.96303861e+02  1.53040704e-10 
 5.06990708e+08 -1.96417993e+02  1.51042907e-10 
 5.12861384e+08 -1.96573399e+02  1.48364514e-10 
 5.18800039e+08 -1.96695509e+02  1.46293334e-10 
 5.24807460e+08 -1.96845542e+02  1.43788089e-10 
 5.30884444e+08 -1.96927524e+02  1.42437315e-10 
 5.37031796e+08 -1.97062377e+02  1.40242988e-10 
 5.43250331e+08 -1.97148502e+02  1.38859282e-10 
 5.49540874e+08 -1.97297058e+02  1.36504541e-10 
 5.55904257e+08 -1.97430919e+02  1.34416957e-10 
 5.62341325e+08 -1.97517615e+02  1.33081980e-10 
 5.68852931e+08 -1.97619311e+02  1.31532916e-10 
 5.75439937e+08 -1.97753919e+02  1.29510228e-10 
 5.82103218e+08 -1.97898568e+02  1.27371310e-10 
 5.88843655e+08 -1.98013964e+02  1.25690308e-10 
 5.95662144e+08 -1.98112532e+02  1.24272034e-10 
 6.02559586e+08 -1.98249057e+02  1.22333997e-10 
 6.09536897e+08 -1.98364812e+02  1.20714491e-10 
 6.16595002e+08 -1.98525972e+02  1.18495381e-10 
 6.23734835e+08 -1.98581012e+02  1.17746884e-10 
 6.30957344e+08 -1.98700903e+02  1.16132782e-10 
 6.38263486e+08 -1.98833403e+02  1.14374670e-10 
 6.45654229e+08 -1.98915938e+02  1.13293005e-10 
 6.53130553e+08 -1.99045727e+02  1.11612706e-10 
 6.60693448e+08 -1.99198751e+02  1.09663591e-10 
 6.68343918e+08 -1.99276591e+02  1.08685206e-10 
 6.76082975e+08 -1.99440128e+02  1.06658038e-10 
 6.83911647e+08 -1.99554355e+02  1.05264573e-10 
 6.91830971e+08 -1.99620902e+02  1.04461168e-10 
 6.99841996e+08 -1.99701293e+02  1.03498812e-10 
 7.07945784e+08 -1.99879203e+02  1.01400446e-10 
 7.16143410e+08 -1.99930269e+02  1.00806041e-10 
 7.24435960e+08 -2.00102503e+02  9.88268234e-11 
 7.32824533e+08 -2.00203649e+02  9.76826784e-11 
 7.41310241e+08 -2.00274171e+02  9.68927823e-11 
 7.49894209e+08 -2.00417064e+02  9.53118267e-11 
 7.58577575e+08 -2.00476996e+02  9.46564426e-11 
 7.67361489e+08 -2.00646348e+02  9.28287751e-11 
 7.76247117e+08 -2.00758728e+02  9.16354632e-11 
 7.85235635e+08 -2.00855747e+02  9.06176193e-11 
 7.94328235e+08 -2.00969820e+02  8.94353093e-11 
 8.03526122e+08 -2.01121320e+02  8.78888916e-11 
 8.12830516e+08 -2.01171528e+02  8.73823244e-11 
 8.22242650e+08 -2.01279875e+02  8.62990988e-11 
 8.31763771e+08 -2.01386453e+02  8.52466541e-11 
 8.41395142e+08 -2.01497966e+02  8.41592224e-11 
 8.51138038e+08 -2.01625373e+02  8.29337554e-11 
 8.60993752e+08 -2.01728106e+02  8.19586318e-11 
 8.70963590e+08 -2.01868358e+02  8.06458615e-11 
 8.81048873e+08 -2.01925784e+02  8.01144412e-11 
 8.91250938e+08 -2.02056390e+02  7.89188089e-11 
 9.01571138e+08 -2.02198811e+02  7.76353400e-11 
 9.12010839e+08 -2.02241411e+02  7.72555116e-11 
 9.22571427e+08 -2.02370893e+02  7.61123902e-11 
 9.33254301e+08 -2.02490146e+02  7.50745441e-11 
 9.44060876e+08 -2.02604902e+02  7.40892020e-11 
 9.54992586e+08 -2.02692169e+02  7.33485524e-11 
 9.66050879e+08 -2.02753488e+02  7.28325640e-11 
 9.77237221e+08 -2.02950199e+02  7.12016524e-11 
 9.88553095e+08 -2.03041289e+02  7.04588524e-11 
 1.00000000e+09 -2.03111916e+02  6.98882566e-11 
