 1.00000000e+00 -1.08994071e+01  2.85121288e-01 
 1.01157945e+00 -1.08994088e+01  2.85121234e-01 
 1.02329299e+00 -1.08994104e+01  2.85121180e-01 
 1.03514217e+00 -1.08994121e+01  2.85121124e-01 
 1.04712855e+00 -1.08994139e+01  2.85121066e-01 
 1.05925373e+00 -1.08994157e+01  2.85121008e-01 
 1.07151931e+00 -1.08994175e+01  2.85120948e-01 
 1.08392691e+00 -1.08994194e+01  2.85120886e-01 
 1.09647820e+00 -1.08994213e+01  2.85120824e-01 
 1.10917482e+00 -1.08994232e+01  2.85120759e-01 
 1.12201845e+00 -1.08994252e+01  2.85120694e-01 
 1.13501082e+00 -1.08994273e+01  2.85120626e-01 
 1.14815362e+00 -1.08994294e+01  2.85120557e-01 
 1.16144861e+00 -1.08994315e+01  2.85120487e-01 
 1.17489755e+00 -1.08994337e+01  2.85120415e-01 
 1.18850223e+00 -1.08994360e+01  2.85120341e-01 
 1.20226443e+00 -1.08994383e+01  2.85120266e-01 
 1.21618600e+00 -1.08994406e+01  2.85120188e-01 
 1.23026877e+00 -1.08994430e+01  2.85120109e-01 
 1.24451461e+00 -1.08994455e+01  2.85120028e-01 
 1.25892541e+00 -1.08994480e+01  2.85119946e-01 
 1.27350308e+00 -1.08994506e+01  2.85119861e-01 
 1.28824955e+00 -1.08994532e+01  2.85119774e-01 
 1.30316678e+00 -1.08994559e+01  2.85119686e-01 
 1.31825674e+00 -1.08994587e+01  2.85119595e-01 
 1.33352143e+00 -1.08994615e+01  2.85119502e-01 
 1.34896288e+00 -1.08994644e+01  2.85119407e-01 
 1.36458314e+00 -1.08994674e+01  2.85119310e-01 
 1.38038426e+00 -1.08994704e+01  2.85119210e-01 
 1.39636836e+00 -1.08994735e+01  2.85119108e-01 
 1.41253754e+00 -1.08994767e+01  2.85119004e-01 
 1.42889396e+00 -1.08994799e+01  2.85118898e-01 
 1.44543977e+00 -1.08994833e+01  2.85118788e-01 
 1.46217717e+00 -1.08994867e+01  2.85118677e-01 
 1.47910839e+00 -1.08994901e+01  2.85118563e-01 
 1.49623566e+00 -1.08994937e+01  2.85118446e-01 
 1.51356125e+00 -1.08994973e+01  2.85118326e-01 
 1.53108746e+00 -1.08995011e+01  2.85118204e-01 
 1.54881662e+00 -1.08995049e+01  2.85118078e-01 
 1.56675107e+00 -1.08995088e+01  2.85117950e-01 
 1.58489319e+00 -1.08995128e+01  2.85117819e-01 
 1.60324539e+00 -1.08995169e+01  2.85117685e-01 
 1.62181010e+00 -1.08995211e+01  2.85117547e-01 
 1.64058977e+00 -1.08995254e+01  2.85117407e-01 
 1.65958691e+00 -1.08995297e+01  2.85117263e-01 
 1.67880402e+00 -1.08995342e+01  2.85117116e-01 
 1.69824365e+00 -1.08995388e+01  2.85116965e-01 
 1.71790839e+00 -1.08995435e+01  2.85116811e-01 
 1.73780083e+00 -1.08995483e+01  2.85116653e-01 
 1.75792361e+00 -1.08995532e+01  2.85116492e-01 
 1.77827941e+00 -1.08995583e+01  2.85116327e-01 
 1.79887092e+00 -1.08995634e+01  2.85116158e-01 
 1.81970086e+00 -1.08995687e+01  2.85115985e-01 
 1.84077200e+00 -1.08995741e+01  2.85115808e-01 
 1.86208714e+00 -1.08995796e+01  2.85115627e-01 
 1.88364909e+00 -1.08995852e+01  2.85115442e-01 
 1.90546072e+00 -1.08995910e+01  2.85115252e-01 
 1.92752491e+00 -1.08995969e+01  2.85115058e-01 
 1.94984460e+00 -1.08996030e+01  2.85114859e-01 
 1.97242274e+00 -1.08996091e+01  2.85114656e-01 
 1.99526231e+00 -1.08996155e+01  2.85114448e-01 
 2.01836636e+00 -1.08996220e+01  2.85114236e-01 
 2.04173794e+00 -1.08996286e+01  2.85114018e-01 
 2.06538016e+00 -1.08996354e+01  2.85113795e-01 
 2.08929613e+00 -1.08996423e+01  2.85113567e-01 
 2.11348904e+00 -1.08996494e+01  2.85113334e-01 
 2.13796209e+00 -1.08996567e+01  2.85113095e-01 
 2.16271852e+00 -1.08996641e+01  2.85112851e-01 
 2.18776162e+00 -1.08996718e+01  2.85112601e-01 
 2.21309471e+00 -1.08996795e+01  2.85112345e-01 
 2.23872114e+00 -1.08996875e+01  2.85112084e-01 
 2.26464431e+00 -1.08996957e+01  2.85111816e-01 
 2.29086765e+00 -1.08997040e+01  2.85111542e-01 
 2.31739465e+00 -1.08997126e+01  2.85111261e-01 
 2.34422882e+00 -1.08997213e+01  2.85110974e-01 
 2.37137371e+00 -1.08997303e+01  2.85110681e-01 
 2.39883292e+00 -1.08997394e+01  2.85110380e-01 
 2.42661010e+00 -1.08997488e+01  2.85110073e-01 
 2.45470892e+00 -1.08997584e+01  2.85109758e-01 
 2.48313311e+00 -1.08997682e+01  2.85109436e-01 
 2.51188643e+00 -1.08997782e+01  2.85109107e-01 
 2.54097271e+00 -1.08997885e+01  2.85108769e-01 
 2.57039578e+00 -1.08997990e+01  2.85108424e-01 
 2.60015956e+00 -1.08998098e+01  2.85108071e-01 
 2.63026799e+00 -1.08998208e+01  2.85107710e-01 
 2.66072506e+00 -1.08998320e+01  2.85107340e-01 
 2.69153480e+00 -1.08998435e+01  2.85106962e-01 
 2.72270131e+00 -1.08998553e+01  2.85106575e-01 
 2.75422870e+00 -1.08998674e+01  2.85106179e-01 
 2.78612117e+00 -1.08998798e+01  2.85105774e-01 
 2.81838293e+00 -1.08998924e+01  2.85105359e-01 
 2.85101827e+00 -1.08999053e+01  2.85104934e-01 
 2.88403150e+00 -1.08999186e+01  2.85104500e-01 
 2.91742701e+00 -1.08999321e+01  2.85104056e-01 
 2.95120923e+00 -1.08999459e+01  2.85103601e-01 
 2.98538262e+00 -1.08999601e+01  2.85103136e-01 
 3.01995172e+00 -1.08999746e+01  2.85102659e-01 
 3.05492111e+00 -1.08999895e+01  2.85102172e-01 
 3.09029543e+00 -1.09000047e+01  2.85101673e-01 
 3.12607937e+00 -1.09000202e+01  2.85101163e-01 
 3.16227766e+00 -1.09000361e+01  2.85100641e-01 
 3.19889511e+00 -1.09000524e+01  2.85100107e-01 
 3.23593657e+00 -1.09000691e+01  2.85099560e-01 
 3.27340695e+00 -1.09000861e+01  2.85099001e-01 
 3.31131121e+00 -1.09001035e+01  2.85098428e-01 
 3.34965439e+00 -1.09001214e+01  2.85097842e-01 
 3.38844156e+00 -1.09001397e+01  2.85097243e-01 
 3.42767787e+00 -1.09001583e+01  2.85096629e-01 
 3.46736850e+00 -1.09001775e+01  2.85096002e-01 
 3.50751874e+00 -1.09001970e+01  2.85095359e-01 
 3.54813389e+00 -1.09002171e+01  2.85094702e-01 
 3.58921935e+00 -1.09002376e+01  2.85094029e-01 
 3.63078055e+00 -1.09002585e+01  2.85093341e-01 
 3.67282300e+00 -1.09002800e+01  2.85092637e-01 
 3.71535229e+00 -1.09003019e+01  2.85091916e-01 
 3.75837404e+00 -1.09003244e+01  2.85091179e-01 
 3.80189396e+00 -1.09003474e+01  2.85090424e-01 
 3.84591782e+00 -1.09003709e+01  2.85089652e-01 
 3.89045145e+00 -1.09003950e+01  2.85088862e-01 
 3.93550075e+00 -1.09004196e+01  2.85088053e-01 
 3.98107171e+00 -1.09004448e+01  2.85087226e-01 
 4.02717034e+00 -1.09004706e+01  2.85086379e-01 
 4.07380278e+00 -1.09004970e+01  2.85085513e-01 
 4.12097519e+00 -1.09005241e+01  2.85084626e-01 
 4.16869383e+00 -1.09005517e+01  2.85083719e-01 
 4.21696503e+00 -1.09005800e+01  2.85082790e-01 
 4.26579519e+00 -1.09006089e+01  2.85081841e-01 
 4.31519077e+00 -1.09006385e+01  2.85080868e-01 
 4.36515832e+00 -1.09006688e+01  2.85079874e-01 
 4.41570447e+00 -1.09006999e+01  2.85078856e-01 
 4.46683592e+00 -1.09007316e+01  2.85077814e-01 
 4.51855944e+00 -1.09007641e+01  2.85076749e-01 
 4.57088190e+00 -1.09007973e+01  2.85075658e-01 
 4.62381021e+00 -1.09008313e+01  2.85074542e-01 
 4.67735141e+00 -1.09008661e+01  2.85073400e-01 
 4.73151259e+00 -1.09009017e+01  2.85072231e-01 
 4.78630092e+00 -1.09009381e+01  2.85071036e-01 
 4.84172368e+00 -1.09009754e+01  2.85069812e-01 
 4.89778819e+00 -1.09010136e+01  2.85068560e-01 
 4.95450191e+00 -1.09010526e+01  2.85067279e-01 
 5.01187234e+00 -1.09010926e+01  2.85065968e-01 
 5.06990708e+00 -1.09011334e+01  2.85064626e-01 
 5.12861384e+00 -1.09011753e+01  2.85063253e-01 
 5.18800039e+00 -1.09012181e+01  2.85061848e-01 
 5.24807460e+00 -1.09012619e+01  2.85060411e-01 
 5.30884444e+00 -1.09013067e+01  2.85058940e-01 
 5.37031796e+00 -1.09013525e+01  2.85057435e-01 
 5.43250331e+00 -1.09013995e+01  2.85055895e-01 
 5.49540874e+00 -1.09014475e+01  2.85054318e-01 
 5.55904257e+00 -1.09014966e+01  2.85052706e-01 
 5.62341325e+00 -1.09015469e+01  2.85051055e-01 
 5.68852931e+00 -1.09015984e+01  2.85049367e-01 
 5.75439937e+00 -1.09016510e+01  2.85047639e-01 
 5.82103218e+00 -1.09017049e+01  2.85045871e-01 
 5.88843655e+00 -1.09017601e+01  2.85044061e-01 
 5.95662144e+00 -1.09018165e+01  2.85042210e-01 
 6.02559586e+00 -1.09018742e+01  2.85040315e-01 
 6.09536897e+00 -1.09019333e+01  2.85038376e-01 
 6.16595002e+00 -1.09019937e+01  2.85036393e-01 
 6.23734835e+00 -1.09020556e+01  2.85034363e-01 
 6.30957344e+00 -1.09021189e+01  2.85032285e-01 
 6.38263486e+00 -1.09021837e+01  2.85030160e-01 
 6.45654229e+00 -1.09022499e+01  2.85027985e-01 
 6.53130553e+00 -1.09023178e+01  2.85025759e-01 
 6.60693448e+00 -1.09023872e+01  2.85023482e-01 
 6.68343918e+00 -1.09024582e+01  2.85021152e-01 
 6.76082975e+00 -1.09025309e+01  2.85018767e-01 
 6.83911647e+00 -1.09026052e+01  2.85016327e-01 
 6.91830971e+00 -1.09026813e+01  2.85013830e-01 
 6.99841996e+00 -1.09027592e+01  2.85011275e-01 
 7.07945784e+00 -1.09028388e+01  2.85008661e-01 
 7.16143410e+00 -1.09029204e+01  2.85005986e-01 
 7.24435960e+00 -1.09030038e+01  2.85003248e-01 
 7.32824533e+00 -1.09030892e+01  2.85000447e-01 
 7.41310241e+00 -1.09031765e+01  2.84997581e-01 
 7.49894209e+00 -1.09032659e+01  2.84994648e-01 
 7.58577575e+00 -1.09033574e+01  2.84991647e-01 
 7.67361489e+00 -1.09034510e+01  2.84988576e-01 
 7.76247117e+00 -1.09035468e+01  2.84985433e-01 
 7.85235635e+00 -1.09036448e+01  2.84982218e-01 
 7.94328235e+00 -1.09037450e+01  2.84978927e-01 
 8.03526122e+00 -1.09038477e+01  2.84975561e-01 
 8.12830516e+00 -1.09039527e+01  2.84972116e-01 
 8.22242650e+00 -1.09040601e+01  2.84968590e-01 
 8.31763771e+00 -1.09041701e+01  2.84964983e-01 
 8.41395142e+00 -1.09042826e+01  2.84961292e-01 
 8.51138038e+00 -1.09043977e+01  2.84957515e-01 
 8.60993752e+00 -1.09045155e+01  2.84953650e-01 
 8.70963590e+00 -1.09046360e+01  2.84949696e-01 
 8.81048873e+00 -1.09047594e+01  2.84945649e-01 
 8.91250938e+00 -1.09048856e+01  2.84941509e-01 
 9.01571138e+00 -1.09050148e+01  2.84937272e-01 
 9.12010839e+00 -1.09051469e+01  2.84932936e-01 
 9.22571427e+00 -1.09052822e+01  2.84928500e-01 
 9.33254301e+00 -1.09054205e+01  2.84923961e-01 
 9.44060876e+00 -1.09055621e+01  2.84919316e-01 
 9.54992586e+00 -1.09057070e+01  2.84914563e-01 
 9.66050879e+00 -1.09058553e+01  2.84909700e-01 
 9.77237221e+00 -1.09060070e+01  2.84904724e-01 
 9.88553095e+00 -1.09061622e+01  2.84899632e-01 
 1.00000000e+01 -1.09063211e+01  2.84894422e-01 
 1.01157945e+01 -1.09064836e+01  2.84889091e-01 
 1.02329299e+01 -1.09066499e+01  2.84883636e-01 
 1.03514217e+01 -1.09068201e+01  2.84878054e-01 
 1.04712855e+01 -1.09069943e+01  2.84872342e-01 
 1.05925373e+01 -1.09071725e+01  2.84866498e-01 
 1.07151931e+01 -1.09073548e+01  2.84860518e-01 
 1.08392691e+01 -1.09075414e+01  2.84854399e-01 
 1.09647820e+01 -1.09077323e+01  2.84848138e-01 
 1.10917482e+01 -1.09079276e+01  2.84841732e-01 
 1.12201845e+01 -1.09081275e+01  2.84835177e-01 
 1.13501082e+01 -1.09083321e+01  2.84828469e-01 
 1.14815362e+01 -1.09085414e+01  2.84821606e-01 
 1.16144861e+01 -1.09087555e+01  2.84814584e-01 
 1.17489755e+01 -1.09089747e+01  2.84807398e-01 
 1.18850223e+01 -1.09091989e+01  2.84800046e-01 
 1.20226443e+01 -1.09094283e+01  2.84792523e-01 
 1.21618600e+01 -1.09096631e+01  2.84784825e-01 
 1.23026877e+01 -1.09099033e+01  2.84776949e-01 
 1.24451461e+01 -1.09101492e+01  2.84768890e-01 
 1.25892541e+01 -1.09104007e+01  2.84760644e-01 
 1.27350308e+01 -1.09106580e+01  2.84752206e-01 
 1.28824955e+01 -1.09109214e+01  2.84743573e-01 
 1.30316678e+01 -1.09111908e+01  2.84734740e-01 
 1.31825674e+01 -1.09114666e+01  2.84725702e-01 
 1.33352143e+01 -1.09117487e+01  2.84716454e-01 
 1.34896288e+01 -1.09120374e+01  2.84706991e-01 
 1.36458314e+01 -1.09123328e+01  2.84697309e-01 
 1.38038426e+01 -1.09126350e+01  2.84687403e-01 
 1.39636836e+01 -1.09129443e+01  2.84677267e-01 
 1.41253754e+01 -1.09132607e+01  2.84666896e-01 
 1.42889396e+01 -1.09135845e+01  2.84656284e-01 
 1.44543977e+01 -1.09139158e+01  2.84645427e-01 
 1.46217717e+01 -1.09142548e+01  2.84634318e-01 
 1.47910839e+01 -1.09146016e+01  2.84622951e-01 
 1.49623566e+01 -1.09149566e+01  2.84611322e-01 
 1.51356125e+01 -1.09153197e+01  2.84599423e-01 
 1.53108746e+01 -1.09156913e+01  2.84587248e-01 
 1.54881662e+01 -1.09160715e+01  2.84574791e-01 
 1.56675107e+01 -1.09164605e+01  2.84562046e-01 
 1.58489319e+01 -1.09168586e+01  2.84549005e-01 
 1.60324539e+01 -1.09172658e+01  2.84535663e-01 
 1.62181010e+01 -1.09176826e+01  2.84522012e-01 
 1.64058977e+01 -1.09181090e+01  2.84508045e-01 
 1.65958691e+01 -1.09185453e+01  2.84493755e-01 
 1.67880402e+01 -1.09189917e+01  2.84479134e-01 
 1.69824365e+01 -1.09194484e+01  2.84464175e-01 
 1.71790839e+01 -1.09199157e+01  2.84448870e-01 
 1.73780083e+01 -1.09203939e+01  2.84433211e-01 
 1.75792361e+01 -1.09208832e+01  2.84417190e-01 
 1.77827941e+01 -1.09213838e+01  2.84400798e-01 
 1.79887092e+01 -1.09218960e+01  2.84384028e-01 
 1.81970086e+01 -1.09224200e+01  2.84366870e-01 
 1.84077200e+01 -1.09229562e+01  2.84349316e-01 
 1.86208714e+01 -1.09235049e+01  2.84331356e-01 
 1.88364909e+01 -1.09240662e+01  2.84312981e-01 
 1.90546072e+01 -1.09246405e+01  2.84294182e-01 
 1.92752491e+01 -1.09252282e+01  2.84274949e-01 
 1.94984460e+01 -1.09258294e+01  2.84255272e-01 
 1.97242274e+01 -1.09264446e+01  2.84235141e-01 
 1.99526231e+01 -1.09270740e+01  2.84214546e-01 
 2.01836636e+01 -1.09277179e+01  2.84193475e-01 
 2.04173794e+01 -1.09283768e+01  2.84171919e-01 
 2.06538016e+01 -1.09290509e+01  2.84149865e-01 
 2.08929613e+01 -1.09297406e+01  2.84127303e-01 
 2.11348904e+01 -1.09304463e+01  2.84104221e-01 
 2.13796209e+01 -1.09311683e+01  2.84080607e-01 
 2.16271852e+01 -1.09319069e+01  2.84056449e-01 
 2.18776162e+01 -1.09326627e+01  2.84031735e-01 
 2.21309471e+01 -1.09334359e+01  2.84006452e-01 
 2.23872114e+01 -1.09342269e+01  2.83980587e-01 
 2.26464431e+01 -1.09350363e+01  2.83954127e-01 
 2.29086765e+01 -1.09358643e+01  2.83927058e-01 
 2.31739465e+01 -1.09367115e+01  2.83899367e-01 
 2.34422882e+01 -1.09375782e+01  2.83871039e-01 
 2.37137371e+01 -1.09384650e+01  2.83842060e-01 
 2.39883292e+01 -1.09393722e+01  2.83812415e-01 
 2.42661010e+01 -1.09403004e+01  2.83782090e-01 
 2.45470892e+01 -1.09412499e+01  2.83751068e-01 
 2.48313311e+01 -1.09422214e+01  2.83719333e-01 
 2.51188643e+01 -1.09432152e+01  2.83686871e-01 
 2.54097271e+01 -1.09442320e+01  2.83653664e-01 
 2.57039578e+01 -1.09452723e+01  2.83619696e-01 
 2.60015956e+01 -1.09463364e+01  2.83584949e-01 
 2.63026799e+01 -1.09474252e+01  2.83549406e-01 
 2.66072506e+01 -1.09485389e+01  2.83513049e-01 
 2.69153480e+01 -1.09496784e+01  2.83475860e-01 
 2.72270131e+01 -1.09508440e+01  2.83437819e-01 
 2.75422870e+01 -1.09520365e+01  2.83398908e-01 
 2.78612117e+01 -1.09532565e+01  2.83359108e-01 
 2.81838293e+01 -1.09545045e+01  2.83318398e-01 
 2.85101827e+01 -1.09557812e+01  2.83276757e-01 
 2.88403150e+01 -1.09570872e+01  2.83234166e-01 
 2.91742701e+01 -1.09584232e+01  2.83190603e-01 
 2.95120923e+01 -1.09597900e+01  2.83146045e-01 
 2.98538262e+01 -1.09611881e+01  2.83100472e-01 
 3.01995172e+01 -1.09626184e+01  2.83053860e-01 
 3.05492111e+01 -1.09640814e+01  2.83006185e-01 
 3.09029543e+01 -1.09655781e+01  2.82957426e-01 
 3.12607937e+01 -1.09671090e+01  2.82907556e-01 
 3.16227766e+01 -1.09686751e+01  2.82856553e-01 
 3.19889511e+01 -1.09702771e+01  2.82804390e-01 
 3.23593657e+01 -1.09719157e+01  2.82751041e-01 
 3.27340695e+01 -1.09735919e+01  2.82696482e-01 
 3.31131121e+01 -1.09753065e+01  2.82640684e-01 
 3.34965439e+01 -1.09770603e+01  2.82583621e-01 
 3.38844156e+01 -1.09788542e+01  2.82525264e-01 
 3.42767787e+01 -1.09806891e+01  2.82465586e-01 
 3.46736850e+01 -1.09825660e+01  2.82404556e-01 
 3.50751874e+01 -1.09844858e+01  2.82342146e-01 
 3.54813389e+01 -1.09864494e+01  2.82278325e-01 
 3.58921935e+01 -1.09884578e+01  2.82213062e-01 
 3.63078055e+01 -1.09905120e+01  2.82146326e-01 
 3.67282300e+01 -1.09926131e+01  2.82078084e-01 
 3.71535229e+01 -1.09947621e+01  2.82008304e-01 
 3.75837404e+01 -1.09969600e+01  2.81936953e-01 
 3.80189396e+01 -1.09992079e+01  2.81863995e-01 
 3.84591782e+01 -1.10015071e+01  2.81789397e-01 
 3.89045145e+01 -1.10038585e+01  2.81713122e-01 
 3.93550075e+01 -1.10062633e+01  2.81635134e-01 
 3.98107171e+01 -1.10087228e+01  2.81555398e-01 
 4.02717034e+01 -1.10112382e+01  2.81473874e-01 
 4.07380278e+01 -1.10138106e+01  2.81390524e-01 
 4.12097519e+01 -1.10164414e+01  2.81305309e-01 
 4.16869383e+01 -1.10191318e+01  2.81218190e-01 
 4.21696503e+01 -1.10218832e+01  2.81129125e-01 
 4.26579519e+01 -1.10246968e+01  2.81038074e-01 
 4.31519077e+01 -1.10275741e+01  2.80944992e-01 
 4.36515832e+01 -1.10305164e+01  2.80849839e-01 
 4.41570447e+01 -1.10335252e+01  2.80752569e-01 
 4.46683592e+01 -1.10366020e+01  2.80653138e-01 
 4.51855944e+01 -1.10397481e+01  2.80551500e-01 
 4.57088190e+01 -1.10429652e+01  2.80447609e-01 
 4.62381021e+01 -1.10462547e+01  2.80341418e-01 
 4.67735141e+01 -1.10496183e+01  2.80232878e-01 
 4.73151259e+01 -1.10530575e+01  2.80121940e-01 
 4.78630092e+01 -1.10565740e+01  2.80008554e-01 
 4.84172368e+01 -1.10601695e+01  2.79892670e-01 
 4.89778819e+01 -1.10638456e+01  2.79774235e-01 
 4.95450191e+01 -1.10676042e+01  2.79653198e-01 
 5.01187234e+01 -1.10714470e+01  2.79529503e-01 
 5.06990708e+01 -1.10753757e+01  2.79403097e-01 
 5.12861384e+01 -1.10793923e+01  2.79273924e-01 
 5.18800039e+01 -1.10834985e+01  2.79141928e-01 
 5.24807460e+01 -1.10876964e+01  2.79007050e-01 
 5.30884444e+01 -1.10919879e+01  2.78869234e-01 
 5.37031796e+01 -1.10963750e+01  2.78728418e-01 
 5.43250331e+01 -1.11008597e+01  2.78584543e-01 
 5.49540874e+01 -1.11054440e+01  2.78437547e-01 
 5.55904257e+01 -1.11101301e+01  2.78287368e-01 
 5.62341325e+01 -1.11149202e+01  2.78133942e-01 
 5.68852931e+01 -1.11198163e+01  2.77977205e-01 
 5.75439937e+01 -1.11248208e+01  2.77817091e-01 
 5.82103218e+01 -1.11299359e+01  2.77653534e-01 
 5.88843655e+01 -1.11351639e+01  2.77486466e-01 
 5.95662144e+01 -1.11405071e+01  2.77315818e-01 
 6.02559586e+01 -1.11459681e+01  2.77141521e-01 
 6.09536897e+01 -1.11515491e+01  2.76963504e-01 
 6.16595002e+01 -1.11572527e+01  2.76781696e-01 
 6.23734835e+01 -1.11630814e+01  2.76596022e-01 
 6.30957344e+01 -1.11690378e+01  2.76406410e-01 
 6.38263486e+01 -1.11751245e+01  2.76212785e-01 
 6.45654229e+01 -1.11813441e+01  2.76015071e-01 
 6.53130553e+01 -1.11876994e+01  2.75813190e-01 
 6.60693448e+01 -1.11941931e+01  2.75607065e-01 
 6.68343918e+01 -1.12008280e+01  2.75396616e-01 
 6.76082975e+01 -1.12076070e+01  2.75181764e-01 
 6.83911647e+01 -1.12145329e+01  2.74962428e-01 
 6.91830971e+01 -1.12216088e+01  2.74738524e-01 
 6.99841996e+01 -1.12288375e+01  2.74509971e-01 
 7.07945784e+01 -1.12362222e+01  2.74276684e-01 
 7.16143410e+01 -1.12437659e+01  2.74038577e-01 
 7.24435960e+01 -1.12514718e+01  2.73795566e-01 
 7.32824533e+01 -1.12593430e+01  2.73547562e-01 
 7.41310241e+01 -1.12673829e+01  2.73294478e-01 
 7.49894209e+01 -1.12755946e+01  2.73036226e-01 
 7.58577575e+01 -1.12839815e+01  2.72772714e-01 
 7.67361489e+01 -1.12925471e+01  2.72503853e-01 
 7.76247117e+01 -1.13012947e+01  2.72229551e-01 
 7.85235635e+01 -1.13102278e+01  2.71949716e-01 
 7.94328235e+01 -1.13193500e+01  2.71664255e-01 
 8.03526122e+01 -1.13286650e+01  2.71373073e-01 
 8.12830516e+01 -1.13381762e+01  2.71076076e-01 
 8.22242650e+01 -1.13478874e+01  2.70773169e-01 
 8.31763771e+01 -1.13578025e+01  2.70464256e-01 
 8.41395142e+01 -1.13679250e+01  2.70149239e-01 
 8.51138038e+01 -1.13782590e+01  2.69828022e-01 
 8.60993752e+01 -1.13888083e+01  2.69500507e-01 
 8.70963590e+01 -1.13995768e+01  2.69166594e-01 
 8.81048873e+01 -1.14105686e+01  2.68826186e-01 
 8.91250938e+01 -1.14217876e+01  2.68479183e-01 
 9.01571138e+01 -1.14332381e+01  2.68125486e-01 
 9.12010839e+01 -1.14449240e+01  2.67764993e-01 
 9.22571427e+01 -1.14568497e+01  2.67397605e-01 
 9.33254301e+01 -1.14690194e+01  2.67023221e-01 
 9.44060876e+01 -1.14814373e+01  2.66641741e-01 
 9.54992586e+01 -1.14941077e+01  2.66253063e-01 
 9.66050879e+01 -1.15070352e+01  2.65857087e-01 
 9.77237221e+01 -1.15202240e+01  2.65453711e-01 
 9.88553095e+01 -1.15336786e+01  2.65042835e-01 
 1.00000000e+02 -1.15474036e+01  2.64624358e-01 
 1.01157945e+02 -1.15614036e+01  2.64198180e-01 
 1.02329299e+02 -1.15756830e+01  2.63764201e-01 
 1.03514217e+02 -1.15902465e+01  2.63322320e-01 
 1.04712855e+02 -1.16050989e+01  2.62872438e-01 
 1.05925373e+02 -1.16202448e+01  2.62414458e-01 
 1.07151931e+02 -1.16356890e+01  2.61948279e-01 
 1.08392691e+02 -1.16514362e+01  2.61473806e-01 
 1.09647820e+02 -1.16674913e+01  2.60990941e-01 
 1.10917482e+02 -1.16838592e+01  2.60499589e-01 
 1.12201845e+02 -1.17005446e+01  2.59999655e-01 
 1.13501082e+02 -1.17175525e+01  2.59491045e-01 
 1.14815362e+02 -1.17348879e+01  2.58973667e-01 
 1.16144861e+02 -1.17525556e+01  2.58447430e-01 
 1.17489755e+02 -1.17705608e+01  2.57912244e-01 
 1.18850223e+02 -1.17889084e+01  2.57368020e-01 
 1.20226443e+02 -1.18076034e+01  2.56814672e-01 
 1.21618600e+02 -1.18266508e+01  2.56252116e-01 
 1.23026877e+02 -1.18460558e+01  2.55680268e-01 
 1.24451461e+02 -1.18658233e+01  2.55099046e-01 
 1.25892541e+02 -1.18859585e+01  2.54508372e-01 
 1.27350308e+02 -1.19064665e+01  2.53908169e-01 
 1.28824955e+02 -1.19273524e+01  2.53298363e-01 
 1.30316678e+02 -1.19486211e+01  2.52678880e-01 
 1.31825674e+02 -1.19702780e+01  2.52049651e-01 
 1.33352143e+02 -1.19923280e+01  2.51410610e-01 
 1.34896288e+02 -1.20147762e+01  2.50761692e-01 
 1.36458314e+02 -1.20376277e+01  2.50102836e-01 
 1.38038426e+02 -1.20608876e+01  2.49433982e-01 
 1.39636836e+02 -1.20845610e+01  2.48755076e-01 
 1.41253754e+02 -1.21086528e+01  2.48066066e-01 
 1.42889396e+02 -1.21331681e+01  2.47366904e-01 
 1.44543977e+02 -1.21581120e+01  2.46657543e-01 
 1.46217717e+02 -1.21834893e+01  2.45937943e-01 
 1.47910839e+02 -1.22093050e+01  2.45208066e-01 
 1.49623566e+02 -1.22355640e+01  2.44467877e-01 
 1.51356125e+02 -1.22622712e+01  2.43717347e-01 
 1.53108746e+02 -1.22894313e+01  2.42956450e-01 
 1.54881662e+02 -1.23170493e+01  2.42185164e-01 
 1.56675107e+02 -1.23451298e+01  2.41403470e-01 
 1.58489319e+02 -1.23736775e+01  2.40611357e-01 
 1.60324539e+02 -1.24026971e+01  2.39808816e-01 
 1.62181010e+02 -1.24321931e+01  2.38995842e-01 
 1.64058977e+02 -1.24621700e+01  2.38172436e-01 
 1.65958691e+02 -1.24926323e+01  2.37338604e-01 
 1.67880402e+02 -1.25235844e+01  2.36494355e-01 
 1.69824365e+02 -1.25550306e+01  2.35639706e-01 
 1.71790839e+02 -1.25869750e+01  2.34774676e-01 
 1.73780083e+02 -1.26194219e+01  2.33899290e-01 
 1.75792361e+02 -1.26523754e+01  2.33013579e-01 
 1.77827941e+02 -1.26858394e+01  2.32117579e-01 
 1.79887092e+02 -1.27198177e+01  2.31211331e-01 
 1.81970086e+02 -1.27543143e+01  2.30294881e-01 
 1.84077200e+02 -1.27893328e+01  2.29368281e-01 
 1.86208714e+02 -1.28248768e+01  2.28431588e-01 
 1.88364909e+02 -1.28609499e+01  2.27484865e-01 
 1.90546072e+02 -1.28975553e+01  2.26528179e-01 
 1.92752491e+02 -1.29346965e+01  2.25561605e-01 
 1.94984460e+02 -1.29723765e+01  2.24585222e-01 
 1.97242274e+02 -1.30105985e+01  2.23599113e-01 
 1.99526231e+02 -1.30493653e+01  2.22603371e-01 
 2.01836636e+02 -1.30886798e+01  2.21598090e-01 
 2.04173794e+02 -1.31285446e+01  2.20583371e-01 
 2.06538016e+02 -1.31689624e+01  2.19559321e-01 
 2.08929613e+02 -1.32099356e+01  2.18526053e-01 
 2.11348904e+02 -1.32514664e+01  2.17483683e-01 
 2.13796209e+02 -1.32935571e+01  2.16432336e-01 
 2.16271852e+02 -1.33362096e+01  2.15372139e-01 
 2.18776162e+02 -1.33794258e+01  2.14303226e-01 
 2.21309471e+02 -1.34232076e+01  2.13225735e-01 
 2.23872114e+02 -1.34675565e+01  2.12139810e-01 
 2.26464431e+02 -1.35124739e+01  2.11045601e-01 
 2.29086765e+02 -1.35579613e+01  2.09943260e-01 
 2.31739465e+02 -1.36040196e+01  2.08832947e-01 
 2.34422882e+02 -1.36506501e+01  2.07714825e-01 
 2.37137371e+02 -1.36978535e+01  2.06589062e-01 
 2.39883292e+02 -1.37456306e+01  2.05455830e-01 
 2.42661010e+02 -1.37939819e+01  2.04315307e-01 
 2.45470892e+02 -1.38429079e+01  2.03167672e-01 
 2.48313311e+02 -1.38924088e+01  2.02013113e-01 
 2.51188643e+02 -1.39424847e+01  2.00851817e-01 
 2.54097271e+02 -1.39931356e+01  1.99683978e-01 
 2.57039578e+02 -1.40443613e+01  1.98509792e-01 
 2.60015956e+02 -1.40961615e+01  1.97329459e-01 
 2.63026799e+02 -1.41485356e+01  1.96143183e-01 
 2.66072506e+02 -1.42014830e+01  1.94951171e-01 
 2.69153480e+02 -1.42550029e+01  1.93753632e-01 
 2.72270131e+02 -1.43090944e+01  1.92550779e-01 
 2.75422870e+02 -1.43637563e+01  1.91342826e-01 
 2.78612117e+02 -1.44189874e+01  1.90129992e-01 
 2.81838293e+02 -1.44747863e+01  1.88912495e-01 
 2.85101827e+02 -1.45311515e+01  1.87690559e-01 
 2.88403150e+02 -1.45880812e+01  1.86464405e-01 
 2.91742701e+02 -1.46455737e+01  1.85234261e-01 
 2.95120923e+02 -1.47036269e+01  1.84000352e-01 
 2.98538262e+02 -1.47622388e+01  1.82762907e-01 
 3.01995172e+02 -1.48214072e+01  1.81522156e-01 
 3.05492111e+02 -1.48811296e+01  1.80278328e-01 
 3.09029543e+02 -1.49414035e+01  1.79031655e-01 
 3.12607937e+02 -1.50022263e+01  1.77782368e-01 
 3.16227766e+02 -1.50635952e+01  1.76530698e-01 
 3.19889511e+02 -1.51255075e+01  1.75276877e-01 
 3.23593657e+02 -1.51879599e+01  1.74021139e-01 
 3.27340695e+02 -1.52509494e+01  1.72763713e-01 
 3.31131121e+02 -1.53144728e+01  1.71504832e-01 
 3.34965439e+02 -1.53785267e+01  1.70244725e-01 
 3.38844156e+02 -1.54431077e+01  1.68983623e-01 
 3.42767787e+02 -1.55082121e+01  1.67721754e-01 
 3.46736850e+02 -1.55738363e+01  1.66459346e-01 
 3.50751874e+02 -1.56399766e+01  1.65196626e-01 
 3.54813389e+02 -1.57066290e+01  1.63933817e-01 
 3.58921935e+02 -1.57737896e+01  1.62671144e-01 
 3.63078055e+02 -1.58414543e+01  1.61408828e-01 
 3.67282300e+02 -1.59096191e+01  1.60147088e-01 
 3.71535229e+02 -1.59782796e+01  1.58886142e-01 
 3.75837404e+02 -1.60474316e+01  1.57626204e-01 
 3.80189396e+02 -1.61170708e+01  1.56367488e-01 
 3.84591782e+02 -1.61871926e+01  1.55110204e-01 
 3.89045145e+02 -1.62577927e+01  1.53854558e-01 
 3.93550075e+02 -1.63288663e+01  1.52600756e-01 
 3.98107171e+02 -1.64004089e+01  1.51349001e-01 
 4.02717034e+02 -1.64724157e+01  1.50099490e-01 
 4.07380278e+02 -1.65448820e+01  1.48852419e-01 
 4.12097519e+02 -1.66178031e+01  1.47607982e-01 
 4.16869383e+02 -1.66911741e+01  1.46366368e-01 
 4.21696503e+02 -1.67649901e+01  1.45127762e-01 
 4.26579519e+02 -1.68392461e+01  1.43892347e-01 
 4.31519077e+02 -1.69139372e+01  1.42660302e-01 
 4.36515832e+02 -1.69890585e+01  1.41431802e-01 
 4.41570447e+02 -1.70646048e+01  1.40207020e-01 
 4.46683592e+02 -1.71405712e+01  1.38986123e-01 
 4.51855944e+02 -1.72169525e+01  1.37769275e-01 
 4.57088190e+02 -1.72937438e+01  1.36556637e-01 
 4.62381021e+02 -1.73709397e+01  1.35348365e-01 
 4.67735141e+02 -1.74485353e+01  1.34144612e-01 
 4.73151259e+02 -1.75265254e+01  1.32945527e-01 
 4.78630092e+02 -1.76049049e+01  1.31751254e-01 
 4.84172368e+02 -1.76836685e+01  1.30561934e-01 
 4.89778819e+02 -1.77628112e+01  1.29377704e-01 
 4.95450191e+02 -1.78423278e+01  1.28198697e-01 
 5.01187234e+02 -1.79222131e+01  1.27025042e-01 
 5.06990708e+02 -1.80024620e+01  1.25856862e-01 
 5.12861384e+02 -1.80830694e+01  1.24694279e-01 
 5.18800039e+02 -1.81640301e+01  1.23537410e-01 
 5.24807460e+02 -1.82453391e+01  1.22386368e-01 
 5.30884444e+02 -1.83269912e+01  1.21241260e-01 
 5.37031796e+02 -1.84089812e+01  1.20102193e-01 
 5.43250331e+02 -1.84913043e+01  1.18969266e-01 
 5.49540874e+02 -1.85739553e+01  1.17842577e-01 
 5.55904257e+02 -1.86569293e+01  1.16722219e-01 
 5.62341325e+02 -1.87402211e+01  1.15608282e-01 
 5.68852931e+02 -1.88238259e+01  1.14500849e-01 
 5.75439937e+02 -1.89077387e+01  1.13400003e-01 
 5.82103218e+02 -1.89919545e+01  1.12305823e-01 
 5.88843655e+02 -1.90764686e+01  1.11218381e-01 
 5.95662144e+02 -1.91612760e+01  1.10137750e-01 
 6.02559586e+02 -1.92463720e+01  1.09063995e-01 
 6.09536897e+02 -1.93317518e+01  1.07997179e-01 
 6.16595002e+02 -1.94174105e+01  1.06937364e-01 
 6.23734835e+02 -1.95033436e+01  1.05884605e-01 
 6.30957344e+02 -1.95895463e+01  1.04838955e-01 
 6.38263486e+02 -1.96760141e+01  1.03800465e-01 
 6.45654229e+02 -1.97627422e+01  1.02769179e-01 
 6.53130553e+02 -1.98497263e+01  1.01745142e-01 
 6.60693448e+02 -1.99369618e+01  1.00728394e-01 
 6.68343918e+02 -2.00244442e+01  9.97189719e-02 
 6.76082975e+02 -2.01121691e+01  9.87169088e-02 
 6.83911647e+02 -2.02001321e+01  9.77222357e-02 
 6.91830971e+02 -2.02883290e+01  9.67349812e-02 
 6.99841996e+02 -2.03767554e+01  9.57551701e-02 
 7.07945784e+02 -2.04654070e+01  9.47828248e-02 
 7.16143410e+02 -2.05542798e+01  9.38179648e-02 
 7.24435960e+02 -2.06433696e+01  9.28606074e-02 
 7.32824533e+02 -2.07326723e+01  9.19107664e-02 
 7.41310241e+02 -2.08221837e+01  9.09684539e-02 
 7.49894209e+02 -2.09119000e+01  9.00336793e-02 
 7.58577575e+02 -2.10018172e+01  8.91064496e-02 
 7.67361489e+02 -2.10919314e+01  8.81867692e-02 
 7.76247117e+02 -2.11822386e+01  8.72746405e-02 
 7.85235635e+02 -2.12727352e+01  8.63700638e-02 
 7.94328235e+02 -2.13634173e+01  8.54730367e-02 
 8.03526122e+02 -2.14542813e+01  8.45835555e-02 
 8.12830516e+02 -2.15453234e+01  8.37016138e-02 
 8.22242650e+02 -2.16365400e+01  8.28272035e-02 
 8.31763771e+02 -2.17279277e+01  8.19603143e-02 
 8.41395142e+02 -2.18194828e+01  8.11009349e-02 
 8.51138038e+02 -2.19112019e+01  8.02490512e-02 
 8.60993752e+02 -2.20030815e+01  7.94046481e-02 
 8.70963590e+02 -2.20951183e+01  7.85677082e-02 
 8.81048873e+02 -2.21873089e+01  7.77382131e-02 
 8.91250938e+02 -2.22796501e+01  7.69161427e-02 
 9.01571138e+02 -2.23721385e+01  7.61014748e-02 
 9.12010839e+02 -2.24647711e+01  7.52941866e-02 
 9.22571427e+02 -2.25575446e+01  7.44942534e-02 
 9.33254301e+02 -2.26504559e+01  7.37016493e-02 
 9.44060876e+02 -2.27435019e+01  7.29163471e-02 
 9.54992586e+02 -2.28366797e+01  7.21383183e-02 
 9.66050879e+02 -2.29299863e+01  7.13675334e-02 
 9.77237221e+02 -2.30234186e+01  7.06039615e-02 
 9.88553095e+02 -2.31169739e+01  6.98475709e-02 
 1.00000000e+03 -2.32106492e+01  6.90983285e-02 
 1.01157945e+03 -2.33044417e+01  6.83562004e-02 
 1.02329299e+03 -2.33983487e+01  6.76211519e-02 
 1.03514217e+03 -2.34923674e+01  6.68931471e-02 
 1.04712855e+03 -2.35864952e+01  6.61721493e-02 
 1.05925373e+03 -2.36807293e+01  6.54581212e-02 
 1.07151931e+03 -2.37750671e+01  6.47510243e-02 
 1.08392691e+03 -2.38695062e+01  6.40508198e-02 
 1.09647820e+03 -2.39640438e+01  6.33574678e-02 
 1.10917482e+03 -2.40586775e+01  6.26709281e-02 
 1.12201845e+03 -2.41534048e+01  6.19911595e-02 
 1.13501082e+03 -2.42482233e+01  6.13181204e-02 
 1.14815362e+03 -2.43431306e+01  6.06517688e-02 
 1.16144861e+03 -2.44381243e+01  5.99920617e-02 
 1.17489755e+03 -2.45332019e+01  5.93389562e-02 
 1.18850223e+03 -2.46283614e+01  5.86924083e-02 
 1.20226443e+03 -2.47236003e+01  5.80523741e-02 
 1.21618600e+03 -2.48189164e+01  5.74188091e-02 
 1.23026877e+03 -2.49143075e+01  5.67916683e-02 
 1.24451461e+03 -2.50097713e+01  5.61709067e-02 
 1.25892541e+03 -2.51053058e+01  5.55564784e-02 
 1.27350308e+03 -2.52009088e+01  5.49483378e-02 
 1.28824955e+03 -2.52965782e+01  5.43464387e-02 
 1.30316678e+03 -2.53923119e+01  5.37507350e-02 
 1.31825674e+03 -2.54881078e+01  5.31611799e-02 
 1.33352143e+03 -2.55839639e+01  5.25777267e-02 
 1.34896288e+03 -2.56798782e+01  5.20003286e-02 
 1.36458314e+03 -2.57758488e+01  5.14289384e-02 
 1.38038426e+03 -2.58718736e+01  5.08635091e-02 
 1.39636836e+03 -2.59679508e+01  5.03039933e-02 
 1.41253754e+03 -2.60640783e+01  4.97503437e-02 
 1.42889396e+03 -2.61602543e+01  4.92025128e-02 
 1.44543977e+03 -2.62564770e+01  4.86604532e-02 
 1.46217717e+03 -2.63527445e+01  4.81241173e-02 
 1.47910839e+03 -2.64490548e+01  4.75934577e-02 
 1.49623566e+03 -2.65454063e+01  4.70684269e-02 
 1.51356125e+03 -2.66417971e+01  4.65489774e-02 
 1.53108746e+03 -2.67382254e+01  4.60350617e-02 
 1.54881662e+03 -2.68346895e+01  4.55266325e-02 
 1.56675107e+03 -2.69311875e+01  4.50236423e-02 
 1.58489319e+03 -2.70277178e+01  4.45260441e-02 
 1.60324539e+03 -2.71242786e+01  4.40337905e-02 
 1.62181010e+03 -2.72208681e+01  4.35468348e-02 
 1.64058977e+03 -2.73174848e+01  4.30651298e-02 
 1.65958691e+03 -2.74141269e+01  4.25886287e-02 
 1.67880402e+03 -2.75107927e+01  4.21172849e-02 
 1.69824365e+03 -2.76074805e+01  4.16510521e-02 
 1.71790839e+03 -2.77041887e+01  4.11898837e-02 
 1.73780083e+03 -2.78009156e+01  4.07337336e-02 
 1.75792361e+03 -2.78976596e+01  4.02825559e-02 
 1.77827941e+03 -2.79944191e+01  3.98363047e-02 
 1.79887092e+03 -2.80911923e+01  3.93949345e-02 
 1.81970086e+03 -2.81879778e+01  3.89583998e-02 
 1.84077200e+03 -2.82847738e+01  3.85266556e-02 
 1.86208714e+03 -2.83815787e+01  3.80996567e-02 
 1.88364909e+03 -2.84783910e+01  3.76773586e-02 
 1.90546072e+03 -2.85752090e+01  3.72597167e-02 
 1.92752491e+03 -2.86720312e+01  3.68466867e-02 
 1.94984460e+03 -2.87688558e+01  3.64382247e-02 
 1.97242274e+03 -2.88656813e+01  3.60342870e-02 
 1.99526231e+03 -2.89625062e+01  3.56348300e-02 
 2.01836636e+03 -2.90593287e+01  3.52398106e-02 
 2.04173794e+03 -2.91561473e+01  3.48491856e-02 
 2.06538016e+03 -2.92529604e+01  3.44629125e-02 
 2.08929613e+03 -2.93497664e+01  3.40809489e-02 
 2.11348904e+03 -2.94465637e+01  3.37032525e-02 
 2.13796209e+03 -2.95433506e+01  3.33297818e-02 
 2.16271852e+03 -2.96401255e+01  3.29604948e-02 
 2.18776162e+03 -2.97368869e+01  3.25953506e-02 
 2.21309471e+03 -2.98336330e+01  3.22343080e-02 
 2.23872114e+03 -2.99303622e+01  3.18773265e-02 
 2.26464431e+03 -3.00270729e+01  3.15243655e-02 
 2.29086765e+03 -3.01237635e+01  3.11753850e-02 
 2.31739465e+03 -3.02204322e+01  3.08303453e-02 
 2.34422882e+03 -3.03170775e+01  3.04892069e-02 
 2.37137371e+03 -3.04136975e+01  3.01519306e-02 
 2.39883292e+03 -3.05102907e+01  2.98184775e-02 
 2.42661010e+03 -3.06068553e+01  2.94888091e-02 
 2.45470892e+03 -3.07033896e+01  2.91628872e-02 
 2.48313311e+03 -3.07998919e+01  2.88406738e-02 
 2.51188643e+03 -3.08963605e+01  2.85221313e-02 
 2.54097271e+03 -3.09927935e+01  2.82072224e-02 
 2.57039578e+03 -3.10891893e+01  2.78959101e-02 
 2.60015956e+03 -3.11855460e+01  2.75881578e-02 
 2.63026799e+03 -3.12818618e+01  2.72839290e-02 
 2.66072506e+03 -3.13781349e+01  2.69831877e-02 
 2.69153480e+03 -3.14743635e+01  2.66858982e-02 
 2.72270131e+03 -3.15705457e+01  2.63920251e-02 
 2.75422870e+03 -3.16666796e+01  2.61015332e-02 
 2.78612117e+03 -3.17627634e+01  2.58143878e-02 
 2.81838293e+03 -3.18587951e+01  2.55305544e-02 
 2.85101827e+03 -3.19547728e+01  2.52499986e-02 
 2.88403150e+03 -3.20506946e+01  2.49726869e-02 
 2.91742701e+03 -3.21465583e+01  2.46985856e-02 
 2.95120923e+03 -3.22423622e+01  2.44276614e-02 
 2.98538262e+03 -3.23381040e+01  2.41598814e-02 
 3.01995172e+03 -3.24337819e+01  2.38952130e-02 
 3.05492111e+03 -3.25293936e+01  2.36336240e-02 
 3.09029543e+03 -3.26249371e+01  2.33750822e-02 
 3.12607937e+03 -3.27204102e+01  2.31195560e-02 
 3.16227766e+03 -3.28158109e+01  2.28670140e-02 
 3.19889511e+03 -3.29111368e+01  2.26174251e-02 
 3.23593657e+03 -3.30063858e+01  2.23707584e-02 
 3.27340695e+03 -3.31015557e+01  2.21269836e-02 
 3.31131121e+03 -3.31966441e+01  2.18860705e-02 
 3.34965439e+03 -3.32916488e+01  2.16479890e-02 
 3.38844156e+03 -3.33865674e+01  2.14127097e-02 
 3.42767787e+03 -3.34813976e+01  2.11802031e-02 
 3.46736850e+03 -3.35761369e+01  2.09504404e-02 
 3.50751874e+03 -3.36707829e+01  2.07233927e-02 
 3.54813389e+03 -3.37653331e+01  2.04990317e-02 
 3.58921935e+03 -3.38597850e+01  2.02773291e-02 
 3.63078055e+03 -3.39541361e+01  2.00582571e-02 
 3.67282300e+03 -3.40483838e+01  1.98417881e-02 
 3.71535229e+03 -3.41425255e+01  1.96278949e-02 
 3.75837404e+03 -3.42365585e+01  1.94165503e-02 
 3.80189396e+03 -3.43304802e+01  1.92077277e-02 
 3.84591782e+03 -3.44242877e+01  1.90014006e-02 
 3.89045145e+03 -3.45179784e+01  1.87975427e-02 
 3.93550075e+03 -3.46115494e+01  1.85961282e-02 
 3.98107171e+03 -3.47049978e+01  1.83971314e-02 
 4.02717034e+03 -3.47983208e+01  1.82005268e-02 
 4.07380278e+03 -3.48915155e+01  1.80062894e-02 
 4.12097519e+03 -3.49845788e+01  1.78143943e-02 
 4.16869383e+03 -3.50775077e+01  1.76248169e-02 
 4.21696503e+03 -3.51702993e+01  1.74375328e-02 
 4.26579519e+03 -3.52629503e+01  1.72525179e-02 
 4.31519077e+03 -3.53554576e+01  1.70697484e-02 
 4.36515832e+03 -3.54478180e+01  1.68892008e-02 
 4.41570447e+03 -3.55400284e+01  1.67108516e-02 
 4.46683592e+03 -3.56320853e+01  1.65346778e-02 
 4.51855944e+03 -3.57239855e+01  1.63606565e-02 
 4.57088190e+03 -3.58157256e+01  1.61887651e-02 
 4.62381021e+03 -3.59073021e+01  1.60189813e-02 
 4.67735141e+03 -3.59987117e+01  1.58512829e-02 
 4.73151259e+03 -3.60899507e+01  1.56856480e-02 
 4.78630092e+03 -3.61810157e+01  1.55220550e-02 
 4.84172368e+03 -3.62719029e+01  1.53604824e-02 
 4.89778819e+03 -3.63626088e+01  1.52009090e-02 
 4.95450191e+03 -3.64531296e+01  1.50433140e-02 
 5.01187234e+03 -3.65434617e+01  1.48876763e-02 
 5.06990708e+03 -3.66336011e+01  1.47339756e-02 
 5.12861384e+03 -3.67235440e+01  1.45821916e-02 
 5.18800039e+03 -3.68132865e+01  1.44323041e-02 
 5.24807460e+03 -3.69028248e+01  1.42842933e-02 
 5.30884444e+03 -3.69921548e+01  1.41381395e-02 
 5.37031796e+03 -3.70812724e+01  1.39938232e-02 
 5.43250331e+03 -3.71701735e+01  1.38513251e-02 
 5.49540874e+03 -3.72588541e+01  1.37106263e-02 
 5.55904257e+03 -3.73473100e+01  1.35717079e-02 
 5.62341325e+03 -3.74355368e+01  1.34345511e-02 
 5.68852931e+03 -3.75235304e+01  1.32991376e-02 
 5.75439937e+03 -3.76112864e+01  1.31654491e-02 
 5.82103218e+03 -3.76988005e+01  1.30334675e-02 
 5.88843655e+03 -3.77860682e+01  1.29031750e-02 
 5.95662144e+03 -3.78730852e+01  1.27745539e-02 
 6.02559586e+03 -3.79598468e+01  1.26475866e-02 
 6.09536897e+03 -3.80463485e+01  1.25222558e-02 
 6.16595002e+03 -3.81325859e+01  1.23985445e-02 
 6.23734835e+03 -3.82185542e+01  1.22764356e-02 
 6.30957344e+03 -3.83042488e+01  1.21559124e-02 
 6.38263486e+03 -3.83896650e+01  1.20369582e-02 
 6.45654229e+03 -3.84747980e+01  1.19195566e-02 
 6.53130553e+03 -3.85596431e+01  1.18036913e-02 
 6.60693448e+03 -3.86441955e+01  1.16893463e-02 
 6.68343918e+03 -3.87284503e+01  1.15765056e-02 
 6.76082975e+03 -3.88124026e+01  1.14651534e-02 
 6.83911647e+03 -3.88960476e+01  1.13552740e-02 
 6.91830971e+03 -3.89793803e+01  1.12468521e-02 
 6.99841996e+03 -3.90623957e+01  1.11398723e-02 
 7.07945784e+03 -3.91450889e+01  1.10343195e-02 
 7.16143410e+03 -3.92274547e+01  1.09301787e-02 
 7.24435960e+03 -3.93094883e+01  1.08274350e-02 
 7.32824533e+03 -3.93911845e+01  1.07260737e-02 
 7.41310241e+03 -3.94725382e+01  1.06260802e-02 
 7.49894209e+03 -3.95535444e+01  1.05274402e-02 
 7.58577575e+03 -3.96341979e+01  1.04301393e-02 
 7.67361489e+03 -3.97144935e+01  1.03341634e-02 
 7.76247117e+03 -3.97944263e+01  1.02394985e-02 
 7.85235635e+03 -3.98739910e+01  1.01461307e-02 
 7.94328235e+03 -3.99531824e+01  1.00540463e-02 
 8.03526122e+03 -4.00319955e+01  9.96323163e-03 
 8.12830516e+03 -4.01104250e+01  9.87367323e-03 
 8.22242650e+03 -4.01884659e+01  9.78535774e-03 
 8.31763771e+03 -4.02661129e+01  9.69827190e-03 
 8.41395142e+03 -4.03433610e+01  9.61240260e-03 
 8.51138038e+03 -4.04202049e+01  9.52773685e-03 
 8.60993752e+03 -4.04966397e+01  9.44426176e-03 
 8.70963590e+03 -4.05726601e+01  9.36196456e-03 
 8.81048873e+03 -4.06482612e+01  9.28083260e-03 
 8.91250938e+03 -4.07234379e+01  9.20085331e-03 
 9.01571138e+03 -4.07981850e+01  9.12201428e-03 
 9.12010839e+03 -4.08724978e+01  9.04430318e-03 
 9.22571427e+03 -4.09463710e+01  8.96770780e-03 
 9.33254301e+03 -4.10197999e+01  8.89221599e-03 
 9.44060876e+03 -4.10927796e+01  8.81781572e-03 
 9.54992586e+03 -4.11653052e+01  8.74449512e-03 
 9.66050879e+03 -4.12373719e+01  8.67224235e-03 
 9.77237221e+03 -4.13089749e+01  8.60104571e-03 
 9.88553095e+03 -4.13801096e+01  8.53089354e-03 
 1.00000000e+04 -4.14507712e+01  8.46177434e-03 
 1.01157945e+04 -4.15209553e+01  8.39367665e-03 
 1.02329299e+04 -4.15906573e+01  8.32658917e-03 
 1.03514217e+04 -4.16598727e+01  8.26050057e-03 
 1.04712855e+04 -4.17285972e+01  8.19539972e-03 
 1.05925373e+04 -4.17968264e+01  8.13127554e-03 
 1.07151931e+04 -4.18645562e+01  8.06811702e-03 
 1.08392691e+04 -4.19317824e+01  8.00591325e-03 
 1.09647820e+04 -4.19985009e+01  7.94465340e-03 
 1.10917482e+04 -4.20647077e+01  7.88432675e-03 
 1.12201845e+04 -4.21303990e+01  7.82492256e-03 
 1.13501082e+04 -4.21955710e+01  7.76643029e-03 
 1.14815362e+04 -4.22602200e+01  7.70883940e-03 
 1.16144861e+04 -4.23243425e+01  7.65213947e-03 
 1.17489755e+04 -4.23879348e+01  7.59632015e-03 
 1.18850223e+04 -4.24509937e+01  7.54137114e-03 
 1.20226443e+04 -4.25135159e+01  7.48728223e-03 
 1.21618600e+04 -4.25754983e+01  7.43404328e-03 
 1.23026877e+04 -4.26369378e+01  7.38164422e-03 
 1.24451461e+04 -4.26978316e+01  7.33007505e-03 
 1.25892541e+04 -4.27581768e+01  7.27932586e-03 
 1.27350308e+04 -4.28179708e+01  7.22938680e-03 
 1.28824955e+04 -4.28772110e+01  7.18024806e-03 
 1.30316678e+04 -4.29358952e+01  7.13189993e-03 
 1.31825674e+04 -4.29940209e+01  7.08433277e-03 
 1.33352143e+04 -4.30515862e+01  7.03753698e-03 
 1.34896288e+04 -4.31085889e+01  6.99150309e-03 
 1.36458314e+04 -4.31650273e+01  6.94622158e-03 
 1.38038426e+04 -4.32208997e+01  6.90168310e-03 
 1.39636836e+04 -4.32762044e+01  6.85787837e-03 
 1.41253754e+04 -4.33309402e+01  6.81479807e-03 
 1.42889396e+04 -4.33851056e+01  6.77243303e-03 
 1.44543977e+04 -4.34386996e+01  6.73077416e-03 
 1.46217717e+04 -4.34917212e+01  6.68981238e-03 
 1.47910839e+04 -4.35441697e+01  6.64953868e-03 
 1.49623566e+04 -4.35960442e+01  6.60994414e-03 
 1.51356125e+04 -4.36473444e+01  6.57101988e-03 
 1.53108746e+04 -4.36980697e+01  6.53275714e-03 
 1.54881662e+04 -4.37482202e+01  6.49514711e-03 
 1.56675107e+04 -4.37977955e+01  6.45818116e-03 
 1.58489319e+04 -4.38467960e+01  6.42185067e-03 
 1.60324539e+04 -4.38952217e+01  6.38614707e-03 
 1.62181010e+04 -4.39430731e+01  6.35106188e-03 
 1.64058977e+04 -4.39903508e+01  6.31658668e-03 
 1.65958691e+04 -4.40370554e+01  6.28271313e-03 
 1.67880402e+04 -4.40831878e+01  6.24943289e-03 
 1.69824365e+04 -4.41287490e+01  6.21673775e-03 
 1.71790839e+04 -4.41737402e+01  6.18461956e-03 
 1.73780083e+04 -4.42181626e+01  6.15307018e-03 
 1.75792361e+04 -4.42620177e+01  6.12208158e-03 
 1.77827941e+04 -4.43053071e+01  6.09164581e-03 
 1.79887092e+04 -4.43480325e+01  6.06175492e-03 
 1.81970086e+04 -4.43901958e+01  6.03240109e-03 
 1.84077200e+04 -4.44317990e+01  6.00357652e-03 
 1.86208714e+04 -4.44728442e+01  5.97527351e-03 
 1.88364909e+04 -4.45133338e+01  5.94748441e-03 
 1.90546072e+04 -4.45532700e+01  5.92020163e-03 
 1.92752491e+04 -4.45926556e+01  5.89341765e-03 
 1.94984460e+04 -4.46314932e+01  5.86712501e-03 
 1.97242274e+04 -4.46697854e+01  5.84131636e-03 
 1.99526231e+04 -4.47075354e+01  5.81598434e-03 
 2.01836636e+04 -4.47447461e+01  5.79112172e-03 
 2.04173794e+04 -4.47814207e+01  5.76672131e-03 
 2.06538016e+04 -4.48175625e+01  5.74277600e-03 
 2.08929613e+04 -4.48531747e+01  5.71927875e-03 
 2.11348904e+04 -4.48882610e+01  5.69622258e-03 
 2.13796209e+04 -4.49228249e+01  5.67360055e-03 
 2.16271852e+04 -4.49568701e+01  5.65140585e-03 
 2.18776162e+04 -4.49904003e+01  5.62963169e-03 
 2.21309471e+04 -4.50234196e+01  5.60827140e-03 
 2.23872114e+04 -4.50559318e+01  5.58731829e-03 
 2.26464431e+04 -4.50879409e+01  5.56676583e-03 
 2.29086765e+04 -4.51194513e+01  5.54660751e-03 
 2.31739465e+04 -4.51504670e+01  5.52683694e-03 
 2.34422882e+04 -4.51809923e+01  5.50744772e-03 
 2.37137371e+04 -4.52110317e+01  5.48843358e-03 
 2.39883292e+04 -4.52405896e+01  5.46978832e-03 
 2.42661010e+04 -4.52696705e+01  5.45150577e-03 
 2.45470892e+04 -4.52982789e+01  5.43357987e-03 
 2.48313311e+04 -4.53264195e+01  5.41600462e-03 
 2.51188643e+04 -4.53540969e+01  5.39877407e-03 
 2.54097271e+04 -4.53813159e+01  5.38188239e-03 
 2.57039578e+04 -4.54080813e+01  5.36532375e-03 
 2.60015956e+04 -4.54343979e+01  5.34909244e-03 
 2.63026799e+04 -4.54602706e+01  5.33318283e-03 
 2.66072506e+04 -4.54857042e+01  5.31758930e-03 
 2.69153480e+04 -4.55107036e+01  5.30230638e-03 
 2.72270131e+04 -4.55352740e+01  5.28732860e-03 
 2.75422870e+04 -4.55594201e+01  5.27265060e-03 
 2.78612117e+04 -4.55831472e+01  5.25826709e-03 
 2.81838293e+04 -4.56064601e+01  5.24417282e-03 
 2.85101827e+04 -4.56293640e+01  5.23036265e-03 
 2.88403150e+04 -4.56518638e+01  5.21683148e-03 
 2.91742701e+04 -4.56739648e+01  5.20357427e-03 
 2.95120923e+04 -4.56956720e+01  5.19058609e-03 
 2.98538262e+04 -4.57169905e+01  5.17786204e-03 
 3.01995172e+04 -4.57379253e+01  5.16539733e-03 
 3.05492111e+04 -4.57584817e+01  5.15318717e-03 
 3.09029543e+04 -4.57786645e+01  5.14122692e-03 
 3.12607937e+04 -4.57984791e+01  5.12951194e-03 
 3.16227766e+04 -4.58179304e+01  5.11803770e-03 
 3.19889511e+04 -4.58370235e+01  5.10679971e-03 
 3.23593657e+04 -4.58557635e+01  5.09579357e-03 
 3.27340695e+04 -4.58741554e+01  5.08501492e-03 
 3.31131121e+04 -4.58922042e+01  5.07445948e-03 
 3.34965439e+04 -4.59099150e+01  5.06412305e-03 
 3.38844156e+04 -4.59272927e+01  5.05400146e-03 
 3.42767787e+04 -4.59443424e+01  5.04409063e-03 
 3.46736850e+04 -4.59610689e+01  5.03438653e-03 
 3.50751874e+04 -4.59774771e+01  5.02488522e-03 
 3.54813389e+04 -4.59935720e+01  5.01558277e-03 
 3.58921935e+04 -4.60093583e+01  5.00647537e-03 
 3.63078055e+04 -4.60248410e+01  4.99755924e-03 
 3.67282300e+04 -4.60400248e+01  4.98883066e-03 
 3.71535229e+04 -4.60549144e+01  4.98028598e-03 
 3.75837404e+04 -4.60695145e+01  4.97192161e-03 
 3.80189396e+04 -4.60838300e+01  4.96373402e-03 
 3.84591782e+04 -4.60978653e+01  4.95571973e-03 
 3.89045145e+04 -4.61116250e+01  4.94787532e-03 
 3.93550075e+04 -4.61251139e+01  4.94019744e-03 
 3.98107171e+04 -4.61383363e+01  4.93268278e-03 
 4.02717034e+04 -4.61512967e+01  4.92532811e-03 
 4.07380278e+04 -4.61639995e+01  4.91813022e-03 
 4.12097519e+04 -4.61764492e+01  4.91108598e-03 
 4.16869383e+04 -4.61886501e+01  4.90419233e-03 
 4.21696503e+04 -4.62006065e+01  4.89744622e-03 
 4.26579519e+04 -4.62123226e+01  4.89084469e-03 
 4.31519077e+04 -4.62238025e+01  4.88438482e-03 
 4.36515832e+04 -4.62350506e+01  4.87806373e-03 
 4.41570447e+04 -4.62460708e+01  4.87187862e-03 
 4.46683592e+04 -4.62568672e+01  4.86582670e-03 
 4.51855944e+04 -4.62674439e+01  4.85990528e-03 
 4.57088190e+04 -4.62778047e+01  4.85411168e-03 
 4.62381021e+04 -4.62879536e+01  4.84844328e-03 
 4.67735141e+04 -4.62978944e+01  4.84289751e-03 
 4.73151259e+04 -4.63076310e+01  4.83747185e-03 
 4.78630092e+04 -4.63171670e+01  4.83216382e-03 
 4.84172368e+04 -4.63265062e+01  4.82697099e-03 
 4.89778819e+04 -4.63356523e+01  4.82189098e-03 
 4.95450191e+04 -4.63446087e+01  4.81692145e-03 
 5.01187234e+04 -4.63533792e+01  4.81206010e-03 
 5.06990708e+04 -4.63619671e+01  4.80730467e-03 
 5.12861384e+04 -4.63703759e+01  4.80265296e-03 
 5.18800039e+04 -4.63786090e+01  4.79810280e-03 
 5.24807460e+04 -4.63866698e+01  4.79365206e-03 
 5.30884444e+04 -4.63945616e+01  4.78929866e-03 
 5.37031796e+04 -4.64022875e+01  4.78504056e-03 
 5.43250331e+04 -4.64098509e+01  4.78087573e-03 
 5.49540874e+04 -4.64172548e+01  4.77680223e-03 
 5.55904257e+04 -4.64245023e+01  4.77281812e-03 
 5.62341325e+04 -4.64315965e+01  4.76892151e-03 
 5.68852931e+04 -4.64385404e+01  4.76511054e-03 
 5.75439937e+04 -4.64453369e+01  4.76138341e-03 
 5.82103218e+04 -4.64519890e+01  4.75773832e-03 
 5.88843655e+04 -4.64584994e+01  4.75417353e-03 
 5.95662144e+04 -4.64648710e+01  4.75068734e-03 
 6.02559586e+04 -4.64711066e+01  4.74727806e-03 
 6.09536897e+04 -4.64772088e+01  4.74394405e-03 
 6.16595002e+04 -4.64831804e+01  4.74068370e-03 
 6.23734835e+04 -4.64890239e+01  4.73749543e-03 
 6.30957344e+04 -4.64947420e+01  4.73437769e-03 
 6.38263486e+04 -4.65003371e+01  4.73132898e-03 
 6.45654229e+04 -4.65058117e+01  4.72834780e-03 
 6.53130553e+04 -4.65111683e+01  4.72543271e-03 
 6.60693448e+04 -4.65164094e+01  4.72258226e-03 
 6.68343918e+04 -4.65215371e+01  4.71979509e-03 
 6.76082975e+04 -4.65265539e+01  4.71706981e-03 
 6.83911647e+04 -4.65314621e+01  4.71440508e-03 
 6.91830971e+04 -4.65362638e+01  4.71179960e-03 
 6.99841996e+04 -4.65409612e+01  4.70925207e-03 
 7.07945784e+04 -4.65455566e+01  4.70676126e-03 
 7.16143410e+04 -4.65500520e+01  4.70432591e-03 
 7.24435960e+04 -4.65544494e+01  4.70194483e-03 
 7.32824533e+04 -4.65587510e+01  4.69961683e-03 
 7.41310241e+04 -4.65629587e+01  4.69734077e-03 
 7.49894209e+04 -4.65670744e+01  4.69511549e-03 
 7.58577575e+04 -4.65711001e+01  4.69293991e-03 
 7.67361489e+04 -4.65750377e+01  4.69081293e-03 
 7.76247117e+04 -4.65788890e+01  4.68873349e-03 
 7.85235635e+04 -4.65826559e+01  4.68670056e-03 
 7.94328235e+04 -4.65863400e+01  4.68471310e-03 
 8.03526122e+04 -4.65899432e+01  4.68277013e-03 
 8.12830516e+04 -4.65934672e+01  4.68087067e-03 
 8.22242650e+04 -4.65969135e+01  4.67901377e-03 
 8.31763771e+04 -4.66002840e+01  4.67719850e-03 
 8.41395142e+04 -4.66035801e+01  4.67542392e-03 
 8.51138038e+04 -4.66068035e+01  4.67368916e-03 
 8.60993752e+04 -4.66099557e+01  4.67199334e-03 
 8.70963590e+04 -4.66130382e+01  4.67033560e-03 
 8.81048873e+04 -4.66160526e+01  4.66871509e-03 
 8.91250938e+04 -4.66190002e+01  4.66713101e-03 
 9.01571138e+04 -4.66218825e+01  4.66558254e-03 
 9.12010839e+04 -4.66247008e+01  4.66406891e-03 
 9.22571427e+04 -4.66274567e+01  4.66258934e-03 
 9.33254301e+04 -4.66301513e+01  4.66114307e-03 
 9.44060876e+04 -4.66327861e+01  4.65972938e-03 
 9.54992586e+04 -4.66353623e+01  4.65834754e-03 
 9.66050879e+04 -4.66378811e+01  4.65699685e-03 
 9.77237221e+04 -4.66403439e+01  4.65567662e-03 
 9.88553095e+04 -4.66427517e+01  4.65438617e-03 
 1.00000000e+05 -4.66451059e+01  4.65312485e-03 
 1.01157945e+05 -4.66474075e+01  4.65189201e-03 
 1.02329299e+05 -4.66496577e+01  4.65068702e-03 
 1.03514217e+05 -4.66518577e+01  4.64950925e-03 
 1.04712855e+05 -4.66540084e+01  4.64835812e-03 
 1.05925373e+05 -4.66561110e+01  4.64723302e-03 
 1.07151931e+05 -4.66581665e+01  4.64613338e-03 
 1.08392691e+05 -4.66601760e+01  4.64505863e-03 
 1.09647820e+05 -4.66621404e+01  4.64400823e-03 
 1.10917482e+05 -4.66640607e+01  4.64298162e-03 
 1.12201845e+05 -4.66659379e+01  4.64197828e-03 
 1.13501082e+05 -4.66677729e+01  4.64099770e-03 
 1.14815362e+05 -4.66695667e+01  4.64003937e-03 
 1.16144861e+05 -4.66713201e+01  4.63910279e-03 
 1.17489755e+05 -4.66730340e+01  4.63818748e-03 
 1.18850223e+05 -4.66747093e+01  4.63729297e-03 
 1.20226443e+05 -4.66763468e+01  4.63641879e-03 
 1.21618600e+05 -4.66779474e+01  4.63556450e-03 
 1.23026877e+05 -4.66795119e+01  4.63472965e-03 
 1.24451461e+05 -4.66810410e+01  4.63391381e-03 
 1.25892541e+05 -4.66825355e+01  4.63311655e-03 
 1.27350308e+05 -4.66839962e+01  4.63233747e-03 
 1.28824955e+05 -4.66854238e+01  4.63157616e-03 
 1.30316678e+05 -4.66868191e+01  4.63083221e-03 
 1.31825674e+05 -4.66881827e+01  4.63010526e-03 
 1.33352143e+05 -4.66895154e+01  4.62939492e-03 
 1.34896288e+05 -4.66908178e+01  4.62870082e-03 
 1.36458314e+05 -4.66920906e+01  4.62802260e-03 
 1.38038426e+05 -4.66933344e+01  4.62735991e-03 
 1.39636836e+05 -4.66945499e+01  4.62671240e-03 
 1.41253754e+05 -4.66957377e+01  4.62607974e-03 
 1.42889396e+05 -4.66968984e+01  4.62546159e-03 
 1.44543977e+05 -4.66980326e+01  4.62485764e-03 
 1.46217717e+05 -4.66991409e+01  4.62426757e-03 
 1.47910839e+05 -4.67002238e+01  4.62369107e-03 
 1.49623566e+05 -4.67012819e+01  4.62312784e-03 
 1.51356125e+05 -4.67023158e+01  4.62257760e-03 
 1.53108746e+05 -4.67033259e+01  4.62204004e-03 
 1.54881662e+05 -4.67043129e+01  4.62151489e-03 
 1.56675107e+05 -4.67052771e+01  4.62100188e-03 
 1.58489319e+05 -4.67062191e+01  4.62050073e-03 
 1.60324539e+05 -4.67071394e+01  4.62001119e-03 
 1.62181010e+05 -4.67080385e+01  4.61953300e-03 
 1.64058977e+05 -4.67089168e+01  4.61906591e-03 
 1.65958691e+05 -4.67097748e+01  4.61860968e-03 
 1.67880402e+05 -4.67106128e+01  4.61816406e-03 
 1.69824365e+05 -4.67114315e+01  4.61772883e-03 
 1.71790839e+05 -4.67122311e+01  4.61730375e-03 
 1.73780083e+05 -4.67130121e+01  4.61688861e-03 
 1.75792361e+05 -4.67137748e+01  4.61648318e-03 
 1.77827941e+05 -4.67145198e+01  4.61608726e-03 
 1.79887092e+05 -4.67152473e+01  4.61570063e-03 
 1.81970086e+05 -4.67159578e+01  4.61532309e-03 
 1.84077200e+05 -4.67166516e+01  4.61495445e-03 
 1.86208714e+05 -4.67173291e+01  4.61459452e-03 
 1.88364909e+05 -4.67179906e+01  4.61424309e-03 
 1.90546072e+05 -4.67186365e+01  4.61389999e-03 
 1.92752491e+05 -4.67192670e+01  4.61356505e-03 
 1.94984460e+05 -4.67198827e+01  4.61323807e-03 
 1.97242274e+05 -4.67204836e+01  4.61291890e-03 
 1.99526231e+05 -4.67210703e+01  4.61260735e-03 
 2.01836636e+05 -4.67216429e+01  4.61230328e-03 
 2.04173794e+05 -4.67222017e+01  4.61200652e-03 
 2.06538016e+05 -4.67227472e+01  4.61171691e-03 
 2.08929613e+05 -4.67232795e+01  4.61143431e-03 
 2.11348904e+05 -4.67237989e+01  4.61115856e-03 
 2.13796209e+05 -4.67243057e+01  4.61088951e-03 
 2.16271852e+05 -4.67248002e+01  4.61062703e-03 
 2.18776162e+05 -4.67252825e+01  4.61037099e-03 
 2.21309471e+05 -4.67257531e+01  4.61012123e-03 
 2.23872114e+05 -4.67262120e+01  4.60987764e-03 
 2.26464431e+05 -4.67266597e+01  4.60964008e-03 
 2.29086765e+05 -4.67270962e+01  4.60940843e-03 
 2.31739465e+05 -4.67275218e+01  4.60918257e-03 
 2.34422882e+05 -4.67279367e+01  4.60896238e-03 
 2.37137371e+05 -4.67283412e+01  4.60874774e-03 
 2.39883292e+05 -4.67287355e+01  4.60853854e-03 
 2.42661010e+05 -4.67291198e+01  4.60833467e-03 
 2.45470892e+05 -4.67294942e+01  4.60813602e-03 
 2.48313311e+05 -4.67298590e+01  4.60794249e-03 
 2.51188643e+05 -4.67302144e+01  4.60775397e-03 
 2.54097271e+05 -4.67305605e+01  4.60757037e-03 
 2.57039578e+05 -4.67308975e+01  4.60739159e-03 
 2.60015956e+05 -4.67312256e+01  4.60721753e-03 
 2.63026799e+05 -4.67315451e+01  4.60704811e-03 
 2.66072506e+05 -4.67318559e+01  4.60688323e-03 
 2.69153480e+05 -4.67321584e+01  4.60672280e-03 
 2.72270131e+05 -4.67324526e+01  4.60656675e-03 
 2.75422870e+05 -4.67327388e+01  4.60641499e-03 
 2.78612117e+05 -4.67330170e+01  4.60626744e-03 
 2.81838293e+05 -4.67332874e+01  4.60612402e-03 
 2.85101827e+05 -4.67335502e+01  4.60598470e-03 
 2.88403150e+05 -4.67338055e+01  4.60584932e-03 
 2.91742701e+05 -4.67340534e+01  4.60571785e-03 
 2.95120923e+05 -4.67342941e+01  4.60559023e-03 
 2.98538262e+05 -4.67345277e+01  4.60546637e-03 
 3.01995172e+05 -4.67347543e+01  4.60534623e-03 
 3.05492111e+05 -4.67349740e+01  4.60522974e-03 
 3.09029543e+05 -4.67351870e+01  4.60511683e-03 
 3.12607937e+05 -4.67353933e+01  4.60500744e-03 
 3.16227766e+05 -4.67355931e+01  4.60490152e-03 
 3.19889511e+05 -4.67357864e+01  4.60479901e-03 
 3.23593657e+05 -4.67359734e+01  4.60469986e-03 
 3.27340695e+05 -4.67361542e+01  4.60460401e-03 
 3.31131121e+05 -4.67363289e+01  4.60451142e-03 
 3.34965439e+05 -4.67364975e+01  4.60442203e-03 
 3.38844156e+05 -4.67366602e+01  4.60433580e-03 
 3.42767787e+05 -4.67368170e+01  4.60425269e-03 
 3.46736850e+05 -4.67369680e+01  4.60417264e-03 
 3.50751874e+05 -4.67371133e+01  4.60409561e-03 
 3.54813389e+05 -4.67372530e+01  4.60402158e-03 
 3.58921935e+05 -4.67373871e+01  4.60395048e-03 
 3.63078055e+05 -4.67375157e+01  4.60388230e-03 
 3.67282300e+05 -4.67376390e+01  4.60381699e-03 
 3.71535229e+05 -4.67377568e+01  4.60375452e-03 
 3.75837404e+05 -4.67378694e+01  4.60369485e-03 
 3.80189396e+05 -4.67379767e+01  4.60363796e-03 
 3.84591782e+05 -4.67380789e+01  4.60358381e-03 
 3.89045145e+05 -4.67381760e+01  4.60353238e-03 
 3.93550075e+05 -4.67382679e+01  4.60348363e-03 
 3.98107171e+05 -4.67383549e+01  4.60343754e-03 
 4.02717034e+05 -4.67384369e+01  4.60339409e-03 
 4.07380278e+05 -4.67385139e+01  4.60335326e-03 
 4.12097519e+05 -4.67385861e+01  4.60331502e-03 
 4.16869383e+05 -4.67386534e+01  4.60327935e-03 
 4.21696503e+05 -4.67387159e+01  4.60324624e-03 
 4.26579519e+05 -4.67387736e+01  4.60321566e-03 
 4.31519077e+05 -4.67388265e+01  4.60318760e-03 
 4.36515832e+05 -4.67388747e+01  4.60316205e-03 
 4.41570447e+05 -4.67389182e+01  4.60313898e-03 
 4.46683592e+05 -4.67389571e+01  4.60311840e-03 
 4.51855944e+05 -4.67389913e+01  4.60310029e-03 
 4.57088190e+05 -4.67390208e+01  4.60308463e-03 
 4.62381021e+05 -4.67390457e+01  4.60307143e-03 
 4.67735141e+05 -4.67390661e+01  4.60306063e-03 
 4.73151259e+05 -4.67390818e+01  4.60305230e-03 
 4.78630092e+05 -4.67390929e+01  4.60304641e-03 
 4.84172368e+05 -4.67390994e+01  4.60304295e-03 
 4.89778819e+05 -4.67391014e+01  4.60304192e-03 
 4.95450191e+05 -4.67390987e+01  4.60304335e-03 
 5.01187234e+05 -4.67390915e+01  4.60304718e-03 
 5.06990708e+05 -4.67390797e+01  4.60305343e-03 
 5.12861384e+05 -4.67390633e+01  4.60306212e-03 
 5.18800039e+05 -4.67390423e+01  4.60307324e-03 
 5.24807460e+05 -4.67390167e+01  4.60308681e-03 
 5.30884444e+05 -4.67389865e+01  4.60310283e-03 
 5.37031796e+05 -4.67389516e+01  4.60312131e-03 
 5.43250331e+05 -4.67389121e+01  4.60314226e-03 
 5.49540874e+05 -4.67388678e+01  4.60316569e-03 
 5.55904257e+05 -4.67388189e+01  4.60319161e-03 
 5.62341325e+05 -4.67387653e+01  4.60322004e-03 
 5.68852931e+05 -4.67387069e+01  4.60325099e-03 
 5.75439937e+05 -4.67386437e+01  4.60328447e-03 
 5.82103218e+05 -4.67385757e+01  4.60332051e-03 
 5.88843655e+05 -4.67385029e+01  4.60335912e-03 
 5.95662144e+05 -4.67384251e+01  4.60340033e-03 
 6.02559586e+05 -4.67383424e+01  4.60344415e-03 
 6.09536897e+05 -4.67382548e+01  4.60349061e-03 
 6.16595002e+05 -4.67381621e+01  4.60353973e-03 
 6.23734835e+05 -4.67380643e+01  4.60359155e-03 
 6.30957344e+05 -4.67379614e+01  4.60364608e-03 
 6.38263486e+05 -4.67378533e+01  4.60370339e-03 
 6.45654229e+05 -4.67377400e+01  4.60376343e-03 
 6.53130553e+05 -4.67376214e+01  4.60382629e-03 
 6.60693448e+05 -4.67374975e+01  4.60389198e-03 
 6.68343918e+05 -4.67373681e+01  4.60396055e-03 
 6.76082975e+05 -4.67372333e+01  4.60403202e-03 
 6.83911647e+05 -4.67370929e+01  4.60410645e-03 
 6.91830971e+05 -4.67369468e+01  4.60418386e-03 
 6.99841996e+05 -4.67367951e+01  4.60426429e-03 
 7.07945784e+05 -4.67366376e+01  4.60434776e-03 
 7.16143410e+05 -4.67364742e+01  4.60443438e-03 
 7.24435960e+05 -4.67363049e+01  4.60452416e-03 
 7.32824533e+05 -4.67361295e+01  4.60461715e-03 
 7.41310241e+05 -4.67359479e+01  4.60471339e-03 
 7.49894209e+05 -4.67357601e+01  4.60481297e-03 
 7.58577575e+05 -4.67355660e+01  4.60491587e-03 
 7.67361489e+05 -4.67353655e+01  4.60502218e-03 
 7.76247117e+05 -4.67351584e+01  4.60513196e-03 
 7.85235635e+05 -4.67349447e+01  4.60524527e-03 
 7.94328235e+05 -4.67347242e+01  4.60536216e-03 
 8.03526122e+05 -4.67344969e+01  4.60548269e-03 
 8.12830516e+05 -4.67342626e+01  4.60560694e-03 
 8.22242650e+05 -4.67340212e+01  4.60573495e-03 
 8.31763771e+05 -4.67337725e+01  4.60586681e-03 
 8.41395142e+05 -4.67335165e+01  4.60600258e-03 
 8.51138038e+05 -4.67332529e+01  4.60614237e-03 
 8.60993752e+05 -4.67329817e+01  4.60628617e-03 
 8.70963590e+05 -4.67327027e+01  4.60643410e-03 
 8.81048873e+05 -4.67324160e+01  4.60658617e-03 
 8.91250938e+05 -4.67321211e+01  4.60674260e-03 
 9.01571138e+05 -4.67318179e+01  4.60690339e-03 
 9.12010839e+05 -4.67315063e+01  4.60706864e-03 
 9.22571427e+05 -4.67311862e+01  4.60723843e-03 
 9.33254301e+05 -4.67308574e+01  4.60741284e-03 
 9.44060876e+05 -4.67305197e+01  4.60759201e-03 
 9.54992586e+05 -4.67301729e+01  4.60777596e-03 
 9.66050879e+05 -4.67298169e+01  4.60796482e-03 
 9.77237221e+05 -4.67294515e+01  4.60815868e-03 
 9.88553095e+05 -4.67290765e+01  4.60835765e-03 
 1.00000000e+06 -4.67286916e+01  4.60856183e-03 
 1.01157945e+06 -4.67282968e+01  4.60877134e-03 
 1.02329299e+06 -4.67278916e+01  4.60898631e-03 
 1.03514217e+06 -4.67274762e+01  4.60920674e-03 
 1.04712855e+06 -4.67270501e+01  4.60943287e-03 
 1.05925373e+06 -4.67266131e+01  4.60966477e-03 
 1.07151931e+06 -4.67261651e+01  4.60990256e-03 
 1.08392691e+06 -4.67257057e+01  4.61014638e-03 
 1.09647820e+06 -4.67252348e+01  4.61039634e-03 
 1.10917482e+06 -4.67247520e+01  4.61065260e-03 
 1.12201845e+06 -4.67242572e+01  4.61091524e-03 
 1.13501082e+06 -4.67237502e+01  4.61118443e-03 
 1.14815362e+06 -4.67232305e+01  4.61146030e-03 
 1.16144861e+06 -4.67226981e+01  4.61174299e-03 
 1.17489755e+06 -4.67221525e+01  4.61203266e-03 
 1.18850223e+06 -4.67215936e+01  4.61232946e-03 
 1.20226443e+06 -4.67210210e+01  4.61263353e-03 
 1.21618600e+06 -4.67204344e+01  4.61294504e-03 
 1.23026877e+06 -4.67198335e+01  4.61326415e-03 
 1.24451461e+06 -4.67192181e+01  4.61359106e-03 
 1.25892541e+06 -4.67185878e+01  4.61392586e-03 
 1.27350308e+06 -4.67179423e+01  4.61426874e-03 
 1.28824955e+06 -4.67172813e+01  4.61461993e-03 
 1.30316678e+06 -4.67166042e+01  4.61497962e-03 
 1.31825674e+06 -4.67159111e+01  4.61534793e-03 
 1.33352143e+06 -4.67152013e+01  4.61572508e-03 
 1.34896288e+06 -4.67144746e+01  4.61611126e-03 
 1.36458314e+06 -4.67137306e+01  4.61650671e-03 
 1.38038426e+06 -4.67129690e+01  4.61691153e-03 
 1.39636836e+06 -4.67121892e+01  4.61732603e-03 
 1.41253754e+06 -4.67113909e+01  4.61775039e-03 
 1.42889396e+06 -4.67105737e+01  4.61818486e-03 
 1.44543977e+06 -4.67097373e+01  4.61862960e-03 
 1.46217717e+06 -4.67088812e+01  4.61908483e-03 
 1.47910839e+06 -4.67080049e+01  4.61955090e-03 
 1.49623566e+06 -4.67071079e+01  4.62002797e-03 
 1.51356125e+06 -4.67061900e+01  4.62051625e-03 
 1.53108746e+06 -4.67052504e+01  4.62101606e-03 
 1.54881662e+06 -4.67042890e+01  4.62152759e-03 
 1.56675107e+06 -4.67033052e+01  4.62205105e-03 
 1.58489319e+06 -4.67022983e+01  4.62258691e-03 
 1.60324539e+06 -4.67012679e+01  4.62313529e-03 
 1.62181010e+06 -4.67002136e+01  4.62369650e-03 
 1.64058977e+06 -4.66991347e+01  4.62427087e-03 
 1.65958691e+06 -4.66980309e+01  4.62485857e-03 
 1.67880402e+06 -4.66969013e+01  4.62546006e-03 
 1.69824365e+06 -4.66957456e+01  4.62607553e-03 
 1.71790839e+06 -4.66945632e+01  4.62670533e-03 
 1.73780083e+06 -4.66933534e+01  4.62734977e-03 
 1.75792361e+06 -4.66921157e+01  4.62800919e-03 
 1.77827941e+06 -4.66908494e+01  4.62868396e-03 
 1.79887092e+06 -4.66895540e+01  4.62937434e-03 
 1.81970086e+06 -4.66882288e+01  4.63008071e-03 
 1.84077200e+06 -4.66868731e+01  4.63080344e-03 
 1.86208714e+06 -4.66854861e+01  4.63154292e-03 
 1.88364909e+06 -4.66840675e+01  4.63229946e-03 
 1.90546072e+06 -4.66826163e+01  4.63307346e-03 
 1.92752491e+06 -4.66811319e+01  4.63386529e-03 
 1.94984460e+06 -4.66796135e+01  4.63467544e-03 
 1.97242274e+06 -4.66780604e+01  4.63550422e-03 
 1.99526231e+06 -4.66764718e+01  4.63635210e-03 
 2.01836636e+06 -4.66748471e+01  4.63721942e-03 
 2.04173794e+06 -4.66731852e+01  4.63810673e-03 
 2.06538016e+06 -4.66714856e+01  4.63901442e-03 
 2.08929613e+06 -4.66697473e+01  4.63994289e-03 
 2.11348904e+06 -4.66679696e+01  4.64089261e-03 
 2.13796209e+06 -4.66661515e+01  4.64186411e-03 
 2.16271852e+06 -4.66642922e+01  4.64285789e-03 
 2.18776162e+06 -4.66623908e+01  4.64387436e-03 
 2.21309471e+06 -4.66604463e+01  4.64491409e-03 
 2.23872114e+06 -4.66584580e+01  4.64597748e-03 
 2.26464431e+06 -4.66564247e+01  4.64706521e-03 
 2.29086765e+06 -4.66543456e+01  4.64817769e-03 
 2.31739465e+06 -4.66522196e+01  4.64931551e-03 
 2.34422882e+06 -4.66500458e+01  4.65047927e-03 
 2.37137371e+06 -4.66478231e+01  4.65166944e-03 
 2.39883292e+06 -4.66455505e+01  4.65288670e-03 
 2.42661010e+06 -4.66432270e+01  4.65413151e-03 
 2.45470892e+06 -4.66408513e+01  4.65540463e-03 
 2.48313311e+06 -4.66384226e+01  4.65670653e-03 
 2.51188643e+06 -4.66359395e+01  4.65803798e-03 
 2.54097271e+06 -4.66334010e+01  4.65939952e-03 
 2.57039578e+06 -4.66308058e+01  4.66079187e-03 
 2.60015956e+06 -4.66281528e+01  4.66221566e-03 
 2.63026799e+06 -4.66254409e+01  4.66367154e-03 
 2.66072506e+06 -4.66226686e+01  4.66516027e-03 
 2.69153480e+06 -4.66198350e+01  4.66668246e-03 
 2.72270131e+06 -4.66169384e+01  4.66823897e-03 
 2.75422870e+06 -4.66139778e+01  4.66983043e-03 
 2.78612117e+06 -4.66109517e+01  4.67145763e-03 
 2.81838293e+06 -4.66078588e+01  4.67312137e-03 
 2.85101827e+06 -4.66046977e+01  4.67482240e-03 
 2.88403150e+06 -4.66014671e+01  4.67656147e-03 
 2.91742701e+06 -4.65981654e+01  4.67833947e-03 
 2.95120923e+06 -4.65947913e+01  4.68015716e-03 
 2.98538262e+06 -4.65913431e+01  4.68201546e-03 
 3.01995172e+06 -4.65878196e+01  4.68391517e-03 
 3.05492111e+06 -4.65842191e+01  4.68585715e-03 
 3.09029543e+06 -4.65805401e+01  4.68784229e-03 
 3.12607937e+06 -4.65767809e+01  4.68987161e-03 
 3.16227766e+06 -4.65729400e+01  4.69194592e-03 
 3.19889511e+06 -4.65690157e+01  4.69406627e-03 
 3.23593657e+06 -4.65650064e+01  4.69623349e-03 
 3.27340695e+06 -4.65609104e+01  4.69844862e-03 
 3.31131121e+06 -4.65567259e+01  4.70071266e-03 
 3.34965439e+06 -4.65524511e+01  4.70302669e-03 
 3.38844156e+06 -4.65480845e+01  4.70539164e-03 
 3.42767787e+06 -4.65436241e+01  4.70780856e-03 
 3.46736850e+06 -4.65390681e+01  4.71027860e-03 
 3.50751874e+06 -4.65344147e+01  4.71280276e-03 
 3.54813389e+06 -4.65296620e+01  4.71538220e-03 
 3.58921935e+06 -4.65248080e+01  4.71801807e-03 
 3.63078055e+06 -4.65198508e+01  4.72071148e-03 
 3.67282300e+06 -4.65147885e+01  4.72346360e-03 
 3.71535229e+06 -4.65096191e+01  4.72627562e-03 
 3.75837404e+06 -4.65043405e+01  4.72914873e-03 
 3.80189396e+06 -4.64989509e+01  4.73208410e-03 
 3.84591782e+06 -4.64934479e+01  4.73508310e-03 
 3.89045145e+06 -4.64878295e+01  4.73814693e-03 
 3.93550075e+06 -4.64820937e+01  4.74127687e-03 
 3.98107171e+06 -4.64762381e+01  4.74447428e-03 
 4.02717034e+06 -4.64702607e+01  4.74774039e-03 
 4.07380278e+06 -4.64641594e+01  4.75107660e-03 
 4.12097519e+06 -4.64579318e+01  4.75448423e-03 
 4.16869383e+06 -4.64515756e+01  4.75796474e-03 
 4.21696503e+06 -4.64450886e+01  4.76151953e-03 
 4.26579519e+06 -4.64384686e+01  4.76514993e-03 
 4.31519077e+06 -4.64317130e+01  4.76885754e-03 
 4.36515832e+06 -4.64248198e+01  4.77264367e-03 
 4.41570447e+06 -4.64177864e+01  4.77650989e-03 
 4.46683592e+06 -4.64106102e+01  4.78045780e-03 
 4.51855944e+06 -4.64032893e+01  4.78448874e-03 
 4.57088190e+06 -4.63958208e+01  4.78860439e-03 
 4.62381021e+06 -4.63882024e+01  4.79280633e-03 
 4.67735141e+06 -4.63804318e+01  4.79709603e-03 
 4.73151259e+06 -4.63725061e+01  4.80147525e-03 
 4.78630092e+06 -4.63644231e+01  4.80594551e-03 
 4.84172368e+06 -4.63561803e+01  4.81050851e-03 
 4.89778819e+06 -4.63477750e+01  4.81516586e-03 
 4.95450191e+06 -4.63392045e+01  4.81991940e-03 
 5.01187234e+06 -4.63304665e+01  4.82477066e-03 
 5.06990708e+06 -4.63215584e+01  4.82972143e-03 
 5.12861384e+06 -4.63124774e+01  4.83477349e-03 
 5.18800039e+06 -4.63032210e+01  4.83992853e-03 
 5.24807460e+06 -4.62937866e+01  4.84518839e-03 
 5.30884444e+06 -4.62841717e+01  4.85055479e-03 
 5.37031796e+06 -4.62743734e+01  4.85602966e-03 
 5.43250331e+06 -4.62643893e+01  4.86161470e-03 
 5.49540874e+06 -4.62542168e+01  4.86731172e-03 
 5.55904257e+06 -4.62438530e+01  4.87312271e-03 
 5.62341325e+06 -4.62332956e+01  4.87904947e-03 
 5.68852931e+06 -4.62225418e+01  4.88509384e-03 
 5.75439937e+06 -4.62115890e+01  4.89125778e-03 
 5.82103218e+06 -4.62004346e+01  4.89754316e-03 
 5.88843655e+06 -4.61890760e+01  4.90395188e-03 
 5.95662144e+06 -4.61775107e+01  4.91048584e-03 
 6.02559586e+06 -4.61657361e+01  4.91714702e-03 
 6.09536897e+06 -4.61537497e+01  4.92393731e-03 
 6.16595002e+06 -4.61415487e+01  4.93085876e-03 
 6.23734835e+06 -4.61291311e+01  4.93791314e-03 
 6.30957344e+06 -4.61164940e+01  4.94510253e-03 
 6.38263486e+06 -4.61036351e+01  4.95242884e-03 
 6.45654229e+06 -4.60905520e+01  4.95989405e-03 
 6.53130553e+06 -4.60772423e+01  4.96750010e-03 
 6.60693448e+06 -4.60637037e+01  4.97524891e-03 
 6.68343918e+06 -4.60499340e+01  4.98314245e-03 
 6.76082975e+06 -4.60359307e+01  4.99118266e-03 
 6.83911647e+06 -4.60216917e+01  4.99937153e-03 
 6.91830971e+06 -4.60072149e+01  5.00771095e-03 
 6.99841996e+06 -4.59924983e+01  5.01620280e-03 
 7.07945784e+06 -4.59775397e+01  5.02484902e-03 
 7.16143410e+06 -4.59623370e+01  5.03365155e-03 
 7.24435960e+06 -4.59468885e+01  5.04261223e-03 
 7.32824533e+06 -4.59311924e+01  5.05173289e-03 
 7.41310241e+06 -4.59152468e+01  5.06101541e-03 
 7.49894209e+06 -4.58990499e+01  5.07046166e-03 
 7.58577575e+06 -4.58826003e+01  5.08007335e-03 
 7.67361489e+06 -4.58658965e+01  5.08985227e-03 
 7.76247117e+06 -4.58489368e+01  5.09980021e-03 
 7.85235635e+06 -4.58317200e+01  5.10991880e-03 
 7.94328235e+06 -4.58142450e+01  5.12020975e-03 
 8.03526122e+06 -4.57965104e+01  5.13067472e-03 
 8.12830516e+06 -4.57785153e+01  5.14131523e-03 
 8.22242650e+06 -4.57602588e+01  5.15213294e-03 
 8.31763771e+06 -4.57417399e+01  5.16312932e-03 
 8.41395142e+06 -4.57229581e+01  5.17430584e-03 
 8.51138038e+06 -4.57039129e+01  5.18566380e-03 
 8.60993752e+06 -4.56846035e+01  5.19720476e-03 
 8.70963590e+06 -4.56650299e+01  5.20892978e-03 
 8.81048873e+06 -4.56451918e+01  5.22084031e-03 
 8.91250938e+06 -4.56250892e+01  5.23293742e-03 
 9.01571138e+06 -4.56047222e+01  5.24522217e-03 
 9.12010839e+06 -4.55840911e+01  5.25769570e-03 
 9.22571427e+06 -4.55631962e+01  5.27035886e-03 
 9.33254301e+06 -4.55420381e+01  5.28321267e-03 
 9.44060876e+06 -4.55206177e+01  5.29625781e-03 
 9.54992586e+06 -4.54989357e+01  5.30949499e-03 
 9.66050879e+06 -4.54769932e+01  5.32292490e-03 
 9.77237221e+06 -4.54547915e+01  5.33654806e-03 
 9.88553095e+06 -4.54323320e+01  5.35036486e-03 
 1.00000000e+07 -4.54096164e+01  5.36437564e-03 
 1.01157945e+07 -4.53866463e+01  5.37858063e-03 
 1.02329299e+07 -4.53634238e+01  5.39297998e-03 
 1.03514217e+07 -4.53399512e+01  5.40757363e-03 
 1.04712855e+07 -4.53162306e+01  5.42236154e-03 
 1.05925373e+07 -4.52922647e+01  5.43734342e-03 
 1.07151931e+07 -4.52680564e+01  5.45251892e-03 
 1.08392691e+07 -4.52436085e+01  5.46788758e-03 
 1.09647820e+07 -4.52189243e+01  5.48344872e-03 
 1.10917482e+07 -4.51940072e+01  5.49920161e-03 
 1.12201845e+07 -4.51688608e+01  5.51514534e-03 
 1.13501082e+07 -4.51434889e+01  5.53127887e-03 
 1.14815362e+07 -4.51178956e+01  5.54760102e-03 
 1.16144861e+07 -4.50920853e+01  5.56411036e-03 
 1.17489755e+07 -4.50660623e+01  5.58080545e-03 
 1.18850223e+07 -4.50398316e+01  5.59768455e-03 
 1.20226443e+07 -4.50133979e+01  5.61474585e-03 
 1.21618600e+07 -4.49867666e+01  5.63198732e-03 
 1.23026877e+07 -4.49599430e+01  5.64940682e-03 
 1.24451461e+07 -4.49329328e+01  5.66700193e-03 
 1.25892541e+07 -4.49057419e+01  5.68477010e-03 
 1.27350308e+07 -4.48783763e+01  5.70270867e-03 
 1.28824955e+07 -4.48508425e+01  5.72081459e-03 
 1.30316678e+07 -4.48231471e+01  5.73908484e-03 
 1.31825674e+07 -4.47952969e+01  5.75751604e-03 
 1.33352143e+07 -4.47672987e+01  5.77610478e-03 
 1.34896288e+07 -4.47391602e+01  5.79484724e-03 
 1.36458314e+07 -4.47108886e+01  5.81373956e-03 
 1.38038426e+07 -4.46824917e+01  5.83277759e-03 
 1.39636836e+07 -4.46539775e+01  5.85195699e-03 
 1.41253754e+07 -4.46253542e+01  5.87127324e-03 
 1.42889396e+07 -4.45966301e+01  5.89072155e-03 
 1.44543977e+07 -4.45678140e+01  5.91029692e-03 
 1.46217717e+07 -4.45389146e+01  5.92999421e-03 
 1.47910839e+07 -4.45099411e+01  5.94980794e-03 
 1.49623566e+07 -4.44809025e+01  5.96973253e-03 
 1.51356125e+07 -4.44518086e+01  5.98976206e-03 
 1.53108746e+07 -4.44226689e+01  6.00989044e-03 
 1.54881662e+07 -4.43934933e+01  6.03011143e-03 
 1.56675107e+07 -4.43642918e+01  6.05041842e-03 
 1.58489319e+07 -4.43350748e+01  6.07080469e-03 
 1.60324539e+07 -4.43058526e+01  6.09126325e-03 
 1.62181010e+07 -4.42766360e+01  6.11178689e-03 
 1.64058977e+07 -4.42474355e+01  6.13236822e-03 
 1.65958691e+07 -4.42182623e+01  6.15299956e-03 
 1.67880402e+07 -4.41891274e+01  6.17367309e-03 
 1.69824365e+07 -4.41600422e+01  6.19438068e-03 
 1.71790839e+07 -4.41310179e+01  6.21511409e-03 
 1.73780083e+07 -4.41020662e+01  6.23586476e-03 
 1.75792361e+07 -4.40731988e+01  6.25662405e-03 
 1.77827941e+07 -4.40444275e+01  6.27738299e-03 
 1.79887092e+07 -4.40157641e+01  6.29813250e-03 
 1.81970086e+07 -4.39872208e+01  6.31886332e-03 
 1.84077200e+07 -4.39588096e+01  6.33956589e-03 
 1.86208714e+07 -4.39305428e+01  6.36023060e-03 
 1.88364909e+07 -4.39024326e+01  6.38084756e-03 
 1.90546072e+07 -4.38744915e+01  6.40140675e-03 
 1.92752491e+07 -4.38467319e+01  6.42189804e-03 
 1.94984460e+07 -4.38191662e+01  6.44231103e-03 
 1.97242274e+07 -4.37918071e+01  6.46263527e-03 
 1.99526231e+07 -4.37646669e+01  6.48286015e-03 
 2.01836636e+07 -4.37377584e+01  6.50297490e-03 
 2.04173794e+07 -4.37110942e+01  6.52296866e-03 
 2.06538016e+07 -4.36846867e+01  6.54283045e-03 
 2.08929613e+07 -4.36585486e+01  6.56254920e-03 
 2.11348904e+07 -4.36326924e+01  6.58211373e-03 
 2.13796209e+07 -4.36071306e+01  6.60151281e-03 
 2.16271852e+07 -4.35818757e+01  6.62073515e-03 
 2.18776162e+07 -4.35569401e+01  6.63976938e-03 
 2.21309471e+07 -4.35323361e+01  6.65860412e-03 
 2.23872114e+07 -4.35080759e+01  6.67722796e-03 
 2.26464431e+07 -4.34841718e+01  6.69562947e-03 
 2.29086765e+07 -4.34606355e+01  6.71379727e-03 
 2.31739465e+07 -4.34374792e+01  6.73171995e-03 
 2.34422882e+07 -4.34147145e+01  6.74938613e-03 
 2.37137371e+07 -4.33923530e+01  6.76678456e-03 
 2.39883292e+07 -4.33704061e+01  6.78390400e-03 
 2.42661010e+07 -4.33488851e+01  6.80073330e-03 
 2.45470892e+07 -4.33278010e+01  6.81726147e-03 
 2.48313311e+07 -4.33071645e+01  6.83347756e-03 
 2.51188643e+07 -4.32869863e+01  6.84937087e-03 
 2.54097271e+07 -4.32672768e+01  6.86493078e-03 
 2.57039578e+07 -4.32480458e+01  6.88014688e-03 
 2.60015956e+07 -4.32293033e+01  6.89500898e-03 
 2.63026799e+07 -4.32110586e+01  6.90950710e-03 
 2.66072506e+07 -4.31933211e+01  6.92363151e-03 
 2.69153480e+07 -4.31760994e+01  6.93737275e-03 
 2.72270131e+07 -4.31594021e+01  6.95072161e-03 
 2.75422870e+07 -4.31432372e+01  6.96366928e-03 
 2.78612117e+07 -4.31276126e+01  6.97620719e-03 
 2.81838293e+07 -4.31125354e+01  6.98832718e-03 
 2.85101827e+07 -4.30980126e+01  7.00002146e-03 
 2.88403150e+07 -4.30840506e+01  7.01128260e-03 
 2.91742701e+07 -4.30706553e+01  7.02210365e-03 
 2.95120923e+07 -4.30578323e+01  7.03247807e-03 
 2.98538262e+07 -4.30455865e+01  7.04239979e-03 
 3.01995172e+07 -4.30339223e+01  7.05186327e-03 
 3.05492111e+07 -4.30228438e+01  7.06086344e-03 
 3.09029543e+07 -4.30123541e+01  7.06939578e-03 
 3.12607937e+07 -4.30024560e+01  7.07745634e-03 
 3.16227766e+07 -4.29931517e+01  7.08504176e-03 
 3.19889511e+07 -4.29844426e+01  7.09214927e-03 
 3.23593657e+07 -4.29763296e+01  7.09877675e-03 
 3.27340695e+07 -4.29688128e+01  7.10492270e-03 
 3.31131121e+07 -4.29618917e+01  7.11058633e-03 
 3.34965439e+07 -4.29555650e+01  7.11576752e-03 
 3.38844156e+07 -4.29498306e+01  7.12046686e-03 
 3.42767787e+07 -4.29446858e+01  7.12468570e-03 
 3.46736850e+07 -4.29401269e+01  7.12842614e-03 
 3.50751874e+07 -4.29361496e+01  7.13169103e-03 
 3.54813389e+07 -4.29327486e+01  7.13448404e-03 
 3.58921935e+07 -4.29299177e+01  7.13680965e-03 
 3.63078055e+07 -4.29276500e+01  7.13867315e-03 
 3.67282300e+07 -4.29259376e+01  7.14008069e-03 
 3.71535229e+07 -4.29247716e+01  7.14103927e-03 
 3.75837404e+07 -4.29241422e+01  7.14155676e-03 
 3.80189396e+07 -4.29240386e+01  7.14164193e-03 
 3.84591782e+07 -4.29244490e+01  7.14130444e-03 
 3.89045145e+07 -4.29253608e+01  7.14055483e-03 
 3.93550075e+07 -4.29267601e+01  7.13940461e-03 
 3.98107171e+07 -4.29286320e+01  7.13786615e-03 
 4.02717034e+07 -4.29309606e+01  7.13595278e-03 
 4.07380278e+07 -4.29337290e+01  7.13367878e-03 
 4.12097519e+07 -4.29369190e+01  7.13105931e-03 
 4.16869383e+07 -4.29405115e+01  7.12811051e-03 
 4.21696503e+07 -4.29444862e+01  7.12484942e-03 
 4.26579519e+07 -4.29488217e+01  7.12129402e-03 
 4.31519077e+07 -4.29534954e+01  7.11746320e-03 
 4.36515832e+07 -4.29584838e+01  7.11337677e-03 
 4.41570447e+07 -4.29637620e+01  7.10905542e-03 
 4.46683592e+07 -4.29693043e+01  7.10452073e-03 
 4.51855944e+07 -4.29750836e+01  7.09979515e-03 
 4.57088190e+07 -4.29810720e+01  7.09490198e-03 
 4.62381021e+07 -4.29872403e+01  7.08986533e-03 
 4.67735141e+07 -4.29935583e+01  7.08471013e-03 
 4.73151259e+07 -4.29999949e+01  7.07946203e-03 
 4.78630092e+07 -4.30065178e+01  7.07414748e-03 
 4.84172368e+07 -4.30130940e+01  7.06879359e-03 
 4.89778819e+07 -4.30196894e+01  7.06342813e-03 
 4.95450191e+07 -4.30262690e+01  7.05807954e-03 
 5.01187234e+07 -4.30327972e+01  7.05277677e-03 
 5.06990708e+07 -4.30392375e+01  7.04754933e-03 
 5.12861384e+07 -4.30455527e+01  7.04242721e-03 
 5.18800039e+07 -4.30517049e+01  7.03744080e-03 
 5.24807460e+07 -4.30576559e+01  7.03262089e-03 
 5.30884444e+07 -4.30633668e+01  7.02799852e-03 
 5.37031796e+07 -4.30687984e+01  7.02360499e-03 
 5.43250331e+07 -4.30739114e+01  7.01947175e-03 
 5.49540874e+07 -4.30786660e+01  7.01563036e-03 
 5.55904257e+07 -4.30830226e+01  7.01211241e-03 
 5.62341325e+07 -4.30869415e+01  7.00894942e-03 
 5.68852931e+07 -4.30903832e+01  7.00617274e-03 
 5.75439937e+07 -4.30933085e+01  7.00381357e-03 
 5.82103218e+07 -4.30956785e+01  7.00190276e-03 
 5.88843655e+07 -4.30974551e+01  7.00047078e-03 
 5.95662144e+07 -4.30986005e+01  6.99954763e-03 
 6.02559586e+07 -4.30990781e+01  6.99916280e-03 
 6.09536897e+07 -4.30988519e+01  6.99934503e-03 
 6.16595002e+07 -4.30978873e+01  7.00012242e-03 
 6.23734835e+07 -4.30961506e+01  7.00152221e-03 
 6.30957344e+07 -4.30936096e+01  7.00357073e-03 
 6.38263486e+07 -4.30902337e+01  7.00629329e-03 
 6.45654229e+07 -4.30859938e+01  7.00971417e-03 
 6.53130553e+07 -4.30808625e+01  7.01385646e-03 
 6.60693448e+07 -4.30748144e+01  7.01874198e-03 
 6.68343918e+07 -4.30678261e+01  7.02439127e-03 
 6.76082975e+07 -4.30598762e+01  7.03082345e-03 
 6.83911647e+07 -4.30509454e+01  7.03805620e-03 
 6.91830971e+07 -4.30410170e+01  7.04610564e-03 
 6.99841996e+07 -4.30300765e+01  7.05498632e-03 
 7.07945784e+07 -4.30181118e+01  7.06471114e-03 
 7.16143410e+07 -4.30051135e+01  7.07529129e-03 
 7.24435960e+07 -4.29910746e+01  7.08673623e-03 
 7.32824533e+07 -4.29759909e+01  7.09905363e-03 
 7.41310241e+07 -4.29598605e+01  7.11224937e-03 
 7.49894209e+07 -4.29426845e+01  7.12632747e-03 
 7.58577575e+07 -4.29244665e+01  7.14129009e-03 
 7.67361489e+07 -4.29052127e+01  7.15713754e-03 
 7.76247117e+07 -4.28849321e+01  7.17386825e-03 
 7.85235635e+07 -4.28636359e+01  7.19147877e-03 
 7.94328235e+07 -4.28413383e+01  7.20996378e-03 
 8.03526122e+07 -4.28180557e+01  7.22931612e-03 
 8.12830516e+07 -4.27938068e+01  7.24952680e-03 
 8.22242650e+07 -4.27686128e+01  7.27058504e-03 
 8.31763771e+07 -4.27424971e+01  7.29247827e-03 
 8.41395142e+07 -4.27154852e+01  7.31519222e-03 
 8.51138038e+07 -4.26876044e+01  7.33871093e-03 
 8.60993752e+07 -4.26588842e+01  7.36301681e-03 
 8.70963590e+07 -4.26293557e+01  7.38809068e-03 
 8.81048873e+07 -4.25990516e+01  7.41391189e-03 
 8.91250938e+07 -4.25680062e+01  7.44045831e-03 
 9.01571138e+07 -4.25362552e+01  7.46770645e-03 
 9.12010839e+07 -4.25038355e+01  7.49563150e-03 
 9.22571427e+07 -4.24707848e+01  7.52420742e-03 
 9.33254301e+07 -4.24371423e+01  7.55340702e-03 
 9.44060876e+07 -4.24029475e+01  7.58320204e-03 
 9.54992586e+07 -4.23682408e+01  7.61356323e-03 
 9.66050879e+07 -4.23330633e+01  7.64446043e-03 
 9.77237221e+07 -4.22974561e+01  7.67586263e-03 
 9.88553095e+07 -4.22614610e+01  7.70773811e-03 
 1.00000000e+08 -4.22251197e+01  7.74005448e-03 
 1.01157945e+08 -4.21884739e+01  7.77277876e-03 
 1.02329299e+08 -4.21515653e+01  7.80587752e-03 
 1.03514217e+08 -4.21144356e+01  7.83931688e-03 
 1.04712855e+08 -4.20771258e+01  7.87306266e-03 
 1.05925373e+08 -4.20396769e+01  7.90708043e-03 
 1.07151931e+08 -4.20021290e+01  7.94133560e-03 
 1.08392691e+08 -4.19645220e+01  7.97579347e-03 
 1.09647820e+08 -4.19268949e+01  8.01041936e-03 
 1.10917482e+08 -4.18892862e+01  8.04517862e-03 
 1.12201845e+08 -4.18517333e+01  8.08003674e-03 
 1.13501082e+08 -4.18142730e+01  8.11495942e-03 
 1.14815362e+08 -4.17769410e+01  8.14991260e-03 
 1.16144861e+08 -4.17397722e+01  8.18486257e-03 
 1.17489755e+08 -4.17028003e+01  8.21977602e-03 
 1.18850223e+08 -4.16660582e+01  8.25462005e-03 
 1.20226443e+08 -4.16295776e+01  8.28936228e-03 
 1.21618600e+08 -4.15933889e+01  8.32397089e-03 
 1.23026877e+08 -4.15575217e+01  8.35841466e-03 
 1.24451461e+08 -4.15220043e+01  8.39266301e-03 
 1.25892541e+08 -4.14868637e+01  8.42668605e-03 
 1.27350308e+08 -4.14521260e+01  8.46045464e-03 
 1.28824955e+08 -4.14178158e+01  8.49394041e-03 
 1.30316678e+08 -4.13839568e+01  8.52711578e-03 
 1.31825674e+08 -4.13505714e+01  8.55995400e-03 
 1.33352143e+08 -4.13176807e+01  8.59242924e-03 
 1.34896288e+08 -4.12853048e+01  8.62451651e-03 
 1.36458314e+08 -4.12534626e+01  8.65619177e-03 
 1.38038426e+08 -4.12221718e+01  8.68743188e-03 
 1.39636836e+08 -4.11914488e+01  8.71821472e-03 
 1.41253754e+08 -4.11613091e+01  8.74851909e-03 
 1.42889396e+08 -4.11317671e+01  8.77832481e-03 
 1.44543977e+08 -4.11028358e+01  8.80761269e-03 
 1.46217717e+08 -4.10745275e+01  8.83636455e-03 
 1.47910839e+08 -4.10468532e+01  8.86456323e-03 
 1.49623566e+08 -4.10198228e+01  8.89219259e-03 
 1.51356125e+08 -4.09934454e+01  8.91923750e-03 
 1.53108746e+08 -4.09677291e+01  8.94568388e-03 
 1.54881662e+08 -4.09426807e+01  8.97151865e-03 
 1.56675107e+08 -4.09183065e+01  8.99672976e-03 
 1.58489319e+08 -4.08946116e+01  9.02130616e-03 
 1.60324539e+08 -4.08716002e+01  9.04523784e-03 
 1.62181010e+08 -4.08492758e+01  9.06851576e-03 
 1.64058977e+08 -4.08276409e+01  9.09113186e-03 
 1.65958691e+08 -4.08066972e+01  9.11307908e-03 
 1.67880402e+08 -4.07864458e+01  9.13435131e-03 
 1.69824365e+08 -4.07668867e+01  9.15494338e-03 
 1.71790839e+08 -4.07480195e+01  9.17485107e-03 
 1.73780083e+08 -4.07298429e+01  9.19407106e-03 
 1.75792361e+08 -4.07123548e+01  9.21260092e-03 
 1.77827941e+08 -4.06955528e+01  9.23043910e-03 
 1.79887092e+08 -4.06794334e+01  9.24758493e-03 
 1.81970086e+08 -4.06639929e+01  9.26403853e-03 
 1.84077200e+08 -4.06492269e+01  9.27980085e-03 
 1.86208714e+08 -4.06351302e+01  9.29487364e-03 
 1.88364909e+08 -4.06216974e+01  9.30925940e-03 
 1.90546072e+08 -4.06089223e+01  9.32296135e-03 
 1.92752491e+08 -4.05967985e+01  9.33598346e-03 
 1.94984460e+08 -4.05853190e+01  9.34833036e-03 
 1.97242274e+08 -4.05744762e+01  9.36000735e-03 
 1.99526231e+08 -4.05642624e+01  9.37102035e-03 
 2.01836636e+08 -4.05546692e+01  9.38137591e-03 
 2.04173794e+08 -4.05456881e+01  9.39108115e-03 
 2.06538016e+08 -4.05373101e+01  9.40014373e-03 
 2.08929613e+08 -4.05295259e+01  9.40857185e-03 
 2.11348904e+08 -4.05223258e+01  9.41637421e-03 
 2.13796209e+08 -4.05157000e+01  9.42355995e-03 
 2.16271852e+08 -4.05096384e+01  9.43013868e-03 
 2.18776162e+08 -4.05041305e+01  9.43612041e-03 
 2.21309471e+08 -4.04991657e+01  9.44151556e-03 
 2.23872114e+08 -4.04947332e+01  9.44633488e-03 
 2.26464431e+08 -4.04908220e+01  9.45058946e-03 
 2.29086765e+08 -4.04874210e+01  9.45429071e-03 
 2.31739465e+08 -4.04845186e+01  9.45745031e-03 
 2.34422882e+08 -4.04821036e+01  9.46008020e-03 
 2.37137371e+08 -4.04801644e+01  9.46219254e-03 
 2.39883292e+08 -4.04786892e+01  9.46379970e-03 
 2.42661010e+08 -4.04776663e+01  9.46491423e-03 
 2.45470892e+08 -4.04770840e+01  9.46554885e-03 
 2.48313311e+08 -4.04769302e+01  9.46571638e-03 
 2.51188643e+08 -4.04771932e+01  9.46542978e-03 
 2.54097271e+08 -4.04778610e+01  9.46470210e-03 
 2.57039578e+08 -4.04789217e+01  9.46354642e-03 
 2.60015956e+08 -4.04803632e+01  9.46197592e-03 
 2.63026799e+08 -4.04821738e+01  9.46000377e-03 
 2.66072506e+08 -4.04843415e+01  9.45764315e-03 
 2.69153480e+08 -4.04868546e+01  9.45490724e-03 
 2.72270131e+08 -4.04897011e+01  9.45180919e-03 
 2.75422870e+08 -4.04928694e+01  9.44836210e-03 
 2.78612117e+08 -4.04963479e+01  9.44457901e-03 
 2.81838293e+08 -4.05001250e+01  9.44047288e-03 
 2.85101827e+08 -4.05041893e+01  9.43605657e-03 
 2.88403150e+08 -4.05085293e+01  9.43134285e-03 
 2.91742701e+08 -4.05131340e+01  9.42634435e-03 
 2.95120923e+08 -4.05179921e+01  9.42107359e-03 
 2.98538262e+08 -4.05230927e+01  9.41554291e-03 
 3.01995172e+08 -4.05284249e+01  9.40976454e-03 
 3.05492111e+08 -4.05339780e+01  9.40375050e-03 
 3.09029543e+08 -4.05397416e+01  9.39751266e-03 
 3.12607937e+08 -4.05457052e+01  9.39106270e-03 
 3.16227766e+08 -4.05518586e+01  9.38441209e-03 
 3.19889511e+08 -4.05581917e+01  9.37757213e-03 
 3.23593657e+08 -4.05646948e+01  9.37055387e-03 
 3.27340695e+08 -4.05713580e+01  9.36336818e-03 
 3.31131121e+08 -4.05781719e+01  9.35602570e-03 
 3.34965439e+08 -4.05851271e+01  9.34853683e-03 
 3.38844156e+08 -4.05922146e+01  9.34091176e-03 
 3.42767787e+08 -4.05994254e+01  9.33316043e-03 
 3.46736850e+08 -4.06067507e+01  9.32529256e-03 
 3.50751874e+08 -4.06141820e+01  9.31731760e-03 
 3.54813389e+08 -4.06217110e+01  9.30924479e-03 
 3.58921935e+08 -4.06293295e+01  9.30108311e-03 
 3.63078055e+08 -4.06370296e+01  9.29284128e-03 
 3.67282300e+08 -4.06448036e+01  9.28452780e-03 
 3.71535229e+08 -4.06526439e+01  9.27615091e-03 
 3.75837404e+08 -4.06605432e+01  9.26771860e-03 
 3.80189396e+08 -4.06684945e+01  9.25923862e-03 
 3.84591782e+08 -4.06764907e+01  9.25071846e-03 
 3.89045145e+08 -4.06845253e+01  9.24216538e-03 
 3.93550075e+08 -4.06925917e+01  9.23358639e-03 
 3.98107171e+08 -4.07006836e+01  9.22498826e-03 
 4.02717034e+08 -4.07087949e+01  9.21637753e-03 
 4.07380278e+08 -4.07169197e+01  9.20776047e-03 
 4.12097519e+08 -4.07250525e+01  9.19914315e-03 
 4.16869383e+08 -4.07331875e+01  9.19053140e-03 
 4.21696503e+08 -4.07413197e+01  9.18193081e-03 
 4.26579519e+08 -4.07494438e+01  9.17334675e-03 
 4.31519077e+08 -4.07575550e+01  9.16478437e-03 
 4.36515832e+08 -4.07656485e+01  9.15624860e-03 
 4.41570447e+08 -4.07737198e+01  9.14774416e-03 
 4.46683592e+08 -4.07817646e+01  9.13927556e-03 
 4.51855944e+08 -4.07897786e+01  9.13084709e-03 
 4.57088190e+08 -4.07977579e+01  9.12246286e-03 
 4.62381021e+08 -4.08056987e+01  9.11412676e-03 
 4.67735141e+08 -4.08135973e+01  9.10584251e-03 
 4.73151259e+08 -4.08214502e+01  9.09761361e-03 
 4.78630092e+08 -4.08292542e+01  9.08944341e-03 
 4.84172368e+08 -4.08370060e+01  9.08133506e-03 
 4.89778819e+08 -4.08447027e+01  9.07329154e-03 
 4.95450191e+08 -4.08523414e+01  9.06531567e-03 
 5.01187234e+08 -4.08599194e+01  9.05741007e-03 
 5.06990708e+08 -4.08674342e+01  9.04957725e-03 
 5.12861384e+08 -4.08748833e+01  9.04181952e-03 
 5.18800039e+08 -4.08822646e+01  9.03413907e-03 
 5.24807460e+08 -4.08895758e+01  9.02653792e-03 
 5.30884444e+08 -4.08968150e+01  9.01901797e-03 
 5.37031796e+08 -4.09039802e+01  9.01158095e-03 
 5.43250331e+08 -4.09110699e+01  9.00422850e-03 
 5.49540874e+08 -4.09180822e+01  8.99696209e-03 
 5.55904257e+08 -4.09250157e+01  8.98978311e-03 
 5.62341325e+08 -4.09318691e+01  8.98269279e-03 
 5.68852931e+08 -4.09386409e+01  8.97569226e-03 
 5.75439937e+08 -4.09453301e+01  8.96878256e-03 
 5.82103218e+08 -4.09519355e+01  8.96196459e-03 
 5.88843655e+08 -4.09584562e+01  8.95523916e-03 
 5.95662144e+08 -4.09648913e+01  8.94860700e-03 
 6.02559586e+08 -4.09712399e+01  8.94206873e-03 
 6.09536897e+08 -4.09775014e+01  8.93562487e-03 
 6.16595002e+08 -4.09836752e+01  8.92927588e-03 
 6.23734835e+08 -4.09897606e+01  8.92302212e-03 
 6.30957344e+08 -4.09957573e+01  8.91686387e-03 
 6.38263486e+08 -4.10016648e+01  8.91080135e-03 
 6.45654229e+08 -4.10074828e+01  8.90483469e-03 
 6.53130553e+08 -4.10132110e+01  8.89896397e-03 
 6.60693448e+08 -4.10188494e+01  8.89318918e-03 
 6.68343918e+08 -4.10243977e+01  8.88751029e-03 
 6.76082975e+08 -4.10298558e+01  8.88192717e-03 
 6.83911647e+08 -4.10352239e+01  8.87643965e-03 
 6.91830971e+08 -4.10405019e+01  8.87104753e-03 
 6.99841996e+08 -4.10456899e+01  8.86575052e-03 
 7.07945784e+08 -4.10507880e+01  8.86054831e-03 
 7.16143410e+08 -4.10557966e+01  8.85544055e-03 
 7.24435960e+08 -4.10607157e+01  8.85042683e-03 
 7.32824533e+08 -4.10655457e+01  8.84550671e-03 
 7.41310241e+08 -4.10702868e+01  8.84067973e-03 
 7.49894209e+08 -4.10749396e+01  8.83594537e-03 
 7.58577575e+08 -4.10795042e+01  8.83130309e-03 
 7.67361489e+08 -4.10839812e+01  8.82675233e-03 
 7.76247117e+08 -4.10883710e+01  8.82229248e-03 
 7.85235635e+08 -4.10926740e+01  8.81792293e-03 
 7.94328235e+08 -4.10968909e+01  8.81364304e-03 
 8.03526122e+08 -4.11010220e+01  8.80945213e-03 
 8.12830516e+08 -4.11050680e+01  8.80534952e-03 
 8.22242650e+08 -4.11090294e+01  8.80133452e-03 
 8.31763771e+08 -4.11129069e+01  8.79740640e-03 
 8.41395142e+08 -4.11167010e+01  8.79356444e-03 
 8.51138038e+08 -4.11204124e+01  8.78980787e-03 
 8.60993752e+08 -4.11240416e+01  8.78613596e-03 
 8.70963590e+08 -4.11275894e+01  8.78254792e-03 
 8.81048873e+08 -4.11310565e+01  8.77904299e-03 
 8.91250938e+08 -4.11344434e+01  8.77562038e-03 
 9.01571138e+08 -4.11377510e+01  8.77227930e-03 
 9.12010839e+08 -4.11409798e+01  8.76901896e-03 
 9.22571427e+08 -4.11441307e+01  8.76583855e-03 
 9.33254301e+08 -4.11472042e+01  8.76273727e-03 
 9.44060876e+08 -4.11502011e+01  8.75971432e-03 
 9.54992586e+08 -4.11531222e+01  8.75676888e-03 
 9.66050879e+08 -4.11559682e+01  8.75390016e-03 
 9.77237221e+08 -4.11587398e+01  8.75110735e-03 
 9.88553095e+08 -4.11614377e+01  8.74838963e-03 
 1.00000000e+09 -4.11640626e+01  8.74574621e-03 
