 1.00000000e+00 -6.93898336e+01  3.39240988e-04 
 1.01157945e+00 -6.93898354e+01  3.39240920e-04 
 1.02329299e+00 -6.93898372e+01  3.39240849e-04 
 1.03514217e+00 -6.93898390e+01  3.39240778e-04 
 1.04712855e+00 -6.93898409e+01  3.39240705e-04 
 1.05925373e+00 -6.93898428e+01  3.39240630e-04 
 1.07151931e+00 -6.93898448e+01  3.39240553e-04 
 1.08392691e+00 -6.93898468e+01  3.39240474e-04 
 1.09647820e+00 -6.93898488e+01  3.39240394e-04 
 1.10917482e+00 -6.93898509e+01  3.39240312e-04 
 1.12201845e+00 -6.93898531e+01  3.39240227e-04 
 1.13501082e+00 -6.93898553e+01  3.39240141e-04 
 1.14815362e+00 -6.93898578e+01  3.39240044e-04 
 1.16144861e+00 -6.93898601e+01  3.39239954e-04 
 1.17489755e+00 -6.93898624e+01  3.39239862e-04 
 1.18850223e+00 -6.93898649e+01  3.39239768e-04 
 1.20226443e+00 -6.93898673e+01  3.39239671e-04 
 1.21618600e+00 -6.93898699e+01  3.39239572e-04 
 1.23026877e+00 -6.93898725e+01  3.39239471e-04 
 1.24451461e+00 -6.93898751e+01  3.39239367e-04 
 1.25892541e+00 -6.93898778e+01  3.39239261e-04 
 1.27350308e+00 -6.93898806e+01  3.39239153e-04 
 1.28824955e+00 -6.93898834e+01  3.39239042e-04 
 1.30316678e+00 -6.93898863e+01  3.39238929e-04 
 1.31825674e+00 -6.93898893e+01  3.39238812e-04 
 1.33352143e+00 -6.93898924e+01  3.39238693e-04 
 1.34896288e+00 -6.93898955e+01  3.39238572e-04 
 1.36458314e+00 -6.93898987e+01  3.39238447e-04 
 1.38038426e+00 -6.93899019e+01  3.39238320e-04 
 1.39636836e+00 -6.93899053e+01  3.39238190e-04 
 1.41253754e+00 -6.93899087e+01  3.39238056e-04 
 1.42889396e+00 -6.93899122e+01  3.39237920e-04 
 1.44543977e+00 -6.93899157e+01  3.39237780e-04 
 1.46217717e+00 -6.93899194e+01  3.39237637e-04 
 1.47910839e+00 -6.93899232e+01  3.39237491e-04 
 1.49623566e+00 -6.93899270e+01  3.39237341e-04 
 1.51356125e+00 -6.93899309e+01  3.39237188e-04 
 1.53108746e+00 -6.93899349e+01  3.39237031e-04 
 1.54881662e+00 -6.93899390e+01  3.39236871e-04 
 1.56675107e+00 -6.93899431e+01  3.39236711e-04 
 1.58489319e+00 -6.93899474e+01  3.39236543e-04 
 1.60324539e+00 -6.93899518e+01  3.39236372e-04 
 1.62181010e+00 -6.93899563e+01  3.39236196e-04 
 1.64058977e+00 -6.93899609e+01  3.39236016e-04 
 1.65958691e+00 -6.93899656e+01  3.39235832e-04 
 1.67880402e+00 -6.93899705e+01  3.39235643e-04 
 1.69824365e+00 -6.93899754e+01  3.39235451e-04 
 1.71790839e+00 -6.93899804e+01  3.39235253e-04 
 1.73780083e+00 -6.93899856e+01  3.39235051e-04 
 1.75792361e+00 -6.93899909e+01  3.39234845e-04 
 1.77827941e+00 -6.93899963e+01  3.39234633e-04 
 1.79887092e+00 -6.93900019e+01  3.39234417e-04 
 1.81970086e+00 -6.93900075e+01  3.39234196e-04 
 1.84077200e+00 -6.93900133e+01  3.39233969e-04 
 1.86208714e+00 -6.93900193e+01  3.39233737e-04 
 1.88364909e+00 -6.93900253e+01  3.39233500e-04 
 1.90546072e+00 -6.93900315e+01  3.39233258e-04 
 1.92752491e+00 -6.93900379e+01  3.39233009e-04 
 1.94984460e+00 -6.93900443e+01  3.39232759e-04 
 1.97242274e+00 -6.93900511e+01  3.39232495e-04 
 1.99526231e+00 -6.93900579e+01  3.39232229e-04 
 2.01836636e+00 -6.93900649e+01  3.39231956e-04 
 2.04173794e+00 -6.93900720e+01  3.39231678e-04 
 2.06538016e+00 -6.93900793e+01  3.39231393e-04 
 2.08929613e+00 -6.93900868e+01  3.39231101e-04 
 2.11348904e+00 -6.93900944e+01  3.39230802e-04 
 2.13796209e+00 -6.93901022e+01  3.39230497e-04 
 2.16271852e+00 -6.93901102e+01  3.39230184e-04 
 2.18776162e+00 -6.93901184e+01  3.39229864e-04 
 2.21309471e+00 -6.93901268e+01  3.39229537e-04 
 2.23872114e+00 -6.93901354e+01  3.39229202e-04 
 2.26464431e+00 -6.93901442e+01  3.39228859e-04 
 2.29086765e+00 -6.93901532e+01  3.39228508e-04 
 2.31739465e+00 -6.93901622e+01  3.39228154e-04 
 2.34422882e+00 -6.93901716e+01  3.39227786e-04 
 2.37137371e+00 -6.93901813e+01  3.39227410e-04 
 2.39883292e+00 -6.93901911e+01  3.39227026e-04 
 2.42661010e+00 -6.93902012e+01  3.39226632e-04 
 2.45470892e+00 -6.93902115e+01  3.39226229e-04 
 2.48313311e+00 -6.93902221e+01  3.39225817e-04 
 2.51188643e+00 -6.93902329e+01  3.39225395e-04 
 2.54097271e+00 -6.93902439e+01  3.39224964e-04 
 2.57039578e+00 -6.93902553e+01  3.39224518e-04 
 2.60015956e+00 -6.93902669e+01  3.39224066e-04 
 2.63026799e+00 -6.93902786e+01  3.39223608e-04 
 2.66072506e+00 -6.93902907e+01  3.39223135e-04 
 2.69153480e+00 -6.93903031e+01  3.39222650e-04 
 2.72270131e+00 -6.93903158e+01  3.39222155e-04 
 2.75422870e+00 -6.93903288e+01  3.39221648e-04 
 2.78612117e+00 -6.93903421e+01  3.39221129e-04 
 2.81838293e+00 -6.93903557e+01  3.39220598e-04 
 2.85101827e+00 -6.93903696e+01  3.39220055e-04 
 2.88403150e+00 -6.93903837e+01  3.39219503e-04 
 2.91742701e+00 -6.93903983e+01  3.39218934e-04 
 2.95120923e+00 -6.93904132e+01  3.39218352e-04 
 2.98538262e+00 -6.93904284e+01  3.39217757e-04 
 3.01995172e+00 -6.93904443e+01  3.39217138e-04 
 3.05492111e+00 -6.93904603e+01  3.39216515e-04 
 3.09029543e+00 -6.93904766e+01  3.39215876e-04 
 3.12607937e+00 -6.93904933e+01  3.39215223e-04 
 3.16227766e+00 -6.93905103e+01  3.39214559e-04 
 3.19889511e+00 -6.93905278e+01  3.39213875e-04 
 3.23593657e+00 -6.93905458e+01  3.39213175e-04 
 3.27340695e+00 -6.93905641e+01  3.39212459e-04 
 3.31131121e+00 -6.93905829e+01  3.39211726e-04 
 3.34965439e+00 -6.93906019e+01  3.39210981e-04 
 3.38844156e+00 -6.93906216e+01  3.39210214e-04 
 3.42767787e+00 -6.93906422e+01  3.39209411e-04 
 3.46736850e+00 -6.93906627e+01  3.39208607e-04 
 3.50751874e+00 -6.93906838e+01  3.39207785e-04 
 3.54813389e+00 -6.93907052e+01  3.39206948e-04 
 3.58921935e+00 -6.93907271e+01  3.39206091e-04 
 3.63078055e+00 -6.93907497e+01  3.39205210e-04 
 3.67282300e+00 -6.93907728e+01  3.39204309e-04 
 3.71535229e+00 -6.93907964e+01  3.39203386e-04 
 3.75837404e+00 -6.93908205e+01  3.39202447e-04 
 3.80189396e+00 -6.93908452e+01  3.39201481e-04 
 3.84591782e+00 -6.93908707e+01  3.39200484e-04 
 3.89045145e+00 -6.93908966e+01  3.39199472e-04 
 3.93550075e+00 -6.93909232e+01  3.39198437e-04 
 3.98107171e+00 -6.93909502e+01  3.39197382e-04 
 4.02717034e+00 -6.93909779e+01  3.39196299e-04 
 4.07380278e+00 -6.93910063e+01  3.39195190e-04 
 4.12097519e+00 -6.93910354e+01  3.39194055e-04 
 4.16869383e+00 -6.93910650e+01  3.39192898e-04 
 4.21696503e+00 -6.93910954e+01  3.39191710e-04 
 4.26579519e+00 -6.93911268e+01  3.39190485e-04 
 4.31519077e+00 -6.93911585e+01  3.39189245e-04 
 4.36515832e+00 -6.93911910e+01  3.39187976e-04 
 4.41570447e+00 -6.93912244e+01  3.39186673e-04 
 4.46683592e+00 -6.93912585e+01  3.39185340e-04 
 4.51855944e+00 -6.93912934e+01  3.39183980e-04 
 4.57088190e+00 -6.93913291e+01  3.39182584e-04 
 4.62381021e+00 -6.93913659e+01  3.39181147e-04 
 4.67735141e+00 -6.93914032e+01  3.39179689e-04 
 4.73151259e+00 -6.93914415e+01  3.39178194e-04 
 4.78630092e+00 -6.93914807e+01  3.39176663e-04 
 4.84172368e+00 -6.93915207e+01  3.39175101e-04 
 4.89778819e+00 -6.93915620e+01  3.39173490e-04 
 4.95450191e+00 -6.93916040e+01  3.39171849e-04 
 5.01187234e+00 -6.93916470e+01  3.39170171e-04 
 5.06990708e+00 -6.93916910e+01  3.39168454e-04 
 5.12861384e+00 -6.93917359e+01  3.39166701e-04 
 5.18800039e+00 -6.93917819e+01  3.39164903e-04 
 5.24807460e+00 -6.93918293e+01  3.39163054e-04 
 5.30884444e+00 -6.93918774e+01  3.39161176e-04 
 5.37031796e+00 -6.93919267e+01  3.39159249e-04 
 5.43250331e+00 -6.93919771e+01  3.39157282e-04 
 5.49540874e+00 -6.93920290e+01  3.39155256e-04 
 5.55904257e+00 -6.93920816e+01  3.39153200e-04 
 5.62341325e+00 -6.93921357e+01  3.39151088e-04 
 5.68852931e+00 -6.93921911e+01  3.39148926e-04 
 5.75439937e+00 -6.93922477e+01  3.39146714e-04 
 5.82103218e+00 -6.93923056e+01  3.39144455e-04 
 5.88843655e+00 -6.93923649e+01  3.39142139e-04 
 5.95662144e+00 -6.93924257e+01  3.39139765e-04 
 6.02559586e+00 -6.93924880e+01  3.39137331e-04 
 6.09536897e+00 -6.93925514e+01  3.39134859e-04 
 6.16595002e+00 -6.93926165e+01  3.39132315e-04 
 6.23734835e+00 -6.93926831e+01  3.39129717e-04 
 6.30957344e+00 -6.93927510e+01  3.39127062e-04 
 6.38263486e+00 -6.93928210e+01  3.39124333e-04 
 6.45654229e+00 -6.93928921e+01  3.39121553e-04 
 6.53130553e+00 -6.93929651e+01  3.39118704e-04 
 6.60693448e+00 -6.93930398e+01  3.39115790e-04 
 6.68343918e+00 -6.93931161e+01  3.39112811e-04 
 6.76082975e+00 -6.93931944e+01  3.39109754e-04 
 6.83911647e+00 -6.93932744e+01  3.39106631e-04 
 6.91830971e+00 -6.93933563e+01  3.39103431e-04 
 6.99841996e+00 -6.93934401e+01  3.39100161e-04 
 7.07945784e+00 -6.93935257e+01  3.39096819e-04 
 7.16143410e+00 -6.93936134e+01  3.39093394e-04 
 7.24435960e+00 -6.93937033e+01  3.39089886e-04 
 7.32824533e+00 -6.93937950e+01  3.39086305e-04 
 7.41310241e+00 -6.93938888e+01  3.39082645e-04 
 7.49894209e+00 -6.93939850e+01  3.39078887e-04 
 7.58577575e+00 -6.93940833e+01  3.39075050e-04 
 7.67361489e+00 -6.93941841e+01  3.39071115e-04 
 7.76247117e+00 -6.93942873e+01  3.39067088e-04 
 7.85235635e+00 -6.93943927e+01  3.39062972e-04 
 7.94328235e+00 -6.93945004e+01  3.39058770e-04 
 8.03526122e+00 -6.93946110e+01  3.39054452e-04 
 8.12830516e+00 -6.93947241e+01  3.39050038e-04 
 8.22242650e+00 -6.93948393e+01  3.39045539e-04 
 8.31763771e+00 -6.93949577e+01  3.39040917e-04 
 8.41395142e+00 -6.93950786e+01  3.39036197e-04 
 8.51138038e+00 -6.93952028e+01  3.39031350e-04 
 8.60993752e+00 -6.93953296e+01  3.39026403e-04 
 8.70963590e+00 -6.93954591e+01  3.39021346e-04 
 8.81048873e+00 -6.93955919e+01  3.39016163e-04 
 8.91250938e+00 -6.93957275e+01  3.39010872e-04 
 9.01571138e+00 -6.93958664e+01  3.39005449e-04 
 9.12010839e+00 -6.93960087e+01  3.38999896e-04 
 9.22571427e+00 -6.93961542e+01  3.38994218e-04 
 9.33254301e+00 -6.93963029e+01  3.38988412e-04 
 9.44060876e+00 -6.93964554e+01  3.38982463e-04 
 9.54992586e+00 -6.93966113e+01  3.38976380e-04 
 9.66050879e+00 -6.93967705e+01  3.38970164e-04 
 9.77237221e+00 -6.93969338e+01  3.38963791e-04 
 9.88553095e+00 -6.93971009e+01  3.38957270e-04 
 1.00000000e+01 -6.93972719e+01  3.38950597e-04 
 1.01157945e+01 -6.93974468e+01  3.38943774e-04 
 1.02329299e+01 -6.93976257e+01  3.38936792e-04 
 1.03514217e+01 -6.93978086e+01  3.38929656e-04 
 1.04712855e+01 -6.93979960e+01  3.38922342e-04 
 1.05925373e+01 -6.93981877e+01  3.38914862e-04 
 1.07151931e+01 -6.93983840e+01  3.38907204e-04 
 1.08392691e+01 -6.93985845e+01  3.38899382e-04 
 1.09647820e+01 -6.93987901e+01  3.38891360e-04 
 1.10917482e+01 -6.93990001e+01  3.38883165e-04 
 1.12201845e+01 -6.93992151e+01  3.38874776e-04 
 1.13501082e+01 -6.93994350e+01  3.38866196e-04 
 1.14815362e+01 -6.93996602e+01  3.38857413e-04 
 1.16144861e+01 -6.93998907e+01  3.38848421e-04 
 1.17489755e+01 -6.94001264e+01  3.38839225e-04 
 1.18850223e+01 -6.94003676e+01  3.38829815e-04 
 1.20226443e+01 -6.94006147e+01  3.38820178e-04 
 1.21618600e+01 -6.94008670e+01  3.38810336e-04 
 1.23026877e+01 -6.94011253e+01  3.38800260e-04 
 1.24451461e+01 -6.94013897e+01  3.38789947e-04 
 1.25892541e+01 -6.94016603e+01  3.38779393e-04 
 1.27350308e+01 -6.94019374e+01  3.38768587e-04 
 1.28824955e+01 -6.94022204e+01  3.38757547e-04 
 1.30316678e+01 -6.94025105e+01  3.38746234e-04 
 1.31825674e+01 -6.94028070e+01  3.38734672e-04 
 1.33352143e+01 -6.94031104e+01  3.38722837e-04 
 1.34896288e+01 -6.94034210e+01  3.38710727e-04 
 1.36458314e+01 -6.94037387e+01  3.38698337e-04 
 1.38038426e+01 -6.94040638e+01  3.38685660e-04 
 1.39636836e+01 -6.94043965e+01  3.38672689e-04 
 1.41253754e+01 -6.94047368e+01  3.38659422e-04 
 1.42889396e+01 -6.94050850e+01  3.38645842e-04 
 1.44543977e+01 -6.94054416e+01  3.38631940e-04 
 1.46217717e+01 -6.94058061e+01  3.38617733e-04 
 1.47910839e+01 -6.94061794e+01  3.38603179e-04 
 1.49623566e+01 -6.94065609e+01  3.38588306e-04 
 1.51356125e+01 -6.94069519e+01  3.38573066e-04 
 1.53108746e+01 -6.94073514e+01  3.38557491e-04 
 1.54881662e+01 -6.94077603e+01  3.38541556e-04 
 1.56675107e+01 -6.94081790e+01  3.38525238e-04 
 1.58489319e+01 -6.94086068e+01  3.38508565e-04 
 1.60324539e+01 -6.94090451e+01  3.38491484e-04 
 1.62181010e+01 -6.94094932e+01  3.38474021e-04 
 1.64058977e+01 -6.94099519e+01  3.38456144e-04 
 1.65958691e+01 -6.94104211e+01  3.38437864e-04 
 1.67880402e+01 -6.94109014e+01  3.38419152e-04 
 1.69824365e+01 -6.94113927e+01  3.38400007e-04 
 1.71790839e+01 -6.94118952e+01  3.38380433e-04 
 1.73780083e+01 -6.94124097e+01  3.38360388e-04 
 1.75792361e+01 -6.94129358e+01  3.38339894e-04 
 1.77827941e+01 -6.94134742e+01  3.38318922e-04 
 1.79887092e+01 -6.94140249e+01  3.38297474e-04 
 1.81970086e+01 -6.94145888e+01  3.38275512e-04 
 1.84077200e+01 -6.94151655e+01  3.38253053e-04 
 1.86208714e+01 -6.94157555e+01  3.38230079e-04 
 1.88364909e+01 -6.94163592e+01  3.38206571e-04 
 1.90546072e+01 -6.94169770e+01  3.38182515e-04 
 1.92752491e+01 -6.94176090e+01  3.38157910e-04 
 1.94984460e+01 -6.94182554e+01  3.38132745e-04 
 1.97242274e+01 -6.94189172e+01  3.38106982e-04 
 1.99526231e+01 -6.94195941e+01  3.38080634e-04 
 2.01836636e+01 -6.94202866e+01  3.38053682e-04 
 2.04173794e+01 -6.94209952e+01  3.38026105e-04 
 2.06538016e+01 -6.94217202e+01  3.37997889e-04 
 2.08929613e+01 -6.94224621e+01  3.37969022e-04 
 2.11348904e+01 -6.94232208e+01  3.37939504e-04 
 2.13796209e+01 -6.94239974e+01  3.37909288e-04 
 2.16271852e+01 -6.94247917e+01  3.37878391e-04 
 2.18776162e+01 -6.94256044e+01  3.37846778e-04 
 2.21309471e+01 -6.94264359e+01  3.37814437e-04 
 2.23872114e+01 -6.94272865e+01  3.37781357e-04 
 2.26464431e+01 -6.94281568e+01  3.37747512e-04 
 2.29086765e+01 -6.94290473e+01  3.37712889e-04 
 2.31739465e+01 -6.94299584e+01  3.37677466e-04 
 2.34422882e+01 -6.94308904e+01  3.37641234e-04 
 2.37137371e+01 -6.94318440e+01  3.37604170e-04 
 2.39883292e+01 -6.94328194e+01  3.37566259e-04 
 2.42661010e+01 -6.94338174e+01  3.37527474e-04 
 2.45470892e+01 -6.94348388e+01  3.37487786e-04 
 2.48313311e+01 -6.94358833e+01  3.37447206e-04 
 2.51188643e+01 -6.94369519e+01  3.37405691e-04 
 2.54097271e+01 -6.94380450e+01  3.37363233e-04 
 2.57039578e+01 -6.94391637e+01  3.37319785e-04 
 2.60015956e+01 -6.94403079e+01  3.37275351e-04 
 2.63026799e+01 -6.94414785e+01  3.37229900e-04 
 2.66072506e+01 -6.94426758e+01  3.37183418e-04 
 2.69153480e+01 -6.94439010e+01  3.37135860e-04 
 2.72270131e+01 -6.94451544e+01  3.37087214e-04 
 2.75422870e+01 -6.94464367e+01  3.37037453e-04 
 2.78612117e+01 -6.94477481e+01  3.36986573e-04 
 2.81838293e+01 -6.94490899e+01  3.36934518e-04 
 2.85101827e+01 -6.94504623e+01  3.36881284e-04 
 2.88403150e+01 -6.94518666e+01  3.36826822e-04 
 2.91742701e+01 -6.94533026e+01  3.36771141e-04 
 2.95120923e+01 -6.94547719e+01  3.36714178e-04 
 2.98538262e+01 -6.94562753e+01  3.36655905e-04 
 3.01995172e+01 -6.94578124e+01  3.36596331e-04 
 3.05492111e+01 -6.94593854e+01  3.36535380e-04 
 3.09029543e+01 -6.94609943e+01  3.36473048e-04 
 3.12607937e+01 -6.94626398e+01  3.36409313e-04 
 3.16227766e+01 -6.94643234e+01  3.36344112e-04 
 3.19889511e+01 -6.94660453e+01  3.36277440e-04 
 3.23593657e+01 -6.94678065e+01  3.36209265e-04 
 3.27340695e+01 -6.94696083e+01  3.36139526e-04 
 3.31131121e+01 -6.94714512e+01  3.36068217e-04 
 3.34965439e+01 -6.94696389e+01  3.36138342e-04 
 3.38844156e+01 -6.94715669e+01  3.36063740e-04 
 3.42767787e+01 -6.94735392e+01  3.35987439e-04 
 3.46736850e+01 -6.94755560e+01  3.35909435e-04 
 3.50751874e+01 -6.94776194e+01  3.35829643e-04 
 3.54813389e+01 -6.94797296e+01  3.35748064e-04 
 3.58921935e+01 -6.94818880e+01  3.35664646e-04 
 3.63078055e+01 -6.94840955e+01  3.35579348e-04 
 3.67282300e+01 -6.94863533e+01  3.35492130e-04 
 3.71535229e+01 -6.94886623e+01  3.35402955e-04 
 3.75837404e+01 -6.94910242e+01  3.35311766e-04 
 3.80189396e+01 -6.94934396e+01  3.35218533e-04 
 3.84591782e+01 -6.94959097e+01  3.35123217e-04 
 3.89045145e+01 -6.94984362e+01  3.35025751e-04 
 3.93550075e+01 -6.95010200e+01  3.34926105e-04 
 3.98107171e+01 -6.95036625e+01  3.34824226e-04 
 4.02717034e+01 -6.95063646e+01  3.34720081e-04 
 4.07380278e+01 -6.95091284e+01  3.34613592e-04 
 4.12097519e+01 -6.95119547e+01  3.34504731e-04 
 4.16869383e+01 -6.95148448e+01  3.34393448e-04 
 4.21696503e+01 -6.95178002e+01  3.34279690e-04 
 4.26579519e+01 -6.95208227e+01  3.34163388e-04 
 4.31519077e+01 -6.95239132e+01  3.34044510e-04 
 4.36515832e+01 -6.95270733e+01  3.33923002e-04 
 4.41570447e+01 -6.95303050e+01  3.33798785e-04 
 4.46683592e+01 -6.95336093e+01  3.33671826e-04 
 4.51855944e+01 -6.95369882e+01  3.33542048e-04 
 4.57088190e+01 -6.95404430e+01  3.33409407e-04 
 4.62381021e+01 -6.95439757e+01  3.33273833e-04 
 4.67735141e+01 -6.95475874e+01  3.33135280e-04 
 4.73151259e+01 -6.95512806e+01  3.32993662e-04 
 4.78630092e+01 -6.95550565e+01  3.32848939e-04 
 4.84172368e+01 -6.95589169e+01  3.32701038e-04 
 4.89778819e+01 -6.95628637e+01  3.32549894e-04 
 4.95450191e+01 -6.95668989e+01  3.32395439e-04 
 5.01187234e+01 -6.95710241e+01  3.32237611e-04 
 5.06990708e+01 -6.95752415e+01  3.32076332e-04 
 5.12861384e+01 -6.95795533e+01  3.31911527e-04 
 5.18800039e+01 -6.95839609e+01  3.31743143e-04 
 5.24807460e+01 -6.95884665e+01  3.31571103e-04 
 5.30884444e+01 -6.95930727e+01  3.31395316e-04 
 5.37031796e+01 -6.95977807e+01  3.31215738e-04 
 5.43250331e+01 -6.96025937e+01  3.31032257e-04 
 5.49540874e+01 -6.96075131e+01  3.30844823e-04 
 5.55904257e+01 -6.96125415e+01  3.30653348e-04 
 5.62341325e+01 -6.96176809e+01  3.30457762e-04 
 5.68852931e+01 -6.96229343e+01  3.30257952e-04 
 5.75439937e+01 -6.96283033e+01  3.30053876e-04 
 5.82103218e+01 -6.96337906e+01  3.29845428e-04 
 5.88843655e+01 -6.96393989e+01  3.29632524e-04 
 5.95662144e+01 -6.96451302e+01  3.29415090e-04 
 6.02559586e+01 -6.96509875e+01  3.29193027e-04 
 6.09536897e+01 -6.96569734e+01  3.28966241e-04 
 6.16595002e+01 -6.96630901e+01  3.28734660e-04 
 6.23734835e+01 -6.96693407e+01  3.28498179e-04 
 6.30957344e+01 -6.96757274e+01  3.28256725e-04 
 6.38263486e+01 -6.96822536e+01  3.28010176e-04 
 6.45654229e+01 -6.96889220e+01  3.27758452e-04 
 6.53130553e+01 -6.96957353e+01  3.27501456e-04 
 6.60693448e+01 -6.97026961e+01  3.27239104e-04 
 6.68343918e+01 -6.97098081e+01  3.26971272e-04 
 6.76082975e+01 -6.97170737e+01  3.26697880e-04 
 6.83911647e+01 -6.97244964e+01  3.26418812e-04 
 6.91830971e+01 -6.97320790e+01  3.26133978e-04 
 6.99841996e+01 -6.97398252e+01  3.25843257e-04 
 7.07945784e+01 -6.97477375e+01  3.25546571e-04 
 7.16143410e+01 -6.97558196e+01  3.25243796e-04 
 7.24435960e+01 -6.97640745e+01  3.24934835e-04 
 7.32824533e+01 -6.97725058e+01  3.24619580e-04 
 7.41310241e+01 -6.97811169e+01  3.24297914e-04 
 7.49894209e+01 -6.97899113e+01  3.23969730e-04 
 7.58577575e+01 -6.97988928e+01  3.23634910e-04 
 7.67361489e+01 -6.98080644e+01  3.23293358e-04 
 7.76247117e+01 -6.98174300e+01  3.22944953e-04 
 7.85235635e+01 -6.98269934e+01  3.22589577e-04 
 7.94328235e+01 -6.98367581e+01  3.22227124e-04 
 8.03526122e+01 -6.98467281e+01  3.21857470e-04 
 8.12830516e+01 -6.98569072e+01  3.21480503e-04 
 8.22242650e+01 -6.98636021e+01  3.21232808e-04 
 8.31763771e+01 -6.98742109e+01  3.20840701e-04 
 8.41395142e+01 -6.98850405e+01  3.20440924e-04 
 8.51138038e+01 -6.98960951e+01  3.20033354e-04 
 8.60993752e+01 -6.99073787e+01  3.19617880e-04 
 8.70963590e+01 -6.99188953e+01  3.19194377e-04 
 8.81048873e+01 -6.99306494e+01  3.18762725e-04 
 8.91250938e+01 -6.99426450e+01  3.18322803e-04 
 9.01571138e+01 -6.99548867e+01  3.17874480e-04 
 9.12010839e+01 -6.99673785e+01  3.17417653e-04 
 9.22571427e+01 -6.99801248e+01  3.16952191e-04 
 9.33254301e+01 -6.99931306e+01  3.16477961e-04 
 9.44060876e+01 -7.00063994e+01  3.15994868e-04 
 9.54992586e+01 -7.00199365e+01  3.15502767e-04 
 9.66050879e+01 -7.00337462e+01  3.15001549e-04 
 9.77237221e+01 -7.00478332e+01  3.14491087e-04 
 9.88553095e+01 -7.00622022e+01  3.13971258e-04 
 1.00000000e+02 -7.00768577e+01  3.13441947e-04 
 1.01157945e+02 -7.00918048e+01  3.12903024e-04 
 1.02329299e+02 -7.01070479e+01  3.12354385e-04 
 1.03514217e+02 -7.01225918e+01  3.11795907e-04 
 1.04712855e+02 -7.01384420e+01  3.11227455e-04 
 1.05925373e+02 -7.01546027e+01  3.10648934e-04 
 1.07151931e+02 -7.01710791e+01  3.10060214e-04 
 1.08392691e+02 -7.01878764e+01  3.09461181e-04 
 1.09647820e+02 -7.02049992e+01  3.08851730e-04 
 1.10917482e+02 -7.02224524e+01  3.08231756e-04 
 1.12201845e+02 -7.02365447e+01  3.07732075e-04 
 1.13501082e+02 -7.02546745e+01  3.07090426e-04 
 1.14815362e+02 -7.02731504e+01  3.06437903e-04 
 1.16144861e+02 -7.02919774e+01  3.05774407e-04 
 1.17489755e+02 -7.03111604e+01  3.05099839e-04 
 1.18850223e+02 -7.03307052e+01  3.04414082e-04 
 1.20226443e+02 -7.03506161e+01  3.03717065e-04 
 1.21618600e+02 -7.03708990e+01  3.03008666e-04 
 1.23026877e+02 -7.03915591e+01  3.02288793e-04 
 1.24451461e+02 -7.04126011e+01  3.01557368e-04 
 1.25892541e+02 -7.04340303e+01  3.00814304e-04 
 1.27350308e+02 -7.04558526e+01  3.00059492e-04 
 1.28824955e+02 -7.04780723e+01  2.99292879e-04 
 1.30316678e+02 -7.05006955e+01  2.98514359e-04 
 1.31825674e+02 -7.05237268e+01  2.97723873e-04 
 1.33352143e+02 -7.05471719e+01  2.96921336e-04 
 1.34896288e+02 -7.05673381e+01  2.96232767e-04 
 1.36458314e+02 -7.05916255e+01  2.95405601e-04 
 1.38038426e+02 -7.06163420e+01  2.94566192e-04 
 1.39636836e+02 -7.06414928e+01  2.93714483e-04 
 1.41253754e+02 -7.06670831e+01  2.92850415e-04 
 1.42889396e+02 -7.06931178e+01  2.91973954e-04 
 1.44543977e+02 -7.07196020e+01  2.91085049e-04 
 1.46217717e+02 -7.07465412e+01  2.90183650e-04 
 1.47910839e+02 -7.07739395e+01  2.89269753e-04 
 1.49623566e+02 -7.08018027e+01  2.88343300e-04 
 1.51356125e+02 -7.08301354e+01  2.87404280e-04 
 1.53108746e+02 -7.08589426e+01  2.86452667e-04 
 1.54881662e+02 -7.08845319e+01  2.85609999e-04 
 1.56675107e+02 -7.09143022e+01  2.84632763e-04 
 1.58489319e+02 -7.09445615e+01  2.83642905e-04 
 1.60324539e+02 -7.09753138e+01  2.82640447e-04 
 1.62181010e+02 -7.10065647e+01  2.81625364e-04 
 1.64058977e+02 -7.10383178e+01  2.80597701e-04 
 1.65958691e+02 -7.10705780e+01  2.79557468e-04 
 1.67880402e+02 -7.11033497e+01  2.78504691e-04 
 1.69824365e+02 -7.11366374e+01  2.77439395e-04 
 1.71790839e+02 -7.11667478e+01  2.76479292e-04 
 1.73780083e+02 -7.12010793e+01  2.75388649e-04 
 1.75792361e+02 -7.12359391e+01  2.74285622e-04 
 1.77827941e+02 -7.12713313e+01  2.73170271e-04 
 1.79887092e+02 -7.13072594e+01  2.72042671e-04 
 1.81970086e+02 -7.13437277e+01  2.70902875e-04 
 1.84077200e+02 -7.13807393e+01  2.69750983e-04 
 1.86208714e+02 -7.14182984e+01  2.68587058e-04 
 1.88364909e+02 -7.14527106e+01  2.67525060e-04 
 1.90546072e+02 -7.14913741e+01  2.66336871e-04 
 1.92752491e+02 -7.15305945e+01  2.65136961e-04 
 1.94984460e+02 -7.15703759e+01  2.63925410e-04 
 1.97242274e+02 -7.16107201e+01  2.62702373e-04 
 1.99526231e+02 -7.16516311e+01  2.61467939e-04 
 2.01836636e+02 -7.16894143e+01  2.60333036e-04 
 2.04173794e+02 -7.17314660e+01  2.59075713e-04 
 2.06538016e+02 -7.17740919e+01  2.57807416e-04 
 2.08929613e+02 -7.18172949e+01  2.56528284e-04 
 2.11348904e+02 -7.18610771e+01  2.55238479e-04 
 2.13796209e+02 -7.19054402e+01  2.53938172e-04 
 2.16271852e+02 -7.19466892e+01  2.52735088e-04 
 2.18776162e+02 -7.19922204e+01  2.51413724e-04 
 2.21309471e+02 -7.20383385e+01  2.50082369e-04 
 2.23872114e+02 -7.20850448e+01  2.48741219e-04 
 2.26464431e+02 -7.21323413e+01  2.47390452e-04 
 2.29086765e+02 -7.21765318e+01  2.46135019e-04 
 2.31739465e+02 -7.22250114e+01  2.44765064e-04 
 2.34422882e+02 -7.22740847e+01  2.43386097e-04 
 2.37137371e+02 -7.23237522e+01  2.41998342e-04 
 2.39883292e+02 -7.23703178e+01  2.40704446e-04 
 2.42661010e+02 -7.24211758e+01  2.39299180e-04 
 2.45470892e+02 -7.24726302e+01  2.37885783e-04 
 2.48313311e+02 -7.25246812e+01  2.36464496e-04 
 2.51188643e+02 -7.25736317e+01  2.35135616e-04 
 2.54097271e+02 -7.26268757e+01  2.33698656e-04 
 2.57039578e+02 -7.26807165e+01  2.32254520e-04 
 2.60015956e+02 -7.27351540e+01  2.30803452e-04 
 2.63026799e+02 -7.27864901e+01  2.29443360e-04 
 2.66072506e+02 -7.28421187e+01  2.27978591e-04 
 2.69153480e+02 -7.28983424e+01  2.26507653e-04 
 2.72270131e+02 -7.29551603e+01  2.25030810e-04 
 2.75422870e+02 -7.30088742e+01  2.23643506e-04 
 2.78612117e+02 -7.30668774e+01  2.22155020e-04 
 2.81838293e+02 -7.31254714e+01  2.20661431e-04 
 2.85101827e+02 -7.31809581e+01  2.19256307e-04 
 2.88403150e+02 -7.32407301e+01  2.17752674e-04 
 2.91742701e+02 -7.33010894e+01  2.16244729e-04 
 2.95120923e+02 -7.33583361e+01  2.14824196e-04 
 2.98538262e+02 -7.34198636e+01  2.13307841e-04 
 3.01995172e+02 -7.34782756e+01  2.11878174e-04 
 3.05492111e+02 -7.35409635e+01  2.10354510e-04 
 3.09029543e+02 -7.36042294e+01  2.08827905e-04 
 3.12607937e+02 -7.36643730e+01  2.07386914e-04 
 3.16227766e+02 -7.37287866e+01  2.05854645e-04 
 3.19889511e+02 -7.37937709e+01  2.04320270e-04 
 3.23593657e+02 -7.38556258e+01  2.02870411e-04 
 3.27340695e+02 -7.39217434e+01  2.01332010e-04 
 3.31131121e+02 -7.39847263e+01  1.99877396e-04 
 3.34965439e+02 -7.40519663e+01  1.98336061e-04 
 3.38844156e+02 -7.41160665e+01  1.96877767e-04 
 3.42767787e+02 -7.41844179e+01  1.95334567e-04 
 3.46736850e+02 -7.42496235e+01  1.93873668e-04 
 3.50751874e+02 -7.43190743e+01  1.92329669e-04 
 3.54813389e+02 -7.43853730e+01  1.90867222e-04 
 3.58921935e+02 -7.44559109e+01  1.89323469e-04 
 3.63078055e+02 -7.45232899e+01  1.87860513e-04 
 3.67282300e+02 -7.45949021e+01  1.86318036e-04 
 3.71535229e+02 -7.46633487e+01  1.84855580e-04 
 3.75837404e+02 -7.47360212e+01  1.83315396e-04 
 3.80189396e+02 -7.48055220e+01  1.81854437e-04 
 3.84591782e+02 -7.48755443e+01  1.80394290e-04 
 3.89045145e+02 -7.49497822e+01  1.78859037e-04 
 3.93550075e+02 -7.50208379e+01  1.77401834e-04 
 3.98107171e+02 -7.50961023e+01  1.75871264e-04 
 4.02717034e+02 -7.51681770e+01  1.74417939e-04 
 4.07380278e+02 -7.52407560e+01  1.72966581e-04 
 4.12097519e+02 -7.53175330e+01  1.71444418e-04 
 4.16869383e+02 -7.53911099e+01  1.69998271e-04 
 4.21696503e+02 -7.54651802e+01  1.68554747e-04 
 4.26579519e+02 -7.55397411e+01  1.67114043e-04 
 4.31519077e+02 -7.56184849e+01  1.65605880e-04 
 4.36515832e+02 -7.56940144e+01  1.64172073e-04 
 4.41570447e+02 -7.57700235e+01  1.62741691e-04 
 4.46683592e+02 -7.58465085e+01  1.61314933e-04 
 4.51855944e+02 -7.59234657e+01  1.59891993e-04 
 4.57088190e+02 -7.60045890e+01  1.58405606e-04 
 4.62381021e+02 -7.60824804e+01  1.56991442e-04 
 4.67735141e+02 -7.61608340e+01  1.55581624e-04 
 4.73151259e+02 -7.62396460e+01  1.54176328e-04 
 4.78630092e+02 -7.63189136e+01  1.52775713e-04 
 4.84172368e+02 -7.63986333e+01  1.51379943e-04 
 4.89778819e+02 -7.64788018e+01  1.49989173e-04 
 4.95450191e+02 -7.65594155e+01  1.48603563e-04 
 5.01187234e+02 -7.66404720e+01  1.47223249e-04 
 5.06990708e+02 -7.67219685e+01  1.45848369e-04 
 5.12861384e+02 -7.68039005e+01  1.44479082e-04 
 5.18800039e+02 -7.68862668e+01  1.43115495e-04 
 5.24807460e+02 -7.69690632e+01  1.41757759e-04 
 5.30884444e+02 -7.70522878e+01  1.40405982e-04 
 5.37031796e+02 -7.71322403e+01  1.39119493e-04 
 5.43250331e+02 -7.72163120e+01  1.37779435e-04 
 5.49540874e+02 -7.73008040e+01  1.36445683e-04 
 5.55904257e+02 -7.73857133e+01  1.35118351e-04 
 5.62341325e+02 -7.74673409e+01  1.33854494e-04 
 5.68852931e+02 -7.75530777e+01  1.32539740e-04 
 5.75439937e+02 -7.76392254e+01  1.31231692e-04 
 5.82103218e+02 -7.77220846e+01  1.29985758e-04 
 5.88843655e+02 -7.78090468e+01  1.28690847e-04 
 5.95662144e+02 -7.78964135e+01  1.27402903e-04 
 6.02559586e+02 -7.79804857e+01  1.26175698e-04 
 6.09536897e+02 -7.80686563e+01  1.24901366e-04 
 6.16595002e+02 -7.81535286e+01  1.23686861e-04 
 6.23734835e+02 -7.82424964e+01  1.22426429e-04 
 6.30957344e+02 -7.83281632e+01  1.21224902e-04 
 6.38263486e+02 -7.84142251e+01  1.20029707e-04 
 6.45654229e+02 -7.85043781e+01  1.18790332e-04 
 6.53130553e+02 -7.85912271e+01  1.17608482e-04 
 6.60693448e+02 -7.86784683e+01  1.16433134e-04 
 6.68343918e+02 -7.87661010e+01  1.15264336e-04 
 6.76082975e+02 -7.88541244e+01  1.14102138e-04 
 6.83911647e+02 -7.89462350e+01  1.12898520e-04 
 6.91830971e+02 -7.90350379e+01  1.11750147e-04 
 6.99841996e+02 -7.91242309e+01  1.10608488e-04 
 7.07945784e+02 -7.92138132e+01  1.09473585e-04 
 7.16143410e+02 -7.93037852e+01  1.08345465e-04 
 7.24435960e+02 -7.93904496e+01  1.07269813e-04 
 7.32824533e+02 -7.94812009e+01  1.06154878e-04 
 7.41310241e+02 -7.95723429e+01  1.05046807e-04 
 7.49894209e+02 -7.96638758e+01  1.03945623e-04 
 7.58577575e+02 -7.97521036e+01  1.02895130e-04 
 7.67361489e+02 -7.98444215e+01  1.01807301e-04 
 7.76247117e+02 -7.99371332e+01  1.00726406e-04 
 7.85235635e+02 -8.00265426e+01  9.96948837e-05 
 7.94328235e+02 -8.01200460e+01  9.86274259e-05 
 8.03526122e+02 -8.02102501e+01  9.76084677e-05 
 8.12830516e+02 -8.03008542e+01  9.65955877e-05 
 8.22242650e+02 -8.03918603e+01  9.55887945e-05 
 8.31763771e+02 -8.04869669e+01  9.45478499e-05 
 8.41395142e+02 -8.05788006e+01  9.35534849e-05 
 8.51138038e+02 -8.06710249e+01  9.25654151e-05 
 8.60993752e+02 -8.07636602e+01  9.15834483e-05 
 8.70963590e+02 -8.08567097e+01  9.06075770e-05 
 8.81048873e+02 -8.09501756e+01  8.96378059e-05 
 8.91250938e+02 -8.10403650e+01  8.87118729e-05 
 9.01571138e+02 -8.11346746e+01  8.77538681e-05 
 9.12010839e+02 -8.12294116e+01  8.68019381e-05 
 9.22571427e+02 -8.13208823e+01  8.58926272e-05 
 9.33254301e+02 -8.14164838e+01  8.49524304e-05 
 9.44060876e+02 -8.15088282e+01  8.40540391e-05 
 9.54992586e+02 -8.16053125e+01  8.31255199e-05 
 9.66050879e+02 -8.16985474e+01  8.22380170e-05 
 9.77237221e+02 -8.17922351e+01  8.13557487e-05 
 9.88553095e+02 -8.18863805e+01  8.04787046e-05 
 1.00000000e+03 -8.19809885e+01  7.96068745e-05 
 1.01157945e+03 -8.20760652e+01  7.87402407e-05 
 1.02329299e+03 -8.21716156e+01  7.78787940e-05 
 1.03514217e+03 -8.22639488e+01  7.70553077e-05 
 1.04712855e+03 -8.23604653e+01  7.62038187e-05 
 1.05925373e+03 -8.24537771e+01  7.53895490e-05 
 1.07151931e+03 -8.25512853e+01  7.45479550e-05 
 1.08392691e+03 -8.26456023e+01  7.37428446e-05 
 1.09647820e+03 -8.27404319e+01  7.29421237e-05 
 1.10917482e+03 -8.28357827e+01  7.21457686e-05 
 1.12201845e+03 -8.29316614e+01  7.13537712e-05 
 1.13501082e+03 -8.30280763e+01  7.05661110e-05 
 1.14815362e+03 -8.31213384e+01  6.98124826e-05 
 1.16144861e+03 -8.32188503e+01  6.90331176e-05 
 1.17489755e+03 -8.33132268e+01  6.82870988e-05 
 1.18850223e+03 -8.34118709e+01  6.75159612e-05 
 1.20226443e+03 -8.35073976e+01  6.67774944e-05 
 1.21618600e+03 -8.36035139e+01  6.60426217e-05 
 1.23026877e+03 -8.37002300e+01  6.53113256e-05 
 1.24451461e+03 -8.37938581e+01  6.46110939e-05 
 1.25892541e+03 -8.38918039e+01  6.38866045e-05 
 1.27350308e+03 -8.39866838e+01  6.31925395e-05 
 1.28824955e+03 -8.40859031e+01  6.24747957e-05 
 1.30316678e+03 -8.41820789e+01  6.17868503e-05 
 1.31825674e+03 -8.42789206e+01  6.11017955e-05 
 1.33352143e+03 -8.43764402e+01  6.04196199e-05 
 1.34896288e+03 -8.44709530e+01  5.97657466e-05 
 1.36458314e+03 -8.45698670e+01  5.90890016e-05 
 1.38038426e+03 -8.46657999e+01  5.84399729e-05 
 1.39636836e+03 -8.47624633e+01  5.77932124e-05 
 1.41253754e+03 -8.48598714e+01  5.71487100e-05 
 1.42889396e+03 -8.49580379e+01  5.65064605e-05 
 1.44543977e+03 -8.50532817e+01  5.58902323e-05 
 1.46217717e+03 -8.51530292e+01  5.52520684e-05 
 1.47910839e+03 -8.52498661e+01  5.46394975e-05 
 1.49623566e+03 -8.53475236e+01  5.40286133e-05 
 1.51356125e+03 -8.54423212e+01  5.34421524e-05 
 1.53108746e+03 -8.55416700e+01  5.28343657e-05 
 1.54881662e+03 -8.56381934e+01  5.22504858e-05 
 1.56675107e+03 -8.57356059e+01  5.16677683e-05 
 1.58489319e+03 -8.58339259e+01  5.10862124e-05 
 1.60324539e+03 -8.59331728e+01  5.05058122e-05 
 1.62181010e+03 -8.60296684e+01  4.99478247e-05 
 1.64058977e+03 -8.61271290e+01  4.93905147e-05 
 1.65958691e+03 -8.62255757e+01  4.88338781e-05 
 1.67880402e+03 -8.63250293e+01  4.82779182e-05 
 1.69824365e+03 -8.64218136e+01  4.77429578e-05 
 1.71790839e+03 -8.65196475e+01  4.72082199e-05 
 1.73780083e+03 -8.66185537e+01  4.66737090e-05 
 1.75792361e+03 -8.67148583e+01  4.61590737e-05 
 1.77827941e+03 -8.68122816e+01  4.56442335e-05 
 1.79887092e+03 -8.69108481e+01  4.51291961e-05 
 1.81970086e+03 -8.70105819e+01  4.46139734e-05 
 1.84077200e+03 -8.71078123e+01  4.41173467e-05 
 1.86208714e+03 -8.72062616e+01  4.36201265e-05 
 1.88364909e+03 -8.73059747e+01  4.31222355e-05 
 1.90546072e+03 -8.74032462e+01  4.26420124e-05 
 1.92752491e+03 -8.75018188e+01  4.21608212e-05 
 1.94984460e+03 -8.76017215e+01  4.16786772e-05 
 1.97242274e+03 -8.76992861e+01  4.12131391e-05 
 1.99526231e+03 -8.77982400e+01  4.07462834e-05 
 2.01836636e+03 -8.78949173e+01  4.02952758e-05 
 2.04173794e+03 -8.79967435e+01  3.98256458e-05 
 2.06538016e+03 -8.80926592e+01  3.93882823e-05 
 2.08929613e+03 -8.81937899e+01  3.89323397e-05 
 2.11348904e+03 -8.82927744e+01  3.84911849e-05 
 2.13796209e+03 -8.83896474e+01  3.80642808e-05 
 2.16271852e+03 -8.84881429e+01  3.76350811e-05 
 2.18776162e+03 -8.85882962e+01  3.72036193e-05 
 2.21309471e+03 -8.86864481e+01  3.67855789e-05 
 2.23872114e+03 -8.87861949e+01  3.63655581e-05 
 2.26464431e+03 -8.88841560e+01  3.59577244e-05 
 2.29086765e+03 -8.89839304e+01  3.55470432e-05 
 2.31739465e+03 -8.90818615e+01  3.51485106e-05 
 2.34422882e+03 -8.91816889e+01  3.47468591e-05 
 2.37137371e+03 -8.92797582e+01  3.43567510e-05 
 2.39883292e+03 -8.93798109e+01  3.39632667e-05 
 2.42661010e+03 -8.94781950e+01  3.35807391e-05 
 2.45470892e+03 -8.95749562e+01  3.32087240e-05 
 2.48313311e+03 -8.96738396e+01  3.28328074e-05 
 2.51188643e+03 -8.97748931e+01  3.24530371e-05 
 2.54097271e+03 -8.98745052e+01  3.20829829e-05 
 2.57039578e+03 -8.99726551e+01  3.17224883e-05 
 2.60015956e+03 -9.00731277e+01  3.13576577e-05 
 2.63026799e+03 -9.01722788e+01  3.10017392e-05 
 2.66072506e+03 -9.02701631e+01  3.06543313e-05 
 2.69153480e+03 -9.03705337e+01  3.03021409e-05 
 2.72270131e+03 -9.04697502e+01  2.99579776e-05 
 2.75422870e+03 -9.05678704e+01  2.96214613e-05 
 2.78612117e+03 -9.06686707e+01  2.92796895e-05 
 2.81838293e+03 -9.07647807e+01  2.89574935e-05 
 2.85101827e+03 -9.08673729e+01  2.86174778e-05 
 2.88403150e+03 -9.09654195e+01  2.82962593e-05 
 2.91742701e+03 -9.10626844e+01  2.79811643e-05 
 2.95120923e+03 -9.11629310e+01  2.76600811e-05 
 2.98538262e+03 -9.12625314e+01  2.73447167e-05 
 3.01995172e+03 -9.13615554e+01  2.70347421e-05 
 3.05492111e+03 -9.14600756e+01  2.67298315e-05 
 3.09029543e+03 -9.15618623e+01  2.64184228e-05 
 3.12607937e+03 -9.16595976e+01  2.61228238e-05 
 3.16227766e+03 -9.17607518e+01  2.58203668e-05 
 3.19889511e+03 -9.18580104e+01  2.55328608e-05 
 3.23593657e+03 -9.19588484e+01  2.52381537e-05 
 3.27340695e+03 -9.20596875e+01  2.49468449e-05 
 3.31131121e+03 -9.21568430e+01  2.46693583e-05 
 3.34965439e+03 -9.22578323e+01  2.43841928e-05 
 3.38844156e+03 -9.23553492e+01  2.41119614e-05 
 3.42767787e+03 -9.24568796e+01  2.38317547e-05 
 3.46736850e+03 -9.25551216e+01  2.35637237e-05 
 3.50751874e+03 -9.26538681e+01  2.32973537e-05 
 3.54813389e+03 -9.27532160e+01  2.30324004e-05 
 3.58921935e+03 -9.28532648e+01  2.27686227e-05 
 3.63078055e+03 -9.29541166e+01  2.25057853e-05 
 3.67282300e+03 -9.30522150e+01  2.22530349e-05 
 3.71535229e+03 -9.31512910e+01  2.20006470e-05 
 3.75837404e+03 -9.32514909e+01  2.17483070e-05 
 3.80189396e+03 -9.33529259e+01  2.14958046e-05 
 3.84591782e+03 -9.34520138e+01  2.12519756e-05 
 3.89045145e+03 -9.35525682e+01  2.10073655e-05 
 3.93550075e+03 -9.36510125e+01  2.07706159e-05 
 3.98107171e+03 -9.37511660e+01  2.05324937e-05 
 4.02717034e+03 -9.38494756e+01  2.03014109e-05 
 4.07380278e+03 -9.39497303e+01  2.00684341e-05 
 4.12097519e+03 -9.40483833e+01  1.98417895e-05 
 4.16869383e+03 -9.41492657e+01  1.96126696e-05 
 4.21696503e+03 -9.42488537e+01  1.93890850e-05 
 4.26579519e+03 -9.43472167e+01  1.91707527e-05 
 4.31519077e+03 -9.44482324e+01  1.89490909e-05 
 4.36515832e+03 -9.45483506e+01  1.87319275e-05 
 4.41570447e+03 -9.46477223e+01  1.85188444e-05 
 4.46683592e+03 -9.47465026e+01  1.83094319e-05 
 4.51855944e+03 -9.48485820e+01  1.80955130e-05 
 4.57088190e+03 -9.49466566e+01  1.78923411e-05 
 4.62381021e+03 -9.50483223e+01  1.76841376e-05 
 4.67735141e+03 -9.51463537e+01  1.74856716e-05 
 4.73151259e+03 -9.52446224e+01  1.72889605e-05 
 4.78630092e+03 -9.53470018e+01  1.70863740e-05 
 4.84172368e+03 -9.54462979e+01  1.68921569e-05 
 4.89778819e+03 -9.55463579e+01  1.66986785e-05 
 4.95450191e+03 -9.56436924e+01  1.65125970e-05 
 5.01187234e+03 -9.57457695e+01  1.63196758e-05 
 5.06990708e+03 -9.58456361e+01  1.61331138e-05 
 5.12861384e+03 -9.59433928e+01  1.59525590e-05 
 5.18800039e+03 -9.60429095e+01  1.57708290e-05 
 5.24807460e+03 -9.61444355e+01  1.55875631e-05 
 5.30884444e+03 -9.62444563e+01  1.54090969e-05 
 5.37031796e+03 -9.63432127e+01  1.52348915e-05 
 5.43250331e+03 -9.64446486e+01  1.50580096e-05 
 5.49540874e+03 -9.65415692e+01  1.48909203e-05 
 5.55904257e+03 -9.66416422e+01  1.47203416e-05 
 5.62341325e+03 -9.67413810e+01  1.45522769e-05 
 5.68852931e+03 -9.68410896e+01  1.43861810e-05 
 5.75439937e+03 -9.69409713e+01  1.42216974e-05 
 5.82103218e+03 -9.70412881e+01  1.40583902e-05 
 5.88843655e+03 -9.71423448e+01  1.38957746e-05 
 5.95662144e+03 -9.72406841e+01  1.37393377e-05 
 6.02559586e+03 -9.73403192e+01  1.35826353e-05 
 6.09536897e+03 -9.74415027e+01  1.34253267e-05 
 6.16595002e+03 -9.75408681e+01  1.32726181e-05 
 6.23734835e+03 -9.76423964e+01  1.31183792e-05 
 6.30957344e+03 -9.77426809e+01  1.29677896e-05 
 6.38263486e+03 -9.78420549e+01  1.28202725e-05 
 6.45654229e+03 -9.79408774e+01  1.26752383e-05 
 6.53130553e+03 -9.80394083e+01  1.25322654e-05 
 6.60693448e+03 -9.81417357e+01  1.23854906e-05 
 6.68343918e+03 -9.82407938e+01  1.22450428e-05 
 6.76082975e+03 -9.83404775e+01  1.21053159e-05 
 6.83911647e+03 -9.84414633e+01  1.19653894e-05 
 6.91830971e+03 -9.85402497e+01  1.18300755e-05 
 6.99841996e+03 -9.86409677e+01  1.16936911e-05 
 7.07945784e+03 -9.87402370e+01  1.15608070e-05 
 7.16143410e+03 -9.88384911e+01  1.14307689e-05 
 7.24435960e+03 -9.89398685e+01  1.12981302e-05 
 7.32824533e+03 -9.90410361e+01  1.11673003e-05 
 7.41310241e+03 -9.91387224e+01  1.10424103e-05 
 7.49894209e+03 -9.92408116e+01  1.09133836e-05 
 7.58577575e+03 -9.93402828e+01  1.07891159e-05 
 7.67361489e+03 -9.94376471e+01  1.06688509e-05 
 7.76247117e+03 -9.95370508e+01  1.05474496e-05 
 7.85235635e+03 -9.96389710e+01  1.04244092e-05 
 7.94328235e+03 -9.97402007e+01  1.03036232e-05 
 8.03526122e+03 -9.98375432e+01  1.01887954e-05 
 8.12830516e+03 -9.99387652e+01  1.00707483e-05 
 8.22242650e+03 -1.00037275e+02  9.95717749e-06 
 8.31763771e+03 -1.00137167e+02  9.84332067e-06 
 8.41395142e+03 -1.00239009e+02  9.72858267e-06 
 8.51138038e+03 -1.00339627e+02  9.61653580e-06 
 8.60993752e+03 -1.00439634e+02  9.50644872e-06 
 8.70963590e+03 -1.00539581e+02  9.39768666e-06 
 8.81048873e+03 -1.00636391e+02  9.29352453e-06 
 8.91250938e+03 -1.00738073e+02  9.18536317e-06 
 9.01571138e+03 -1.00837883e+02  9.08041784e-06 
 9.12010839e+03 -1.00936411e+02  8.97799695e-06 
 9.22571427e+03 -1.01037946e+02  8.87365873e-06 
 9.33254301e+03 -1.01136011e+02  8.77403700e-06 
 9.44060876e+03 -1.01238535e+02  8.67108136e-06 
 9.54992586e+03 -1.01338866e+02  8.57149785e-06 
 9.66050879e+03 -1.01437674e+02  8.47454327e-06 
 9.77237221e+03 -1.01535633e+02  8.37950520e-06 
 9.88553095e+03 -1.01637420e+02  8.28188122e-06 
 1.00000000e+04 -1.01736315e+02  8.18812116e-06 
 1.01157945e+04 -1.01836789e+02  8.09395066e-06 
 1.02329299e+04 -1.01935939e+02  8.00208287e-06 
 1.03514217e+04 -1.02038329e+02  7.90830723e-06 
 1.04712855e+04 -1.02137415e+02  7.81860491e-06 
 1.05925373e+04 -1.02237727e+02  7.72882770e-06 
 1.07151931e+04 -1.02336338e+02  7.64157886e-06 
 1.08392691e+04 -1.02438115e+02  7.55256076e-06 
 1.09647820e+04 -1.02536495e+02  7.46750007e-06 
 1.10917482e+04 -1.02636108e+02  7.38234928e-06 
 1.12201845e+04 -1.02737932e+02  7.29631210e-06 
 1.13501082e+04 -1.02835589e+02  7.21473800e-06 
 1.14815362e+04 -1.02937440e+02  7.13063192e-06 
 1.16144861e+04 -1.03037054e+02  7.04932157e-06 
 1.17489755e+04 -1.03135757e+02  6.96966856e-06 
 1.18850223e+04 -1.03234510e+02  6.89087676e-06 
 1.20226443e+04 -1.03338146e+02  6.80914663e-06 
 1.21618600e+04 -1.03436703e+02  6.73232175e-06 
 1.23026877e+04 -1.03535052e+02  6.65652273e-06 
 1.24451461e+04 -1.03637932e+02  6.57814451e-06 
 1.25892541e+04 -1.03735795e+02  6.50444488e-06 
 1.27350308e+04 -1.03837119e+02  6.42900908e-06 
 1.28824955e+04 -1.03935814e+02  6.35637211e-06 
 1.30316678e+04 -1.04036911e+02  6.28281769e-06 
 1.31825674e+04 -1.04134327e+02  6.21274681e-06 
 1.33352143e+04 -1.04236732e+02  6.13992984e-06 
 1.34896288e+04 -1.04334706e+02  6.07106261e-06 
 1.36458314e+04 -1.04436964e+02  6.00000727e-06 
 1.38038426e+04 -1.04537556e+02  5.93092177e-06 
 1.39636836e+04 -1.04634191e+02  5.86530309e-06 
 1.41253754e+04 -1.04736053e+02  5.79692066e-06 
 1.42889396e+04 -1.04837192e+02  5.72981255e-06 
 1.44543977e+04 -1.04935565e+02  5.66528498e-06 
 1.46217717e+04 -1.05036530e+02  5.59981300e-06 
 1.47910839e+04 -1.05134210e+02  5.53719083e-06 
 1.49623566e+04 -1.05234371e+02  5.47370573e-06 
 1.51356125e+04 -1.05334901e+02  5.41071888e-06 
 1.53108746e+04 -1.05433797e+02  5.34946254e-06 
 1.54881662e+04 -1.05536858e+02  5.28636435e-06 
 1.56675107e+04 -1.05634848e+02  5.22706156e-06 
 1.58489319e+04 -1.05737017e+02  5.16593742e-06 
 1.60324539e+04 -1.05834201e+02  5.10845946e-06 
 1.62181010e+04 -1.05936075e+02  5.04889423e-06 
 1.64058977e+04 -1.06037172e+02  4.99046936e-06 
 1.65958691e+04 -1.06135831e+02  4.93410587e-06 
 1.67880402e+04 -1.06234459e+02  4.87839624e-06 
 1.69824365e+04 -1.06335224e+02  4.82212855e-06 
 1.71790839e+04 -1.06436544e+02  4.76620576e-06 
 1.73780083e+04 -1.06533661e+02  4.71321191e-06 
 1.75792361e+04 -1.06636172e+02  4.65791355e-06 
 1.77827941e+04 -1.06735351e+02  4.60502979e-06 
 1.79887092e+04 -1.06833970e+02  4.55304029e-06 
 1.81970086e+04 -1.06934454e+02  4.50067120e-06 
 1.84077200e+04 -1.07035632e+02  4.44854930e-06 
 1.86208714e+04 -1.07136700e+02  4.39708665e-06 
 1.88364909e+04 -1.07236469e+02  4.34686901e-06 
 1.90546072e+04 -1.07334371e+02  4.29814885e-06 
 1.92752491e+04 -1.07436774e+02  4.24777297e-06 
 1.94984460e+04 -1.07535604e+02  4.19971463e-06 
 1.97242274e+04 -1.07633825e+02  4.15249131e-06 
 1.99526231e+04 -1.07734420e+02  4.10467724e-06 
 2.01836636e+04 -1.07837073e+02  4.05645195e-06 
 2.04173794e+04 -1.07933739e+02  4.01155782e-06 
 2.06538016e+04 -1.08035322e+02  3.96491519e-06 
 2.08929613e+04 -1.08133857e+02  3.92019014e-06 
 2.11348904e+04 -1.08236764e+02  3.87401926e-06 
 2.13796209e+04 -1.08336289e+02  3.82988340e-06 
 2.16271852e+04 -1.08436246e+02  3.78606171e-06 
 2.18776162e+04 -1.08536426e+02  3.74264559e-06 
 2.21309471e+04 -1.08633472e+02  3.70106244e-06 
 2.23872114e+04 -1.08734743e+02  3.65816131e-06 
 2.26464431e+04 -1.08836888e+02  3.61539384e-06 
 2.29086765e+04 -1.08936793e+02  3.57404770e-06 
 2.31739465e+04 -1.09034628e+02  3.53401681e-06 
 2.34422882e+04 -1.09134877e+02  3.49346283e-06 
 2.37137371e+04 -1.09234283e+02  3.45370991e-06 
 2.39883292e+04 -1.09333747e+02  3.41438614e-06 
 2.42661010e+04 -1.09434224e+02  3.37511684e-06 
 2.45470892e+04 -1.09536480e+02  3.33561557e-06 
 2.48313311e+04 -1.09634328e+02  3.29825028e-06 
 2.51188643e+04 -1.09736439e+02  3.25970324e-06 
 2.54097271e+04 -1.09836540e+02  3.22235222e-06 
 2.57039578e+04 -1.09936106e+02  3.18562526e-06 
 2.60015956e+04 -1.10036717e+02  3.14893846e-06 
 2.63026799e+04 -1.10136395e+02  3.11300801e-06 
 2.66072506e+04 -1.10233128e+02  3.07853134e-06 
 2.69153480e+04 -1.10336337e+02  3.04216786e-06 
 2.72270131e+04 -1.10433193e+02  3.00843303e-06 
 2.75422870e+04 -1.10533485e+02  2.97389581e-06 
 2.78612117e+04 -1.10635506e+02  2.93916997e-06 
 2.81838293e+04 -1.10734480e+02  2.90586891e-06 
 2.85101827e+04 -1.10836761e+02  2.87185137e-06 
 2.88403150e+04 -1.10933901e+02  2.83991247e-06 
 2.91742701e+04 -1.11036305e+02  2.80662730e-06 
 2.95120923e+04 -1.11135847e+02  2.77464644e-06 
 2.98538262e+04 -1.11235811e+02  2.74289673e-06 
 3.01995172e+04 -1.11335837e+02  2.71149097e-06 
 3.05492111e+04 -1.11435766e+02  2.68047454e-06 
 3.09029543e+04 -1.11535626e+02  2.64983410e-06 
 3.12607937e+04 -1.11635545e+02  2.61952618e-06 
 3.16227766e+04 -1.11735833e+02  2.58945495e-06 
 3.19889511e+04 -1.11833536e+02  2.56049055e-06 
 3.23593657e+04 -1.11932993e+02  2.53133929e-06 
 3.27340695e+04 -1.12035060e+02  2.50176776e-06 
 3.31131121e+04 -1.12133469e+02  2.47358342e-06 
 3.34965439e+04 -1.12233119e+02  2.44536714e-06 
 3.38844156e+04 -1.12335757e+02  2.41664110e-06 
 3.42767787e+04 -1.12435547e+02  2.38903584e-06 
 3.46736850e+04 -1.12534313e+02  2.36202420e-06 
 3.50751874e+04 -1.12634496e+02  2.33493729e-06 
 3.54813389e+04 -1.12734430e+02  2.30822683e-06 
 3.58921935e+04 -1.12833309e+02  2.28209927e-06 
 3.63078055e+04 -1.12933717e+02  2.25587049e-06 
 3.67282300e+04 -1.13035122e+02  2.22968692e-06 
 3.71535229e+04 -1.13133596e+02  2.20455113e-06 
 3.75837404e+04 -1.13236097e+02  2.17868860e-06 
 3.80189396e+04 -1.13335604e+02  2.15387165e-06 
 3.84591782e+04 -1.13435967e+02  2.12912740e-06 
 3.89045145e+04 -1.13534234e+02  2.10517535e-06 
 3.93550075e+04 -1.13635038e+02  2.08088518e-06 
 3.98107171e+04 -1.13736032e+02  2.05682998e-06 
 4.02717034e+04 -1.13834793e+02  2.03357584e-06 
 4.07380278e+04 -1.13933027e+02  2.01070645e-06 
 4.12097519e+04 -1.14036626e+02  1.98686650e-06 
 4.16869383e+04 -1.14133186e+02  1.96490109e-06 
 4.21696503e+04 -1.14236455e+02  1.94167821e-06 
 4.26579519e+04 -1.14334696e+02  1.91984062e-06 
 4.31519077e+04 -1.14434956e+02  1.89780777e-06 
 4.36515832e+04 -1.14533395e+02  1.87642093e-06 
 4.41570447e+04 -1.14634265e+02  1.85475582e-06 
 4.46683592e+04 -1.14734307e+02  1.83351580e-06 
 4.51855944e+04 -1.14834857e+02  1.81241284e-06 
 4.57088190e+04 -1.14933417e+02  1.79196343e-06 
 4.62381021e+04 -1.15035440e+02  1.77103849e-06 
 4.67735141e+04 -1.15135873e+02  1.75067832e-06 
 4.73151259e+04 -1.15233400e+02  1.73113134e-06 
 4.78630092e+04 -1.15334929e+02  1.71101386e-06 
 4.84172368e+04 -1.15436143e+02  1.69119184e-06 
 4.89778819e+04 -1.15533626e+02  1.67231743e-06 
 4.95450191e+04 -1.15635357e+02  1.65284514e-06 
 5.01187234e+04 -1.15734857e+02  1.63401909e-06 
 5.06990708e+04 -1.15833623e+02  1.61554429e-06 
 5.12861384e+04 -1.15933523e+02  1.59706963e-06 
 5.18800039e+04 -1.16033279e+02  1.57883247e-06 
 5.24807460e+04 -1.16135740e+02  1.56031766e-06 
 5.30884444e+04 -1.16233141e+02  1.54291839e-06 
 5.37031796e+04 -1.16333145e+02  1.52525597e-06 
 5.43250331e+04 -1.16436377e+02  1.50723562e-06 
 5.49540874e+04 -1.16532853e+02  1.49058700e-06 
 5.55904257e+04 -1.16635703e+02  1.47304102e-06 
 5.62341325e+04 -1.16735925e+02  1.45614211e-06 
 5.68852931e+04 -1.16832846e+02  1.43998407e-06 
 5.75439937e+04 -1.16933673e+02  1.42336516e-06 
 5.82103218e+04 -1.17035062e+02  1.40684705e-06 
 5.88843655e+04 -1.17134372e+02  1.39085352e-06 
 5.95662144e+04 -1.17233175e+02  1.37512202e-06 
 6.02559586e+04 -1.17333795e+02  1.35928408e-06 
 6.09536897e+04 -1.17435406e+02  1.34347535e-06 
 6.16595002e+04 -1.17534225e+02  1.32827736e-06 
 6.23734835e+04 -1.17634395e+02  1.31304687e-06 
 6.30957344e+04 -1.17733683e+02  1.29812305e-06 
 6.38263486e+04 -1.17834177e+02  1.28319048e-06 
 6.45654229e+04 -1.17934859e+02  1.26840244e-06 
 6.53130553e+04 -1.18035312e+02  1.25381773e-06 
 6.60693448e+04 -1.18136261e+02  1.23932994e-06 
 6.68343918e+04 -1.18235246e+02  1.22528660e-06 
 6.76082975e+04 -1.18334706e+02  1.21133627e-06 
 6.83911647e+04 -1.18433775e+02  1.19759855e-06 
 6.91830971e+04 -1.18536202e+02  1.18355898e-06 
 6.99841996e+04 -1.18635797e+02  1.17006542e-06 
 7.07945784e+04 -1.18734205e+02  1.15688385e-06 
 7.16143410e+04 -1.18834213e+02  1.14364010e-06 
 7.24435960e+04 -1.18936100e+02  1.13030327e-06 
 7.32824533e+04 -1.19033475e+02  1.11770253e-06 
 7.41310241e+04 -1.19135354e+02  1.10466928e-06 
 7.49894209e+04 -1.19233769e+02  1.09222361e-06 
 7.58577575e+04 -1.19336025e+02  1.07944056e-06 
 7.67361489e+04 -1.19432912e+02  1.06746685e-06 
 7.76247117e+04 -1.19533718e+02  1.05514973e-06 
 7.85235635e+04 -1.19634664e+02  1.04295798e-06 
 7.94328235e+04 -1.19732748e+02  1.03124682e-06 
 8.03526122e+04 -1.19833918e+02  1.01930482e-06 
 8.12830516e+04 -1.19933859e+02  1.00764385e-06 
 8.22242650e+04 -1.20033048e+02  9.96202470e-07 
 8.31763771e+04 -1.20133537e+02  9.84743587e-07 
 8.41395142e+04 -1.20234717e+02  9.73339021e-07 
 8.51138038e+04 -1.20333600e+02  9.62321119e-07 
 8.60993752e+04 -1.20435774e+02  9.51067434e-07 
 8.70963590e+04 -1.20533643e+02  9.40411341e-07 
 8.81048873e+04 -1.20635607e+02  9.29436366e-07 
 8.91250938e+04 -1.20733161e+02  9.19055912e-07 
 9.01571138e+04 -1.20833587e+02  9.08490995e-07 
 9.12010839e+04 -1.20934839e+02  8.97962139e-07 
 9.22571427e+04 -1.21032780e+02  8.87893762e-07 
 9.33254301e+04 -1.21135759e+02  8.77429167e-07 
 9.44060876e+04 -1.21235149e+02  8.67446162e-07 
 9.54992586e+04 -1.21335471e+02  8.57484862e-07 
 9.66050879e+04 -1.21434633e+02  8.47751107e-07 
 9.77237221e+04 -1.21532934e+02  8.38210858e-07 
 9.88553095e+04 -1.21635827e+02  8.28340039e-07 
 1.00000000e+05 -1.21736065e+02  8.18835654e-07 
 1.01157945e+05 -1.21835044e+02  8.09557680e-07 
 1.02329299e+05 -1.21932925e+02  8.00486063e-07 
 1.03514217e+05 -1.22034702e+02  7.91161043e-07 
 1.04712855e+05 -1.22133336e+02  7.82227713e-07 
 1.05925373e+05 -1.22234291e+02  7.73188655e-07 
 1.07151931e+05 -1.22334197e+02  7.64346231e-07 
 1.08392691e+05 -1.22435468e+02  7.55486295e-07 
 1.09647820e+05 -1.22534906e+02  7.46886645e-07 
 1.10917482e+05 -1.22635844e+02  7.38257406e-07 
 1.12201845e+05 -1.22735836e+02  7.29807299e-07 
 1.13501082e+05 -1.22835335e+02  7.21494851e-07 
 1.14815362e+05 -1.22935986e+02  7.13182549e-07 
 1.16144861e+05 -1.23035765e+02  7.05036782e-07 
 1.17489755e+05 -1.23134055e+02  6.97103492e-07 
 1.18850223e+05 -1.23233668e+02  6.89154470e-07 
 1.20226443e+05 -1.23335253e+02  6.81141495e-07 
 1.21618600e+05 -1.23435375e+02  6.73335121e-07 
 1.23026877e+05 -1.23533003e+02  6.65809284e-07 
 1.24451461e+05 -1.23634001e+02  6.58112215e-07 
 1.25892541e+05 -1.23734824e+02  6.50517248e-07 
 1.27350308e+05 -1.23832261e+02  6.43260571e-07 
 1.28824955e+05 -1.23933073e+02  6.35837828e-07 
 1.30316678e+05 -1.24035441e+02  6.28388091e-07 
 1.31825674e+05 -1.24133862e+02  6.21307902e-07 
 1.33352143e+05 -1.24233104e+02  6.14249457e-07 
 1.34896288e+05 -1.24333631e+02  6.07181388e-07 
 1.36458314e+05 -1.24435777e+02  6.00082751e-07 
 1.38038426e+05 -1.24535505e+02  5.93232275e-07 
 1.39636836e+05 -1.24632538e+02  5.86641903e-07 
 1.41253754e+05 -1.24733458e+02  5.79865274e-07 
 1.42889396e+05 -1.24834397e+02  5.73165613e-07 
 1.44543977e+05 -1.24934004e+02  5.66630294e-07 
 1.46217717e+05 -1.25032174e+02  5.60262157e-07 
 1.47910839e+05 -1.25135585e+02  5.53631475e-07 
 1.49623566e+05 -1.25232941e+02  5.47460715e-07 
 1.51356125e+05 -1.25335754e+02  5.41018731e-07 
 1.53108746e+05 -1.25432976e+02  5.34996810e-07 
 1.54881662e+05 -1.25533519e+02  5.28839727e-07 
 1.56675107e+05 -1.25635614e+02  5.22660062e-07 
 1.58489319e+05 -1.25733938e+02  5.16776880e-07 
 1.60324539e+05 -1.25832080e+02  5.10970699e-07 
 1.62181010e+05 -1.25934025e+02  5.05008553e-07 
 1.64058977e+05 -1.26034450e+02  4.99203380e-07 
 1.65958691e+05 -1.26132047e+02  4.93625560e-07 
 1.67880402e+05 -1.26234838e+02  4.87818290e-07 
 1.69824365e+05 -1.26333237e+02  4.82323186e-07 
 1.71790839e+05 -1.26434590e+02  4.76727829e-07 
 1.73780083e+05 -1.26532373e+02  4.71391076e-07 
 1.75792361e+05 -1.26633485e+02  4.65935433e-07 
 1.77827941e+05 -1.26735220e+02  4.60509933e-07 
 1.79887092e+05 -1.26833310e+02  4.55338649e-07 
 1.81970086e+05 -1.26933359e+02  4.50123868e-07 
 1.84077200e+05 -1.27035412e+02  4.44866199e-07 
 1.86208714e+05 -1.27134469e+02  4.39821595e-07 
 1.88364909e+05 -1.27232222e+02  4.34899497e-07 
 1.90546072e+05 -1.27333005e+02  4.29882496e-07 
 1.92752491e+05 -1.27432483e+02  4.24987193e-07 
 1.94984460e+05 -1.27533491e+02  4.20073681e-07 
 1.97242274e+05 -1.27634478e+02  4.15217937e-07 
 1.99526231e+05 -1.27733683e+02  4.10502558e-07 
 2.01836636e+05 -1.27832538e+02  4.05857053e-07 
 2.04173794e+05 -1.27932436e+02  4.01215957e-07 
 2.06538016e+05 -1.28031648e+02  3.96659257e-07 
 2.08929613e+05 -1.28131707e+02  3.92116073e-07 
 2.11348904e+05 -1.28231865e+02  3.87620516e-07 
 2.13796209e+05 -1.28335074e+02  3.83041898e-07 
 2.16271852e+05 -1.28434143e+02  3.78697842e-07 
 2.18776162e+05 -1.28534379e+02  3.74352773e-07 
 2.21309471e+05 -1.28634400e+02  3.70066681e-07 
 2.23872114e+05 -1.28734766e+02  3.65815161e-07 
 2.26464431e+05 -1.28833487e+02  3.61680982e-07 
 2.29086765e+05 -1.28931116e+02  3.57638443e-07 
 2.31739465e+05 -1.29033461e+02  3.53449146e-07 
 2.34422882e+05 -1.29134169e+02  3.49374795e-07 
 2.37137371e+05 -1.29232743e+02  3.45432243e-07 
 2.39883292e+05 -1.29331600e+02  3.41523024e-07 
 2.42661010e+05 -1.29432681e+02  3.37571630e-07 
 2.45470892e+05 -1.29533476e+02  3.33676960e-07 
 2.48313311e+05 -1.29631353e+02  3.29938013e-07 
 2.51188643e+05 -1.29731305e+02  3.26163038e-07 
 2.54097271e+05 -1.29830835e+02  3.22446947e-07 
 2.57039578e+05 -1.29932462e+02  3.18696219e-07 
 2.60015956e+05 -1.30030977e+02  3.15101987e-07 
 2.63026799e+05 -1.30130784e+02  3.11501972e-07 
 2.66072506e+05 -1.30233426e+02  3.07842596e-07 
 2.69153480e+05 -1.30330985e+02  3.04404291e-07 
 2.72270131e+05 -1.30432968e+02  3.00851112e-07 
 2.75422870e+05 -1.30531995e+02  2.97440594e-07 
 2.78612117e+05 -1.30630579e+02  2.94083755e-07 
 2.81838293e+05 -1.30731478e+02  2.90687314e-07 
 2.85101827e+05 -1.30832177e+02  2.87336745e-07 
 2.88403150e+05 -1.30930621e+02  2.84098517e-07 
 2.91742701e+05 -1.31032238e+02  2.80794180e-07 
 2.95120923e+05 -1.31131998e+02  2.77587633e-07 
 2.98538262e+05 -1.31233293e+02  2.74369202e-07 
 3.01995172e+05 -1.31333313e+02  2.71227882e-07 
 3.05492111e+05 -1.31430951e+02  2.68196109e-07 
 3.09029543e+05 -1.31530544e+02  2.65138488e-07 
 3.12607937e+05 -1.31632067e+02  2.62057534e-07 
 3.16227766e+05 -1.31730699e+02  2.59098593e-07 
 3.19889511e+05 -1.31832211e+02  2.56088135e-07 
 3.23593657e+05 -1.31931102e+02  2.53189044e-07 
 3.27340695e+05 -1.32030381e+02  2.50311584e-07 
 3.31131121e+05 -1.32129398e+02  2.47474302e-07 
 3.34965439e+05 -1.32229420e+02  2.44640869e-07 
 3.38844156e+05 -1.32329420e+02  2.41840480e-07 
 3.42767787e+05 -1.32430591e+02  2.39039922e-07 
 3.46736850e+05 -1.32529826e+02  2.36324477e-07 
 3.50751874e+05 -1.32630857e+02  2.33591573e-07 
 3.54813389e+05 -1.32729683e+02  2.30948869e-07 
 3.58921935e+05 -1.32830785e+02  2.28276254e-07 
 3.63078055e+05 -1.32931452e+02  2.25645873e-07 
 3.67282300e+05 -1.33031758e+02  2.23055060e-07 
 3.71535229e+05 -1.33129459e+02  2.20560158e-07 
 3.75837404e+05 -1.33228600e+02  2.18056994e-07 
 3.80189396e+05 -1.33330247e+02  2.15520031e-07 
 3.84591782e+05 -1.33431133e+02  2.13031257e-07 
 3.89045145e+05 -1.33528508e+02  2.10656369e-07 
 3.93550075e+05 -1.33629133e+02  2.08230028e-07 
 3.98107171e+05 -1.33730871e+02  2.05805251e-07 
 4.02717034e+05 -1.33829821e+02  2.03474012e-07 
 4.07380278e+05 -1.33929858e+02  2.01143999e-07 
 4.12097519e+05 -1.34027695e+02  1.98891058e-07 
 4.16869383e+05 -1.34128191e+02  1.96603150e-07 
 4.21696503e+05 -1.34227634e+02  1.94365096e-07 
 4.26579519e+05 -1.34328251e+02  1.92126571e-07 
 4.31519077e+05 -1.34427350e+02  1.89947017e-07 
 4.36515832e+05 -1.34527436e+02  1.87770856e-07 
 4.41570447e+05 -1.34627714e+02  1.85615532e-07 
 4.46683592e+05 -1.34726304e+02  1.83520596e-07 
 4.51855944e+05 -1.34827068e+02  1.81403899e-07 
 4.57088190e+05 -1.34926644e+02  1.79336132e-07 
 4.62381021e+05 -1.35026092e+02  1.77294549e-07 
 4.67735141e+05 -1.35128308e+02  1.75220374e-07 
 4.73151259e+05 -1.35227536e+02  1.73230043e-07 
 4.78630092e+05 -1.35328455e+02  1.71228972e-07 
 4.84172368e+05 -1.35425712e+02  1.69322398e-07 
 4.89778819e+05 -1.35527127e+02  1.67356902e-07 
 4.95450191e+05 -1.35627710e+02  1.65430090e-07 
 5.01187234e+05 -1.35726108e+02  1.63566597e-07 
 5.06990708e+05 -1.35826192e+02  1.61692700e-07 
 5.12861384e+05 -1.35925876e+02  1.59847638e-07 
 5.18800039e+05 -1.36026808e+02  1.58000922e-07 
 5.24807460e+05 -1.36127306e+02  1.56183337e-07 
 5.30884444e+05 -1.36226715e+02  1.54406027e-07 
 5.37031796e+05 -1.36324357e+02  1.52680008e-07 
 5.43250331e+05 -1.36426911e+02  1.50887914e-07 
 5.49540874e+05 -1.36523956e+02  1.49211461e-07 
 5.55904257e+05 -1.36626663e+02  1.47457501e-07 
 5.62341325e+05 -1.36723937e+02  1.45815316e-07 
 5.68852931e+05 -1.36825010e+02  1.44128373e-07 
 5.75439937e+05 -1.36924063e+02  1.42494089e-07 
 5.82103218e+05 -1.37022442e+02  1.40889259e-07 
 5.88843655e+05 -1.37123944e+02  1.39252444e-07 
 5.95662144e+05 -1.37225078e+02  1.37640447e-07 
 6.02559586e+05 -1.37322748e+02  1.36101398e-07 
 6.09536897e+05 -1.37424667e+02  1.34513736e-07 
 6.16595002e+05 -1.37524016e+02  1.32983936e-07 
 6.23734835e+05 -1.37623309e+02  1.31472391e-07 
 6.30957344e+05 -1.37721611e+02  1.29992846e-07 
 6.38263486e+05 -1.37823395e+02  1.28478442e-07 
 6.45654229e+05 -1.37920707e+02  1.27047067e-07 
 6.53130553e+05 -1.38019987e+02  1.25603179e-07 
 6.60693448e+05 -1.38121892e+02  1.24138194e-07 
 6.68343918e+05 -1.38220359e+02  1.22738847e-07 
 6.76082975e+05 -1.38321110e+02  1.21323380e-07 
 6.83911647e+05 -1.38418869e+02  1.19965550e-07 
 6.91830971e+05 -1.38519582e+02  1.18582577e-07 
 6.99841996e+05 -1.38619258e+02  1.17229544e-07 
 7.07945784e+05 -1.38717675e+02  1.15908758e-07 
 7.16143410e+05 -1.38818378e+02  1.14572687e-07 
 7.24435960e+05 -1.38919877e+02  1.13241639e-07 
 7.32824533e+05 -1.39017669e+02  1.11973837e-07 
 7.41310241e+05 -1.39116737e+02  1.10703964e-07 
 7.49894209e+05 -1.39217055e+02  1.09432739e-07 
 7.58577575e+05 -1.39316671e+02  1.08184845e-07 
 7.67361489e+05 -1.39417513e+02  1.06936104e-07 
 7.76247117e+05 -1.39517309e+02  1.05714503e-07 
 7.85235635e+05 -1.39614699e+02  1.04535797e-07 
 7.94328235e+05 -1.39713567e+02  1.03352653e-07 
 8.03526122e+05 -1.39815644e+02  1.02145157e-07 
 8.12830516e+05 -1.39914501e+02  1.00989206e-07 
 8.22242650e+05 -1.40012063e+02  9.98612185e-08 
 8.31763771e+05 -1.40112330e+02  9.87150812e-08 
 8.41395142e+05 -1.40210906e+02  9.76010940e-08 
 8.51138038e+05 -1.40309551e+02  9.64989238e-08 
 8.60993752e+05 -1.40409178e+02  9.53984008e-08 
 8.70963590e+05 -1.40510732e+02  9.42895125e-08 
 8.81048873e+05 -1.40608667e+02  9.32323514e-08 
 8.91250938e+05 -1.40707600e+02  9.21764525e-08 
 9.01571138e+05 -1.40807955e+02  9.11175953e-08 
 9.12010839e+05 -1.40908192e+02  9.00721189e-08 
 9.22571427e+05 -1.41006091e+02  8.90626211e-08 
 9.33254301e+05 -1.41105816e+02  8.80459148e-08 
 9.44060876e+05 -1.41205007e+02  8.70461664e-08 
 9.54992586e+05 -1.41306486e+02  8.60351078e-08 
 9.66050879e+05 -1.41405301e+02  8.50618699e-08 
 9.77237221e+05 -1.41504633e+02  8.40946486e-08 
 9.88553095e+05 -1.41603497e+02  8.31428937e-08 
 1.00000000e+06 -1.41702649e+02  8.21991965e-08 
 1.01157945e+06 -1.41800050e+02  8.12825878e-08 
 1.02329299e+06 -1.41903258e+02  8.03224772e-08 
 1.03514217e+06 -1.42001535e+02  7.94187853e-08 
 1.04712855e+06 -1.42100301e+02  7.85208380e-08 
 1.05925373e+06 -1.42196475e+02  7.76562238e-08 
 1.07151931e+06 -1.42296875e+02  7.67637639e-08 
 1.08392691e+06 -1.42392754e+02  7.59210707e-08 
 1.09647820e+06 -1.42493382e+02  7.50465784e-08 
 1.10917482e+06 -1.42590562e+02  7.42116189e-08 
 1.12201845e+06 -1.42691339e+02  7.33555621e-08 
 1.13501082e+06 -1.42786244e+02  7.25584149e-08 
 1.14815362e+06 -1.42886994e+02  7.17216562e-08 
 1.16144861e+06 -1.42984902e+02  7.09177421e-08 
 1.17489755e+06 -1.43085201e+02  7.01035433e-08 
 1.18850223e+06 -1.43182936e+02  6.93191481e-08 
 1.20226443e+06 -1.43281831e+02  6.85343768e-08 
 1.21618600e+06 -1.43381337e+02  6.77537244e-08 
 1.23026877e+06 -1.43480906e+02  6.69814702e-08 
 1.24451461e+06 -1.43577125e+02  6.62435718e-08 
 1.25892541e+06 -1.43678764e+02  6.54729354e-08 
 1.27350308e+06 -1.43776045e+02  6.47437381e-08 
 1.28824955e+06 -1.43876698e+02  6.39978060e-08 
 1.30316678e+06 -1.43973461e+02  6.32888110e-08 
 1.31825674e+06 -1.44075040e+02  6.25529763e-08 
 1.33352143e+06 -1.44172981e+02  6.18516014e-08 
 1.34896288e+06 -1.44270326e+02  6.11622861e-08 
 1.36458314e+06 -1.44368357e+02  6.04758727e-08 
 1.38038426e+06 -1.44468629e+02  5.97817383e-08 
 1.39636836e+06 -1.44565510e+02  5.91186475e-08 
 1.41253754e+06 -1.44659101e+02  5.84850588e-08 
 1.42889396e+06 -1.44700690e+02  5.82056972e-08 
 1.44543977e+06 -1.44799341e+02  5.75483576e-08 
 1.46217717e+06 -1.45012725e+02  5.61518110e-08 
 1.47910839e+06 -1.45114032e+02  5.55006904e-08 
 1.49623566e+06 -1.45211752e+02  5.48797846e-08 
 1.51356125e+06 -1.45307405e+02  5.42787421e-08 
 1.53108746e+06 -1.45407211e+02  5.36586144e-08 
 1.54881662e+06 -1.45506463e+02  5.30489563e-08 
 1.56675107e+06 -1.45604066e+02  5.24561852e-08 
 1.58489319e+06 -1.45701226e+02  5.18726799e-08 
 1.60324539e+06 -1.45800191e+02  5.12850124e-08 
 1.62181010e+06 -1.45896083e+02  5.07219408e-08 
 1.64058977e+06 -1.45997526e+02  5.01330011e-08 
 1.65958691e+06 -1.46095540e+02  4.95704630e-08 
 1.67880402e+06 -1.46194578e+02  4.90084671e-08 
 1.69824365e+06 -1.46287333e+02  4.84878992e-08 
 1.71790839e+06 -1.46383755e+02  4.79526077e-08 
 1.73780083e+06 -1.46481332e+02  4.74169286e-08 
 1.75792361e+06 -1.46579228e+02  4.68855050e-08 
 1.77827941e+06 -1.46678362e+02  4.63534350e-08 
 1.79887092e+06 -1.46775083e+02  4.58401327e-08 
 1.81970086e+06 -1.46871396e+02  4.53346405e-08 
 1.84077200e+06 -1.46972665e+02  4.48091540e-08 
 1.86208714e+06 -1.47067110e+02  4.43245643e-08 
 1.88364909e+06 -1.47167147e+02  4.38169996e-08 
 1.90546072e+06 -1.47264978e+02  4.33262499e-08 
 1.92752491e+06 -1.47365319e+02  4.28286185e-08 
 1.94984460e+06 -1.47457104e+02  4.23784226e-08 
 1.97242274e+06 -1.47550636e+02  4.19245308e-08 
 1.99526231e+06 -1.47648280e+02  4.14558678e-08 
 2.01836636e+06 -1.47745123e+02  4.09962226e-08 
 2.04173794e+06 -1.47844909e+02  4.05279408e-08 
 2.06538016e+06 -1.47939152e+02  4.00905873e-08 
 2.08929613e+06 -1.48039076e+02  3.96320215e-08 
 2.11348904e+06 -1.48133712e+02  3.92025580e-08 
 2.13796209e+06 -1.48231888e+02  3.87619474e-08 
 2.16271852e+06 -1.48328592e+02  3.83327883e-08 
 2.18776162e+06 -1.48426544e+02  3.79029294e-08 
 2.21309471e+06 -1.48521901e+02  3.74890958e-08 
 2.23872114e+06 -1.48615333e+02  3.70879958e-08 
 2.26464431e+06 -1.48714644e+02  3.66663620e-08 
 2.29086765e+06 -1.48807863e+02  3.62749506e-08 
 2.31739465e+06 -1.48907870e+02  3.58596870e-08 
 2.34422882e+06 -1.48999862e+02  3.54819045e-08 
 2.37137371e+06 -1.49094937e+02  3.50956393e-08 
 2.39883292e+06 -1.49193345e+02  3.47002628e-08 
 2.42661010e+06 -1.49289104e+02  3.43198048e-08 
 2.45470892e+06 -1.49382480e+02  3.39528314e-08 
 2.48313311e+06 -1.49421597e+02  3.38002698e-08 
 2.51188643e+06 -1.49511856e+02  3.34508537e-08 
 2.54097271e+06 -1.49730193e+02  3.26204790e-08 
 2.57039578e+06 -1.49818262e+02  3.22914015e-08 
 2.60015956e+06 -1.49918425e+02  3.19211646e-08 
 2.63026799e+06 -1.50012336e+02  3.15778978e-08 
 2.66072506e+06 -1.50108858e+02  3.12289285e-08 
 2.69153480e+06 -1.50204263e+02  3.08877925e-08 
 2.72270131e+06 -1.50291689e+02  3.05784575e-08 
 2.75422870e+06 -1.50389782e+02  3.02350631e-08 
 2.78612117e+06 -1.50479295e+02  2.99250762e-08 
 2.81838293e+06 -1.50579971e+02  2.95802241e-08 
 2.85101827e+06 -1.50671067e+02  2.92716121e-08 
 2.88403150e+06 -1.50768200e+02  2.89460971e-08 
 2.91742701e+06 -1.50860244e+02  2.86409740e-08 
 2.95120923e+06 -1.50957621e+02  2.83216763e-08 
 2.98538262e+06 -1.51053045e+02  2.80122359e-08 
 3.01995172e+06 -1.51141809e+02  2.77274258e-08 
 3.05492111e+06 -1.51231928e+02  2.74412310e-08 
 3.09029543e+06 -1.51327602e+02  2.71406271e-08 
 3.12607937e+06 -1.51418916e+02  2.68567968e-08 
 3.16227766e+06 -1.51521487e+02  2.65415128e-08 
 3.19889511e+06 -1.51557323e+02  2.64322335e-08 
 3.23593657e+06 -1.51638132e+02  2.61874613e-08 
 3.27340695e+06 -1.51618631e+02  2.62463221e-08 
 3.31131121e+06 -1.51712056e+02  2.59655293e-08 
 3.34965439e+06 -1.51809965e+02  2.56744842e-08 
 3.38844156e+06 -1.51900429e+02  2.54084721e-08 
 3.42767787e+06 -1.51991613e+02  2.51431292e-08 
 3.46736850e+06 -1.52085378e+02  2.48731689e-08 
 3.50751874e+06 -1.52183001e+02  2.45951773e-08 
 3.54813389e+06 -1.52271045e+02  2.43471296e-08 
 3.58921935e+06 -1.52360090e+02  2.40988051e-08 
 3.63078055e+06 -1.52455706e+02  2.38349738e-08 
 3.67282300e+06 -1.52546923e+02  2.35859759e-08 
 3.71535229e+06 -1.52637115e+02  2.33423325e-08 
 3.75837404e+06 -1.52673581e+02  2.32445387e-08 
 3.80189396e+06 -1.52759500e+02  2.30157425e-08 
 3.84591782e+06 -1.52847254e+02  2.27843842e-08 
 3.89045145e+06 -1.52883900e+02  2.26884578e-08 
 3.93550075e+06 -1.52971896e+02  2.24597640e-08 
 3.98107171e+06 -1.53069584e+02  2.22085814e-08 
 4.02717034e+06 -1.53158681e+02  2.19819368e-08 
 4.07380278e+06 -1.53248996e+02  2.17545552e-08 
 4.12097519e+06 -1.53344062e+02  2.15177520e-08 
 4.16869383e+06 -1.53431183e+02  2.13030039e-08 
 4.21696503e+06 -1.53523624e+02  2.10774866e-08 
 4.26579519e+06 -1.53554926e+02  2.10016639e-08 
 4.31519077e+06 -1.53650731e+02  2.07712891e-08 
 4.36515832e+06 -1.53733442e+02  2.05744353e-08 
 4.41570447e+06 -1.53871804e+02  2.02492892e-08 
 4.46683592e+06 -1.53961743e+02  2.00406993e-08 
 4.51855944e+06 -1.54043103e+02  1.98538561e-08 
 4.57088190e+06 -1.54138691e+02  1.96365612e-08 
 4.62381021e+06 -1.54228146e+02  1.94353646e-08 
 4.67735141e+06 -1.54320378e+02  1.92300801e-08 
 4.73151259e+06 -1.54357175e+02  1.91487859e-08 
 4.78630092e+06 -1.54441752e+02  1.89632334e-08 
 4.84172368e+06 -1.54520735e+02  1.87915779e-08 
 4.89778819e+06 -1.54606145e+02  1.86077015e-08 
 4.95450191e+06 -1.54695981e+02  1.84162397e-08 
 5.01187234e+06 -1.54778677e+02  1.82417359e-08 
 5.06990708e+06 -1.54860061e+02  1.80716151e-08 
 5.12861384e+06 -1.54911295e+02  1.79653329e-08 
 5.18800039e+06 -1.54978338e+02  1.78271981e-08 
 5.24807460e+06 -1.55064992e+02  1.76502307e-08 
 5.30884444e+06 -1.55191800e+02  1.73944212e-08 
 5.37031796e+06 -1.55281006e+02  1.72166912e-08 
 5.43250331e+06 -1.55372616e+02  1.70360621e-08 
 5.49540874e+06 -1.55407712e+02  1.69673643e-08 
 5.55904257e+06 -1.55489816e+02  1.68077362e-08 
 5.62341325e+06 -1.55573571e+02  1.66464429e-08 
 5.68852931e+06 -1.55578308e+02  1.66373681e-08 
 5.75439937e+06 -1.55645179e+02  1.65097720e-08 
 5.82103218e+06 -1.55694188e+02  1.64168791e-08 
 5.88843655e+06 -1.55736968e+02  1.63362205e-08 
 5.95662144e+06 -1.55816719e+02  1.61869143e-08 
 6.02559586e+06 -1.55935035e+02  1.59679171e-08 
 6.09536897e+06 -1.56028269e+02  1.57974349e-08 
 6.16595002e+06 -1.56126454e+02  1.56198653e-08 
 6.23734835e+06 -1.56125600e+02  1.56214019e-08 
 6.30957344e+06 -1.56207179e+02  1.54753698e-08 
 6.38263486e+06 -1.56293080e+02  1.53230784e-08 
 6.45654229e+06 -1.56375076e+02  1.51791066e-08 
 6.53130553e+06 -1.56417489e+02  1.51051683e-08 
 6.60693448e+06 -1.56473349e+02  1.50083364e-08 
 6.68343918e+06 -1.56577107e+02  1.48301195e-08 
 6.76082975e+06 -1.56616833e+02  1.47624468e-08 
 6.83911647e+06 -1.56664841e+02  1.46810781e-08 
 6.91830971e+06 -1.56743198e+02  1.45492325e-08 
 6.99841996e+06 -1.56830223e+02  1.44041908e-08 
 7.07945784e+06 -1.56948488e+02  1.42093949e-08 
 7.16143410e+06 -1.56973656e+02  1.41682829e-08 
 7.24435960e+06 -1.57048938e+02  1.40460147e-08 
 7.32824533e+06 -1.57140196e+02  1.38992126e-08 
 7.41310241e+06 -1.57180133e+02  1.38354518e-08 
 7.49894209e+06 -1.57239160e+02  1.37417489e-08 
 7.58577575e+06 -1.57325300e+02  1.36061422e-08 
 7.67361489e+06 -1.57387002e+02  1.35098310e-08 
 7.76247117e+06 -1.57432374e+02  1.34394436e-08 
 7.85235635e+06 -1.57517049e+02  1.33090646e-08 
 7.94328235e+06 -1.57533550e+02  1.32838053e-08 
 8.03526122e+06 -1.57606434e+02  1.31728060e-08 
 8.12830516e+06 -1.57649255e+02  1.31080241e-08 
 8.22242650e+06 -1.57744177e+02  1.29655558e-08 
 8.31763771e+06 -1.57823729e+02  1.28473499e-08 
 8.41395142e+06 -1.57931032e+02  1.26896140e-08 
 8.51138038e+06 -1.58027161e+02  1.25499490e-08 
 8.60993752e+06 -1.58087164e+02  1.24635508e-08 
 8.70963590e+06 -1.58055950e+02  1.25084206e-08 
 8.81048873e+06 -1.58140930e+02  1.23866395e-08 
 8.91250938e+06 -1.58195928e+02  1.23084562e-08 
 9.01571138e+06 -1.58265273e+02  1.22105810e-08 
 9.12010839e+06 -1.58322306e+02  1.21306679e-08 
 9.22571427e+06 -1.58366490e+02  1.20691165e-08 
 9.33254301e+06 -1.58403234e+02  1.20181691e-08 
 9.44060876e+06 -1.58512823e+02  1.18674895e-08 
 9.54992586e+06 -1.58580883e+02  1.17748630e-08 
 9.66050879e+06 -1.58602874e+02  1.17450892e-08 
 9.77237221e+06 -1.58644602e+02  1.16887995e-08 
 9.88553095e+06 -1.58707604e+02  1.16043224e-08 
 1.00000000e+07 -1.58748455e+02  1.15498737e-08 
 1.01157945e+07 -1.58841468e+02  1.14268519e-08 
 1.02329299e+07 -1.58832789e+02  1.14382756e-08 
 1.03514217e+07 -1.58879763e+02  1.13765834e-08 
 1.04712855e+07 -1.58987998e+02  1.12356985e-08 
 1.05925373e+07 -1.59038463e+02  1.11706096e-08 
 1.07151931e+07 -1.59060237e+02  1.11426417e-08 
 1.08392691e+07 -1.59100947e+02  1.10905383e-08 
 1.09647820e+07 -1.59165759e+02  1.10080915e-08 
 1.10917482e+07 -1.59211885e+02  1.09497895e-08 
 1.12201845e+07 -1.59286610e+02  1.08559916e-08 
 1.13501082e+07 -1.59333901e+02  1.07970464e-08 
 1.14815362e+07 -1.59423139e+02  1.06866854e-08 
 1.16144861e+07 -1.59430212e+02  1.06779867e-08 
 1.17489755e+07 -1.59526130e+02  1.05607197e-08 
 1.18850223e+07 -1.59566660e+02  1.05115564e-08 
 1.20226443e+07 -1.59641948e+02  1.04208369e-08 
 1.21618600e+07 -1.59675716e+02  1.03804026e-08 
 1.23026877e+07 -1.59693528e+02  1.03591377e-08 
 1.24451461e+07 -1.59753580e+02  1.02877639e-08 
 1.25892541e+07 -1.59843604e+02  1.01816883e-08 
 1.27350308e+07 -1.59890032e+02  1.01274101e-08 
 1.28824955e+07 -1.59939564e+02  1.00698220e-08 
 1.30316678e+07 -1.60010445e+02  9.98798207e-09 
 1.31825674e+07 -1.60076812e+02  9.91195637e-09 
 1.33352143e+07 -1.60078795e+02  9.90969385e-09 
 1.34896288e+07 -1.60114754e+02  9.86875364e-09 
 1.36458314e+07 -1.60211144e+02  9.75984262e-09 
 1.38038426e+07 -1.60223370e+02  9.74611382e-09 
 1.39636836e+07 -1.60281341e+02  9.68128347e-09 
 1.41253754e+07 -1.60332887e+02  9.62400082e-09 
 1.42889396e+07 -1.60385830e+02  9.56551808e-09 
 1.44543977e+07 -1.60430051e+02  9.51694305e-09 
 1.46217717e+07 -1.60518630e+02  9.42038180e-09 
 1.47910839e+07 -1.60578239e+02  9.35595382e-09 
 1.49623566e+07 -1.60579205e+02  9.35491241e-09 
 1.51356125e+07 -1.60585985e+02  9.34761338e-09 
 1.53108746e+07 -1.60724449e+02  9.19978280e-09 
 1.54881662e+07 -1.60734588e+02  9.18904964e-09 
 1.56675107e+07 -1.60785450e+02  9.13539873e-09 
 1.58489319e+07 -1.60791185e+02  9.12936896e-09 
 1.60324539e+07 -1.60914456e+02  9.00071855e-09 
 1.62181010e+07 -1.60941385e+02  8.97285737e-09 
 1.64058977e+07 -1.60977154e+02  8.93598272e-09 
 1.65958691e+07 -1.61032295e+02  8.87943362e-09 
 1.67880402e+07 -1.61075772e+02  8.83509886e-09 
 1.69824365e+07 -1.61139069e+02  8.77094822e-09 
 1.71790839e+07 -1.61217009e+02  8.69259713e-09 
 1.73780083e+07 -1.61255912e+02  8.65375136e-09 
 1.75792361e+07 -1.61329535e+02  8.58071015e-09 
 1.77827941e+07 -1.61328460e+02  8.58177296e-09 
 1.79887092e+07 -1.61424083e+02  8.48781387e-09 
 1.81970086e+07 -1.61445511e+02  8.46690019e-09 
 1.84077200e+07 -1.61520996e+02  8.39363700e-09 
 1.86208714e+07 -1.61558877e+02  8.35711072e-09 
 1.88364909e+07 -1.61625288e+02  8.29345669e-09 
 1.90546072e+07 -1.61692401e+02  8.22962360e-09 
 1.92752491e+07 -1.61731134e+02  8.19300693e-09 
 1.94984460e+07 -1.61752002e+02  8.17334662e-09 
 1.97242274e+07 -1.61844419e+02  8.08684338e-09 
 1.99526231e+07 -1.61942821e+02  7.99574484e-09 
 2.01836636e+07 -1.62022055e+02  7.92313830e-09 
 2.04173794e+07 -1.62057414e+02  7.89094990e-09 
 2.06538016e+07 -1.62110291e+02  7.84305833e-09 
 2.08929613e+07 -1.62170039e+02  7.78929303e-09 
 2.11348904e+07 -1.62201971e+02  7.76071035e-09 
 2.13796209e+07 -1.62255246e+02  7.71325507e-09 
 2.16271852e+07 -1.62337951e+02  7.64016024e-09 
 2.18776162e+07 -1.62386209e+02  7.59782987e-09 
 2.21309471e+07 -1.62434204e+02  7.55596272e-09 
 2.23872114e+07 -1.62495917e+02  7.50246835e-09 
 2.26464431e+07 -1.62559859e+02  7.44744044e-09 
 2.29086765e+07 -1.62641795e+02  7.37751776e-09 
 2.31739465e+07 -1.62708436e+02  7.32113166e-09 
 2.34422882e+07 -1.62799673e+02  7.24463265e-09 
 2.37137371e+07 -1.62867430e+02  7.18833816e-09 
 2.39883292e+07 -1.62884605e+02  7.17413825e-09 
 2.42661010e+07 -1.62914022e+02  7.14988277e-09 
 2.45470892e+07 -1.62983953e+02  7.09254923e-09 
 2.48313311e+07 -1.63082970e+02  7.01215462e-09 
 2.51188643e+07 -1.63181513e+02  6.93305036e-09 
 2.54097271e+07 -1.63178523e+02  6.93543722e-09 
 2.57039578e+07 -1.63262602e+02  6.86862657e-09 
 2.60015956e+07 -1.63371918e+02  6.78272301e-09 
 2.63026799e+07 -1.63393106e+02  6.76619772e-09 
 2.66072506e+07 -1.63437100e+02  6.73201412e-09 
 2.69153480e+07 -1.63572212e+02  6.62810521e-09 
 2.72270131e+07 -1.63619771e+02  6.59191258e-09 
 2.75422870e+07 -1.63699825e+02  6.53143726e-09 
 2.78612117e+07 -1.63729481e+02  6.50917530e-09 
 2.81838293e+07 -1.63792012e+02  6.46248290e-09 
 2.85101827e+07 -1.63845272e+02  6.42297741e-09 
 2.88403150e+07 -1.63972924e+02  6.32927246e-09 
 2.91742701e+07 -1.64070366e+02  6.25866458e-09 
 2.95120923e+07 -1.64058127e+02  6.26748997e-09 
 2.98538262e+07 -1.64173882e+02  6.18451863e-09 
 3.01995172e+07 -1.64219608e+02  6.15204639e-09 
 3.05492111e+07 -1.64296595e+02  6.09775911e-09 
 3.09029543e+07 -1.64447482e+02  5.99274656e-09 
 3.12607937e+07 -1.64489234e+02  5.96400937e-09 
 3.16227766e+07 -1.64542952e+02  5.92723819e-09 
 3.19889511e+07 -1.64662060e+02  5.84651425e-09 
 3.23593657e+07 -1.64727464e+02  5.80265586e-09 
 3.27340695e+07 -1.64759589e+02  5.78123423e-09 
 3.31131121e+07 -1.64876966e+02  5.70363488e-09 
 3.34965439e+07 -1.64955143e+02  5.65252996e-09 
 3.38844156e+07 -1.65012631e+02  5.61524161e-09 
 3.42767787e+07 -1.65101293e+02  5.55821529e-09 
 3.46736850e+07 -1.65180988e+02  5.50745026e-09 
 3.50751874e+07 -1.65364925e+02  5.39204770e-09 
 3.54813389e+07 -1.65414670e+02  5.36125568e-09 
 3.58921935e+07 -1.65426772e+02  5.35379097e-09 
 3.63078055e+07 -1.65517396e+02  5.29822254e-09 
 3.67282300e+07 -1.65642491e+02  5.22246373e-09 
 3.71535229e+07 -1.65739687e+02  5.16434956e-09 
 3.75837404e+07 -1.65789492e+02  5.13482189e-09 
 3.80189396e+07 -1.65926070e+02  5.05471270e-09 
 3.84591782e+07 -1.65997093e+02  5.01355022e-09 
 3.89045145e+07 -1.66072549e+02  4.97018501e-09 
 3.93550075e+07 -1.66201368e+02  4.89701704e-09 
 3.98107171e+07 -1.66298188e+02  4.84273357e-09 
 4.02717034e+07 -1.66393268e+02  4.79001202e-09 
 4.07380278e+07 -1.66469614e+02  4.74809370e-09 
 4.12097519e+07 -1.66542687e+02  4.70831627e-09 
 4.16869383e+07 -1.66650231e+02  4.65038020e-09 
 4.21696503e+07 -1.66726391e+02  4.60978257e-09 
 4.26579519e+07 -1.66838196e+02  4.55082567e-09 
 4.31519077e+07 -1.66923755e+02  4.50621829e-09 
 4.36515832e+07 -1.67050081e+02  4.44115539e-09 
 4.41570447e+07 -1.67115107e+02  4.40803113e-09 
 4.46683592e+07 -1.67300550e+02  4.31491731e-09 
 4.51855944e+07 -1.67368240e+02  4.28142168e-09 
 4.57088190e+07 -1.67477969e+02  4.22767437e-09 
 4.62381021e+07 -1.67539030e+02  4.19805872e-09 
 4.67735141e+07 -1.67697021e+02  4.12238873e-09 
 4.73151259e+07 -1.67771778e+02  4.08706059e-09 
 4.78630092e+07 -1.67886303e+02  4.03352596e-09 
 4.84172368e+07 -1.67976662e+02  3.99178255e-09 
 4.89778819e+07 -1.68095116e+02  3.93771423e-09 
 4.95450191e+07 -1.68256784e+02  3.86510059e-09 
 5.01187234e+07 -1.68299616e+02  3.84608797e-09 
 5.06990708e+07 -1.68347186e+02  3.82508178e-09 
 5.12861384e+07 -1.68472758e+02  3.77018026e-09 
 5.18800039e+07 -1.68582019e+02  3.72305172e-09 
 5.24807460e+07 -1.68685671e+02  3.67888696e-09 
 5.30884444e+07 -1.68860687e+02  3.60550113e-09 
 5.37031796e+07 -1.68969971e+02  3.56042183e-09 
 5.43250331e+07 -1.69090985e+02  3.51116116e-09 
 5.49540874e+07 -1.69154342e+02  3.48564295e-09 
 5.55904257e+07 -1.69289218e+02  3.43193529e-09 
 5.62341325e+07 -1.69409305e+02  3.38481359e-09 
 5.68852931e+07 -1.69515084e+02  3.34384239e-09 
 5.75439937e+07 -1.69628264e+02  3.30055384e-09 
 5.82103218e+07 -1.69770999e+02  3.24675914e-09 
 5.88843655e+07 -1.69857660e+02  3.21452624e-09 
 5.95662144e+07 -1.69994158e+02  3.16440512e-09 
 6.02559586e+07 -1.70127229e+02  3.11629483e-09 
 6.09536897e+07 -1.70242003e+02  3.07538754e-09 
 6.16595002e+07 -1.70403311e+02  3.01880065e-09 
 6.23734835e+07 -1.70494705e+02  2.98720315e-09 
 6.30957344e+07 -1.70619167e+02  2.94470391e-09 
 6.38263486e+07 -1.70672659e+02  2.92662479e-09 
 6.45654229e+07 -1.70821225e+02  2.87699278e-09 
 6.53130553e+07 -1.70926205e+02  2.84242987e-09 
 6.60693448e+07 -1.71146341e+02  2.77129635e-09 
 6.68343918e+07 -1.71223879e+02  2.74666717e-09 
 6.76082975e+07 -1.71394718e+02  2.69317200e-09 
 6.83911647e+07 -1.71456568e+02  2.67406268e-09 
 6.91830971e+07 -1.71614761e+02  2.62580171e-09 
 6.99841996e+07 -1.71755579e+02  2.58357472e-09 
 7.07945784e+07 -1.71827963e+02  2.56213408e-09 
 7.16143410e+07 -1.71983285e+02  2.51672483e-09 
 7.24435960e+07 -1.72163790e+02  2.46496360e-09 
 7.32824533e+07 -1.72234653e+02  2.44493520e-09 
 7.41310241e+07 -1.72405469e+02  2.39732288e-09 
 7.49894209e+07 -1.72506467e+02  2.36960880e-09 
 7.58577575e+07 -1.72654329e+02  2.32961184e-09 
 7.67361489e+07 -1.72809787e+02  2.28828778e-09 
 7.76247117e+07 -1.72928436e+02  2.25724233e-09 
 7.85235635e+07 -1.73061181e+02  2.22300765e-09 
 7.94328235e+07 -1.73200750e+02  2.18757270e-09 
 8.03526122e+07 -1.73315305e+02  2.15891117e-09 
 8.12830516e+07 -1.73514234e+02  2.11002850e-09 
 8.22242650e+07 -1.73597298e+02  2.08994610e-09 
 8.31763771e+07 -1.73717620e+02  2.06119457e-09 
 8.41395142e+07 -1.73841195e+02  2.03207751e-09 
 8.51138038e+07 -1.74022479e+02  1.99010516e-09 
 8.60993752e+07 -1.74155053e+02  1.95996055e-09 
 8.70963590e+07 -1.74305869e+02  1.92622296e-09 
 8.81048873e+07 -1.74457785e+02  1.89282625e-09 
 8.91250938e+07 -1.74583753e+02  1.86557351e-09 
 9.01571138e+07 -1.74692616e+02  1.84233756e-09 
 9.12010839e+07 -1.74834876e+02  1.81240897e-09 
 9.22571427e+07 -1.74981727e+02  1.78202434e-09 
 9.33254301e+07 -1.75180226e+02  1.74176156e-09 
 9.44060876e+07 -1.75258304e+02  1.72617496e-09 
 9.54992586e+07 -1.75421664e+02  1.69401317e-09 
 9.66050879e+07 -1.75547255e+02  1.66969545e-09 
 9.77237221e+07 -1.75709621e+02  1.63877360e-09 
 9.88553095e+07 -1.75866841e+02  1.60937766e-09 
 1.00000000e+08 -1.76041958e+02  1.57725564e-09 
 1.01157945e+08 -1.76150268e+02  1.55770989e-09 
 1.02329299e+08 -1.76313553e+02  1.52870022e-09 
 1.03514217e+08 -1.76504805e+02  1.49540813e-09 
 1.04712855e+08 -1.76560275e+02  1.48588852e-09 
 1.05925373e+08 -1.76741461e+02  1.45521426e-09 
 1.07151931e+08 -1.76866889e+02  1.43435133e-09 
 1.08392691e+08 -1.77078869e+02  1.39976958e-09 
 1.09647820e+08 -1.77187491e+02  1.38237368e-09 
 1.10917482e+08 -1.77342988e+02  1.35784620e-09 
 1.12201845e+08 -1.77533256e+02  1.32842550e-09 
 1.13501082e+08 -1.77651939e+02  1.31039743e-09 
 1.14815362e+08 -1.77833478e+02  1.28329376e-09 
 1.16144861e+08 -1.77947616e+02  1.26654081e-09 
 1.17489755e+08 -1.78068135e+02  1.24908864e-09 
 1.18850223e+08 -1.78233227e+02  1.22557152e-09 
 1.20226443e+08 -1.78413617e+02  1.20038114e-09 
 1.21618600e+08 -1.78586632e+02  1.17670716e-09 
 1.23026877e+08 -1.78681670e+02  1.16390227e-09 
 1.24451461e+08 -1.78911974e+02  1.13344725e-09 
 1.25892541e+08 -1.79021166e+02  1.11928767e-09 
 1.27350308e+08 -1.79159879e+02  1.10155461e-09 
 1.28824955e+08 -1.79304212e+02  1.08340138e-09 
 1.30316678e+08 -1.79451785e+02  1.06514992e-09 
 1.31825674e+08 -1.79638923e+02  1.04244665e-09 
 1.33352143e+08 -1.79799216e+02  1.02338533e-09 
 1.34896288e+08 -1.79948272e+02  1.00597323e-09 
 1.36458314e+08 -1.80130837e+02  9.85049682e-10 
 1.38038426e+08 -1.80280925e+02  9.68174696e-10 
 1.39636836e+08 -1.80410920e+02  9.53792752e-10 
 1.41253754e+08 -1.80544709e+02  9.39214024e-10 
 1.42889396e+08 -1.80728403e+02  9.19559512e-10 
 1.44543977e+08 -1.80865175e+02  9.05193116e-10 
 1.46217717e+08 -1.81020616e+02  8.89138027e-10 
 1.47910839e+08 -1.81193865e+02  8.71578990e-10 
 1.49623566e+08 -1.81364055e+02  8.54667653e-10 
 1.51356125e+08 -1.81509810e+02  8.40445372e-10 
 1.53108746e+08 -1.81628006e+02  8.29086271e-10 
 1.54881662e+08 -1.81818099e+02  8.11138591e-10 
 1.56675107e+08 -1.81965324e+02  7.97505716e-10 
 1.58489319e+08 -1.82140926e+02  7.81544506e-10 
 1.60324539e+08 -1.82280192e+02  7.69113480e-10 
 1.62181010e+08 -1.82479506e+02  7.51665660e-10 
 1.64058977e+08 -1.82585774e+02  7.42525399e-10 
 1.65958691e+08 -1.82760222e+02  7.27761167e-10 
 1.67880402e+08 -1.82936047e+02  7.13177531e-10 
 1.69824365e+08 -1.83060732e+02  7.03013082e-10 
 1.71790839e+08 -1.83237787e+02  6.88827773e-10 
 1.73780083e+08 -1.83358253e+02  6.79340278e-10 
 1.75792361e+08 -1.83513551e+02  6.67302045e-10 
 1.77827941e+08 -1.83672800e+02  6.55179054e-10 
 1.79887092e+08 -1.83843162e+02  6.42453788e-10 
 1.81970086e+08 -1.84026067e+02  6.29066658e-10 
 1.84077200e+08 -1.84151555e+02  6.20043619e-10 
 1.86208714e+08 -1.84313068e+02  6.08620535e-10 
 1.88364909e+08 -1.84473429e+02  5.97487134e-10 
 1.90546072e+08 -1.84613914e+02  5.87901118e-10 
 1.92752491e+08 -1.84790783e+02  5.76050858e-10 
 1.94984460e+08 -1.84895430e+02  5.69152303e-10 
 1.97242274e+08 -1.85076258e+02  5.57425832e-10 
 1.99526231e+08 -1.85242793e+02  5.46840103e-10 
 2.01836636e+08 -1.85369171e+02  5.38941263e-10 
 2.04173794e+08 -1.85545888e+02  5.28087140e-10 
 2.06538016e+08 -1.85695339e+02  5.19078532e-10 
 2.08929613e+08 -1.85846678e+02  5.10112635e-10 
 2.11348904e+08 -1.85994191e+02  5.01522529e-10 
 2.13796209e+08 -1.86172337e+02  4.91341166e-10 
 2.16271852e+08 -1.86303389e+02  4.83983472e-10 
 2.18776162e+08 -1.86431163e+02  4.76915942e-10 
 2.21309471e+08 -1.86621209e+02  4.66594411e-10 
 2.23872114e+08 -1.86744406e+02  4.60023167e-10 
 2.26464431e+08 -1.86911022e+02  4.51282898e-10 
 2.29086765e+08 -1.87060380e+02  4.43589219e-10 
 2.31739465e+08 -1.87208743e+02  4.36076673e-10 
 2.34422882e+08 -1.87346955e+02  4.29192605e-10 
 2.37137371e+08 -1.87510060e+02  4.21208381e-10 
 2.39883292e+08 -1.87677605e+02  4.13161432e-10 
 2.42661010e+08 -1.87808279e+02  4.06992145e-10 
 2.45470892e+08 -1.87983779e+02  3.98851355e-10 
 2.48313311e+08 -1.88110684e+02  3.93066295e-10 
 2.51188643e+08 -1.88225010e+02  3.87926558e-10 
 2.54097271e+08 -1.88383264e+02  3.80922634e-10 
 2.57039578e+08 -1.88525090e+02  3.74753311e-10 
 2.60015956e+08 -1.88686579e+02  3.67850240e-10 
 2.63026799e+08 -1.88834599e+02  3.61634660e-10 
 2.66072506e+08 -1.88988044e+02  3.55302136e-10 
 2.69153480e+08 -1.89075727e+02  3.51733434e-10 
 2.72270131e+08 -1.89273816e+02  3.43802644e-10 
 2.75422870e+08 -1.89404510e+02  3.38668265e-10 
 2.78612117e+08 -1.89555518e+02  3.32831265e-10 
 2.81838293e+08 -1.89678674e+02  3.28145397e-10 
 2.85101827e+08 -1.89849654e+02  3.21749064e-10 
 2.88403150e+08 -1.89961050e+02  3.17648993e-10 
 2.91742701e+08 -1.90088455e+02  3.13023733e-10 
 2.95120923e+08 -1.90257596e+02  3.06987163e-10 
 2.98538262e+08 -1.90387107e+02  3.02443781e-10 
 3.01995172e+08 -1.90539696e+02  2.97176998e-10 
 3.05492111e+08 -1.90666448e+02  2.92871814e-10 
 3.09029543e+08 -1.90821581e+02  2.87687473e-10 
 3.12607937e+08 -1.90973864e+02  2.82687621e-10 
 3.16227766e+08 -1.91065176e+02  2.79731402e-10 
 3.19889511e+08 -1.91237448e+02  2.74237991e-10 
 3.23593657e+08 -1.91373395e+02  2.69979166e-10 
 3.27340695e+08 -1.91505458e+02  2.65905351e-10 
 3.31131121e+08 -1.91624184e+02  2.62295482e-10 
 3.34965439e+08 -1.91777576e+02  2.57704030e-10 
 3.38844156e+08 -1.91923573e+02  2.53408613e-10 
 3.42767787e+08 -1.92049377e+02  2.49764746e-10 
 3.46736850e+08 -1.92163396e+02  2.46507530e-10 
 3.50751874e+08 -1.92285973e+02  2.43053192e-10 
 3.54813389e+08 -1.92448640e+02  2.38543732e-10 
 3.58921935e+08 -1.92586763e+02  2.34780418e-10 
 3.63078055e+08 -1.92712791e+02  2.31398442e-10 
 3.67282300e+08 -1.92850861e+02  2.27749253e-10 
 3.71535229e+08 -1.92954443e+02  2.25049385e-10 
 3.75837404e+08 -1.93120873e+02  2.20778277e-10 
 3.80189396e+08 -1.93247744e+02  2.17576917e-10 
 3.84591782e+08 -1.93354070e+02  2.14929721e-10 
 3.89045145e+08 -1.93499414e+02  2.11363174e-10 
 3.93550075e+08 -1.93610809e+02  2.08669777e-10 
 3.98107171e+08 -1.93745222e+02  2.05465497e-10 
 4.02717034e+08 -1.93868526e+02  2.02569344e-10 
 4.07380278e+08 -1.94001780e+02  1.99485354e-10 
 4.12097519e+08 -1.94136369e+02  1.96418131e-10 
 4.16869383e+08 -1.94264261e+02  1.93547226e-10 
 4.21696503e+08 -1.94376515e+02  1.91061960e-10 
 4.26579519e+08 -1.94499695e+02  1.88371519e-10 
 4.31519077e+08 -1.94632694e+02  1.85509144e-10 
 4.36515832e+08 -1.94762523e+02  1.82756930e-10 
 4.41570447e+08 -1.94886126e+02  1.80174664e-10 
 4.46683592e+08 -1.95016136e+02  1.77497897e-10 
 4.51855944e+08 -1.95152117e+02  1.74740740e-10 
 4.57088190e+08 -1.95258276e+02  1.72618057e-10 
 4.62381021e+08 -1.95405772e+02  1.69711546e-10 
 4.67735141e+08 -1.95497762e+02  1.67923662e-10 
 4.73151259e+08 -1.95636515e+02  1.65262474e-10 
 4.78630092e+08 -1.95739950e+02  1.63306132e-10 
 4.84172368e+08 -1.95913102e+02  1.60082880e-10 
 4.89778819e+08 -1.96002340e+02  1.58446634e-10 
 4.95450191e+08 -1.96129144e+02  1.56150297e-10 
 5.01187234e+08 -1.96231433e+02  1.54322186e-10 
 5.06990708e+08 -1.96365623e+02  1.51956353e-10 
 5.12861384e+08 -1.96482071e+02  1.49932729e-10 
 5.18800039e+08 -1.96577223e+02  1.48299216e-10 
 5.24807460e+08 -1.96749511e+02  1.45386620e-10 
 5.30884444e+08 -1.96815910e+02  1.44279460e-10 
 5.37031796e+08 -1.96934444e+02  1.42323888e-10 
 5.43250331e+08 -1.97080850e+02  1.39945044e-10 
 5.49540874e+08 -1.97192191e+02  1.38162591e-10 
 5.55904257e+08 -1.97286866e+02  1.36664812e-10 
 5.62341325e+08 -1.97412625e+02  1.34700351e-10 
 5.68852931e+08 -1.97525257e+02  1.32964941e-10 
 5.75439937e+08 -1.97643398e+02  1.31168660e-10 
 5.82103218e+08 -1.97738228e+02  1.29744392e-10 
 5.88843655e+08 -1.97894077e+02  1.27437184e-10 
 5.95662144e+08 -1.98007901e+02  1.25778083e-10 
 6.02559586e+08 -1.98128778e+02  1.24039818e-10 
 6.09536897e+08 -1.98231388e+02  1.22583106e-10 
 6.16595002e+08 -1.98346560e+02  1.20968414e-10 
 6.23734835e+08 -1.98419957e+02  1.19950518e-10 
 6.30957344e+08 -1.98587487e+02  1.17659128e-10 
 6.38263486e+08 -1.98666329e+02  1.16595971e-10 
 6.45654229e+08 -1.98778507e+02  1.15099821e-10 
 6.53130553e+08 -1.98897828e+02  1.13529474e-10 
 6.60693448e+08 -1.99011305e+02  1.12055901e-10 
 6.68343918e+08 -1.99111066e+02  1.10776260e-10 
 6.76082975e+08 -1.99238560e+02  1.09162128e-10 
 6.83911647e+08 -1.99371449e+02  1.07504727e-10 
 6.91830971e+08 -1.99440726e+02  1.06650695e-10 
 6.99841996e+08 -1.99601354e+02  1.04696531e-10 
 7.07945784e+08 -1.99681638e+02  1.03733272e-10 
 7.16143410e+08 -1.99802277e+02  1.02302480e-10 
 7.24435960e+08 -1.99928875e+02  1.00822220e-10 
 7.32824533e+08 -2.00045664e+02  9.94756498e-11 
 7.41310241e+08 -2.00148655e+02  9.83031044e-11 
 7.49894209e+08 -2.00237211e+02  9.73059600e-11 
 7.58577575e+08 -2.00345421e+02  9.61012299e-11 
 7.67361489e+08 -2.00434269e+02  9.51232191e-11 
 7.76247117e+08 -2.00543512e+02  9.39343419e-11 
 7.85235635e+08 -2.00666927e+02  9.26090921e-11 
 7.94328235e+08 -2.00826280e+02  9.09255663e-11 
 8.03526122e+08 -2.00897059e+02  9.01876501e-11 
 8.12830516e+08 -2.01032270e+02  8.87945838e-11 
 8.22242650e+08 -2.01107421e+02  8.80296417e-11 
 8.31763771e+08 -2.01204152e+02  8.70547393e-11 
 8.41395142e+08 -2.01305255e+02  8.60472966e-11 
 8.51138038e+08 -2.01471381e+02  8.44171985e-11 
 8.60993752e+08 -2.01556879e+02  8.35903351e-11 
 8.70963590e+08 -2.01691034e+02  8.23091871e-11 
 8.81048873e+08 -2.01767712e+02  8.15857704e-11 
 8.91250938e+08 -2.01847532e+02  8.08394630e-11 
 9.01571138e+08 -2.01983676e+02  7.95822517e-11 
 9.12010839e+08 -2.02065576e+02  7.88353861e-11 
 9.22571427e+08 -2.02166606e+02  7.79237283e-11 
 9.33254301e+08 -2.02265085e+02  7.70452311e-11 
 9.44060876e+08 -2.02368112e+02  7.61367626e-11 
 9.54992586e+08 -2.02509287e+02  7.49092842e-11 
 9.66050879e+08 -2.02611944e+02  7.40291593e-11 
 9.77237221e+08 -2.02722208e+02  7.30953225e-11 
 9.88553095e+08 -2.02827476e+02  7.22147954e-11 
 1.00000000e+09 -2.02928122e+02  7.13828536e-11 
