 1.00000000e+00 -1.69361556e+01  1.42295846e-01 
 1.01157945e+00 -1.69361573e+01  1.42295817e-01 
 1.02329299e+00 -1.69361591e+01  1.42295788e-01 
 1.03514217e+00 -1.69361609e+01  1.42295758e-01 
 1.04712855e+00 -1.69361628e+01  1.42295728e-01 
 1.05925373e+00 -1.69361647e+01  1.42295697e-01 
 1.07151931e+00 -1.69361666e+01  1.42295665e-01 
 1.08392691e+00 -1.69361686e+01  1.42295632e-01 
 1.09647820e+00 -1.69361707e+01  1.42295599e-01 
 1.10917482e+00 -1.69361728e+01  1.42295564e-01 
 1.12201845e+00 -1.69361749e+01  1.42295529e-01 
 1.13501082e+00 -1.69361771e+01  1.42295494e-01 
 1.14815362e+00 -1.69361793e+01  1.42295457e-01 
 1.16144861e+00 -1.69361816e+01  1.42295419e-01 
 1.17489755e+00 -1.69361839e+01  1.42295381e-01 
 1.18850223e+00 -1.69361863e+01  1.42295342e-01 
 1.20226443e+00 -1.69361888e+01  1.42295302e-01 
 1.21618600e+00 -1.69361913e+01  1.42295260e-01 
 1.23026877e+00 -1.69361939e+01  1.42295218e-01 
 1.24451461e+00 -1.69361965e+01  1.42295175e-01 
 1.25892541e+00 -1.69361992e+01  1.42295131e-01 
 1.27350308e+00 -1.69362019e+01  1.42295086e-01 
 1.28824955e+00 -1.69362048e+01  1.42295040e-01 
 1.30316678e+00 -1.69362076e+01  1.42294993e-01 
 1.31825674e+00 -1.69362106e+01  1.42294945e-01 
 1.33352143e+00 -1.69362136e+01  1.42294895e-01 
 1.34896288e+00 -1.69362167e+01  1.42294845e-01 
 1.36458314e+00 -1.69362198e+01  1.42294793e-01 
 1.38038426e+00 -1.69362231e+01  1.42294740e-01 
 1.39636836e+00 -1.69362264e+01  1.42294686e-01 
 1.41253754e+00 -1.69362298e+01  1.42294630e-01 
 1.42889396e+00 -1.69362332e+01  1.42294573e-01 
 1.44543977e+00 -1.69362368e+01  1.42294515e-01 
 1.46217717e+00 -1.69362404e+01  1.42294456e-01 
 1.47910839e+00 -1.69362441e+01  1.42294395e-01 
 1.49623566e+00 -1.69362479e+01  1.42294333e-01 
 1.51356125e+00 -1.69362518e+01  1.42294269e-01 
 1.53108746e+00 -1.69362558e+01  1.42294204e-01 
 1.54881662e+00 -1.69362599e+01  1.42294137e-01 
 1.56675107e+00 -1.69362640e+01  1.42294069e-01 
 1.58489319e+00 -1.69362683e+01  1.42293999e-01 
 1.60324539e+00 -1.69362726e+01  1.42293928e-01 
 1.62181010e+00 -1.69362771e+01  1.42293855e-01 
 1.64058977e+00 -1.69362817e+01  1.42293780e-01 
 1.65958691e+00 -1.69362863e+01  1.42293703e-01 
 1.67880402e+00 -1.69362911e+01  1.42293625e-01 
 1.69824365e+00 -1.69362960e+01  1.42293545e-01 
 1.71790839e+00 -1.69363010e+01  1.42293463e-01 
 1.73780083e+00 -1.69363062e+01  1.42293379e-01 
 1.75792361e+00 -1.69363114e+01  1.42293293e-01 
 1.77827941e+00 -1.69363168e+01  1.42293205e-01 
 1.79887092e+00 -1.69363222e+01  1.42293115e-01 
 1.81970086e+00 -1.69363279e+01  1.42293023e-01 
 1.84077200e+00 -1.69363336e+01  1.42292929e-01 
 1.86208714e+00 -1.69363395e+01  1.42292833e-01 
 1.88364909e+00 -1.69363455e+01  1.42292734e-01 
 1.90546072e+00 -1.69363517e+01  1.42292633e-01 
 1.92752491e+00 -1.69363580e+01  1.42292530e-01 
 1.94984460e+00 -1.69363644e+01  1.42292424e-01 
 1.97242274e+00 -1.69363710e+01  1.42292316e-01 
 1.99526231e+00 -1.69363778e+01  1.42292205e-01 
 2.01836636e+00 -1.69363847e+01  1.42292092e-01 
 2.04173794e+00 -1.69363918e+01  1.42291976e-01 
 2.06538016e+00 -1.69363990e+01  1.42291858e-01 
 2.08929613e+00 -1.69364064e+01  1.42291736e-01 
 2.11348904e+00 -1.69364140e+01  1.42291612e-01 
 2.13796209e+00 -1.69364217e+01  1.42291485e-01 
 2.16271852e+00 -1.69364297e+01  1.42291355e-01 
 2.18776162e+00 -1.69364378e+01  1.42291222e-01 
 2.21309471e+00 -1.69364461e+01  1.42291086e-01 
 2.23872114e+00 -1.69364546e+01  1.42290947e-01 
 2.26464431e+00 -1.69364633e+01  1.42290804e-01 
 2.29086765e+00 -1.69364722e+01  1.42290658e-01 
 2.31739465e+00 -1.69364813e+01  1.42290509e-01 
 2.34422882e+00 -1.69364907e+01  1.42290356e-01 
 2.37137371e+00 -1.69365002e+01  1.42290200e-01 
 2.39883292e+00 -1.69365100e+01  1.42290040e-01 
 2.42661010e+00 -1.69365200e+01  1.42289877e-01 
 2.45470892e+00 -1.69365302e+01  1.42289709e-01 
 2.48313311e+00 -1.69365406e+01  1.42289538e-01 
 2.51188643e+00 -1.69365513e+01  1.42289362e-01 
 2.54097271e+00 -1.69365623e+01  1.42289183e-01 
 2.57039578e+00 -1.69365735e+01  1.42288999e-01 
 2.60015956e+00 -1.69365850e+01  1.42288811e-01 
 2.63026799e+00 -1.69365967e+01  1.42288619e-01 
 2.66072506e+00 -1.69366087e+01  1.42288422e-01 
 2.69153480e+00 -1.69366210e+01  1.42288221e-01 
 2.72270131e+00 -1.69366336e+01  1.42288015e-01 
 2.75422870e+00 -1.69366465e+01  1.42287804e-01 
 2.78612117e+00 -1.69366596e+01  1.42287588e-01 
 2.81838293e+00 -1.69366731e+01  1.42287368e-01 
 2.85101827e+00 -1.69366869e+01  1.42287142e-01 
 2.88403150e+00 -1.69367010e+01  1.42286911e-01 
 2.91742701e+00 -1.69367154e+01  1.42286674e-01 
 2.95120923e+00 -1.69367302e+01  1.42286432e-01 
 2.98538262e+00 -1.69367453e+01  1.42286184e-01 
 3.01995172e+00 -1.69367608e+01  1.42285931e-01 
 3.05492111e+00 -1.69367766e+01  1.42285672e-01 
 3.09029543e+00 -1.69367928e+01  1.42285406e-01 
 3.12607937e+00 -1.69368094e+01  1.42285135e-01 
 3.16227766e+00 -1.69368264e+01  1.42284857e-01 
 3.19889511e+00 -1.69368437e+01  1.42284572e-01 
 3.23593657e+00 -1.69368615e+01  1.42284281e-01 
 3.27340695e+00 -1.69368797e+01  1.42283984e-01 
 3.31131121e+00 -1.69368983e+01  1.42283679e-01 
 3.34965439e+00 -1.69369173e+01  1.42283367e-01 
 3.38844156e+00 -1.69369368e+01  1.42283048e-01 
 3.42767787e+00 -1.69369567e+01  1.42282722e-01 
 3.46736850e+00 -1.69369771e+01  1.42282387e-01 
 3.50751874e+00 -1.69369980e+01  1.42282046e-01 
 3.54813389e+00 -1.69370193e+01  1.42281696e-01 
 3.58921935e+00 -1.69370412e+01  1.42281338e-01 
 3.63078055e+00 -1.69370636e+01  1.42280971e-01 
 3.67282300e+00 -1.69370864e+01  1.42280597e-01 
 3.71535229e+00 -1.69371099e+01  1.42280213e-01 
 3.75837404e+00 -1.69371338e+01  1.42279821e-01 
 3.80189396e+00 -1.69371583e+01  1.42279419e-01 
 3.84591782e+00 -1.69371834e+01  1.42279008e-01 
 3.89045145e+00 -1.69372091e+01  1.42278587e-01 
 3.93550075e+00 -1.69372354e+01  1.42278157e-01 
 3.98107171e+00 -1.69372623e+01  1.42277717e-01 
 4.02717034e+00 -1.69372898e+01  1.42277266e-01 
 4.07380278e+00 -1.69373179e+01  1.42276805e-01 
 4.12097519e+00 -1.69373467e+01  1.42276333e-01 
 4.16869383e+00 -1.69373762e+01  1.42275850e-01 
 4.21696503e+00 -1.69374064e+01  1.42275356e-01 
 4.26579519e+00 -1.69374372e+01  1.42274851e-01 
 4.31519077e+00 -1.69374688e+01  1.42274333e-01 
 4.36515832e+00 -1.69375011e+01  1.42273804e-01 
 4.41570447e+00 -1.69375342e+01  1.42273262e-01 
 4.46683592e+00 -1.69375681e+01  1.42272708e-01 
 4.51855944e+00 -1.69376027e+01  1.42272141e-01 
 4.57088190e+00 -1.69376381e+01  1.42271560e-01 
 4.62381021e+00 -1.69376744e+01  1.42270966e-01 
 4.67735141e+00 -1.69377115e+01  1.42270358e-01 
 4.73151259e+00 -1.69377495e+01  1.42269736e-01 
 4.78630092e+00 -1.69377883e+01  1.42269100e-01 
 4.84172368e+00 -1.69378281e+01  1.42268449e-01 
 4.89778819e+00 -1.69378688e+01  1.42267782e-01 
 4.95450191e+00 -1.69379104e+01  1.42267100e-01 
 5.01187234e+00 -1.69379530e+01  1.42266403e-01 
 5.06990708e+00 -1.69379966e+01  1.42265689e-01 
 5.12861384e+00 -1.69380412e+01  1.42264958e-01 
 5.18800039e+00 -1.69380868e+01  1.42264210e-01 
 5.24807460e+00 -1.69381336e+01  1.42263445e-01 
 5.30884444e+00 -1.69381814e+01  1.42262662e-01 
 5.37031796e+00 -1.69382303e+01  1.42261861e-01 
 5.43250331e+00 -1.69382803e+01  1.42261042e-01 
 5.49540874e+00 -1.69383315e+01  1.42260203e-01 
 5.55904257e+00 -1.69383839e+01  1.42259344e-01 
 5.62341325e+00 -1.69384376e+01  1.42258466e-01 
 5.68852931e+00 -1.69384924e+01  1.42257567e-01 
 5.75439937e+00 -1.69385486e+01  1.42256648e-01 
 5.82103218e+00 -1.69386060e+01  1.42255707e-01 
 5.88843655e+00 -1.69386648e+01  1.42254744e-01 
 5.95662144e+00 -1.69387250e+01  1.42253758e-01 
 6.02559586e+00 -1.69387866e+01  1.42252750e-01 
 6.09536897e+00 -1.69388496e+01  1.42251718e-01 
 6.16595002e+00 -1.69389140e+01  1.42250662e-01 
 6.23734835e+00 -1.69389800e+01  1.42249582e-01 
 6.30957344e+00 -1.69390475e+01  1.42248477e-01 
 6.38263486e+00 -1.69391166e+01  1.42247345e-01 
 6.45654229e+00 -1.69391873e+01  1.42246188e-01 
 6.53130553e+00 -1.69392596e+01  1.42245003e-01 
 6.60693448e+00 -1.69393336e+01  1.42243791e-01 
 6.68343918e+00 -1.69394093e+01  1.42242551e-01 
 6.76082975e+00 -1.69394868e+01  1.42241282e-01 
 6.83911647e+00 -1.69395661e+01  1.42239983e-01 
 6.91830971e+00 -1.69396473e+01  1.42238655e-01 
 6.99841996e+00 -1.69397303e+01  1.42237295e-01 
 7.07945784e+00 -1.69398153e+01  1.42235904e-01 
 7.16143410e+00 -1.69399022e+01  1.42234480e-01 
 7.24435960e+00 -1.69399912e+01  1.42233023e-01 
 7.32824533e+00 -1.69400822e+01  1.42231532e-01 
 7.41310241e+00 -1.69401754e+01  1.42230007e-01 
 7.49894209e+00 -1.69402707e+01  1.42228446e-01 
 7.58577575e+00 -1.69403682e+01  1.42226849e-01 
 7.67361489e+00 -1.69404681e+01  1.42225214e-01 
 7.76247117e+00 -1.69405702e+01  1.42223542e-01 
 7.85235635e+00 -1.69406747e+01  1.42221831e-01 
 7.94328235e+00 -1.69407816e+01  1.42220080e-01 
 8.03526122e+00 -1.69408911e+01  1.42218288e-01 
 8.12830516e+00 -1.69410030e+01  1.42216455e-01 
 8.22242650e+00 -1.69411176e+01  1.42214578e-01 
 8.31763771e+00 -1.69412349e+01  1.42212659e-01 
 8.41395142e+00 -1.69413549e+01  1.42210694e-01 
 8.51138038e+00 -1.69414776e+01  1.42208684e-01 
 8.60993752e+00 -1.69416032e+01  1.42206628e-01 
 8.70963590e+00 -1.69417318e+01  1.42204523e-01 
 8.81048873e+00 -1.69418633e+01  1.42202370e-01 
 8.91250938e+00 -1.69419979e+01  1.42200166e-01 
 9.01571138e+00 -1.69421356e+01  1.42197912e-01 
 9.12010839e+00 -1.69422766e+01  1.42195604e-01 
 9.22571427e+00 -1.69424208e+01  1.42193244e-01 
 9.33254301e+00 -1.69425683e+01  1.42190828e-01 
 9.44060876e+00 -1.69427193e+01  1.42188356e-01 
 9.54992586e+00 -1.69428738e+01  1.42185827e-01 
 9.66050879e+00 -1.69430319e+01  1.42183239e-01 
 9.77237221e+00 -1.69431937e+01  1.42180591e-01 
 9.88553095e+00 -1.69433592e+01  1.42177881e-01 
 1.00000000e+01 -1.69435286e+01  1.42175109e-01 
 1.01157945e+01 -1.69437020e+01  1.42172271e-01 
 1.02329299e+01 -1.69438793e+01  1.42169369e-01 
 1.03514217e+01 -1.69440608e+01  1.42166398e-01 
 1.04712855e+01 -1.69442465e+01  1.42163359e-01 
 1.05925373e+01 -1.69444365e+01  1.42160249e-01 
 1.07151931e+01 -1.69446309e+01  1.42157067e-01 
 1.08392691e+01 -1.69448299e+01  1.42153811e-01 
 1.09647820e+01 -1.69450335e+01  1.42150479e-01 
 1.10917482e+01 -1.69452418e+01  1.42147070e-01 
 1.12201845e+01 -1.69454549e+01  1.42143582e-01 
 1.13501082e+01 -1.69456730e+01  1.42140012e-01 
 1.14815362e+01 -1.69458962e+01  1.42136360e-01 
 1.16144861e+01 -1.69461246e+01  1.42132623e-01 
 1.17489755e+01 -1.69463582e+01  1.42128800e-01 
 1.18850223e+01 -1.69465973e+01  1.42124888e-01 
 1.20226443e+01 -1.69468420e+01  1.42120884e-01 
 1.21618600e+01 -1.69470923e+01  1.42116788e-01 
 1.23026877e+01 -1.69473485e+01  1.42112597e-01 
 1.24451461e+01 -1.69476106e+01  1.42108309e-01 
 1.25892541e+01 -1.69478788e+01  1.42103921e-01 
 1.27350308e+01 -1.69481532e+01  1.42099432e-01 
 1.28824955e+01 -1.69484340e+01  1.42094838e-01 
 1.30316678e+01 -1.69487213e+01  1.42090138e-01 
 1.31825674e+01 -1.69490153e+01  1.42085328e-01 
 1.33352143e+01 -1.69493161e+01  1.42080408e-01 
 1.34896288e+01 -1.69496239e+01  1.42075373e-01 
 1.36458314e+01 -1.69499389e+01  1.42070221e-01 
 1.38038426e+01 -1.69502611e+01  1.42064950e-01 
 1.39636836e+01 -1.69505909e+01  1.42059557e-01 
 1.41253754e+01 -1.69509283e+01  1.42054039e-01 
 1.42889396e+01 -1.69512735e+01  1.42048393e-01 
 1.44543977e+01 -1.69516267e+01  1.42042616e-01 
 1.46217717e+01 -1.69519882e+01  1.42036706e-01 
 1.47910839e+01 -1.69523580e+01  1.42030658e-01 
 1.49623566e+01 -1.69527364e+01  1.42024470e-01 
 1.51356125e+01 -1.69531236e+01  1.42018139e-01 
 1.53108746e+01 -1.69535198e+01  1.42011662e-01 
 1.54881662e+01 -1.69539252e+01  1.42005034e-01 
 1.56675107e+01 -1.69543399e+01  1.41998254e-01 
 1.58489319e+01 -1.69547643e+01  1.41991316e-01 
 1.60324539e+01 -1.69551986e+01  1.41984217e-01 
 1.62181010e+01 -1.69556429e+01  1.41976955e-01 
 1.64058977e+01 -1.69560975e+01  1.41969524e-01 
 1.65958691e+01 -1.69565626e+01  1.41961922e-01 
 1.67880402e+01 -1.69570385e+01  1.41954143e-01 
 1.69824365e+01 -1.69575255e+01  1.41946185e-01 
 1.71790839e+01 -1.69580238e+01  1.41938043e-01 
 1.73780083e+01 -1.69585335e+01  1.41929712e-01 
 1.75792361e+01 -1.69590551e+01  1.41921190e-01 
 1.77827941e+01 -1.69595888e+01  1.41912470e-01 
 1.79887092e+01 -1.69601349e+01  1.41903548e-01 
 1.81970086e+01 -1.69606936e+01  1.41894421e-01 
 1.84077200e+01 -1.69612652e+01  1.41885083e-01 
 1.86208714e+01 -1.69618501e+01  1.41875529e-01 
 1.88364909e+01 -1.69624485e+01  1.41865755e-01 
 1.90546072e+01 -1.69630608e+01  1.41855755e-01 
 1.92752491e+01 -1.69636873e+01  1.41845524e-01 
 1.94984460e+01 -1.69643282e+01  1.41835058e-01 
 1.97242274e+01 -1.69649840e+01  1.41824350e-01 
 1.99526231e+01 -1.69656549e+01  1.41813395e-01 
 2.01836636e+01 -1.69663414e+01  1.41802188e-01 
 2.04173794e+01 -1.69670437e+01  1.41790722e-01 
 2.06538016e+01 -1.69677623e+01  1.41778992e-01 
 2.08929613e+01 -1.69684975e+01  1.41766992e-01 
 2.11348904e+01 -1.69692497e+01  1.41754715e-01 
 2.13796209e+01 -1.69700193e+01  1.41742156e-01 
 2.16271852e+01 -1.69708067e+01  1.41729308e-01 
 2.18776162e+01 -1.69716123e+01  1.41716164e-01 
 2.21309471e+01 -1.69724364e+01  1.41702717e-01 
 2.23872114e+01 -1.69732796e+01  1.41688962e-01 
 2.26464431e+01 -1.69741423e+01  1.41674890e-01 
 2.29086765e+01 -1.69750249e+01  1.41660495e-01 
 2.31739465e+01 -1.69759279e+01  1.41645769e-01 
 2.34422882e+01 -1.69768517e+01  1.41630704e-01 
 2.37137371e+01 -1.69777968e+01  1.41615294e-01 
 2.39883292e+01 -1.69787637e+01  1.41599530e-01 
 2.42661010e+01 -1.69797530e+01  1.41583405e-01 
 2.45470892e+01 -1.69807650e+01  1.41566909e-01 
 2.48313311e+01 -1.69818004e+01  1.41550035e-01 
 2.51188643e+01 -1.69828596e+01  1.41532775e-01 
 2.54097271e+01 -1.69839432e+01  1.41515118e-01 
 2.57039578e+01 -1.69850518e+01  1.41497058e-01 
 2.60015956e+01 -1.69861859e+01  1.41478584e-01 
 2.63026799e+01 -1.69873462e+01  1.41459687e-01 
 2.66072506e+01 -1.69885331e+01  1.41440357e-01 
 2.69153480e+01 -1.69897473e+01  1.41420586e-01 
 2.72270131e+01 -1.69909895e+01  1.41400363e-01 
 2.75422870e+01 -1.69922603e+01  1.41379677e-01 
 2.78612117e+01 -1.69935602e+01  1.41358520e-01 
 2.81838293e+01 -1.69948901e+01  1.41336879e-01 
 2.85101827e+01 -1.69962505e+01  1.41314744e-01 
 2.88403150e+01 -1.69976421e+01  1.41292105e-01 
 2.91742701e+01 -1.69990657e+01  1.41268949e-01 
 2.95120923e+01 -1.70005220e+01  1.41245266e-01 
 2.98538262e+01 -1.70020116e+01  1.41221044e-01 
 3.01995172e+01 -1.70035355e+01  1.41196270e-01 
 3.05492111e+01 -1.70050943e+01  1.41170933e-01 
 3.09029543e+01 -1.70066888e+01  1.41145020e-01 
 3.12607937e+01 -1.70083199e+01  1.41118518e-01 
 3.16227766e+01 -1.70099883e+01  1.41091414e-01 
 3.19889511e+01 -1.70116949e+01  1.41063694e-01 
 3.23593657e+01 -1.70134406e+01  1.41035346e-01 
 3.27340695e+01 -1.70152262e+01  1.41006356e-01 
 3.31131121e+01 -1.70170527e+01  1.40976709e-01 
 3.34965439e+01 -1.70189209e+01  1.40946390e-01 
 3.38844156e+01 -1.70208318e+01  1.40915385e-01 
 3.42767787e+01 -1.70227863e+01  1.40883680e-01 
 3.46736850e+01 -1.70247854e+01  1.40851258e-01 
 3.50751874e+01 -1.70268302e+01  1.40818104e-01 
 3.54813389e+01 -1.70289215e+01  1.40784202e-01 
 3.58921935e+01 -1.70310606e+01  1.40749535e-01 
 3.63078055e+01 -1.70332484e+01  1.40714088e-01 
 3.67282300e+01 -1.70354860e+01  1.40677843e-01 
 3.71535229e+01 -1.70377745e+01  1.40640782e-01 
 3.75837404e+01 -1.70401151e+01  1.40602889e-01 
 3.80189396e+01 -1.70425089e+01  1.40564144e-01 
 3.84591782e+01 -1.70449572e+01  1.40524530e-01 
 3.89045145e+01 -1.70474610e+01  1.40484028e-01 
 3.93550075e+01 -1.70500216e+01  1.40442619e-01 
 3.98107171e+01 -1.70526403e+01  1.40400284e-01 
 4.02717034e+01 -1.70553184e+01  1.40357001e-01 
 4.07380278e+01 -1.70580571e+01  1.40312752e-01 
 4.12097519e+01 -1.70608579e+01  1.40267516e-01 
 4.16869383e+01 -1.70637220e+01  1.40221271e-01 
 4.21696503e+01 -1.70666509e+01  1.40173996e-01 
 4.26579519e+01 -1.70696460e+01  1.40125670e-01 
 4.31519077e+01 -1.70727086e+01  1.40076270e-01 
 4.36515832e+01 -1.70758404e+01  1.40025773e-01 
 4.41570447e+01 -1.70790429e+01  1.39974156e-01 
 4.46683592e+01 -1.70823174e+01  1.39921396e-01 
 4.51855944e+01 -1.70856657e+01  1.39867469e-01 
 4.57088190e+01 -1.70890893e+01  1.39812350e-01 
 4.62381021e+01 -1.70925899e+01  1.39756015e-01 
 4.67735141e+01 -1.70961690e+01  1.39698437e-01 
 4.73151259e+01 -1.70998285e+01  1.39639593e-01 
 4.78630092e+01 -1.71035701e+01  1.39579454e-01 
 4.84172368e+01 -1.71073954e+01  1.39517996e-01 
 4.89778819e+01 -1.71113064e+01  1.39455189e-01 
 4.95450191e+01 -1.71153049e+01  1.39391007e-01 
 5.01187234e+01 -1.71193926e+01  1.39325422e-01 
 5.06990708e+01 -1.71235716e+01  1.39258406e-01 
 5.12861384e+01 -1.71278438e+01  1.39189928e-01 
 5.18800039e+01 -1.71322112e+01  1.39119959e-01 
 5.24807460e+01 -1.71366757e+01  1.39048470e-01 
 5.30884444e+01 -1.71412395e+01  1.38975430e-01 
 5.37031796e+01 -1.71459046e+01  1.38900807e-01 
 5.43250331e+01 -1.71506732e+01  1.38824570e-01 
 5.49540874e+01 -1.71555475e+01  1.38746688e-01 
 5.55904257e+01 -1.71605297e+01  1.38667127e-01 
 5.62341325e+01 -1.71656220e+01  1.38585854e-01 
 5.68852931e+01 -1.71708267e+01  1.38502836e-01 
 5.75439937e+01 -1.71761462e+01  1.38418038e-01 
 5.82103218e+01 -1.71815829e+01  1.38331426e-01 
 5.88843655e+01 -1.71871392e+01  1.38242965e-01 
 5.95662144e+01 -1.71928176e+01  1.38152619e-01 
 6.02559586e+01 -1.71986205e+01  1.38060351e-01 
 6.09536897e+01 -1.72045506e+01  1.37966126e-01 
 6.16595002e+01 -1.72106105e+01  1.37869905e-01 
 6.23734835e+01 -1.72168028e+01  1.37771651e-01 
 6.30957344e+01 -1.72231301e+01  1.37671325e-01 
 6.38263486e+01 -1.72295954e+01  1.37568889e-01 
 6.45654229e+01 -1.72362013e+01  1.37464304e-01 
 6.53130553e+01 -1.72429506e+01  1.37357528e-01 
 6.60693448e+01 -1.72498464e+01  1.37248523e-01 
 6.68343918e+01 -1.72568914e+01  1.37137247e-01 
 6.76082975e+01 -1.72640888e+01  1.37023659e-01 
 6.83911647e+01 -1.72714414e+01  1.36907717e-01 
 6.91830971e+01 -1.72789525e+01  1.36789378e-01 
 6.99841996e+01 -1.72866251e+01  1.36668600e-01 
 7.07945784e+01 -1.72944624e+01  1.36545339e-01 
 7.16143410e+01 -1.73024676e+01  1.36419552e-01 
 7.24435960e+01 -1.73106441e+01  1.36291194e-01 
 7.32824533e+01 -1.73189951e+01  1.36160220e-01 
 7.41310241e+01 -1.73275240e+01  1.36026586e-01 
 7.49894209e+01 -1.73362343e+01  1.35890245e-01 
 7.58577575e+01 -1.73451295e+01  1.35751153e-01 
 7.67361489e+01 -1.73542130e+01  1.35609261e-01 
 7.76247117e+01 -1.73634885e+01  1.35464525e-01 
 7.85235635e+01 -1.73729595e+01  1.35316895e-01 
 7.94328235e+01 -1.73826299e+01  1.35166325e-01 
 8.03526122e+01 -1.73925032e+01  1.35012768e-01 
 8.12830516e+01 -1.74025833e+01  1.34856174e-01 
 8.22242650e+01 -1.74128741e+01  1.34696495e-01 
 8.31763771e+01 -1.74233794e+01  1.34533682e-01 
 8.41395142e+01 -1.74341032e+01  1.34367687e-01 
 8.51138038e+01 -1.74450494e+01  1.34198460e-01 
 8.60993752e+01 -1.74562220e+01  1.34025951e-01 
 8.70963590e+01 -1.74676253e+01  1.33850111e-01 
 8.81048873e+01 -1.74792632e+01  1.33670890e-01 
 8.91250938e+01 -1.74911401e+01  1.33488237e-01 
 9.01571138e+01 -1.75032600e+01  1.33302102e-01 
 9.12010839e+01 -1.75156274e+01  1.33112436e-01 
 9.22571427e+01 -1.75282464e+01  1.32919188e-01 
 9.33254301e+01 -1.75411216e+01  1.32722307e-01 
 9.44060876e+01 -1.75542572e+01  1.32521743e-01 
 9.54992586e+01 -1.75676579e+01  1.32317445e-01 
 9.66050879e+01 -1.75813280e+01  1.32109364e-01 
 9.77237221e+01 -1.75952721e+01  1.31897449e-01 
 9.88553095e+01 -1.76094948e+01  1.31681650e-01 
 1.00000000e+02 -1.76240007e+01  1.31461918e-01 
 1.01157945e+02 -1.76387946e+01  1.31238202e-01 
 1.02329299e+02 -1.76538810e+01  1.31010453e-01 
 1.03514217e+02 -1.76692648e+01  1.30778623e-01 
 1.04712855e+02 -1.76849507e+01  1.30542662e-01 
 1.05925373e+02 -1.77009436e+01  1.30302522e-01 
 1.07151931e+02 -1.77172482e+01  1.30058155e-01 
 1.08392691e+02 -1.77338695e+01  1.29809514e-01 
 1.09647820e+02 -1.77508124e+01  1.29556552e-01 
 1.10917482e+02 -1.77680817e+01  1.29299223e-01 
 1.12201845e+02 -1.77856825e+01  1.29037480e-01 
 1.13501082e+02 -1.78036197e+01  1.28771280e-01 
 1.14815362e+02 -1.78218984e+01  1.28500577e-01 
 1.16144861e+02 -1.78405236e+01  1.28225329e-01 
 1.17489755e+02 -1.78595002e+01  1.27945492e-01 
 1.18850223e+02 -1.78788334e+01  1.27661026e-01 
 1.20226443e+02 -1.78985282e+01  1.27371888e-01 
 1.21618600e+02 -1.79185898e+01  1.27078041e-01 
 1.23026877e+02 -1.79390232e+01  1.26779444e-01 
 1.24451461e+02 -1.79598334e+01  1.26476060e-01 
 1.25892541e+02 -1.79810257e+01  1.26167854e-01 
 1.27350308e+02 -1.80026051e+01  1.25854789e-01 
 1.28824955e+02 -1.80245767e+01  1.25536833e-01 
 1.30316678e+02 -1.80469455e+01  1.25213952e-01 
 1.31825674e+02 -1.80697168e+01  1.24886116e-01 
 1.33352143e+02 -1.80928955e+01  1.24553296e-01 
 1.34896288e+02 -1.81164868e+01  1.24215462e-01 
 1.36458314e+02 -1.81404956e+01  1.23872590e-01 
 1.38038426e+02 -1.81649271e+01  1.23524654e-01 
 1.39636836e+02 -1.81897861e+01  1.23171631e-01 
 1.41253754e+02 -1.82150778e+01  1.22813501e-01 
 1.42889396e+02 -1.82408070e+01  1.22450243e-01 
 1.44543977e+02 -1.82669786e+01  1.22081841e-01 
 1.46217717e+02 -1.82935976e+01  1.21708279e-01 
 1.47910839e+02 -1.83206687e+01  1.21329543e-01 
 1.49623566e+02 -1.83481969e+01  1.20945623e-01 
 1.51356125e+02 -1.83761867e+01  1.20556509e-01 
 1.53108746e+02 -1.84046430e+01  1.20162194e-01 
 1.54881662e+02 -1.84335704e+01  1.19762672e-01 
 1.56675107e+02 -1.84629735e+01  1.19357943e-01 
 1.58489319e+02 -1.84928568e+01  1.18948004e-01 
 1.60324539e+02 -1.85232248e+01  1.18532860e-01 
 1.62181010e+02 -1.85540818e+01  1.18112513e-01 
 1.64058977e+02 -1.85854323e+01  1.17686971e-01 
 1.65958691e+02 -1.86172804e+01  1.17256244e-01 
 1.67880402e+02 -1.86496304e+01  1.16820343e-01 
 1.69824365e+02 -1.86824864e+01  1.16379284e-01 
 1.71790839e+02 -1.87158523e+01  1.15933083e-01 
 1.73780083e+02 -1.87497320e+01  1.15481761e-01 
 1.75792361e+02 -1.87841295e+01  1.15025340e-01 
 1.77827941e+02 -1.88190484e+01  1.14563845e-01 
 1.79887092e+02 -1.88544924e+01  1.14097304e-01 
 1.81970086e+02 -1.88904649e+01  1.13625747e-01 
 1.84077200e+02 -1.89269695e+01  1.13149209e-01 
 1.86208714e+02 -1.89640095e+01  1.12667725e-01 
 1.88364909e+02 -1.90015880e+01  1.12181334e-01 
 1.90546072e+02 -1.90397081e+01  1.11690078e-01 
 1.92752491e+02 -1.90783729e+01  1.11194001e-01 
 1.94984460e+02 -1.91175851e+01  1.10693150e-01 
 1.97242274e+02 -1.91573475e+01  1.10187576e-01 
 1.99526231e+02 -1.91976626e+01  1.09677330e-01 
 2.01836636e+02 -1.92385331e+01  1.09162468e-01 
 2.04173794e+02 -1.92799611e+01  1.08643049e-01 
 2.06538016e+02 -1.93219489e+01  1.08119133e-01 
 2.08929613e+02 -1.93644986e+01  1.07590784e-01 
 2.11348904e+02 -1.94076121e+01  1.07058067e-01 
 2.13796209e+02 -1.94512911e+01  1.06521051e-01 
 2.16271852e+02 -1.94955375e+01  1.05979807e-01 
 2.18776162e+02 -1.95403525e+01  1.05434410e-01 
 2.21309471e+02 -1.95857377e+01  1.04884935e-01 
 2.23872114e+02 -1.96316942e+01  1.04331461e-01 
 2.26464431e+02 -1.96782231e+01  1.03774069e-01 
 2.29086765e+02 -1.97253252e+01  1.03212843e-01 
 2.31739465e+02 -1.97730014e+01  1.02647867e-01 
 2.34422882e+02 -1.98212523e+01  1.02079229e-01 
 2.37137371e+02 -1.98700784e+01  1.01507021e-01 
 2.39883292e+02 -1.99194799e+01  1.00931332e-01 
 2.42661010e+02 -1.99694570e+01  1.00352258e-01 
 2.45470892e+02 -2.00200097e+01  9.97698950e-02 
 2.48313311e+02 -2.00711379e+01  9.91843396e-02 
 2.51188643e+02 -2.01228412e+01  9.85956916e-02 
 2.54097271e+02 -2.01751193e+01  9.80040525e-02 
 2.57039578e+02 -2.02279715e+01  9.74095248e-02 
 2.60015956e+02 -2.02813971e+01  9.68122129e-02 
 2.63026799e+02 -2.03353951e+01  9.62122224e-02 
 2.66072506e+02 -2.03899645e+01  9.56096604e-02 
 2.69153480e+02 -2.04451041e+01  9.50046352e-02 
 2.72270131e+02 -2.05008126e+01  9.43972562e-02 
 2.75422870e+02 -2.05570884e+01  9.37876337e-02 
 2.78612117e+02 -2.06139300e+01  9.31758794e-02 
 2.81838293e+02 -2.06713355e+01  9.25621055e-02 
 2.85101827e+02 -2.07293030e+01  9.19464250e-02 
 2.88403150e+02 -2.07878305e+01  9.13289517e-02 
 2.91742701e+02 -2.08469158e+01  9.07097999e-02 
 2.95120923e+02 -2.09065566e+01  9.00890843e-02 
 2.98538262e+02 -2.09667503e+01  8.94669202e-02 
 3.01995172e+02 -2.10274944e+01  8.88434228e-02 
 3.05492111e+02 -2.10887861e+01  8.82187080e-02 
 3.09029543e+02 -2.11506227e+01  8.75928914e-02 
 3.12607937e+02 -2.12130012e+01  8.69660887e-02 
 3.16227766e+02 -2.12759185e+01  8.63384155e-02 
 3.19889511e+02 -2.13393714e+01  8.57099871e-02 
 3.23593657e+02 -2.14033566e+01  8.50809187e-02 
 3.27340695e+02 -2.14678706e+01  8.44513251e-02 
 3.31131121e+02 -2.15329100e+01  8.38213205e-02 
 3.34965439e+02 -2.15984712e+01  8.31910186e-02 
 3.38844156e+02 -2.16645503e+01  8.25605325e-02 
 3.42767787e+02 -2.17311436e+01  8.19299746e-02 
 3.46736850e+02 -2.17982472e+01  8.12994564e-02 
 3.50751874e+02 -2.18658570e+01  8.06690886e-02 
 3.54813389e+02 -2.19339690e+01  8.00389808e-02 
 3.58921935e+02 -2.20025790e+01  7.94092419e-02 
 3.63078055e+02 -2.20716828e+01  7.87799792e-02 
 3.67282300e+02 -2.21412759e+01  7.81512993e-02 
 3.71535229e+02 -2.22113542e+01  7.75233072e-02 
 3.75837404e+02 -2.22819129e+01  7.68961069e-02 
 3.80189396e+02 -2.23529478e+01  7.62698008e-02 
 3.84591782e+02 -2.24244540e+01  7.56444899e-02 
 3.89045145e+02 -2.24964271e+01  7.50202738e-02 
 3.93550075e+02 -2.25688623e+01  7.43972506e-02 
 3.98107171e+02 -2.26417548e+01  7.37755167e-02 
 4.02717034e+02 -2.27150999e+01  7.31551669e-02 
 4.07380278e+02 -2.27888927e+01  7.25362943e-02 
 4.12097519e+02 -2.28631283e+01  7.19189905e-02 
 4.16869383e+02 -2.29378019e+01  7.13033451e-02 
 4.21696503e+02 -2.30129085e+01  7.06894459e-02 
 4.26579519e+02 -2.30884430e+01  7.00773790e-02 
 4.31519077e+02 -2.31644005e+01  6.94672286e-02 
 4.36515832e+02 -2.32407760e+01  6.88590771e-02 
 4.41570447e+02 -2.33175645e+01  6.82530049e-02 
 4.46683592e+02 -2.33947608e+01  6.76490904e-02 
 4.51855944e+02 -2.34723598e+01  6.70474102e-02 
 4.57088190e+02 -2.35503566e+01  6.64480391e-02 
 4.62381021e+02 -2.36287460e+01  6.58510494e-02 
 4.67735141e+02 -2.37075229e+01  6.52565119e-02 
 4.73151259e+02 -2.37866822e+01  6.46644953e-02 
 4.78630092e+02 -2.38662187e+01  6.40750662e-02 
 4.84172368e+02 -2.39461275e+01  6.34882892e-02 
 4.89778819e+02 -2.40264034e+01  6.29042269e-02 
 4.95450191e+02 -2.41070413e+01  6.23229401e-02 
 5.01187234e+02 -2.41880362e+01  6.17444874e-02 
 5.06990708e+02 -2.42693830e+01  6.11689253e-02 
 5.12861384e+02 -2.43510766e+01  6.05963087e-02 
 5.18800039e+02 -2.44331121e+01  6.00266900e-02 
 5.24807460e+02 -2.45154843e+01  5.94601202e-02 
 5.30884444e+02 -2.45981885e+01  5.88966478e-02 
 5.37031796e+02 -2.46812195e+01  5.83363197e-02 
 5.43250331e+02 -2.47645724e+01  5.77791809e-02 
 5.49540874e+02 -2.48482424e+01  5.72252742e-02 
 5.55904257e+02 -2.49322245e+01  5.66746408e-02 
 5.62341325e+02 -2.50165139e+01  5.61273198e-02 
 5.68852931e+02 -2.51011058e+01  5.55833488e-02 
 5.75439937e+02 -2.51859955e+01  5.50427630e-02 
 5.82103218e+02 -2.52711781e+01  5.45055964e-02 
 5.88843655e+02 -2.53566489e+01  5.39718809e-02 
 5.95662144e+02 -2.54424034e+01  5.34416466e-02 
 6.02559586e+02 -2.55284368e+01  5.29149220e-02 
 6.09536897e+02 -2.56147446e+01  5.23917339e-02 
 6.16595002e+02 -2.57013222e+01  5.18721074e-02 
 6.23734835e+02 -2.57881650e+01  5.13560659e-02 
 6.30957344e+02 -2.58752688e+01  5.08436313e-02 
 6.38263486e+02 -2.59626289e+01  5.03348238e-02 
 6.45654229e+02 -2.60502412e+01  4.98296621e-02 
 6.53130553e+02 -2.61381011e+01  4.93281634e-02 
 6.60693448e+02 -2.62262045e+01  4.88303433e-02 
 6.68343918e+02 -2.63145470e+01  4.83362160e-02 
 6.76082975e+02 -2.64031246e+01  4.78457943e-02 
 6.83911647e+02 -2.64919331e+01  4.73590897e-02 
 6.91830971e+02 -2.65809683e+01  4.68761120e-02 
 6.99841996e+02 -2.66702263e+01  4.63968700e-02 
 7.07945784e+02 -2.67597031e+01  4.59213710e-02 
 7.16143410e+02 -2.68493947e+01  4.54496211e-02 
 7.24435960e+02 -2.69392972e+01  4.49816252e-02 
 7.32824533e+02 -2.70294067e+01  4.45173869e-02 
 7.41310241e+02 -2.71197196e+01  4.40569087e-02 
 7.49894209e+02 -2.72102320e+01  4.36001919e-02 
 7.58577575e+02 -2.73009403e+01  4.31472367e-02 
 7.67361489e+02 -2.73918407e+01  4.26980422e-02 
 7.76247117e+02 -2.74829299e+01  4.22526066e-02 
 7.85235635e+02 -2.75742041e+01  4.18109269e-02 
 7.94328235e+02 -2.76656599e+01  4.13729991e-02 
 8.03526122e+02 -2.77572939e+01  4.09388184e-02 
 8.12830516e+02 -2.78491027e+01  4.05083789e-02 
 8.22242650e+02 -2.79410830e+01  4.00816739e-02 
 8.31763771e+02 -2.80332314e+01  3.96586958e-02 
 8.41395142e+02 -2.81255448e+01  3.92394363e-02 
 8.51138038e+02 -2.82180199e+01  3.88238860e-02 
 8.60993752e+02 -2.83106537e+01  3.84120350e-02 
 8.70963590e+02 -2.84034430e+01  3.80038724e-02 
 8.81048873e+02 -2.84963848e+01  3.75993868e-02 
 8.91250938e+02 -2.85894761e+01  3.71985659e-02 
 9.01571138e+02 -2.86827139e+01  3.68013969e-02 
 9.12010839e+02 -2.87760955e+01  3.64078661e-02 
 9.22571427e+02 -2.88696179e+01  3.60179595e-02 
 9.33254301e+02 -2.89632783e+01  3.56316623e-02 
 9.44060876e+02 -2.90570741e+01  3.52489591e-02 
 9.54992586e+02 -2.91510024e+01  3.48698341e-02 
 9.66050879e+02 -2.92450606e+01  3.44942707e-02 
 9.77237221e+02 -2.93392462e+01  3.41222522e-02 
 9.88553095e+02 -2.94335566e+01  3.37537610e-02 
 1.00000000e+03 -2.95279892e+01  3.33887794e-02 
 1.01157945e+03 -2.96225415e+01  3.30272889e-02 
 1.02329299e+03 -2.97172112e+01  3.26692709e-02 
 1.03514217e+03 -2.98119957e+01  3.23147063e-02 
 1.04712855e+03 -2.99068929e+01  3.19635754e-02 
 1.05925373e+03 -3.00019004e+01  3.16158586e-02 
 1.07151931e+03 -3.00970159e+01  3.12715355e-02 
 1.08392691e+03 -3.01922372e+01  3.09305856e-02 
 1.09647820e+03 -3.02875620e+01  3.05929881e-02 
 1.10917482e+03 -3.03829884e+01  3.02587219e-02 
 1.12201845e+03 -3.04785141e+01  2.99277656e-02 
 1.13501082e+03 -3.05741372e+01  2.96000976e-02 
 1.14815362e+03 -3.06698555e+01  2.92756959e-02 
 1.16144861e+03 -3.07656671e+01  2.89545385e-02 
 1.17489755e+03 -3.08615700e+01  2.86366031e-02 
 1.18850223e+03 -3.09575624e+01  2.83218672e-02 
 1.20226443e+03 -3.10536423e+01  2.80103081e-02 
 1.21618600e+03 -3.11498079e+01  2.77019030e-02 
 1.23026877e+03 -3.12460574e+01  2.73966289e-02 
 1.24451461e+03 -3.13423891e+01  2.70944628e-02 
 1.25892541e+03 -3.14388012e+01  2.67953812e-02 
 1.27350308e+03 -3.15352920e+01  2.64993610e-02 
 1.28824955e+03 -3.16318598e+01  2.62063787e-02 
 1.30316678e+03 -3.17285029e+01  2.59164107e-02 
 1.31825674e+03 -3.18252199e+01  2.56294334e-02 
 1.33352143e+03 -3.19220091e+01  2.53454231e-02 
 1.34896288e+03 -3.20188689e+01  2.50643561e-02 
 1.36458314e+03 -3.21157980e+01  2.47862087e-02 
 1.38038426e+03 -3.22127946e+01  2.45109570e-02 
 1.39636836e+03 -3.23098576e+01  2.42385772e-02 
 1.41253754e+03 -3.24069853e+01  2.39690453e-02 
 1.42889396e+03 -3.25041764e+01  2.37023377e-02 
 1.44543977e+03 -3.26014295e+01  2.34384303e-02 
 1.46217717e+03 -3.26987434e+01  2.31772993e-02 
 1.47910839e+03 -3.27961167e+01  2.29189210e-02 
 1.49623566e+03 -3.28935480e+01  2.26632714e-02 
 1.51356125e+03 -3.29910362e+01  2.24103268e-02 
 1.53108746e+03 -3.30885800e+01  2.21600634e-02 
 1.54881662e+03 -3.31861782e+01  2.19124576e-02 
 1.56675107e+03 -3.32838297e+01  2.16674856e-02 
 1.58489319e+03 -3.33815332e+01  2.14251238e-02 
 1.60324539e+03 -3.34792876e+01  2.11853488e-02 
 1.62181010e+03 -3.35770918e+01  2.09481371e-02 
 1.64058977e+03 -3.36749448e+01  2.07134652e-02 
 1.65958691e+03 -3.37728454e+01  2.04813099e-02 
 1.67880402e+03 -3.38707927e+01  2.02516478e-02 
 1.69824365e+03 -3.39687855e+01  2.00244559e-02 
 1.71790839e+03 -3.40668229e+01  1.97997111e-02 
 1.73780083e+03 -3.41649040e+01  1.95773904e-02 
 1.75792361e+03 -3.42630277e+01  1.93574710e-02 
 1.77827941e+03 -3.43611931e+01  1.91399301e-02 
 1.79887092e+03 -3.44593992e+01  1.89247451e-02 
 1.81970086e+03 -3.45576453e+01  1.87118934e-02 
 1.84077200e+03 -3.46559304e+01  1.85013526e-02 
 1.86208714e+03 -3.47542536e+01  1.82931004e-02 
 1.88364909e+03 -3.48526142e+01  1.80871147e-02 
 1.90546072e+03 -3.49510112e+01  1.78833733e-02 
 1.92752491e+03 -3.50494438e+01  1.76818543e-02 
 1.94984460e+03 -3.51479114e+01  1.74825360e-02 
 1.97242274e+03 -3.52464130e+01  1.72853967e-02 
 1.99526231e+03 -3.53449480e+01  1.70904147e-02 
 2.01836636e+03 -3.54435155e+01  1.68975688e-02 
 2.04173794e+03 -3.55421149e+01  1.67068377e-02 
 2.06538016e+03 -3.56407455e+01  1.65182002e-02 
 2.08929613e+03 -3.57394065e+01  1.63316353e-02 
 2.11348904e+03 -3.58380973e+01  1.61471222e-02 
 2.13796209e+03 -3.59368172e+01  1.59646403e-02 
 2.16271852e+03 -3.60355656e+01  1.57841689e-02 
 2.18776162e+03 -3.61343418e+01  1.56056877e-02 
 2.21309471e+03 -3.62331451e+01  1.54291763e-02 
 2.23872114e+03 -3.63319748e+01  1.52546152e-02 
 2.26464431e+03 -3.64308308e+01  1.50819835e-02 
 2.29086765e+03 -3.65297121e+01  1.49112619e-02 
 2.31739465e+03 -3.66286182e+01  1.47424306e-02 
 2.34422882e+03 -3.67275486e+01  1.45754701e-02 
 2.37137371e+03 -3.68265027e+01  1.44103612e-02 
 2.39883292e+03 -3.69254799e+01  1.42470846e-02 
 2.42661010e+03 -3.70244798e+01  1.40856214e-02 
 2.45470892e+03 -3.71235018e+01  1.39259525e-02 
 2.48313311e+03 -3.72225455e+01  1.37680592e-02 
 2.51188643e+03 -3.73216103e+01  1.36119231e-02 
 2.54097271e+03 -3.74206957e+01  1.34575256e-02 
 2.57039578e+03 -3.75198013e+01  1.33048485e-02 
 2.60015956e+03 -3.76189266e+01  1.31538737e-02 
 2.63026799e+03 -3.77180712e+01  1.30045833e-02 
 2.66072506e+03 -3.78172346e+01  1.28569593e-02 
 2.69153480e+03 -3.79164164e+01  1.27109842e-02 
 2.72270131e+03 -3.80156162e+01  1.25666405e-02 
 2.75422870e+03 -3.81148335e+01  1.24239108e-02 
 2.78612117e+03 -3.82140679e+01  1.22827780e-02 
 2.81838293e+03 -3.83133192e+01  1.21432250e-02 
 2.85101827e+03 -3.84125867e+01  1.20052350e-02 
 2.88403150e+03 -3.85118703e+01  1.18687911e-02 
 2.91742701e+03 -3.86111694e+01  1.17338769e-02 
 2.95120923e+03 -3.87104838e+01  1.16004760e-02 
 2.98538262e+03 -3.88098131e+01  1.14685720e-02 
 3.01995172e+03 -3.89091569e+01  1.13381489e-02 
 3.05492111e+03 -3.90085149e+01  1.12091906e-02 
 3.09029543e+03 -3.91078868e+01  1.10816814e-02 
 3.12607937e+03 -3.92072722e+01  1.09556056e-02 
 3.16227766e+03 -3.93066708e+01  1.08309477e-02 
 3.19889511e+03 -3.94060824e+01  1.07076923e-02 
 3.23593657e+03 -3.95055065e+01  1.05858242e-02 
 3.27340695e+03 -3.96049429e+01  1.04653282e-02 
 3.31131121e+03 -3.97043913e+01  1.03461896e-02 
 3.34965439e+03 -3.98038515e+01  1.02283935e-02 
 3.38844156e+03 -3.99033230e+01  1.01119252e-02 
 3.42767787e+03 -4.00028057e+01  9.99677028e-03 
 3.46736850e+03 -4.01022994e+01  9.88291437e-03 
 3.50751874e+03 -4.02018036e+01  9.77034324e-03 
 3.54813389e+03 -4.03013182e+01  9.65904284e-03 
 3.58921935e+03 -4.04008428e+01  9.54899921e-03 
 3.63078055e+03 -4.05003774e+01  9.44019858e-03 
 3.67282300e+03 -4.05999216e+01  9.33262729e-03 
 3.71535229e+03 -4.06994751e+01  9.22627182e-03 
 3.75837404e+03 -4.07990378e+01  9.12111878e-03 
 3.80189396e+03 -4.08986094e+01  9.01715493e-03 
 3.84591782e+03 -4.09981896e+01  8.91436716e-03 
 3.89045145e+03 -4.10977784e+01  8.81274249e-03 
 3.93550075e+03 -4.11973754e+01  8.71226808e-03 
 3.98107171e+03 -4.12969804e+01  8.61293120e-03 
 4.02717034e+03 -4.13965933e+01  8.51471928e-03 
 4.07380278e+03 -4.14962138e+01  8.41761987e-03 
 4.12097519e+03 -4.15958417e+01  8.32162062e-03 
 4.16869383e+03 -4.16954769e+01  8.22670935e-03 
 4.21696503e+03 -4.17951191e+01  8.13287398e-03 
 4.26579519e+03 -4.18947682e+01  8.04010258e-03 
 4.31519077e+03 -4.19944240e+01  7.94838330e-03 
 4.36515832e+03 -4.20940862e+01  7.85770446e-03 
 4.41570447e+03 -4.21937547e+01  7.76805448e-03 
 4.46683592e+03 -4.22934294e+01  7.67942191e-03 
 4.51855944e+03 -4.23931101e+01  7.59179541e-03 
 4.57088190e+03 -4.24927965e+01  7.50516376e-03 
 4.62381021e+03 -4.25924886e+01  7.41951587e-03 
 4.67735141e+03 -4.26921862e+01  7.33484077e-03 
 4.73151259e+03 -4.27918891e+01  7.25112758e-03 
 4.78630092e+03 -4.28915971e+01  7.16836555e-03 
 4.84172368e+03 -4.29913102e+01  7.08654407e-03 
 4.89778819e+03 -4.30910280e+01  7.00565260e-03 
 4.95450191e+03 -4.31907506e+01  6.92568075e-03 
 5.01187234e+03 -4.32904775e+01  6.84661840e-03 
 5.06990708e+03 -4.33902091e+01  6.76845497e-03 
 5.12861384e+03 -4.34899450e+01  6.69118060e-03 
 5.18800039e+03 -4.35896849e+01  6.61478531e-03 
 5.24807460e+03 -4.36894289e+01  6.53925924e-03 
 5.30884444e+03 -4.37891767e+01  6.46459264e-03 
 5.37031796e+03 -4.38889283e+01  6.39077585e-03 
 5.43250331e+03 -4.39886835e+01  6.31779933e-03 
 5.49540874e+03 -4.40884421e+01  6.24565364e-03 
 5.55904257e+03 -4.41882040e+01  6.17432943e-03 
 5.62341325e+03 -4.42879692e+01  6.10381748e-03 
 5.68852931e+03 -4.43877375e+01  6.03410864e-03 
 5.75439937e+03 -4.44875087e+01  5.96519387e-03 
 5.82103218e+03 -4.45872828e+01  5.89706423e-03 
 5.88843655e+03 -4.46870597e+01  5.82971089e-03 
 5.95662144e+03 -4.47868391e+01  5.76312509e-03 
 6.02559586e+03 -4.48866210e+01  5.69729818e-03 
 6.09536897e+03 -4.49864053e+01  5.63222161e-03 
 6.16595002e+03 -4.50861919e+01  5.56788691e-03 
 6.23734835e+03 -4.51859806e+01  5.50428573e-03 
 6.30957344e+03 -4.52857714e+01  5.44140977e-03 
 6.38263486e+03 -4.53855641e+01  5.37925085e-03 
 6.45654229e+03 -4.54853586e+01  5.31780088e-03 
 6.53130553e+03 -4.55851548e+01  5.25705184e-03 
 6.60693448e+03 -4.56849526e+01  5.19699583e-03 
 6.68343918e+03 -4.57847520e+01  5.13762500e-03 
 6.76082975e+03 -4.58845524e+01  5.07893176e-03 
 6.83911647e+03 -4.59843545e+01  5.02090816e-03 
 6.91830971e+03 -4.60841576e+01  4.96354676e-03 
 6.99841996e+03 -4.61839619e+01  4.90684008e-03 
 7.07945784e+03 -4.62837672e+01  4.85078071e-03 
 7.16143410e+03 -4.63835733e+01  4.79536132e-03 
 7.24435960e+03 -4.64833802e+01  4.74057467e-03 
 7.32824533e+03 -4.65831877e+01  4.68641360e-03 
 7.41310241e+03 -4.66829958e+01  4.63287101e-03 
 7.49894209e+03 -4.67828044e+01  4.57993990e-03 
 7.58577575e+03 -4.68826134e+01  4.52761335e-03 
 7.67361489e+03 -4.69824226e+01  4.47588451e-03 
 7.76247117e+03 -4.70822319e+01  4.42474659e-03 
 7.85235635e+03 -4.71820414e+01  4.37419291e-03 
 7.94328235e+03 -4.72818507e+01  4.32421683e-03 
 8.03526122e+03 -4.73816600e+01  4.27481181e-03 
 8.12830516e+03 -4.74814687e+01  4.22597149e-03 
 8.22242650e+03 -4.75812774e+01  4.17768923e-03 
 8.31763771e+03 -4.76810856e+01  4.12995881e-03 
 8.41395142e+03 -4.77808933e+01  4.08277396e-03 
 8.51138038e+03 -4.78807003e+01  4.03612851e-03 
 8.60993752e+03 -4.79805066e+01  3.99001632e-03 
 8.70963590e+03 -4.80803120e+01  3.94443134e-03 
 8.81048873e+03 -4.81801164e+01  3.89936759e-03 
 8.91250938e+03 -4.82799198e+01  3.85481915e-03 
 9.01571138e+03 -4.83797221e+01  3.81078016e-03 
 9.12010839e+03 -4.84795231e+01  3.76724484e-03 
 9.22571427e+03 -4.85793224e+01  3.72420758e-03 
 9.33254301e+03 -4.86791205e+01  3.68166249e-03 
 9.44060876e+03 -4.87789171e+01  3.63960411e-03 
 9.54992586e+03 -4.88787119e+01  3.59802688e-03 
 9.66050879e+03 -4.89785050e+01  3.55692536e-03 
 9.77237221e+03 -4.90782959e+01  3.51629422e-03 
 9.88553095e+03 -4.91780850e+01  3.47612793e-03 
 1.00000000e+04 -4.92778720e+01  3.43642130e-03 
 1.01157945e+04 -4.93776567e+01  3.39716910e-03 
 1.02329299e+04 -4.94774391e+01  3.35836617e-03 
 1.03514217e+04 -4.95772190e+01  3.32000739e-03 
 1.04712855e+04 -4.96769963e+01  3.28208772e-03 
 1.05925373e+04 -4.97767709e+01  3.24460217e-03 
 1.07151931e+04 -4.98765425e+01  3.20754588e-03 
 1.08392691e+04 -4.99763113e+01  3.17091379e-03 
 1.09647820e+04 -5.00760771e+01  3.13470117e-03 
 1.10917482e+04 -5.01758397e+01  3.09890325e-03 
 1.12201845e+04 -5.02755989e+01  3.06351530e-03 
 1.13501082e+04 -5.03753547e+01  3.02853267e-03 
 1.14815362e+04 -5.04751070e+01  2.99395074e-03 
 1.16144861e+04 -5.05748553e+01  2.95976504e-03 
 1.17489755e+04 -5.06746000e+01  2.92597089e-03 
 1.18850223e+04 -5.07743407e+01  2.89256392e-03 
 1.20226443e+04 -5.08740773e+01  2.85953972e-03 
 1.21618600e+04 -5.09738097e+01  2.82689394e-03 
 1.23026877e+04 -5.10735377e+01  2.79462227e-03 
 1.24451461e+04 -5.11732609e+01  2.76272053e-03 
 1.25892541e+04 -5.12729797e+01  2.73118435e-03 
 1.27350308e+04 -5.13726937e+01  2.70000966e-03 
 1.28824955e+04 -5.14724026e+01  2.66919233e-03 
 1.30316678e+04 -5.15721065e+01  2.63872831e-03 
 1.31825674e+04 -5.16718050e+01  2.60861356e-03 
 1.33352143e+04 -5.17714979e+01  2.57884419e-03 
 1.34896288e+04 -5.18711854e+01  2.54941612e-03 
 1.36458314e+04 -5.19708672e+01  2.52032554e-03 
 1.38038426e+04 -5.20705430e+01  2.49156861e-03 
 1.39636836e+04 -5.21702124e+01  2.46314159e-03 
 1.41253754e+04 -5.22698759e+01  2.43504060e-03 
 1.42889396e+04 -5.23695328e+01  2.40726199e-03 
 1.44543977e+04 -5.24691831e+01  2.37980210e-03 
 1.46217717e+04 -5.25688266e+01  2.35265729e-03 
 1.47910839e+04 -5.26684629e+01  2.32582405e-03 
 1.49623566e+04 -5.27680922e+01  2.29929869e-03 
 1.51356125e+04 -5.28677140e+01  2.27307779e-03 
 1.53108746e+04 -5.29673281e+01  2.24715793e-03 
 1.54881662e+04 -5.30669346e+01  2.22153557e-03 
 1.56675107e+04 -5.31665331e+01  2.19620738e-03 
 1.58489319e+04 -5.32661233e+01  2.17117002e-03 
 1.60324539e+04 -5.33657049e+01  2.14642023e-03 
 1.62181010e+04 -5.34652781e+01  2.12195463e-03 
 1.64058977e+04 -5.35648425e+01  2.09777003e-03 
 1.65958691e+04 -5.36643974e+01  2.07386331e-03 
 1.67880402e+04 -5.37639433e+01  2.05023118e-03 
 1.69824365e+04 -5.38634796e+01  2.02687058e-03 
 1.71790839e+04 -5.39630059e+01  2.00377847e-03 
 1.73780083e+04 -5.40625223e+01  1.98095169e-03 
 1.75792361e+04 -5.41620284e+01  1.95838728e-03 
 1.77827941e+04 -5.42615237e+01  1.93608230e-03 
 1.79887092e+04 -5.43610084e+01  1.91403370e-03 
 1.81970086e+04 -5.44604820e+01  1.89223861e-03 
 1.84077200e+04 -5.45599440e+01  1.87069421e-03 
 1.86208714e+04 -5.46593945e+01  1.84939754e-03 
 1.88364909e+04 -5.47588328e+01  1.82834588e-03 
 1.90546072e+04 -5.48582592e+01  1.80753635e-03 
 1.92752491e+04 -5.49576730e+01  1.78696625e-03 
 1.94984460e+04 -5.50570739e+01  1.76663286e-03 
 1.97242274e+04 -5.51564617e+01  1.74653348e-03 
 1.99526231e+04 -5.52558358e+01  1.72666550e-03 
 2.01836636e+04 -5.53551962e+01  1.70702620e-03 
 2.04173794e+04 -5.54545423e+01  1.68761308e-03 
 2.06538016e+04 -5.55538742e+01  1.66842347e-03 
 2.08929613e+04 -5.56531910e+01  1.64945492e-03 
 2.11348904e+04 -5.57524928e+01  1.63070483e-03 
 2.13796209e+04 -5.58517789e+01  1.61217082e-03 
 2.16271852e+04 -5.59510492e+01  1.59385033e-03 
 2.18776162e+04 -5.60503031e+01  1.57574104e-03 
 2.21309471e+04 -5.61495405e+01  1.55784045e-03 
 2.23872114e+04 -5.62487605e+01  1.54014629e-03 
 2.26464431e+04 -5.63479631e+01  1.52265617e-03 
 2.29086765e+04 -5.64471480e+01  1.50536773e-03 
 2.31739465e+04 -5.65463143e+01  1.48827876e-03 
 2.34422882e+04 -5.66454622e+01  1.47138692e-03 
 2.37137371e+04 -5.67445905e+01  1.45469007e-03 
 2.39883292e+04 -5.68436993e+01  1.43818593e-03 
 2.42661010e+04 -5.69427881e+01  1.42187230e-03 
 2.45470892e+04 -5.70418562e+01  1.40574708e-03 
 2.48313311e+04 -5.71409032e+01  1.38980811e-03 
 2.51188643e+04 -5.72399288e+01  1.37405323e-03 
 2.54097271e+04 -5.73389322e+01  1.35848044e-03 
 2.57039578e+04 -5.74379130e+01  1.34308763e-03 
 2.60015956e+04 -5.75368707e+01  1.32787277e-03 
 2.63026799e+04 -5.76358048e+01  1.31283383e-03 
 2.66072506e+04 -5.77347147e+01  1.29796884e-03 
 2.69153480e+04 -5.78335998e+01  1.28327581e-03 
 2.72270131e+04 -5.79324597e+01  1.26875281e-03 
 2.75422870e+04 -5.80312939e+01  1.25439787e-03 
 2.78612117e+04 -5.81301013e+01  1.24020916e-03 
 2.81838293e+04 -5.82288816e+01  1.22618478e-03 
 2.85101827e+04 -5.83276342e+01  1.21232285e-03 
 2.88403150e+04 -5.84263584e+01  1.19862154e-03 
 2.91742701e+04 -5.85250536e+01  1.18507905e-03 
 2.95120923e+04 -5.86237191e+01  1.17169356e-03 
 2.98538262e+04 -5.87223542e+01  1.15846332e-03 
 3.01995172e+04 -5.88209583e+01  1.14538657e-03 
 3.05492111e+04 -5.89195306e+01  1.13246157e-03 
 3.09029543e+04 -5.90180703e+01  1.11968661e-03 
 3.12607937e+04 -5.91165768e+01  1.10706000e-03 
 3.16227766e+04 -5.92150491e+01  1.09458009e-03 
 3.19889511e+04 -5.93134868e+01  1.08224518e-03 
 3.23593657e+04 -5.94118889e+01  1.07005365e-03 
 3.27340695e+04 -5.95102547e+01  1.05800390e-03 
 3.31131121e+04 -5.96085832e+01  1.04609431e-03 
 3.34965439e+04 -5.97068734e+01  1.03432335e-03 
 3.38844156e+04 -5.98051249e+01  1.02268940e-03 
 3.42767787e+04 -5.99033367e+01  1.01119093e-03 
 3.46736850e+04 -6.00015075e+01  9.99826463e-04 
 3.50751874e+04 -6.00996368e+01  9.88594427e-04 
 3.54813389e+04 -6.01977234e+01  9.77493389e-04 
 3.58921935e+04 -6.02957667e+01  9.66521823e-04 
 3.63078055e+04 -6.03937652e+01  9.55678328e-04 
 3.67282300e+04 -6.04917183e+01  9.44961439e-04 
 3.71535229e+04 -6.05896250e+01  9.34369708e-04 
 3.75837404e+04 -6.06874839e+01  9.23901783e-04 
 3.80189396e+04 -6.07852944e+01  9.13556224e-04 
 3.84591782e+04 -6.08830549e+01  9.03331710e-04 
 3.89045145e+04 -6.09807645e+01  8.93226858e-04 
 3.93550075e+04 -6.10784222e+01  8.83240329e-04 
 3.98107171e+04 -6.11760269e+01  8.73370771e-04 
 4.02717034e+04 -6.12735773e+01  8.63616902e-04 
 4.07380278e+04 -6.13710719e+01  8.53977451e-04 
 4.12097519e+04 -6.14685097e+01  8.44451114e-04 
 4.16869383e+04 -6.15658895e+01  8.35036626e-04 
 4.21696503e+04 -6.16632099e+01  8.25732739e-04 
 4.26579519e+04 -6.17604697e+01  8.16538217e-04 
 4.31519077e+04 -6.18576674e+01  8.07451839e-04 
 4.36515832e+04 -6.19548016e+01  7.98472421e-04 
 4.41570447e+04 -6.20518712e+01  7.89598727e-04 
 4.46683592e+04 -6.21488744e+01  7.80829622e-04 
 4.51855944e+04 -6.22458102e+01  7.72163898e-04 
 4.57088190e+04 -6.23426768e+01  7.63600425e-04 
 4.62381021e+04 -6.24394725e+01  7.55138088e-04 
 4.67735141e+04 -6.25361962e+01  7.46775719e-04 
 4.73151259e+04 -6.26328459e+01  7.38512250e-04 
 4.78630092e+04 -6.27294205e+01  7.30346540e-04 
 4.84172368e+04 -6.28259177e+01  7.22277546e-04 
 4.89778819e+04 -6.29223362e+01  7.14304175e-04 
 4.95450191e+04 -6.30186743e+01  7.06425365e-04 
 5.01187234e+04 -6.31149302e+01  6.98640070e-04 
 5.06990708e+04 -6.32111021e+01  6.90947254e-04 
 5.12861384e+04 -6.33071882e+01  6.83345894e-04 
 5.18800039e+04 -6.34031867e+01  6.75834979e-04 
 5.24807460e+04 -6.34990956e+01  6.68413508e-04 
 5.30884444e+04 -6.35949131e+01  6.61080496e-04 
 5.37031796e+04 -6.36906372e+01  6.53834964e-04 
 5.43250331e+04 -6.37862658e+01  6.46675950e-04 
 5.49540874e+04 -6.38817967e+01  6.39602516e-04 
 5.55904257e+04 -6.39772283e+01  6.32613685e-04 
 5.62341325e+04 -6.40725580e+01  6.25708562e-04 
 5.68852931e+04 -6.41677839e+01  6.18886208e-04 
 5.75439937e+04 -6.42629037e+01  6.12145714e-04 
 5.82103218e+04 -6.43579153e+01  6.05486181e-04 
 5.88843655e+04 -6.44528163e+01  5.98906720e-04 
 5.95662144e+04 -6.45476044e+01  5.92406455e-04 
 6.02559586e+04 -6.46422772e+01  5.85984518e-04 
 6.09536897e+04 -6.47368323e+01  5.79640050e-04 
 6.16595002e+04 -6.48312673e+01  5.73372206e-04 
 6.23734835e+04 -6.49255793e+01  5.67180163e-04 
 6.30957344e+04 -6.50197662e+01  5.61063078e-04 
 6.38263486e+04 -6.51138255e+01  5.55020118e-04 
 6.45654229e+04 -6.52077543e+01  5.49050490e-04 
 6.53130553e+04 -6.53015498e+01  5.43153411e-04 
 6.60693448e+04 -6.53952093e+01  5.37328076e-04 
 6.68343918e+04 -6.54887300e+01  5.31573719e-04 
 6.76082975e+04 -6.55821093e+01  5.25889541e-04 
 6.83911647e+04 -6.56753443e+01  5.20274794e-04 
 6.91830971e+04 -6.57684316e+01  5.14728740e-04 
 6.99841996e+04 -6.58613689e+01  5.09250605e-04 
 7.07945784e+04 -6.59541526e+01  5.03839683e-04 
 7.16143410e+04 -6.60467796e+01  4.98495247e-04 
 7.24435960e+04 -6.61392472e+01  4.93216550e-04 
 7.32824533e+04 -6.62315522e+01  4.88002883e-04 
 7.41310241e+04 -6.63236910e+01  4.82853572e-04 
 7.49894209e+04 -6.64156605e+01  4.77767910e-04 
 7.58577575e+04 -6.65074568e+01  4.72745237e-04 
 7.67361489e+04 -6.65990774e+01  4.67784824e-04 
 7.76247117e+04 -6.66905183e+01  4.62886041e-04 
 7.85235635e+04 -6.67817761e+01  4.58048213e-04 
 7.94328235e+04 -6.68728471e+01  4.53270699e-04 
 8.03526122e+04 -6.69637280e+01  4.48552828e-04 
 8.12830516e+04 -6.70544150e+01  4.43893972e-04 
 8.22242650e+04 -6.71449042e+01  4.39293514e-04 
 8.31763771e+04 -6.72351919e+01  4.34750817e-04 
 8.41395142e+04 -6.73252743e+01  4.30265265e-04 
 8.51138038e+04 -6.74151475e+01  4.25836247e-04 
 8.60993752e+04 -6.75048074e+01  4.21463172e-04 
 8.70963590e+04 -6.75942501e+01  4.17145434e-04 
 8.81048873e+04 -6.76834717e+01  4.12882444e-04 
 8.91250938e+04 -6.77724682e+01  4.08673608e-04 
 9.01571138e+04 -6.78612349e+01  4.04518374e-04 
 9.12010839e+04 -6.79497678e+01  4.00416174e-04 
 9.22571427e+04 -6.80380626e+01  3.96366432e-04 
 9.33254301e+04 -6.81261152e+01  3.92368595e-04 
 9.44060876e+04 -6.82139208e+01  3.88422123e-04 
 9.54992586e+04 -6.83014758e+01  3.84526443e-04 
 9.66050879e+04 -6.83887747e+01  3.80681057e-04 
 9.77237221e+04 -6.84758134e+01  3.76885416e-04 
 9.88553095e+04 -6.85625871e+01  3.73139003e-04 
 1.00000000e+05 -6.86490916e+01  3.69441281e-04 
 1.01157945e+05 -6.87353217e+01  3.65791756e-04 
 1.02329299e+05 -6.88212732e+01  3.62189902e-04 
 1.03514217e+05 -6.89069406e+01  3.58635245e-04 
 1.04712855e+05 -6.89923198e+01  3.55127261e-04 
 1.05925373e+05 -6.90774052e+01  3.51665479e-04 
 1.07151931e+05 -6.91621924e+01  3.48249404e-04 
 1.08392691e+05 -6.92466762e+01  3.44878556e-04 
 1.09647820e+05 -6.93308512e+01  3.41552479e-04 
 1.10917482e+05 -6.94147129e+01  3.38270678e-04 
 1.12201845e+05 -6.94982559e+01  3.35032705e-04 
 1.13501082e+05 -6.95814757e+01  3.31838076e-04 
 1.14815362e+05 -6.96643658e+01  3.28686381e-04 
 1.16144861e+05 -6.97469220e+01  3.25577135e-04 
 1.17489755e+05 -6.98291384e+01  3.22509921e-04 
 1.18850223e+05 -6.99110105e+01  3.19484265e-04 
 1.20226443e+05 -6.99925321e+01  3.16499766e-04 
 1.21618600e+05 -7.00736983e+01  3.13555977e-04 
 1.23026877e+05 -7.01545034e+01  3.10652482e-04 
 1.24451461e+05 -7.02349428e+01  3.07788835e-04 
 1.25892541e+05 -7.03150097e+01  3.04964659e-04 
 1.27350308e+05 -7.03946995e+01  3.02179519e-04 
 1.28824955e+05 -7.04740068e+01  2.99432999e-04 
 1.30316678e+05 -7.05529255e+01  2.96724718e-04 
 1.31825674e+05 -7.06314504e+01  2.94054263e-04 
 1.33352143e+05 -7.07095761e+01  2.91421237e-04 
 1.34896288e+05 -7.07872966e+01  2.88825257e-04 
 1.36458314e+05 -7.08646068e+01  2.86265928e-04 
 1.38038426e+05 -7.09415007e+01  2.83742874e-04 
 1.39636836e+05 -7.10179731e+01  2.81255708e-04 
 1.41253754e+05 -7.10940178e+01  2.78804069e-04 
 1.42889396e+05 -7.11696303e+01  2.76387557e-04 
 1.44543977e+05 -7.12448037e+01  2.74005838e-04 
 1.46217717e+05 -7.13195334e+01  2.71658520e-04 
 1.47910839e+05 -7.13938134e+01  2.69345256e-04 
 1.49623566e+05 -7.14676381e+01  2.67065688e-04 
 1.51356125e+05 -7.15410025e+01  2.64819449e-04 
 1.53108746e+05 -7.16139000e+01  2.62606213e-04 
 1.54881662e+05 -7.16863260e+01  2.60425616e-04 
 1.56675107e+05 -7.17582751e+01  2.58277305e-04 
 1.58489319e+05 -7.18297412e+01  2.56160960e-04 
 1.60324539e+05 -7.19007193e+01  2.54076230e-04 
 1.62181010e+05 -7.19712036e+01  2.52022794e-04 
 1.64058977e+05 -7.20411894e+01  2.50000301e-04 
 1.65958691e+05 -7.21106707e+01  2.48008442e-04 
 1.67880402e+05 -7.21796427e+01  2.46046880e-04 
 1.69824365e+05 -7.22480998e+01  2.44115305e-04 
 1.71790839e+05 -7.23160374e+01  2.42213379e-04 
 1.73780083e+05 -7.23834498e+01  2.40340804e-04 
 1.75792361e+05 -7.24503323e+01  2.38497255e-04 
 1.77827941e+05 -7.25166797e+01  2.36682428e-04 
 1.79887092e+05 -7.25824869e+01  2.34896019e-04 
 1.81970086e+05 -7.26477495e+01  2.33137709e-04 
 1.84077200e+05 -7.27124625e+01  2.31407205e-04 
 1.86208714e+05 -7.27766208e+01  2.29704213e-04 
 1.88364909e+05 -7.28402200e+01  2.28028432e-04 
 1.90546072e+05 -7.29032557e+01  2.26379561e-04 
 1.92752491e+05 -7.29657231e+01  2.24757321e-04 
 1.94984460e+05 -7.30276178e+01  2.23161416e-04 
 1.97242274e+05 -7.30889357e+01  2.21591560e-04 
 1.99526231e+05 -7.31496726e+01  2.20047465e-04 
 2.01836636e+05 -7.32098242e+01  2.18528855e-04 
 2.04173794e+05 -7.32693863e+01  2.17035455e-04 
 2.06538016e+05 -7.33283552e+01  2.15566981e-04 
 2.08929613e+05 -7.33867267e+01  2.14123171e-04 
 2.11348904e+05 -7.34444974e+01  2.12703741e-04 
 2.13796209e+05 -7.35016636e+01  2.11308427e-04 
 2.16271852e+05 -7.35582216e+01  2.09936967e-04 
 2.18776162e+05 -7.36141683e+01  2.08589088e-04 
 2.21309471e+05 -7.36694999e+01  2.07264538e-04 
 2.23872114e+05 -7.37242136e+01  2.05963052e-04 
 2.26464431e+05 -7.37783058e+01  2.04684384e-04 
 2.29086765e+05 -7.38317741e+01  2.03428265e-04 
 2.31739465e+05 -7.38846153e+01  2.02194452e-04 
 2.34422882e+05 -7.39368270e+01  2.00982688e-04 
 2.37137371e+05 -7.39884062e+01  1.99792733e-04 
 2.39883292e+05 -7.40393505e+01  1.98624343e-04 
 2.42661010e+05 -7.40896576e+01  1.97477272e-04 
 2.45470892e+05 -7.41393251e+01  1.96351283e-04 
 2.48313311e+05 -7.41883509e+01  1.95246139e-04 
 2.51188643e+05 -7.42367331e+01  1.94161602e-04 
 2.54097271e+05 -7.42844695e+01  1.93097445e-04 
 2.57039578e+05 -7.43315590e+01  1.92053423e-04 
 2.60015956e+05 -7.43779991e+01  1.91029328e-04 
 2.63026799e+05 -7.44237887e+01  1.90024922e-04 
 2.66072506e+05 -7.44689264e+01  1.89039987e-04 
 2.69153480e+05 -7.45134107e+01  1.88074305e-04 
 2.72270131e+05 -7.45572408e+01  1.87127648e-04 
 2.75422870e+05 -7.46004155e+01  1.86199807e-04 
 2.78612117e+05 -7.46429334e+01  1.85290576e-04 
 2.81838293e+05 -7.46847944e+01  1.84399730e-04 
 2.85101827e+05 -7.47259973e+01  1.83527072e-04 
 2.88403150e+05 -7.47665416e+01  1.82672393e-04 
 2.91742701e+05 -7.48064268e+01  1.81835494e-04 
 2.95120923e+05 -7.48456526e+01  1.81016170e-04 
 2.98538262e+05 -7.48842187e+01  1.80214223e-04 
 3.01995172e+05 -7.49221250e+01  1.79429459e-04 
 3.05492111e+05 -7.49593715e+01  1.78661685e-04 
 3.09029543e+05 -7.49959578e+01  1.77910718e-04 
 3.12607937e+05 -7.50318843e+01  1.77176364e-04 
 3.16227766e+05 -7.50671514e+01  1.76458437e-04 
 3.19889511e+05 -7.51017592e+01  1.75756761e-04 
 3.23593657e+05 -7.51357079e+01  1.75071158e-04 
 3.27340695e+05 -7.51689985e+01  1.74401444e-04 
 3.31131121e+05 -7.52016311e+01  1.73747453e-04 
 3.34965439e+05 -7.52336066e+01  1.73109009e-04 
 3.38844156e+05 -7.52649256e+01  1.72485947e-04 
 3.42767787e+05 -7.52955888e+01  1.71878105e-04 
 3.46736850e+05 -7.53255972e+01  1.71285318e-04 
 3.50751874e+05 -7.53549518e+01  1.70707424e-04 
 3.54813389e+05 -7.53836534e+01  1.70144271e-04 
 3.58921935e+05 -7.54117032e+01  1.69595701e-04 
 3.63078055e+05 -7.54391018e+01  1.69061576e-04 
 3.67282300e+05 -7.54658508e+01  1.68541734e-04 
 3.71535229e+05 -7.54919513e+01  1.68036039e-04 
 3.75837404e+05 -7.55174041e+01  1.67544353e-04 
 3.80189396e+05 -7.55422111e+01  1.67066528e-04 
 3.84591782e+05 -7.55663735e+01  1.66602428e-04 
 3.89045145e+05 -7.55898921e+01  1.66151931e-04 
 3.93550075e+05 -7.56127686e+01  1.65714903e-04 
 3.98107171e+05 -7.56350047e+01  1.65291213e-04 
 4.02717034e+05 -7.56566010e+01  1.64880748e-04 
 4.07380278e+05 -7.56775594e+01  1.64483383e-04 
 4.12097519e+05 -7.56978812e+01  1.64099001e-04 
 4.16869383e+05 -7.57175676e+01  1.63727495e-04 
 4.21696503e+05 -7.57366203e+01  1.63368749e-04 
 4.26579519e+05 -7.57550410e+01  1.63022651e-04 
 4.31519077e+05 -7.57728302e+01  1.62689113e-04 
 4.36515832e+05 -7.57899899e+01  1.62368024e-04 
 4.41570447e+05 -7.58065213e+01  1.62059292e-04 
 4.46683592e+05 -7.58224259e+01  1.61762818e-04 
 4.51855944e+05 -7.58377051e+01  1.61478514e-04 
 4.57088190e+05 -7.58523600e+01  1.61206296e-04 
 4.62381021e+05 -7.58663919e+01  1.60946080e-04 
 4.67735141e+05 -7.58798023e+01  1.60697783e-04 
 4.73151259e+05 -7.58925922e+01  1.60461331e-04 
 4.78630092e+05 -7.59047629e+01  1.60236649e-04 
 4.84172368e+05 -7.59163155e+01  1.60023670e-04 
 4.89778819e+05 -7.59272513e+01  1.59822322e-04 
 4.95450191e+05 -7.59375713e+01  1.59632544e-04 
 5.01187234e+05 -7.59472763e+01  1.59454282e-04 
 5.06990708e+05 -7.59563675e+01  1.59287473e-04 
 5.12861384e+05 -7.59648457e+01  1.59132070e-04 
 5.18800039e+05 -7.59727121e+01  1.58988018e-04 
 5.24807460e+05 -7.59799674e+01  1.58855272e-04 
 5.30884444e+05 -7.59866121e+01  1.58733794e-04 
 5.37031796e+05 -7.59926471e+01  1.58623542e-04 
 5.43250331e+05 -7.59980733e+01  1.58524480e-04 
 5.49540874e+05 -7.60028908e+01  1.58436580e-04 
 5.55904257e+05 -7.60071006e+01  1.58359810e-04 
 5.62341325e+05 -7.60107028e+01  1.58294147e-04 
 5.68852931e+05 -7.60136980e+01  1.58239572e-04 
 5.75439937e+05 -7.60160867e+01  1.58196061e-04 
 5.82103218e+05 -7.60178689e+01  1.58163606e-04 
 5.88843655e+05 -7.60190448e+01  1.58142193e-04 
 5.95662144e+05 -7.60196149e+01  1.58131814e-04 
 6.02559586e+05 -7.60195789e+01  1.58132470e-04 
 6.09536897e+05 -7.60189370e+01  1.58144157e-04 
 6.16595002e+05 -7.60176890e+01  1.58166880e-04 
 6.23734835e+05 -7.60158351e+01  1.58200643e-04 
 6.30957344e+05 -7.60133747e+01  1.58245463e-04 
 6.38263486e+05 -7.60103078e+01  1.58301348e-04 
 6.45654229e+05 -7.60066335e+01  1.58368326e-04 
 6.53130553e+05 -7.60023524e+01  1.58446401e-04 
 6.60693448e+05 -7.59974638e+01  1.58535604e-04 
 6.68343918e+05 -7.59919667e+01  1.58635969e-04 
 6.76082975e+05 -7.59858609e+01  1.58747521e-04 
 6.83911647e+05 -7.59791456e+01  1.58870301e-04 
 6.91830971e+05 -7.59718202e+01  1.59004344e-04 
 6.99841996e+05 -7.59638840e+01  1.59149690e-04 
 7.07945784e+05 -7.59553362e+01  1.59306388e-04 
 7.16143410e+05 -7.59461758e+01  1.59474486e-04 
 7.24435960e+05 -7.59364020e+01  1.59654036e-04 
 7.32824533e+05 -7.59260138e+01  1.59845093e-04 
 7.41310241e+05 -7.59150102e+01  1.60047719e-04 
 7.49894209e+05 -7.59033902e+01  1.60261974e-04 
 7.58577575e+05 -7.58911528e+01  1.60487925e-04 
 7.67361489e+05 -7.58782967e+01  1.60725641e-04 
 7.76247117e+05 -7.58648207e+01  1.60975196e-04 
 7.85235635e+05 -7.58507237e+01  1.61236668e-04 
 7.94328235e+05 -7.58360046e+01  1.61510131e-04 
 8.03526122e+05 -7.58206619e+01  1.61795674e-04 
 8.12830516e+05 -7.58046944e+01  1.62093380e-04 
 8.22242650e+05 -7.57881010e+01  1.62403338e-04 
 8.31763771e+05 -7.57708797e+01  1.62725649e-04 
 8.41395142e+05 -7.57530302e+01  1.63060395e-04 
 8.51138038e+05 -7.57345505e+01  1.63407684e-04 
 8.60993752e+05 -7.57154395e+01  1.63767615e-04 
 8.70963590e+05 -7.56956957e+01  1.64140298e-04 
 8.81048873e+05 -7.56753177e+01  1.64525840e-04 
 8.91250938e+05 -7.56543043e+01  1.64924352e-04 
 9.01571138e+05 -7.56326540e+01  1.65335952e-04 
 9.12010839e+05 -7.56103655e+01  1.65760758e-04 
 9.22571427e+05 -7.55874376e+01  1.66198890e-04 
 9.33254301e+05 -7.55638690e+01  1.66650474e-04 
 9.44060876e+05 -7.55396584e+01  1.67115634e-04 
 9.54992586e+05 -7.55148043e+01  1.67594509e-04 
 9.66050879e+05 -7.54893059e+01  1.68087224e-04 
 9.77237221e+05 -7.54631616e+01  1.68593924e-04 
 9.88553095e+05 -7.54363706e+01  1.69114744e-04 
 1.00000000e+06 -7.54089315e+01  1.69649828e-04 
 1.01157945e+06 -7.53808436e+01  1.70199320e-04 
 1.02329299e+06 -7.53521055e+01  1.70763372e-04 
 1.03514217e+06 -7.53227167e+01  1.71342131e-04 
 1.04712855e+06 -7.52926759e+01  1.71935757e-04 
 1.05925373e+06 -7.52619824e+01  1.72544405e-04 
 1.07151931e+06 -7.52306355e+01  1.73168232e-04 
 1.08392691e+06 -7.51986344e+01  1.73807406e-04 
 1.09647820e+06 -7.51659787e+01  1.74462088e-04 
 1.10917482e+06 -7.51326675e+01  1.75132450e-04 
 1.12201845e+06 -7.50987006e+01  1.75818662e-04 
 1.13501082e+06 -7.50640776e+01  1.76520894e-04 
 1.14815362e+06 -7.50287981e+01  1.77239327e-04 
 1.16144861e+06 -7.49928620e+01  1.77974139e-04 
 1.17489755e+06 -7.49562690e+01  1.78725511e-04 
 1.18850223e+06 -7.49190192e+01  1.79493630e-04 
 1.20226443e+06 -7.48811128e+01  1.80278676e-04 
 1.21618600e+06 -7.48425498e+01  1.81080844e-04 
 1.23026877e+06 -7.48033305e+01  1.81900324e-04 
 1.24451461e+06 -7.47634552e+01  1.82737315e-04 
 1.25892541e+06 -7.47229247e+01  1.83592004e-04 
 1.27350308e+06 -7.46817394e+01  1.84464597e-04 
 1.28824955e+06 -7.46399002e+01  1.85355293e-04 
 1.30316678e+06 -7.45974076e+01  1.86264299e-04 
 1.31825674e+06 -7.45542628e+01  1.87191818e-04 
 1.33352143e+06 -7.45104668e+01  1.88138059e-04 
 1.34896288e+06 -7.44660205e+01  1.89103243e-04 
 1.36458314e+06 -7.44209258e+01  1.90087566e-04 
 1.38038426e+06 -7.43751839e+01  1.91091253e-04 
 1.39636836e+06 -7.43287961e+01  1.92114522e-04 
 1.41253754e+06 -7.42817644e+01  1.93157591e-04 
 1.42889396e+06 -7.42340905e+01  1.94220682e-04 
 1.44543977e+06 -7.41857762e+01  1.95304024e-04 
 1.46217717e+06 -7.41368235e+01  1.96407843e-04 
 1.47910839e+06 -7.40872349e+01  1.97532362e-04 
 1.49623566e+06 -7.40370123e+01  1.98677819e-04 
 1.51356125e+06 -7.39861585e+01  1.99844442e-04 
 1.53108746e+06 -7.39346758e+01  2.01032471e-04 
 1.54881662e+06 -7.38825668e+01  2.02242144e-04 
 1.56675107e+06 -7.38298344e+01  2.03473698e-04 
 1.58489319e+06 -7.37764817e+01  2.04727374e-04 
 1.60324539e+06 -7.37225115e+01  2.06003418e-04 
 1.62181010e+06 -7.36679269e+01  2.07302077e-04 
 1.64058977e+06 -7.36127314e+01  2.08623598e-04 
 1.65958691e+06 -7.35569282e+01  2.09968232e-04 
 1.67880402e+06 -7.35005209e+01  2.11336231e-04 
 1.69824365e+06 -7.34435130e+01  2.12727849e-04 
 1.71790839e+06 -7.33859081e+01  2.14143351e-04 
 1.73780083e+06 -7.33277105e+01  2.15582982e-04 
 1.75792361e+06 -7.32689239e+01  2.17047009e-04 
 1.77827941e+06 -7.32095523e+01  2.18535696e-04 
 1.79887092e+06 -7.31495997e+01  2.20049312e-04 
 1.81970086e+06 -7.30890708e+01  2.21588114e-04 
 1.84077200e+06 -7.30279696e+01  2.23152378e-04 
 1.86208714e+06 -7.29663006e+01  2.24742377e-04 
 1.88364909e+06 -7.29040684e+01  2.26358381e-04 
 1.90546072e+06 -7.28412778e+01  2.28000664e-04 
 1.92752491e+06 -7.27779332e+01  2.29669508e-04 
 1.94984460e+06 -7.27140394e+01  2.31365196e-04 
 1.97242274e+06 -7.26496017e+01  2.33088000e-04 
 1.99526231e+06 -7.25846248e+01  2.34838211e-04 
 2.01836636e+06 -7.25191136e+01  2.36616115e-04 
 2.04173794e+06 -7.24530735e+01  2.38421998e-04 
 2.06538016e+06 -7.23865095e+01  2.40256156e-04 
 2.08929613e+06 -7.23194270e+01  2.42118877e-04 
 2.11348904e+06 -7.22518311e+01  2.44010459e-04 
 2.13796209e+06 -7.21837275e+01  2.45931198e-04 
 2.16271852e+06 -7.21151214e+01  2.47881395e-04 
 2.18776162e+06 -7.20460183e+01  2.49861351e-04 
 2.21309471e+06 -7.19764237e+01  2.51871375e-04 
 2.23872114e+06 -7.19063435e+01  2.53911766e-04 
 2.26464431e+06 -7.18357830e+01  2.55982839e-04 
 2.29086765e+06 -7.17647480e+01  2.58084901e-04 
 2.31739465e+06 -7.16932444e+01  2.60218268e-04 
 2.34422882e+06 -7.16212776e+01  2.62383257e-04 
 2.37137371e+06 -7.15488537e+01  2.64580186e-04 
 2.39883292e+06 -7.14759783e+01  2.66809376e-04 
 2.42661010e+06 -7.14026573e+01  2.69071150e-04 
 2.45470892e+06 -7.13288966e+01  2.71365835e-04 
 2.48313311e+06 -7.12547022e+01  2.73693756e-04 
 2.51188643e+06 -7.11800798e+01  2.76055250e-04 
 2.54097271e+06 -7.11050354e+01  2.78450645e-04 
 2.57039578e+06 -7.10295750e+01  2.80880279e-04 
 2.60015956e+06 -7.09537046e+01  2.83344489e-04 
 2.63026799e+06 -7.08774300e+01  2.85843617e-04 
 2.66072506e+06 -7.08007572e+01  2.88378008e-04 
 2.69153480e+06 -7.07236923e+01  2.90948006e-04 
 2.72270131e+06 -7.06462410e+01  2.93553965e-04 
 2.75422870e+06 -7.05684095e+01  2.96196229e-04 
 2.78612117e+06 -7.04902036e+01  2.98875159e-04 
 2.81838293e+06 -7.04116294e+01  3.01591107e-04 
 2.85101827e+06 -7.03326927e+01  3.04344434e-04 
 2.88403150e+06 -7.02533996e+01  3.07135503e-04 
 2.91742701e+06 -7.01737557e+01  3.09964683e-04 
 2.95120923e+06 -7.00937673e+01  3.12832335e-04 
 2.98538262e+06 -7.00134400e+01  3.15738832e-04 
 3.01995172e+06 -6.99327798e+01  3.18684550e-04 
 3.05492111e+06 -6.98517925e+01  3.21669863e-04 
 3.09029543e+06 -6.97704840e+01  3.24695149e-04 
 3.12607937e+06 -6.96888600e+01  3.27760790e-04 
 3.16227766e+06 -6.96069264e+01  3.30867172e-04 
 3.19889511e+06 -6.95246889e+01  3.34014680e-04 
 3.23593657e+06 -6.94421531e+01  3.37203709e-04 
 3.27340695e+06 -6.93593250e+01  3.40434645e-04 
 3.31131121e+06 -6.92762100e+01  3.43707888e-04 
 3.34965439e+06 -6.91928139e+01  3.47023834e-04 
 3.38844156e+06 -6.91091423e+01  3.50382887e-04 
 3.42767787e+06 -6.90252007e+01  3.53785449e-04 
 3.46736850e+06 -6.89409946e+01  3.57231929e-04 
 3.50751874e+06 -6.88565297e+01  3.60722734e-04 
 3.54813389e+06 -6.87718114e+01  3.64258279e-04 
 3.58921935e+06 -6.86868451e+01  3.67838977e-04 
 3.63078055e+06 -6.86016362e+01  3.71465246e-04 
 3.67282300e+06 -6.85161903e+01  3.75137505e-04 
 3.71535229e+06 -6.84305124e+01  3.78856184e-04 
 3.75837404e+06 -6.83446080e+01  3.82621703e-04 
 3.80189396e+06 -6.82584824e+01  3.86434489e-04 
 3.84591782e+06 -6.81721407e+01  3.90294979e-04 
 3.89045145e+06 -6.80855882e+01  3.94203602e-04 
 3.93550075e+06 -6.79988300e+01  3.98160798e-04 
 3.98107171e+06 -6.79118713e+01  4.02167003e-04 
 4.02717034e+06 -6.78247171e+01  4.06222661e-04 
 4.07380278e+06 -6.77373724e+01  4.10328213e-04 
 4.12097519e+06 -6.76498424e+01  4.14484106e-04 
 4.16869383e+06 -6.75621319e+01  4.18690789e-04 
 4.21696503e+06 -6.74742458e+01  4.22948713e-04 
 4.26579519e+06 -6.73861892e+01  4.27258331e-04 
 4.31519077e+06 -6.72979668e+01  4.31620097e-04 
 4.36515832e+06 -6.72095836e+01  4.36034467e-04 
 4.41570447e+06 -6.71210441e+01  4.40501907e-04 
 4.46683592e+06 -6.70323534e+01  4.45022868e-04 
 4.51855944e+06 -6.69435161e+01  4.49597820e-04 
 4.57088190e+06 -6.68545367e+01  4.54227228e-04 
 4.62381021e+06 -6.67654202e+01  4.58911554e-04 
 4.67735141e+06 -6.66761709e+01  4.63651270e-04 
 4.73151259e+06 -6.65867936e+01  4.68446846e-04 
 4.78630092e+06 -6.64972928e+01  4.73298751e-04 
 4.84172368e+06 -6.64076731e+01  4.78207458e-04 
 4.89778819e+06 -6.63179389e+01  4.83173443e-04 
 4.95450191e+06 -6.62280947e+01  4.88197177e-04 
 5.01187234e+06 -6.61381450e+01  4.93279138e-04 
 5.06990708e+06 -6.60480942e+01  4.98419801e-04 
 5.12861384e+06 -6.59579467e+01  5.03619647e-04 
 5.18800039e+06 -6.58677069e+01  5.08879149e-04 
 5.24807460e+06 -6.57773790e+01  5.14198791e-04 
 5.30884444e+06 -6.56869674e+01  5.19579046e-04 
 5.37031796e+06 -6.55964765e+01  5.25020397e-04 
 5.43250331e+06 -6.55059104e+01  5.30523320e-04 
 5.49540874e+06 -6.54152735e+01  5.36088295e-04 
 5.55904257e+06 -6.53245699e+01  5.41715801e-04 
 5.62341325e+06 -6.52338040e+01  5.47406313e-04 
 5.68852931e+06 -6.51429798e+01  5.53160309e-04 
 5.75439937e+06 -6.50521015e+01  5.58978268e-04 
 5.82103218e+06 -6.49611734e+01  5.64860662e-04 
 5.88843655e+06 -6.48701995e+01  5.70807962e-04 
 5.95662144e+06 -6.47791841e+01  5.76820647e-04 
 6.02559586e+06 -6.46881311e+01  5.82899181e-04 
 6.09536897e+06 -6.45970447e+01  5.89044036e-04 
 6.16595002e+06 -6.45059291e+01  5.95255675e-04 
 6.23734835e+06 -6.44147883e+01  6.01534564e-04 
 6.30957344e+06 -6.43236263e+01  6.07881163e-04 
 6.38263486e+06 -6.42324472e+01  6.14295930e-04 
 6.45654229e+06 -6.41412552e+01  6.20779318e-04 
 6.53130553e+06 -6.40500542e+01  6.27331779e-04 
 6.60693448e+06 -6.39588483e+01  6.33953761e-04 
 6.68343918e+06 -6.38676416e+01  6.40645706e-04 
 6.76082975e+06 -6.37764381e+01  6.47408052e-04 
 6.83911647e+06 -6.36852417e+01  6.54241235e-04 
 6.91830971e+06 -6.35940567e+01  6.61145681e-04 
 6.99841996e+06 -6.35028870e+01  6.68121815e-04 
 7.07945784e+06 -6.34117366e+01  6.75170055e-04 
 7.16143410e+06 -6.33206096e+01  6.82290810e-04 
 7.24435960e+06 -6.32295100e+01  6.89484489e-04 
 7.32824533e+06 -6.31384419e+01  6.96751487e-04 
 7.41310241e+06 -6.30474094e+01  7.04092196e-04 
 7.49894209e+06 -6.29564165e+01  7.11507000e-04 
 7.58577575e+06 -6.28654672e+01  7.18996274e-04 
 7.67361489e+06 -6.27745657e+01  7.26560385e-04 
 7.76247117e+06 -6.26837160e+01  7.34199692e-04 
 7.85235635e+06 -6.25929223e+01  7.41914543e-04 
 7.94328235e+06 -6.25021886e+01  7.49705278e-04 
 8.03526122e+06 -6.24115191e+01  7.57572226e-04 
 8.12830516e+06 -6.23209179e+01  7.65515709e-04 
 8.22242650e+06 -6.22303890e+01  7.73536031e-04 
 8.31763771e+06 -6.21399368e+01  7.81633491e-04 
 8.41395142e+06 -6.20495653e+01  7.89808372e-04 
 8.51138038e+06 -6.19592788e+01  7.98060947e-04 
 8.60993752e+06 -6.18690814e+01  8.06391475e-04 
 8.70963590e+06 -6.17789774e+01  8.14800202e-04 
 8.81048873e+06 -6.16889710e+01  8.23287361e-04 
 8.91250938e+06 -6.15990665e+01  8.31853166e-04 
 9.01571138e+06 -6.15092681e+01  8.40497825e-04 
 9.12010839e+06 -6.14195802e+01  8.49221519e-04 
 9.22571427e+06 -6.13300070e+01  8.58024425e-04 
 9.33254301e+06 -6.12405529e+01  8.66906694e-04 
 9.44060876e+06 -6.11512222e+01  8.75868463e-04 
 9.54992586e+06 -6.10620194e+01  8.84909853e-04 
 9.66050879e+06 -6.09729488e+01  8.94030966e-04 
 9.77237221e+06 -6.08840148e+01  9.03231884e-04 
 9.88553095e+06 -6.07952219e+01  9.12512672e-04 
 1.00000000e+07 -6.07065746e+01  9.21873370e-04 
 1.01157945e+07 -6.06180773e+01  9.31314003e-04 
 1.02329299e+07 -6.05297346e+01  9.40834573e-04 
 1.03514217e+07 -6.04415510e+01  9.50435059e-04 
 1.04712855e+07 -6.03535311e+01  9.60115419e-04 
 1.05925373e+07 -6.02656794e+01  9.69875588e-04 
 1.07151931e+07 -6.01780006e+01  9.79715478e-04 
 1.08392691e+07 -6.00904993e+01  9.89634974e-04 
 1.09647820e+07 -6.00031801e+01  9.99633942e-04 
 1.10917482e+07 -5.99160478e+01  1.00971222e-03 
 1.12201845e+07 -5.98291070e+01  1.01986961e-03 
 1.13501082e+07 -5.97423624e+01  1.03010591e-03 
 1.14815362e+07 -5.96558189e+01  1.04042087e-03 
 1.16144861e+07 -5.95694811e+01  1.05081423e-03 
 1.17489755e+07 -5.94833539e+01  1.06128568e-03 
 1.18850223e+07 -5.93974421e+01  1.07183490e-03 
 1.20226443e+07 -5.93117506e+01  1.08246153e-03 
 1.21618600e+07 -5.92262841e+01  1.09316519e-03 
 1.23026877e+07 -5.91410476e+01  1.10394547e-03 
 1.24451461e+07 -5.90560459e+01  1.11480191e-03 
 1.25892541e+07 -5.89712840e+01  1.12573404e-03 
 1.27350308e+07 -5.88867668e+01  1.13674135e-03 
 1.28824955e+07 -5.88024993e+01  1.14782330e-03 
 1.30316678e+07 -5.87184863e+01  1.15897931e-03 
 1.31825674e+07 -5.86347330e+01  1.17020877e-03 
 1.33352143e+07 -5.85512443e+01  1.18151105e-03 
 1.34896288e+07 -5.84680251e+01  1.19288546e-03 
 1.36458314e+07 -5.83850806e+01  1.20433129e-03 
 1.38038426e+07 -5.83024157e+01  1.21584781e-03 
 1.39636836e+07 -5.82200355e+01  1.22743422e-03 
 1.41253754e+07 -5.81379450e+01  1.23908971e-03 
 1.42889396e+07 -5.80561493e+01  1.25081343e-03 
 1.44543977e+07 -5.79746534e+01  1.26260450e-03 
 1.46217717e+07 -5.78934624e+01  1.27446197e-03 
 1.47910839e+07 -5.78125813e+01  1.28638490e-03 
 1.49623566e+07 -5.77320153e+01  1.29837229e-03 
 1.51356125e+07 -5.76517693e+01  1.31042309e-03 
 1.53108746e+07 -5.75718484e+01  1.32253623e-03 
 1.54881662e+07 -5.74922577e+01  1.33471061e-03 
 1.56675107e+07 -5.74130023e+01  1.34694507e-03 
 1.58489319e+07 -5.73340871e+01  1.35923844e-03 
 1.60324539e+07 -5.72555171e+01  1.37158947e-03 
 1.62181010e+07 -5.71772975e+01  1.38399693e-03 
 1.64058977e+07 -5.70994331e+01  1.39645949e-03 
 1.65958691e+07 -5.70219291e+01  1.40897584e-03 
 1.67880402e+07 -5.69447902e+01  1.42154460e-03 
 1.69824365e+07 -5.68680216e+01  1.43416435e-03 
 1.71790839e+07 -5.67916280e+01  1.44683365e-03 
 1.73780083e+07 -5.67156144e+01  1.45955101e-03 
 1.75792361e+07 -5.66399857e+01  1.47231493e-03 
 1.77827941e+07 -5.65647467e+01  1.48512383e-03 
 1.79887092e+07 -5.64899022e+01  1.49797612e-03 
 1.81970086e+07 -5.64154570e+01  1.51087019e-03 
 1.84077200e+07 -5.63414158e+01  1.52380436e-03 
 1.86208714e+07 -5.62677833e+01  1.53677694e-03 
 1.88364909e+07 -5.61945642e+01  1.54978620e-03 
 1.90546072e+07 -5.61217632e+01  1.56283037e-03 
 1.92752491e+07 -5.60493847e+01  1.57590765e-03 
 1.94984460e+07 -5.59774334e+01  1.58901622e-03 
 1.97242274e+07 -5.59059136e+01  1.60215422e-03 
 1.99526231e+07 -5.58348300e+01  1.61531975e-03 
 2.01836636e+07 -5.57641867e+01  1.62851088e-03 
 2.04173794e+07 -5.56939882e+01  1.64172567e-03 
 2.06538016e+07 -5.56242388e+01  1.65496213e-03 
 2.08929613e+07 -5.55549426e+01  1.66821826e-03 
 2.11348904e+07 -5.54861038e+01  1.68149202e-03 
 2.13796209e+07 -5.54177265e+01  1.69478134e-03 
 2.16271852e+07 -5.53498148e+01  1.70808413e-03 
 2.18776162e+07 -5.52823727e+01  1.72139829e-03 
 2.21309471e+07 -5.52154039e+01  1.73472167e-03 
 2.23872114e+07 -5.51489124e+01  1.74805212e-03 
 2.26464431e+07 -5.50829020e+01  1.76138746e-03 
 2.29086765e+07 -5.50173763e+01  1.77472547e-03 
 2.31739465e+07 -5.49523391e+01  1.78806395e-03 
 2.34422882e+07 -5.48877938e+01  1.80140064e-03 
 2.37137371e+07 -5.48237439e+01  1.81473329e-03 
 2.39883292e+07 -5.47601929e+01  1.82805962e-03 
 2.42661010e+07 -5.46971441e+01  1.84137734e-03 
 2.45470892e+07 -5.46346008e+01  1.85468415e-03 
 2.48313311e+07 -5.45725662e+01  1.86797771e-03 
 2.51188643e+07 -5.45110434e+01  1.88125571e-03 
 2.54097271e+07 -5.44500354e+01  1.89451579e-03 
 2.57039578e+07 -5.43895453e+01  1.90775559e-03 
 2.60015956e+07 -5.43295759e+01  1.92097275e-03 
 2.63026799e+07 -5.42701301e+01  1.93416489e-03 
 2.66072506e+07 -5.42112106e+01  1.94732963e-03 
 2.69153480e+07 -5.41528200e+01  1.96046458e-03 
 2.72270131e+07 -5.40949610e+01  1.97356734e-03 
 2.75422870e+07 -5.40376361e+01  1.98663551e-03 
 2.78612117e+07 -5.39808478e+01  1.99966668e-03 
 2.81838293e+07 -5.39245984e+01  2.01265844e-03 
 2.85101827e+07 -5.38688903e+01  2.02560839e-03 
 2.88403150e+07 -5.38137256e+01  2.03851410e-03 
 2.91742701e+07 -5.37591066e+01  2.05137316e-03 
 2.95120923e+07 -5.37050354e+01  2.06418316e-03 
 2.98538262e+07 -5.36515140e+01  2.07694168e-03 
 3.01995172e+07 -5.35985443e+01  2.08964631e-03 
 3.05492111e+07 -5.35461284e+01  2.10229464e-03 
 3.09029543e+07 -5.34942679e+01  2.11488425e-03 
 3.12607937e+07 -5.34429649e+01  2.12741274e-03 
 3.16227766e+07 -5.33922209e+01  2.13987772e-03 
 3.19889511e+07 -5.33420376e+01  2.15227678e-03 
 3.23593657e+07 -5.32924167e+01  2.16460753e-03 
 3.27340695e+07 -5.32433598e+01  2.17686758e-03 
 3.31131121e+07 -5.31948683e+01  2.18905456e-03 
 3.34965439e+07 -5.31469437e+01  2.20116609e-03 
 3.38844156e+07 -5.30995876e+01  2.21319979e-03 
 3.42767787e+07 -5.30528012e+01  2.22515332e-03 
 3.46736850e+07 -5.30065859e+01  2.23702432e-03 
 3.50751874e+07 -5.29609430e+01  2.24881044e-03 
 3.54813389e+07 -5.29158739e+01  2.26050934e-03 
 3.58921935e+07 -5.28713797e+01  2.27211870e-03 
 3.63078055e+07 -5.28274616e+01  2.28363620e-03 
 3.67282300e+07 -5.27841209e+01  2.29505953e-03 
 3.71535229e+07 -5.27413587e+01  2.30638638e-03 
 3.75837404e+07 -5.26991761e+01  2.31761447e-03 
 3.80189396e+07 -5.26575743e+01  2.32874150e-03 
 3.84591782e+07 -5.26165544e+01  2.33976522e-03 
 3.89045145e+07 -5.25761174e+01  2.35068334e-03 
 3.93550075e+07 -5.25362644e+01  2.36149363e-03 
 3.98107171e+07 -5.24969965e+01  2.37219384e-03 
 4.02717034e+07 -5.24583148e+01  2.38278173e-03 
 4.07380278e+07 -5.24202202e+01  2.39325508e-03 
 4.12097519e+07 -5.23827139e+01  2.40361168e-03 
 4.16869383e+07 -5.23457968e+01  2.41384933e-03 
 4.21696503e+07 -5.23094701e+01  2.42396584e-03 
 4.26579519e+07 -5.22737348e+01  2.43395901e-03 
 4.31519077e+07 -5.22385919e+01  2.44382670e-03 
 4.36515832e+07 -5.22040425e+01  2.45356672e-03 
 4.41570447e+07 -5.21700878e+01  2.46317695e-03 
 4.46683592e+07 -5.21367287e+01  2.47265523e-03 
 4.51855944e+07 -5.21039664e+01  2.48199944e-03 
 4.57088190e+07 -5.20718021e+01  2.49120746e-03 
 4.62381021e+07 -5.20402368e+01  2.50027720e-03 
 4.67735141e+07 -5.20092717e+01  2.50920655e-03 
 4.73151259e+07 -5.19789081e+01  2.51799344e-03 
 4.78630092e+07 -5.19491471e+01  2.52663580e-03 
 4.84172368e+07 -5.19199900e+01  2.53513156e-03 
 4.89778819e+07 -5.18914380e+01  2.54347868e-03 
 4.95450191e+07 -5.18634924e+01  2.55167513e-03 
 5.01187234e+07 -5.18361546e+01  2.55971888e-03 
 5.06990708e+07 -5.18094258e+01  2.56760793e-03 
 5.12861384e+07 -5.17833076e+01  2.57534029e-03 
 5.18800039e+07 -5.17578012e+01  2.58291396e-03 
 5.24807460e+07 -5.17329082e+01  2.59032698e-03 
 5.30884444e+07 -5.17086301e+01  2.59757740e-03 
 5.37031796e+07 -5.16849683e+01  2.60466327e-03 
 5.43250331e+07 -5.16619244e+01  2.61158267e-03 
 5.49540874e+07 -5.16395001e+01  2.61833369e-03 
 5.55904257e+07 -5.16176970e+01  2.62491444e-03 
 5.62341325e+07 -5.15965167e+01  2.63132303e-03 
 5.68852931e+07 -5.15759609e+01  2.63755761e-03 
 5.75439937e+07 -5.15560315e+01  2.64361633e-03 
 5.82103218e+07 -5.15367302e+01  2.64949736e-03 
 5.88843655e+07 -5.15180588e+01  2.65519890e-03 
 5.95662144e+07 -5.15000192e+01  2.66071917e-03 
 6.02559586e+07 -5.14826134e+01  2.66605638e-03 
 6.09536897e+07 -5.14658433e+01  2.67120880e-03 
 6.16595002e+07 -5.14497108e+01  2.67617469e-03 
 6.23734835e+07 -5.14342181e+01  2.68095236e-03 
 6.30957344e+07 -5.14193671e+01  2.68554012e-03 
 6.38263486e+07 -5.14051600e+01  2.68993632e-03 
 6.45654229e+07 -5.13915990e+01  2.69413933e-03 
 6.53130553e+07 -5.13786861e+01  2.69814754e-03 
 6.60693448e+07 -5.13664237e+01  2.70195938e-03 
 6.68343918e+07 -5.13548140e+01  2.70557329e-03 
 6.76082975e+07 -5.13438592e+01  2.70898775e-03 
 6.83911647e+07 -5.13335617e+01  2.71220128e-03 
 6.91830971e+07 -5.13239238e+01  2.71521241e-03 
 6.99841996e+07 -5.13149479e+01  2.71801972e-03 
 7.07945784e+07 -5.13066364e+01  2.72062183e-03 
 7.16143410e+07 -5.12989918e+01  2.72301736e-03 
 7.24435960e+07 -5.12920164e+01  2.72520501e-03 
 7.32824533e+07 -5.12857128e+01  2.72718349e-03 
 7.41310241e+07 -5.12800834e+01  2.72895157e-03 
 7.49894209e+07 -5.12751308e+01  2.73050803e-03 
 7.58577575e+07 -5.12708575e+01  2.73185172e-03 
 7.67361489e+07 -5.12672661e+01  2.73298153e-03 
 7.76247117e+07 -5.12643590e+01  2.73389639e-03 
 7.85235635e+07 -5.12621388e+01  2.73459528e-03 
 7.94328235e+07 -5.12606082e+01  2.73507722e-03 
 8.03526122e+07 -5.12597696e+01  2.73534128e-03 
 8.12830516e+07 -5.12596257e+01  2.73538661e-03 
 8.22242650e+07 -5.12601789e+01  2.73521237e-03 
 8.31763771e+07 -5.12614320e+01  2.73481782e-03 
 8.41395142e+07 -5.12633873e+01  2.73420224e-03 
 8.51138038e+07 -5.12660475e+01  2.73336498e-03 
 8.60993752e+07 -5.12694150e+01  2.73230545e-03 
 8.70963590e+07 -5.12734924e+01  2.73102314e-03 
 8.81048873e+07 -5.12782821e+01  2.72951758e-03 
 8.91250938e+07 -5.12837865e+01  2.72778838e-03 
 9.01571138e+07 -5.12900081e+01  2.72583520e-03 
 9.12010839e+07 -5.12969492e+01  2.72365778e-03 
 9.22571427e+07 -5.13046122e+01  2.72125593e-03 
 9.33254301e+07 -5.13129994e+01  2.71862953e-03 
 9.44060876e+07 -5.13221129e+01  2.71577854e-03 
 9.54992586e+07 -5.13319551e+01  2.71270299e-03 
 9.66050879e+07 -5.13425279e+01  2.70940298e-03 
 9.77237221e+07 -5.13538336e+01  2.70587869e-03 
 9.88553095e+07 -5.13658740e+01  2.70213038e-03 
 1.00000000e+08 -5.13786511e+01  2.69815841e-03 
 1.01157945e+08 -5.13921669e+01  2.69396318e-03 
 1.02329299e+08 -5.14064230e+01  2.68954522e-03 
 1.03514217e+08 -5.14214211e+01  2.68490512e-03 
 1.04712855e+08 -5.14371630e+01  2.68004354e-03 
 1.05925373e+08 -5.14536501e+01  2.67496126e-03 
 1.07151931e+08 -5.14708838e+01  2.66965912e-03 
 1.08392691e+08 -5.14888654e+01  2.66413807e-03 
 1.09647820e+08 -5.15075963e+01  2.65839913e-03 
 1.10917482e+08 -5.15270774e+01  2.65244342e-03 
 1.12201845e+08 -5.15473099e+01  2.64627214e-03 
 1.13501082e+08 -5.15682946e+01  2.63988660e-03 
 1.14815362e+08 -5.15900322e+01  2.63328818e-03 
 1.16144861e+08 -5.16125234e+01  2.62647837e-03 
 1.17489755e+08 -5.16357688e+01  2.61945872e-03 
 1.18850223e+08 -5.16597687e+01  2.61223091e-03 
 1.20226443e+08 -5.16845234e+01  2.60479669e-03 
 1.21618600e+08 -5.17100329e+01  2.59715789e-03 
 1.23026877e+08 -5.17362974e+01  2.58931646e-03 
 1.24451461e+08 -5.17633165e+01  2.58127441e-03 
 1.25892541e+08 -5.17910900e+01  2.57303386e-03 
 1.27350308e+08 -5.18196174e+01  2.56459700e-03 
 1.28824955e+08 -5.18488981e+01  2.55596613e-03 
 1.30316678e+08 -5.18789314e+01  2.54714361e-03 
 1.31825674e+08 -5.19097162e+01  2.53813192e-03 
 1.33352143e+08 -5.19412515e+01  2.52893358e-03 
 1.34896288e+08 -5.19735362e+01  2.51955122e-03 
 1.36458314e+08 -5.20065686e+01  2.50998756e-03 
 1.38038426e+08 -5.20403474e+01  2.50024537e-03 
 1.39636836e+08 -5.20748706e+01  2.49032752e-03 
 1.41253754e+08 -5.21101365e+01  2.48023695e-03 
 1.42889396e+08 -5.21461430e+01  2.46997667e-03 
 1.44543977e+08 -5.21828877e+01  2.45954977e-03 
 1.46217717e+08 -5.22203683e+01  2.44895939e-03 
 1.47910839e+08 -5.22585823e+01  2.43820875e-03 
 1.49623566e+08 -5.22975268e+01  2.42730115e-03 
 1.51356125e+08 -5.23371989e+01  2.41623992e-03 
 1.53108746e+08 -5.23775955e+01  2.40502848e-03 
 1.54881662e+08 -5.24187135e+01  2.39367028e-03 
 1.56675107e+08 -5.24605492e+01  2.38216884e-03 
 1.58489319e+08 -5.25030992e+01  2.37052772e-03 
 1.60324539e+08 -5.25463597e+01  2.35875055e-03 
 1.62181010e+08 -5.25903267e+01  2.34684098e-03 
 1.64058977e+08 -5.26349962e+01  2.33480272e-03 
 1.65958691e+08 -5.26803638e+01  2.32263951e-03 
 1.67880402e+08 -5.27264252e+01  2.31035512e-03 
 1.69824365e+08 -5.27731758e+01  2.29795336e-03 
 1.71790839e+08 -5.28206108e+01  2.28543808e-03 
 1.73780083e+08 -5.28687254e+01  2.27281314e-03 
 1.75792361e+08 -5.29175144e+01  2.26008244e-03 
 1.77827941e+08 -5.29669727e+01  2.24724987e-03 
 1.79887092e+08 -5.30170950e+01  2.23431938e-03 
 1.81970086e+08 -5.30678756e+01  2.22129489e-03 
 1.84077200e+08 -5.31193091e+01  2.20818037e-03 
 1.86208714e+08 -5.31713896e+01  2.19497976e-03 
 1.88364909e+08 -5.32241112e+01  2.18169704e-03 
 1.90546072e+08 -5.32774678e+01  2.16833615e-03 
 1.92752491e+08 -5.33314532e+01  2.15490108e-03 
 1.94984460e+08 -5.33860612e+01  2.14139576e-03 
 1.97242274e+08 -5.34412853e+01  2.12782416e-03 
 1.99526231e+08 -5.34971189e+01  2.11419020e-03 
 2.01836636e+08 -5.35535553e+01  2.10049781e-03 
 2.04173794e+08 -5.36105878e+01  2.08675089e-03 
 2.06538016e+08 -5.36682095e+01  2.07295334e-03 
 2.08929613e+08 -5.37264132e+01  2.05910901e-03 
 2.11348904e+08 -5.37851920e+01  2.04522175e-03 
 2.13796209e+08 -5.38445385e+01  2.03129536e-03 
 2.16271852e+08 -5.39044455e+01  2.01733362e-03 
 2.18776162e+08 -5.39649055e+01  2.00334029e-03 
 2.21309471e+08 -5.40259110e+01  1.98931908e-03 
 2.23872114e+08 -5.40874545e+01  1.97527367e-03 
 2.26464431e+08 -5.41495283e+01  1.96120769e-03 
 2.29086765e+08 -5.42121245e+01  1.94712474e-03 
 2.31739465e+08 -5.42752354e+01  1.93302837e-03 
 2.34422882e+08 -5.43388531e+01  1.91892210e-03 
 2.37137371e+08 -5.44029696e+01  1.90480938e-03 
 2.39883292e+08 -5.44675768e+01  1.89069362e-03 
 2.42661010e+08 -5.45326667e+01  1.87657820e-03 
 2.45470892e+08 -5.45982310e+01  1.86246642e-03 
 2.48313311e+08 -5.46642616e+01  1.84836153e-03 
 2.51188643e+08 -5.47307501e+01  1.83426675e-03 
 2.54097271e+08 -5.47976883e+01  1.82018522e-03 
 2.57039578e+08 -5.48650678e+01  1.80612003e-03 
 2.60015956e+08 -5.49328802e+01  1.79207422e-03 
 2.63026799e+08 -5.50011169e+01  1.77805076e-03 
 2.66072506e+08 -5.50697695e+01  1.76405257e-03 
 2.69153480e+08 -5.51388295e+01  1.75008251e-03 
 2.72270131e+08 -5.52082883e+01  1.73614337e-03 
 2.75422870e+08 -5.52781372e+01  1.72223788e-03 
 2.78612117e+08 -5.53483678e+01  1.70836873e-03 
 2.81838293e+08 -5.54189712e+01  1.69453850e-03 
 2.85101827e+08 -5.54899388e+01  1.68074976e-03 
 2.88403150e+08 -5.55612620e+01  1.66700499e-03 
 2.91742701e+08 -5.56329320e+01  1.65330661e-03 
 2.95120923e+08 -5.57049400e+01  1.63965697e-03 
 2.98538262e+08 -5.57772773e+01  1.62605838e-03 
 3.01995172e+08 -5.58499352e+01  1.61251306e-03 
 3.05492111e+08 -5.59229048e+01  1.59902319e-03 
 3.09029543e+08 -5.59961773e+01  1.58559087e-03 
 3.12607937e+08 -5.60697440e+01  1.57221813e-03 
 3.16227766e+08 -5.61435960e+01  1.55890698e-03 
 3.19889511e+08 -5.62177245e+01  1.54565932e-03 
 3.23593657e+08 -5.62921207e+01  1.53247700e-03 
 3.27340695e+08 -5.63667757e+01  1.51936184e-03 
 3.31131121e+08 -5.64416807e+01  1.50631556e-03 
 3.34965439e+08 -5.65168269e+01  1.49333985e-03 
 3.38844156e+08 -5.65922055e+01  1.48043631e-03 
 3.42767787e+08 -5.66678075e+01  1.46760650e-03 
 3.46736850e+08 -5.67436241e+01  1.45485193e-03 
 3.50751874e+08 -5.68196465e+01  1.44217404e-03 
 3.54813389e+08 -5.68958659e+01  1.42957421e-03 
 3.58921935e+08 -5.69722734e+01  1.41705377e-03 
 3.63078055e+08 -5.70488602e+01  1.40461400e-03 
 3.67282300e+08 -5.71256173e+01  1.39225611e-03 
 3.71535229e+08 -5.72025361e+01  1.37998128e-03 
 3.75837404e+08 -5.72796076e+01  1.36779062e-03 
 3.80189396e+08 -5.73568230e+01  1.35568518e-03 
 3.84591782e+08 -5.74341735e+01  1.34366599e-03 
 3.89045145e+08 -5.75116503e+01  1.33173400e-03 
 3.93550075e+08 -5.75892444e+01  1.31989012e-03 
 3.98107171e+08 -5.76669472e+01  1.30813523e-03 
 4.02717034e+08 -5.77447497e+01  1.29647013e-03 
 4.07380278e+08 -5.78226432e+01  1.28489560e-03 
 4.12097519e+08 -5.79006187e+01  1.27341237e-03 
 4.16869383e+08 -5.79786676e+01  1.26202111e-03 
 4.21696503e+08 -5.80567809e+01  1.25072247e-03 
 4.26579519e+08 -5.81349499e+01  1.23951705e-03 
 4.31519077e+08 -5.82131657e+01  1.22840539e-03 
 4.36515832e+08 -5.82914196e+01  1.21738801e-03 
 4.41570447e+08 -5.83697026e+01  1.20646540e-03 
 4.46683592e+08 -5.84480059e+01  1.19563798e-03 
 4.51855944e+08 -5.85263208e+01  1.18490617e-03 
 4.57088190e+08 -5.86046384e+01  1.17427031e-03 
 4.62381021e+08 -5.86829498e+01  1.16373075e-03 
 4.67735141e+08 -5.87612463e+01  1.15328776e-03 
 4.73151259e+08 -5.88395190e+01  1.14294163e-03 
 4.78630092e+08 -5.89177590e+01  1.13269257e-03 
 4.84172368e+08 -5.89959575e+01  1.12254078e-03 
 4.89778819e+08 -5.90741056e+01  1.11248642e-03 
 4.95450191e+08 -5.91521946e+01  1.10252964e-03 
 5.01187234e+08 -5.92302154e+01  1.09267053e-03 
 5.06990708e+08 -5.93081593e+01  1.08290918e-03 
 5.12861384e+08 -5.93860173e+01  1.07324564e-03 
 5.18800039e+08 -5.94637807e+01  1.06367993e-03 
 5.24807460e+08 -5.95414404e+01  1.05421206e-03 
 5.30884444e+08 -5.96189876e+01  1.04484200e-03 
 5.37031796e+08 -5.96964134e+01  1.03556969e-03 
 5.43250331e+08 -5.97737088e+01  1.02639508e-03 
 5.49540874e+08 -5.98508650e+01  1.01731805e-03 
 5.55904257e+08 -5.99278729e+01  1.00833851e-03 
 5.62341325e+08 -6.00047238e+01  9.99456306e-04 
 5.68852931e+08 -6.00814085e+01  9.90671287e-04 
 5.75439937e+08 -6.01579182e+01  9.81983277e-04 
 5.82103218e+08 -6.02342438e+01  9.73392081e-04 
 5.88843655e+08 -6.03103765e+01  9.64897486e-04 
 5.95662144e+08 -6.03863072e+01  9.56499262e-04 
 6.02559586e+08 -6.04620270e+01  9.48197163e-04 
 6.09536897e+08 -6.05375268e+01  9.39990926e-04 
 6.16595002e+08 -6.06127976e+01  9.31880274e-04 
 6.23734835e+08 -6.06878305e+01  9.23864913e-04 
 6.30957344e+08 -6.07626165e+01  9.15944537e-04 
 6.38263486e+08 -6.08371464e+01  9.08118824e-04 
 6.45654229e+08 -6.09114114e+01  9.00387443e-04 
 6.53130553e+08 -6.09854024e+01  8.92750045e-04 
 6.60693448e+08 -6.10591103e+01  8.85206274e-04 
 6.68343918e+08 -6.11325263e+01  8.77755759e-04 
 6.76082975e+08 -6.12056411e+01  8.70398120e-04 
 6.83911647e+08 -6.12784459e+01  8.63132966e-04 
 6.91830971e+08 -6.13509317e+01  8.55959896e-04 
 6.99841996e+08 -6.14230893e+01  8.48878498e-04 
 7.07945784e+08 -6.14949100e+01  8.41888354e-04 
 7.16143410e+08 -6.15663846e+01  8.34989035e-04 
 7.24435960e+08 -6.16375042e+01  8.28180102e-04 
 7.32824533e+08 -6.17082598e+01  8.21461113e-04 
 7.41310241e+08 -6.17786426e+01  8.14831613e-04 
 7.49894209e+08 -6.18486436e+01  8.08291144e-04 
 7.58577575e+08 -6.19182539e+01  8.01839239e-04 
 7.67361489e+08 -6.19874647e+01  7.95475425e-04 
 7.76247117e+08 -6.20562670e+01  7.89199223e-04 
 7.85235635e+08 -6.21246522e+01  7.83010147e-04 
 7.94328235e+08 -6.21926114e+01  7.76907707e-04 
 8.03526122e+08 -6.22601359e+01  7.70891407e-04 
 8.12830516e+08 -6.23272170e+01  7.64960746e-04 
 8.22242650e+08 -6.23938460e+01  7.59115219e-04 
 8.31763771e+08 -6.24600144e+01  7.53354314e-04 
 8.41395142e+08 -6.25257135e+01  7.47677519e-04 
 8.51138038e+08 -6.25909350e+01  7.42084314e-04 
 8.60993752e+08 -6.26556702e+01  7.36574177e-04 
 8.70963590e+08 -6.27199109e+01  7.31146583e-04 
 8.81048873e+08 -6.27836487e+01  7.25801002e-04 
 8.91250938e+08 -6.28468755e+01  7.20536901e-04 
 9.01571138e+08 -6.29095829e+01  7.15353746e-04 
 9.12010839e+08 -6.29717630e+01  7.10250998e-04 
 9.22571427e+08 -6.30334076e+01  7.05228115e-04 
 9.33254301e+08 -6.30945090e+01  7.00284555e-04 
 9.44060876e+08 -6.31550593e+01  6.95419772e-04 
 9.54992586e+08 -6.32150507e+01  6.90633217e-04 
 9.66050879e+08 -6.32744757e+01  6.85924340e-04 
 9.77237221e+08 -6.33333267e+01  6.81292588e-04 
 9.88553095e+08 -6.33915963e+01  6.76737408e-04 
 1.00000000e+09 -6.34492773e+01  6.72258242e-04 
