 1.00000000e+00 -1.18522564e+01  2.55497810e-01 
 1.01157945e+00 -1.18522581e+01  2.55497759e-01 
 1.02329299e+00 -1.18522599e+01  2.55497707e-01 
 1.03514217e+00 -1.18522617e+01  2.55497653e-01 
 1.04712855e+00 -1.18522635e+01  2.55497599e-01 
 1.05925373e+00 -1.18522654e+01  2.55497543e-01 
 1.07151931e+00 -1.18522674e+01  2.55497485e-01 
 1.08392691e+00 -1.18522694e+01  2.55497427e-01 
 1.09647820e+00 -1.18522714e+01  2.55497367e-01 
 1.10917482e+00 -1.18522735e+01  2.55497305e-01 
 1.12201845e+00 -1.18522757e+01  2.55497243e-01 
 1.13501082e+00 -1.18522778e+01  2.55497178e-01 
 1.14815362e+00 -1.18522801e+01  2.55497113e-01 
 1.16144861e+00 -1.18522824e+01  2.55497045e-01 
 1.17489755e+00 -1.18522847e+01  2.55496976e-01 
 1.18850223e+00 -1.18522871e+01  2.55496906e-01 
 1.20226443e+00 -1.18522895e+01  2.55496834e-01 
 1.21618600e+00 -1.18522921e+01  2.55496760e-01 
 1.23026877e+00 -1.18522946e+01  2.55496684e-01 
 1.24451461e+00 -1.18522973e+01  2.55496607e-01 
 1.25892541e+00 -1.18522999e+01  2.55496528e-01 
 1.27350308e+00 -1.18523027e+01  2.55496447e-01 
 1.28824955e+00 -1.18523055e+01  2.55496364e-01 
 1.30316678e+00 -1.18523084e+01  2.55496280e-01 
 1.31825674e+00 -1.18523113e+01  2.55496193e-01 
 1.33352143e+00 -1.18523144e+01  2.55496104e-01 
 1.34896288e+00 -1.18523174e+01  2.55496013e-01 
 1.36458314e+00 -1.18523206e+01  2.55495920e-01 
 1.38038426e+00 -1.18523238e+01  2.55495825e-01 
 1.39636836e+00 -1.18523271e+01  2.55495728e-01 
 1.41253754e+00 -1.18523305e+01  2.55495629e-01 
 1.42889396e+00 -1.18523340e+01  2.55495527e-01 
 1.44543977e+00 -1.18523375e+01  2.55495422e-01 
 1.46217717e+00 -1.18523412e+01  2.55495316e-01 
 1.47910839e+00 -1.18523449e+01  2.55495207e-01 
 1.49623566e+00 -1.18523487e+01  2.55495095e-01 
 1.51356125e+00 -1.18523525e+01  2.55494981e-01 
 1.53108746e+00 -1.18523565e+01  2.55494864e-01 
 1.54881662e+00 -1.18523606e+01  2.55494744e-01 
 1.56675107e+00 -1.18523648e+01  2.55494621e-01 
 1.58489319e+00 -1.18523690e+01  2.55494496e-01 
 1.60324539e+00 -1.18523734e+01  2.55494368e-01 
 1.62181010e+00 -1.18523778e+01  2.55494237e-01 
 1.64058977e+00 -1.18523824e+01  2.55494102e-01 
 1.65958691e+00 -1.18523871e+01  2.55493965e-01 
 1.67880402e+00 -1.18523919e+01  2.55493824e-01 
 1.69824365e+00 -1.18523968e+01  2.55493680e-01 
 1.71790839e+00 -1.18524018e+01  2.55493533e-01 
 1.73780083e+00 -1.18524069e+01  2.55493383e-01 
 1.75792361e+00 -1.18524121e+01  2.55493228e-01 
 1.77827941e+00 -1.18524175e+01  2.55493071e-01 
 1.79887092e+00 -1.18524230e+01  2.55492909e-01 
 1.81970086e+00 -1.18524286e+01  2.55492744e-01 
 1.84077200e+00 -1.18524343e+01  2.55492575e-01 
 1.86208714e+00 -1.18524402e+01  2.55492402e-01 
 1.88364909e+00 -1.18524462e+01  2.55492225e-01 
 1.90546072e+00 -1.18524524e+01  2.55492044e-01 
 1.92752491e+00 -1.18524587e+01  2.55491858e-01 
 1.94984460e+00 -1.18524651e+01  2.55491669e-01 
 1.97242274e+00 -1.18524717e+01  2.55491474e-01 
 1.99526231e+00 -1.18524785e+01  2.55491276e-01 
 2.01836636e+00 -1.18524854e+01  2.55491073e-01 
 2.04173794e+00 -1.18524925e+01  2.55490865e-01 
 2.06538016e+00 -1.18524997e+01  2.55490652e-01 
 2.08929613e+00 -1.18525071e+01  2.55490434e-01 
 2.11348904e+00 -1.18525147e+01  2.55490211e-01 
 2.13796209e+00 -1.18525224e+01  2.55489983e-01 
 2.16271852e+00 -1.18525304e+01  2.55489750e-01 
 2.18776162e+00 -1.18525385e+01  2.55489511e-01 
 2.21309471e+00 -1.18525468e+01  2.55489267e-01 
 2.23872114e+00 -1.18525553e+01  2.55489017e-01 
 2.26464431e+00 -1.18525640e+01  2.55488761e-01 
 2.29086765e+00 -1.18525729e+01  2.55488499e-01 
 2.31739465e+00 -1.18525820e+01  2.55488231e-01 
 2.34422882e+00 -1.18525913e+01  2.55487957e-01 
 2.37137371e+00 -1.18526009e+01  2.55487676e-01 
 2.39883292e+00 -1.18526106e+01  2.55487389e-01 
 2.42661010e+00 -1.18526206e+01  2.55487095e-01 
 2.45470892e+00 -1.18526308e+01  2.55486795e-01 
 2.48313311e+00 -1.18526413e+01  2.55486487e-01 
 2.51188643e+00 -1.18526520e+01  2.55486172e-01 
 2.54097271e+00 -1.18526630e+01  2.55485850e-01 
 2.57039578e+00 -1.18526742e+01  2.55485521e-01 
 2.60015956e+00 -1.18526856e+01  2.55485183e-01 
 2.63026799e+00 -1.18526974e+01  2.55484838e-01 
 2.66072506e+00 -1.18527094e+01  2.55484485e-01 
 2.69153480e+00 -1.18527217e+01  2.55484124e-01 
 2.72270131e+00 -1.18527342e+01  2.55483754e-01 
 2.75422870e+00 -1.18527471e+01  2.55483375e-01 
 2.78612117e+00 -1.18527603e+01  2.55482988e-01 
 2.81838293e+00 -1.18527737e+01  2.55482592e-01 
 2.85101827e+00 -1.18527875e+01  2.55482186e-01 
 2.88403150e+00 -1.18528016e+01  2.55481771e-01 
 2.91742701e+00 -1.18528161e+01  2.55481347e-01 
 2.95120923e+00 -1.18528308e+01  2.55480912e-01 
 2.98538262e+00 -1.18528460e+01  2.55480468e-01 
 3.01995172e+00 -1.18528614e+01  2.55480013e-01 
 3.05492111e+00 -1.18528772e+01  2.55479547e-01 
 3.09029543e+00 -1.18528934e+01  2.55479071e-01 
 3.12607937e+00 -1.18529100e+01  2.55478583e-01 
 3.16227766e+00 -1.18529270e+01  2.55478084e-01 
 3.19889511e+00 -1.18529443e+01  2.55477574e-01 
 3.23593657e+00 -1.18529621e+01  2.55477052e-01 
 3.27340695e+00 -1.18529803e+01  2.55476517e-01 
 3.31131121e+00 -1.18529989e+01  2.55475970e-01 
 3.34965439e+00 -1.18530179e+01  2.55475410e-01 
 3.38844156e+00 -1.18530374e+01  2.55474838e-01 
 3.42767787e+00 -1.18530573e+01  2.55474252e-01 
 3.46736850e+00 -1.18530777e+01  2.55473652e-01 
 3.50751874e+00 -1.18530985e+01  2.55473038e-01 
 3.54813389e+00 -1.18531199e+01  2.55472410e-01 
 3.58921935e+00 -1.18531417e+01  2.55471768e-01 
 3.63078055e+00 -1.18531641e+01  2.55471110e-01 
 3.67282300e+00 -1.18531870e+01  2.55470437e-01 
 3.71535229e+00 -1.18532104e+01  2.55469749e-01 
 3.75837404e+00 -1.18532343e+01  2.55469044e-01 
 3.80189396e+00 -1.18532589e+01  2.55468323e-01 
 3.84591782e+00 -1.18532839e+01  2.55467585e-01 
 3.89045145e+00 -1.18533096e+01  2.55466830e-01 
 3.93550075e+00 -1.18533359e+01  2.55466058e-01 
 3.98107171e+00 -1.18533628e+01  2.55465267e-01 
 4.02717034e+00 -1.18533903e+01  2.55464458e-01 
 4.07380278e+00 -1.18534184e+01  2.55463631e-01 
 4.12097519e+00 -1.18534472e+01  2.55462784e-01 
 4.16869383e+00 -1.18534767e+01  2.55461917e-01 
 4.21696503e+00 -1.18535068e+01  2.55461030e-01 
 4.26579519e+00 -1.18535377e+01  2.55460122e-01 
 4.31519077e+00 -1.18535693e+01  2.55459194e-01 
 4.36515832e+00 -1.18536016e+01  2.55458243e-01 
 4.41570447e+00 -1.18536346e+01  2.55457271e-01 
 4.46683592e+00 -1.18536685e+01  2.55456276e-01 
 4.51855944e+00 -1.18537031e+01  2.55455258e-01 
 4.57088190e+00 -1.18537385e+01  2.55454216e-01 
 4.62381021e+00 -1.18537748e+01  2.55453149e-01 
 4.67735141e+00 -1.18538119e+01  2.55452058e-01 
 4.73151259e+00 -1.18538498e+01  2.55450942e-01 
 4.78630092e+00 -1.18538887e+01  2.55449800e-01 
 4.84172368e+00 -1.18539284e+01  2.55448631e-01 
 4.89778819e+00 -1.18539691e+01  2.55447434e-01 
 4.95450191e+00 -1.18540107e+01  2.55446210e-01 
 5.01187234e+00 -1.18540533e+01  2.55444958e-01 
 5.06990708e+00 -1.18540969e+01  2.55443676e-01 
 5.12861384e+00 -1.18541415e+01  2.55442364e-01 
 5.18800039e+00 -1.18541871e+01  2.55441022e-01 
 5.24807460e+00 -1.18542338e+01  2.55439649e-01 
 5.30884444e+00 -1.18542816e+01  2.55438244e-01 
 5.37031796e+00 -1.18543305e+01  2.55436806e-01 
 5.43250331e+00 -1.18543805e+01  2.55435334e-01 
 5.49540874e+00 -1.18544317e+01  2.55433828e-01 
 5.55904257e+00 -1.18544841e+01  2.55432288e-01 
 5.62341325e+00 -1.18545378e+01  2.55430711e-01 
 5.68852931e+00 -1.18545926e+01  2.55429098e-01 
 5.75439937e+00 -1.18546488e+01  2.55427447e-01 
 5.82103218e+00 -1.18547062e+01  2.55425758e-01 
 5.88843655e+00 -1.18547650e+01  2.55424029e-01 
 5.95662144e+00 -1.18548251e+01  2.55422260e-01 
 6.02559586e+00 -1.18548867e+01  2.55420450e-01 
 6.09536897e+00 -1.18549497e+01  2.55418598e-01 
 6.16595002e+00 -1.18550141e+01  2.55416703e-01 
 6.23734835e+00 -1.18550801e+01  2.55414763e-01 
 6.30957344e+00 -1.18551476e+01  2.55412779e-01 
 6.38263486e+00 -1.18552166e+01  2.55410748e-01 
 6.45654229e+00 -1.18552873e+01  2.55408671e-01 
 6.53130553e+00 -1.18553596e+01  2.55406544e-01 
 6.60693448e+00 -1.18554336e+01  2.55404369e-01 
 6.68343918e+00 -1.18555093e+01  2.55402142e-01 
 6.76082975e+00 -1.18555868e+01  2.55399864e-01 
 6.83911647e+00 -1.18556660e+01  2.55397533e-01 
 6.91830971e+00 -1.18557472e+01  2.55395148e-01 
 6.99841996e+00 -1.18558302e+01  2.55392707e-01 
 7.07945784e+00 -1.18559151e+01  2.55390209e-01 
 7.16143410e+00 -1.18560020e+01  2.55387654e-01 
 7.24435960e+00 -1.18560910e+01  2.55385038e-01 
 7.32824533e+00 -1.18561820e+01  2.55382362e-01 
 7.41310241e+00 -1.18562751e+01  2.55379624e-01 
 7.49894209e+00 -1.18563704e+01  2.55376822e-01 
 7.58577575e+00 -1.18564679e+01  2.55373955e-01 
 7.67361489e+00 -1.18565677e+01  2.55371021e-01 
 7.76247117e+00 -1.18566698e+01  2.55368019e-01 
 7.85235635e+00 -1.18567743e+01  2.55364947e-01 
 7.94328235e+00 -1.18568812e+01  2.55361804e-01 
 8.03526122e+00 -1.18569906e+01  2.55358588e-01 
 8.12830516e+00 -1.18571026e+01  2.55355297e-01 
 8.22242650e+00 -1.18572171e+01  2.55351929e-01 
 8.31763771e+00 -1.18573344e+01  2.55348483e-01 
 8.41395142e+00 -1.18574543e+01  2.55344957e-01 
 8.51138038e+00 -1.18575770e+01  2.55341349e-01 
 8.60993752e+00 -1.18577026e+01  2.55337657e-01 
 8.70963590e+00 -1.18578311e+01  2.55333879e-01 
 8.81048873e+00 -1.18579626e+01  2.55330013e-01 
 8.91250938e+00 -1.18580972e+01  2.55326058e-01 
 9.01571138e+00 -1.18582349e+01  2.55322010e-01 
 9.12010839e+00 -1.18583758e+01  2.55317869e-01 
 9.22571427e+00 -1.18585200e+01  2.55313631e-01 
 9.33254301e+00 -1.18586675e+01  2.55309295e-01 
 9.44060876e+00 -1.18588184e+01  2.55304858e-01 
 9.54992586e+00 -1.18589729e+01  2.55300317e-01 
 9.66050879e+00 -1.18591310e+01  2.55295672e-01 
 9.77237221e+00 -1.18592927e+01  2.55290918e-01 
 9.88553095e+00 -1.18594582e+01  2.55286054e-01 
 1.00000000e+01 -1.18596275e+01  2.55281077e-01 
 1.01157945e+01 -1.18598008e+01  2.55275984e-01 
 1.02329299e+01 -1.18599781e+01  2.55270773e-01 
 1.03514217e+01 -1.18601596e+01  2.55265441e-01 
 1.04712855e+01 -1.18603452e+01  2.55259985e-01 
 1.05925373e+01 -1.18605352e+01  2.55254403e-01 
 1.07151931e+01 -1.18607296e+01  2.55248690e-01 
 1.08392691e+01 -1.18609285e+01  2.55242845e-01 
 1.09647820e+01 -1.18611320e+01  2.55236865e-01 
 1.10917482e+01 -1.18613402e+01  2.55230745e-01 
 1.12201845e+01 -1.18615533e+01  2.55224483e-01 
 1.13501082e+01 -1.18617714e+01  2.55218076e-01 
 1.14815362e+01 -1.18619945e+01  2.55211521e-01 
 1.16144861e+01 -1.18622228e+01  2.55204813e-01 
 1.17489755e+01 -1.18624564e+01  2.55197949e-01 
 1.18850223e+01 -1.18626954e+01  2.55190926e-01 
 1.20226443e+01 -1.18629400e+01  2.55183740e-01 
 1.21618600e+01 -1.18631903e+01  2.55176387e-01 
 1.23026877e+01 -1.18634464e+01  2.55168864e-01 
 1.24451461e+01 -1.18637084e+01  2.55161166e-01 
 1.25892541e+01 -1.18639766e+01  2.55153290e-01 
 1.27350308e+01 -1.18642509e+01  2.55145231e-01 
 1.28824955e+01 -1.18645316e+01  2.55136984e-01 
 1.30316678e+01 -1.18648189e+01  2.55128547e-01 
 1.31825674e+01 -1.18651128e+01  2.55119914e-01 
 1.33352143e+01 -1.18654135e+01  2.55111081e-01 
 1.34896288e+01 -1.18657213e+01  2.55102043e-01 
 1.36458314e+01 -1.18660361e+01  2.55092795e-01 
 1.38038426e+01 -1.18663583e+01  2.55083334e-01 
 1.39636836e+01 -1.18666880e+01  2.55073652e-01 
 1.41253754e+01 -1.18670253e+01  2.55063747e-01 
 1.42889396e+01 -1.18673704e+01  2.55053612e-01 
 1.44543977e+01 -1.18677236e+01  2.55043242e-01 
 1.46217717e+01 -1.18680849e+01  2.55032632e-01 
 1.47910839e+01 -1.18684547e+01  2.55021776e-01 
 1.49623566e+01 -1.18688330e+01  2.55010669e-01 
 1.51356125e+01 -1.18692201e+01  2.54999304e-01 
 1.53108746e+01 -1.18696162e+01  2.54987676e-01 
 1.54881662e+01 -1.18700214e+01  2.54975779e-01 
 1.56675107e+01 -1.18704361e+01  2.54963607e-01 
 1.58489319e+01 -1.18708604e+01  2.54951153e-01 
 1.60324539e+01 -1.18712945e+01  2.54938411e-01 
 1.62181010e+01 -1.18717387e+01  2.54925374e-01 
 1.64058977e+01 -1.18721932e+01  2.54912035e-01 
 1.65958691e+01 -1.18726582e+01  2.54898388e-01 
 1.67880402e+01 -1.18731340e+01  2.54884425e-01 
 1.69824365e+01 -1.18736209e+01  2.54870140e-01 
 1.71790839e+01 -1.18741190e+01  2.54855524e-01 
 1.73780083e+01 -1.18746286e+01  2.54840570e-01 
 1.75792361e+01 -1.18751501e+01  2.54825271e-01 
 1.77827941e+01 -1.18756837e+01  2.54809618e-01 
 1.79887092e+01 -1.18762296e+01  2.54793603e-01 
 1.81970086e+01 -1.18767881e+01  2.54777219e-01 
 1.84077200e+01 -1.18773596e+01  2.54760456e-01 
 1.86208714e+01 -1.18779444e+01  2.54743307e-01 
 1.88364909e+01 -1.18785426e+01  2.54725761e-01 
 1.90546072e+01 -1.18791548e+01  2.54707810e-01 
 1.92752491e+01 -1.18797810e+01  2.54689446e-01 
 1.94984460e+01 -1.18804218e+01  2.54670657e-01 
 1.97242274e+01 -1.18810774e+01  2.54651435e-01 
 1.99526231e+01 -1.18817482e+01  2.54631770e-01 
 2.01836636e+01 -1.18824345e+01  2.54611652e-01 
 2.04173794e+01 -1.18831367e+01  2.54591070e-01 
 2.06538016e+01 -1.18838551e+01  2.54570014e-01 
 2.08929613e+01 -1.18845901e+01  2.54548473e-01 
 2.11348904e+01 -1.18853421e+01  2.54526435e-01 
 2.13796209e+01 -1.18861115e+01  2.54503890e-01 
 2.16271852e+01 -1.18868987e+01  2.54480827e-01 
 2.18776162e+01 -1.18877040e+01  2.54457232e-01 
 2.21309471e+01 -1.18885280e+01  2.54433095e-01 
 2.23872114e+01 -1.18893710e+01  2.54408403e-01 
 2.26464431e+01 -1.18902334e+01  2.54383142e-01 
 2.29086765e+01 -1.18911158e+01  2.54357302e-01 
 2.31739465e+01 -1.18920186e+01  2.54330867e-01 
 2.34422882e+01 -1.18929421e+01  2.54303826e-01 
 2.37137371e+01 -1.18938870e+01  2.54276163e-01 
 2.39883292e+01 -1.18948537e+01  2.54247866e-01 
 2.42661010e+01 -1.18958427e+01  2.54218919e-01 
 2.45470892e+01 -1.18968544e+01  2.54189308e-01 
 2.48313311e+01 -1.18978895e+01  2.54159018e-01 
 2.51188643e+01 -1.18989485e+01  2.54128033e-01 
 2.54097271e+01 -1.19000318e+01  2.54096339e-01 
 2.57039578e+01 -1.19011401e+01  2.54063919e-01 
 2.60015956e+01 -1.19022740e+01  2.54030756e-01 
 2.63026799e+01 -1.19034339e+01  2.53996835e-01 
 2.66072506e+01 -1.19046205e+01  2.53962137e-01 
 2.69153480e+01 -1.19058345e+01  2.53926646e-01 
 2.72270131e+01 -1.19070763e+01  2.53890343e-01 
 2.75422870e+01 -1.19083468e+01  2.53853211e-01 
 2.78612117e+01 -1.19096464e+01  2.53815231e-01 
 2.81838293e+01 -1.19109759e+01  2.53776384e-01 
 2.85101827e+01 -1.19123359e+01  2.53736651e-01 
 2.88403150e+01 -1.19137272e+01  2.53696011e-01 
 2.91742701e+01 -1.19151504e+01  2.53654445e-01 
 2.95120923e+01 -1.19166063e+01  2.53611932e-01 
 2.98538262e+01 -1.19180956e+01  2.53568451e-01 
 3.01995172e+01 -1.19196191e+01  2.53523980e-01 
 3.05492111e+01 -1.19211775e+01  2.53478498e-01 
 3.09029543e+01 -1.19227716e+01  2.53431981e-01 
 3.12607937e+01 -1.19244023e+01  2.53384408e-01 
 3.16227766e+01 -1.19260703e+01  2.53335754e-01 
 3.19889511e+01 -1.19277764e+01  2.53285996e-01 
 3.23593657e+01 -1.19295217e+01  2.53235109e-01 
 3.27340695e+01 -1.19313068e+01  2.53183068e-01 
 3.31131121e+01 -1.19331328e+01  2.53129849e-01 
 3.34965439e+01 -1.19350005e+01  2.53075425e-01 
 3.38844156e+01 -1.19369109e+01  2.53019769e-01 
 3.42767787e+01 -1.19388649e+01  2.52962855e-01 
 3.46736850e+01 -1.19408635e+01  2.52904655e-01 
 3.50751874e+01 -1.19429078e+01  2.52845141e-01 
 3.54813389e+01 -1.19449986e+01  2.52784284e-01 
 3.58921935e+01 -1.19471371e+01  2.52722055e-01 
 3.63078055e+01 -1.19493243e+01  2.52658425e-01 
 3.67282300e+01 -1.19515614e+01  2.52593361e-01 
 3.71535229e+01 -1.19538493e+01  2.52526835e-01 
 3.75837404e+01 -1.19561893e+01  2.52458813e-01 
 3.80189396e+01 -1.19585825e+01  2.52389263e-01 
 3.84591782e+01 -1.19610301e+01  2.52318153e-01 
 3.89045145e+01 -1.19635332e+01  2.52245449e-01 
 3.93550075e+01 -1.19660932e+01  2.52171117e-01 
 3.98107171e+01 -1.19687112e+01  2.52095121e-01 
 4.02717034e+01 -1.19713886e+01  2.52017425e-01 
 4.07380278e+01 -1.19741266e+01  2.51937995e-01 
 4.12097519e+01 -1.19769267e+01  2.51856792e-01 
 4.16869383e+01 -1.19797900e+01  2.51773779e-01 
 4.21696503e+01 -1.19827182e+01  2.51688917e-01 
 4.26579519e+01 -1.19857124e+01  2.51602167e-01 
 4.31519077e+01 -1.19887743e+01  2.51513490e-01 
 4.36515832e+01 -1.19919053e+01  2.51422844e-01 
 4.41570447e+01 -1.19951069e+01  2.51330188e-01 
 4.46683592e+01 -1.19983806e+01  2.51235479e-01 
 4.51855944e+01 -1.20017280e+01  2.51138676e-01 
 4.57088190e+01 -1.20051507e+01  2.51039733e-01 
 4.62381021e+01 -1.20086503e+01  2.50938607e-01 
 4.67735141e+01 -1.20122286e+01  2.50835252e-01 
 4.73151259e+01 -1.20158871e+01  2.50729621e-01 
 4.78630092e+01 -1.20196277e+01  2.50621668e-01 
 4.84172368e+01 -1.20234520e+01  2.50511345e-01 
 4.89778819e+01 -1.20273620e+01  2.50398602e-01 
 4.95450191e+01 -1.20313594e+01  2.50283391e-01 
 5.01187234e+01 -1.20354461e+01  2.50165661e-01 
 5.06990708e+01 -1.20396240e+01  2.50045361e-01 
 5.12861384e+01 -1.20438950e+01  2.49922438e-01 
 5.18800039e+01 -1.20482612e+01  2.49796839e-01 
 5.24807460e+01 -1.20527246e+01  2.49668511e-01 
 5.30884444e+01 -1.20572872e+01  2.49537398e-01 
 5.37031796e+01 -1.20619511e+01  2.49403444e-01 
 5.43250331e+01 -1.20667184e+01  2.49266594e-01 
 5.49540874e+01 -1.20715914e+01  2.49126789e-01 
 5.55904257e+01 -1.20765722e+01  2.48983971e-01 
 5.62341325e+01 -1.20816632e+01  2.48838080e-01 
 5.68852931e+01 -1.20868665e+01  2.48689057e-01 
 5.75439937e+01 -1.20921846e+01  2.48536839e-01 
 5.82103218e+01 -1.20976198e+01  2.48381364e-01 
 5.88843655e+01 -1.21031746e+01  2.48222570e-01 
 5.95662144e+01 -1.21088515e+01  2.48060392e-01 
 6.02559586e+01 -1.21146529e+01  2.47894765e-01 
 6.09536897e+01 -1.21205814e+01  2.47725624e-01 
 6.16595002e+01 -1.21266396e+01  2.47552900e-01 
 6.23734835e+01 -1.21328302e+01  2.47376527e-01 
 6.30957344e+01 -1.21391559e+01  2.47196436e-01 
 6.38263486e+01 -1.21456194e+01  2.47012556e-01 
 6.45654229e+01 -1.21522235e+01  2.46824818e-01 
 6.53130553e+01 -1.21589710e+01  2.46633149e-01 
 6.60693448e+01 -1.21658649e+01  2.46437477e-01 
 6.68343918e+01 -1.21729081e+01  2.46237729e-01 
 6.76082975e+01 -1.21801034e+01  2.46033831e-01 
 6.83911647e+01 -1.21874541e+01  2.45825706e-01 
 6.91830971e+01 -1.21949631e+01  2.45613280e-01 
 6.99841996e+01 -1.22026336e+01  2.45396475e-01 
 7.07945784e+01 -1.22104687e+01  2.45175214e-01 
 7.16143410e+01 -1.22184718e+01  2.44949417e-01 
 7.24435960e+01 -1.22266460e+01  2.44719006e-01 
 7.32824533e+01 -1.22349947e+01  2.44483900e-01 
 7.41310241e+01 -1.22435213e+01  2.44244018e-01 
 7.49894209e+01 -1.22522292e+01  2.43999278e-01 
 7.58577575e+01 -1.22611218e+01  2.43749598e-01 
 7.67361489e+01 -1.22702028e+01  2.43494894e-01 
 7.76247117e+01 -1.22794757e+01  2.43235082e-01 
 7.85235635e+01 -1.22889441e+01  2.42970078e-01 
 7.94328235e+01 -1.22986118e+01  2.42699797e-01 
 8.03526122e+01 -1.23084823e+01  2.42424151e-01 
 8.12830516e+01 -1.23185596e+01  2.42143056e-01 
 8.22242650e+01 -1.23288475e+01  2.41856423e-01 
 8.31763771e+01 -1.23393498e+01  2.41564165e-01 
 8.41395142e+01 -1.23500705e+01  2.41266194e-01 
 8.51138038e+01 -1.23610136e+01  2.40962421e-01 
 8.60993752e+01 -1.23721831e+01  2.40652758e-01 
 8.70963590e+01 -1.23835831e+01  2.40337115e-01 
 8.81048873e+01 -1.23952177e+01  2.40015403e-01 
 8.91250938e+01 -1.24070912e+01  2.39687531e-01 
 9.01571138e+01 -1.24192076e+01  2.39353410e-01 
 9.12010839e+01 -1.24315714e+01  2.39012948e-01 
 9.22571427e+01 -1.24441868e+01  2.38666057e-01 
 9.33254301e+01 -1.24570582e+01  2.38312645e-01 
 9.44060876e+01 -1.24701901e+01  2.37952623e-01 
 9.54992586e+01 -1.24835868e+01  2.37585898e-01 
 9.66050879e+01 -1.24972529e+01  2.37212383e-01 
 9.77237221e+01 -1.25111929e+01  2.36831985e-01 
 9.88553095e+01 -1.25254114e+01  2.36444616e-01 
 1.00000000e+02 -1.25399131e+01  2.36050186e-01 
 1.01157945e+02 -1.25547025e+01  2.35648605e-01 
 1.02329299e+02 -1.25697845e+01  2.35239786e-01 
 1.03514217e+02 -1.25851637e+01  2.34823640e-01 
 1.04712855e+02 -1.26008449e+01  2.34400080e-01 
 1.05925373e+02 -1.26168329e+01  2.33969018e-01 
 1.07151931e+02 -1.26331327e+01  2.33530370e-01 
 1.08392691e+02 -1.26497489e+01  2.33084049e-01 
 1.09647820e+02 -1.26666866e+01  2.32629973e-01 
 1.10917482e+02 -1.26839507e+01  2.32168057e-01 
 1.12201845e+02 -1.27015461e+01  2.31698220e-01 
 1.13501082e+02 -1.27194778e+01  2.31220380e-01 
 1.14815362e+02 -1.27377508e+01  2.30734460e-01 
 1.16144861e+02 -1.27563702e+01  2.30240379e-01 
 1.17489755e+02 -1.27753409e+01  2.29738064e-01 
 1.18850223e+02 -1.27946680e+01  2.29227437e-01 
 1.20226443e+02 -1.28143567e+01  2.28708427e-01 
 1.21618600e+02 -1.28344119e+01  2.28180962e-01 
 1.23026877e+02 -1.28548387e+01  2.27644972e-01 
 1.24451461e+02 -1.28756424e+01  2.27100391e-01 
 1.25892541e+02 -1.28968278e+01  2.26547152e-01 
 1.27350308e+02 -1.29184003e+01  2.25985194e-01 
 1.28824955e+02 -1.29403647e+01  2.25414456e-01 
 1.30316678e+02 -1.29627263e+01  2.24834878e-01 
 1.31825674e+02 -1.29854902e+01  2.24246407e-01 
 1.33352143e+02 -1.30086613e+01  2.23648988e-01 
 1.34896288e+02 -1.30322447e+01  2.23042572e-01 
 1.36458314e+02 -1.30562456e+01  2.22427111e-01 
 1.38038426e+02 -1.30806688e+01  2.21802562e-01 
 1.39636836e+02 -1.31055195e+01  2.21168883e-01 
 1.41253754e+02 -1.31308026e+01  2.20526035e-01 
 1.42889396e+02 -1.31565230e+01  2.19873985e-01 
 1.44543977e+02 -1.31826857e+01  2.19212702e-01 
 1.46217717e+02 -1.32092955e+01  2.18542156e-01 
 1.47910839e+02 -1.32363573e+01  2.17862326e-01 
 1.49623566e+02 -1.32638758e+01  2.17173189e-01 
 1.51356125e+02 -1.32918559e+01  2.16474730e-01 
 1.53108746e+02 -1.33203021e+01  2.15766936e-01 
 1.54881662e+02 -1.33492192e+01  2.15049798e-01 
 1.56675107e+02 -1.33786118e+01  2.14323312e-01 
 1.58489319e+02 -1.34084843e+01  2.13587477e-01 
 1.60324539e+02 -1.34388412e+01  2.12842298e-01 
 1.62181010e+02 -1.34696870e+01  2.12087782e-01 
 1.64058977e+02 -1.35010259e+01  2.11323942e-01 
 1.65958691e+02 -1.35328623e+01  2.10550795e-01 
 1.67880402e+02 -1.35652002e+01  2.09768364e-01 
 1.69824365e+02 -1.35980437e+01  2.08976674e-01 
 1.71790839e+02 -1.36313970e+01  2.08175756e-01 
 1.73780083e+02 -1.36652638e+01  2.07365647e-01 
 1.75792361e+02 -1.36996480e+01  2.06546386e-01 
 1.77827941e+02 -1.37345533e+01  2.05718019e-01 
 1.79887092e+02 -1.37699834e+01  2.04880596e-01 
 1.81970086e+02 -1.38059418e+01  2.04034172e-01 
 1.84077200e+02 -1.38424319e+01  2.03178807e-01 
 1.86208714e+02 -1.38794570e+01  2.02314566e-01 
 1.88364909e+02 -1.39170202e+01  2.01441519e-01 
 1.90546072e+02 -1.39551248e+01  2.00559741e-01 
 1.92752491e+02 -1.39937736e+01  1.99669311e-01 
 1.94984460e+02 -1.40329695e+01  1.98770314e-01 
 1.97242274e+02 -1.40727152e+01  1.97862840e-01 
 1.99526231e+02 -1.41130133e+01  1.96946984e-01 
 2.01836636e+02 -1.41538663e+01  1.96022844e-01 
 2.04173794e+02 -1.41952764e+01  1.95090526e-01 
 2.06538016e+02 -1.42372459e+01  1.94150138e-01 
 2.08929613e+02 -1.42797769e+01  1.93201794e-01 
 2.11348904e+02 -1.43228712e+01  1.92245613e-01 
 2.13796209e+02 -1.43665307e+01  1.91281718e-01 
 2.16271852e+02 -1.44107570e+01  1.90310237e-01 
 2.18776162e+02 -1.44555515e+01  1.89331303e-01 
 2.21309471e+02 -1.45009157e+01  1.88345052e-01 
 2.23872114e+02 -1.45468507e+01  1.87351626e-01 
 2.26464431e+02 -1.45933576e+01  1.86351169e-01 
 2.29086765e+02 -1.46404372e+01  1.85343833e-01 
 2.31739465e+02 -1.46880904e+01  1.84329769e-01 
 2.34422882e+02 -1.47363178e+01  1.83309137e-01 
 2.37137371e+02 -1.47851197e+01  1.82282097e-01 
 2.39883292e+02 -1.48344965e+01  1.81248815e-01 
 2.42661010e+02 -1.48844483e+01  1.80209459e-01 
 2.45470892e+02 -1.49349752e+01  1.79164202e-01 
 2.48313311e+02 -1.49860770e+01  1.78113218e-01 
 2.51188643e+02 -1.50377533e+01  1.77056688e-01 
 2.54097271e+02 -1.50900037e+01  1.75994792e-01 
 2.57039578e+02 -1.51428275e+01  1.74927715e-01 
 2.60015956e+02 -1.51962241e+01  1.73855645e-01 
 2.63026799e+02 -1.52501924e+01  1.72778770e-01 
 2.66072506e+02 -1.53047315e+01  1.71697284e-01 
 2.69153480e+02 -1.53598400e+01  1.70611381e-01 
 2.72270131e+02 -1.54155167e+01  1.69521256e-01 
 2.75422870e+02 -1.54717600e+01  1.68427110e-01 
 2.78612117e+02 -1.55285683e+01  1.67329142e-01 
 2.81838293e+02 -1.55859398e+01  1.66227552e-01 
 2.85101827e+02 -1.56438725e+01  1.65122546e-01 
 2.88403150e+02 -1.57023643e+01  1.64014326e-01 
 2.91742701e+02 -1.57614131e+01  1.62903098e-01 
 2.95120923e+02 -1.58210165e+01  1.61789069e-01 
 2.98538262e+02 -1.58811720e+01  1.60672444e-01 
 3.01995172e+02 -1.59418770e+01  1.59553433e-01 
 3.05492111e+02 -1.60031287e+01  1.58432240e-01 
 3.09029543e+02 -1.60649244e+01  1.57309076e-01 
 3.12607937e+02 -1.61272610e+01  1.56184147e-01 
 3.16227766e+02 -1.61901354e+01  1.55057661e-01 
 3.19889511e+02 -1.62535444e+01  1.53929826e-01 
 3.23593657e+02 -1.63174847e+01  1.52800848e-01 
 3.27340695e+02 -1.63819528e+01  1.51670933e-01 
 3.31131121e+02 -1.64469452e+01  1.50540287e-01 
 3.34965439e+02 -1.65124582e+01  1.49409113e-01 
 3.38844156e+02 -1.65784881e+01  1.48277615e-01 
 3.42767787e+02 -1.66450311e+01  1.47145995e-01 
 3.46736850e+02 -1.67120831e+01  1.46014453e-01 
 3.50751874e+02 -1.67796402e+01  1.44883187e-01 
 3.54813389e+02 -1.68476982e+01  1.43752395e-01 
 3.58921935e+02 -1.69162530e+01  1.42622272e-01 
 3.63078055e+02 -1.69853003e+01  1.41493011e-01 
 3.67282300e+02 -1.70548356e+01  1.40364802e-01 
 3.71535229e+02 -1.71248547e+01  1.39237837e-01 
 3.75837404e+02 -1.71953529e+01  1.38112299e-01 
 3.80189396e+02 -1.72663258e+01  1.36988374e-01 
 3.84591782e+02 -1.73377686e+01  1.35866244e-01 
 3.89045145e+02 -1.74096768e+01  1.34746086e-01 
 3.93550075e+02 -1.74820456e+01  1.33628077e-01 
 3.98107171e+02 -1.75548702e+01  1.32512391e-01 
 4.02717034e+02 -1.76281458e+01  1.31399197e-01 
 4.07380278e+02 -1.77018674e+01  1.30288663e-01 
 4.12097519e+02 -1.77760303e+01  1.29180953e-01 
 4.16869383e+02 -1.78506294e+01  1.28076229e-01 
 4.21696503e+02 -1.79256597e+01  1.26974647e-01 
 4.26579519e+02 -1.80011163e+01  1.25876363e-01 
 4.31519077e+02 -1.80769940e+01  1.24781528e-01 
 4.36515832e+02 -1.81532879e+01  1.23690290e-01 
 4.41570447e+02 -1.82299927e+01  1.22602793e-01 
 4.46683592e+02 -1.83071035e+01  1.21519178e-01 
 4.51855944e+02 -1.83846151e+01  1.20439584e-01 
 4.57088190e+02 -1.84625223e+01  1.19364143e-01 
 4.62381021e+02 -1.85408201e+01  1.18292986e-01 
 4.67735141e+02 -1.86195032e+01  1.17226241e-01 
 4.73151259e+02 -1.86985666e+01  1.16164030e-01 
 4.78630092e+02 -1.87780050e+01  1.15106474e-01 
 4.84172368e+02 -1.88578133e+01  1.14053688e-01 
 4.89778819e+02 -1.89379864e+01  1.13005786e-01 
 4.95450191e+02 -1.90185192e+01  1.11962875e-01 
 5.01187234e+02 -1.90994064e+01  1.10925062e-01 
 5.06990708e+02 -1.91806431e+01  1.09892447e-01 
 5.12861384e+02 -1.92622240e+01  1.08865131e-01 
 5.18800039e+02 -1.93441442e+01  1.07843206e-01 
 5.24807460e+02 -1.94263985e+01  1.06826765e-01 
 5.30884444e+02 -1.95089818e+01  1.05815895e-01 
 5.37031796e+02 -1.95918893e+01  1.04810680e-01 
 5.43250331e+02 -1.96751158e+01  1.03811200e-01 
 5.49540874e+02 -1.97586564e+01  1.02817533e-01 
 5.55904257e+02 -1.98425061e+01  1.01829754e-01 
 5.62341325e+02 -1.99266601e+01  1.00847932e-01 
 5.68852931e+02 -2.00111134e+01  9.98721337e-02 
 5.75439937e+02 -2.00958612e+01  9.89024244e-02 
 5.82103218e+02 -2.01808987e+01  9.79388644e-02 
 5.88843655e+02 -2.02662211e+01  9.69815108e-02 
 5.95662144e+02 -2.03518236e+01  9.60304182e-02 
 6.02559586e+02 -2.04377015e+01  9.50856380e-02 
 6.09536897e+02 -2.05238502e+01  9.41472179e-02 
 6.16595002e+02 -2.06102650e+01  9.32152036e-02 
 6.23734835e+02 -2.06969413e+01  9.22896367e-02 
 6.30957344e+02 -2.07838745e+01  9.13705572e-02 
 6.38263486e+02 -2.08710603e+01  9.04580011e-02 
 6.45654229e+02 -2.09584940e+01  8.95520021e-02 
 6.53130553e+02 -2.10461713e+01  8.86525914e-02 
 6.60693448e+02 -2.11340878e+01  8.77597971e-02 
 6.68343918e+02 -2.12222391e+01  8.68736449e-02 
 6.76082975e+02 -2.13106211e+01  8.59941577e-02 
 6.83911647e+02 -2.13992293e+01  8.51213561e-02 
 6.91830971e+02 -2.14880597e+01  8.42552584e-02 
 6.99841996e+02 -2.15771081e+01  8.33958801e-02 
 7.07945784e+02 -2.16663703e+01  8.25432347e-02 
 7.16143410e+02 -2.17558424e+01  8.16973331e-02 
 7.24435960e+02 -2.18455203e+01  8.08581845e-02 
 7.32824533e+02 -2.19354000e+01  8.00257951e-02 
 7.41310241e+02 -2.20254778e+01  7.92001697e-02 
 7.49894209e+02 -2.21157496e+01  7.83813108e-02 
 7.58577575e+02 -2.22062116e+01  7.75692191e-02 
 7.67361489e+02 -2.22968602e+01  7.67638929e-02 
 7.76247117e+02 -2.23876915e+01  7.59653290e-02 
 7.85235635e+02 -2.24787020e+01  7.51735225e-02 
 7.94328235e+02 -2.25698879e+01  7.43884661e-02 
 8.03526122e+02 -2.26612458e+01  7.36101515e-02 
 8.12830516e+02 -2.27527720e+01  7.28385683e-02 
 8.22242650e+02 -2.28444631e+01  7.20737045e-02 
 8.31763771e+02 -2.29363157e+01  7.13155466e-02 
 8.41395142e+02 -2.30283263e+01  7.05640799e-02 
 8.51138038e+02 -2.31204917e+01  6.98192878e-02 
 8.60993752e+02 -2.32128085e+01  6.90811525e-02 
 8.70963590e+02 -2.33052735e+01  6.83496548e-02 
 8.81048873e+02 -2.33978834e+01  6.76247741e-02 
 8.91250938e+02 -2.34906352e+01  6.69064890e-02 
 9.01571138e+02 -2.35835257e+01  6.61947761e-02 
 9.12010839e+02 -2.36765517e+01  6.54896114e-02 
 9.22571427e+02 -2.37697104e+01  6.47909698e-02 
 9.33254301e+02 -2.38629987e+01  6.40988247e-02 
 9.44060876e+02 -2.39564136e+01  6.34131491e-02 
 9.54992586e+02 -2.40499523e+01  6.27339143e-02 
 9.66050879e+02 -2.41436119e+01  6.20610912e-02 
 9.77237221e+02 -2.42373895e+01  6.13946496e-02 
 9.88553095e+02 -2.43312825e+01  6.07345583e-02 
 1.00000000e+03 -2.44252880e+01  6.00807855e-02 
 1.01157945e+03 -2.45194033e+01  5.94332985e-02 
 1.02329299e+03 -2.46136259e+01  5.87920639e-02 
 1.03514217e+03 -2.47079530e+01  5.81570476e-02 
 1.04712855e+03 -2.48023821e+01  5.75282146e-02 
 1.05925373e+03 -2.48969106e+01  5.69055296e-02 
 1.07151931e+03 -2.49915361e+01  5.62889563e-02 
 1.08392691e+03 -2.50862559e+01  5.56784584e-02 
 1.09647820e+03 -2.51810678e+01  5.50739986e-02 
 1.10917482e+03 -2.52759693e+01  5.44755390e-02 
 1.12201845e+03 -2.53709580e+01  5.38830415e-02 
 1.13501082e+03 -2.54660315e+01  5.32964676e-02 
 1.14815362e+03 -2.55611876e+01  5.27157782e-02 
 1.16144861e+03 -2.56564239e+01  5.21409337e-02 
 1.17489755e+03 -2.57517383e+01  5.15718945e-02 
 1.18850223e+03 -2.58471285e+01  5.10086202e-02 
 1.20226443e+03 -2.59425923e+01  5.04510706e-02 
 1.21618600e+03 -2.60381275e+01  4.98992048e-02 
 1.23026877e+03 -2.61337321e+01  4.93529818e-02 
 1.24451461e+03 -2.62294038e+01  4.88123604e-02 
 1.25892541e+03 -2.63251407e+01  4.82772989e-02 
 1.27350308e+03 -2.64209407e+01  4.77477559e-02 
 1.28824955e+03 -2.65168018e+01  4.72236892e-02 
 1.30316678e+03 -2.66127218e+01  4.67050572e-02 
 1.31825674e+03 -2.67086990e+01  4.61918175e-02 
 1.33352143e+03 -2.68047312e+01  4.56839279e-02 
 1.34896288e+03 -2.69008167e+01  4.51813462e-02 
 1.36458314e+03 -2.69969534e+01  4.46840297e-02 
 1.38038426e+03 -2.70931394e+01  4.41919360e-02 
 1.39636836e+03 -2.71893730e+01  4.37050227e-02 
 1.41253754e+03 -2.72856522e+01  4.32232470e-02 
 1.42889396e+03 -2.73819753e+01  4.27465665e-02 
 1.44543977e+03 -2.74783403e+01  4.22749386e-02 
 1.46217717e+03 -2.75747455e+01  4.18083206e-02 
 1.47910839e+03 -2.76711892e+01  4.13466702e-02 
 1.49623566e+03 -2.77676695e+01  4.08899447e-02 
 1.51356125e+03 -2.78641847e+01  4.04381019e-02 
 1.53108746e+03 -2.79607332e+01  3.99910992e-02 
 1.54881662e+03 -2.80573130e+01  3.95488946e-02 
 1.56675107e+03 -2.81539226e+01  3.91114456e-02 
 1.58489319e+03 -2.82505603e+01  3.86787103e-02 
 1.60324539e+03 -2.83472244e+01  3.82506467e-02 
 1.62181010e+03 -2.84439131e+01  3.78272130e-02 
 1.64058977e+03 -2.85406249e+01  3.74083675e-02 
 1.65958691e+03 -2.86373581e+01  3.69940686e-02 
 1.67880402e+03 -2.87341110e+01  3.65842748e-02 
 1.69824365e+03 -2.88308820e+01  3.61789451e-02 
 1.71790839e+03 -2.89276695e+01  3.57780381e-02 
 1.73780083e+03 -2.90244720e+01  3.53815132e-02 
 1.75792361e+03 -2.91212876e+01  3.49893295e-02 
 1.77827941e+03 -2.92181149e+01  3.46014465e-02 
 1.79887092e+03 -2.93149523e+01  3.42178238e-02 
 1.81970086e+03 -2.94117981e+01  3.38384214e-02 
 1.84077200e+03 -2.95086508e+01  3.34631993e-02 
 1.86208714e+03 -2.96055088e+01  3.30921179e-02 
 1.88364909e+03 -2.97023704e+01  3.27251375e-02 
 1.90546072e+03 -2.97992341e+01  3.23622190e-02 
 1.92752491e+03 -2.98960984e+01  3.20033234e-02 
 1.94984460e+03 -2.99929616e+01  3.16484118e-02 
 1.97242274e+03 -3.00898221e+01  3.12974457e-02 
 1.99526231e+03 -3.01866784e+01  3.09503868e-02 
 2.01836636e+03 -3.02835288e+01  3.06071970e-02 
 2.04173794e+03 -3.03803719e+01  3.02678384e-02 
 2.06538016e+03 -3.04772058e+01  2.99322737e-02 
 2.08929613e+03 -3.05740292e+01  2.96004653e-02 
 2.11348904e+03 -3.06708404e+01  2.92723763e-02 
 2.13796209e+03 -3.07676377e+01  2.89479700e-02 
 2.16271852e+03 -3.08644196e+01  2.86272097e-02 
 2.18776162e+03 -3.09611845e+01  2.83100592e-02 
 2.21309471e+03 -3.10579306e+01  2.79964825e-02 
 2.23872114e+03 -3.11546564e+01  2.76864442e-02 
 2.26464431e+03 -3.12513602e+01  2.73799083e-02 
 2.29086765e+03 -3.13480404e+01  2.70768400e-02 
 2.31739465e+03 -3.14446953e+01  2.67772044e-02 
 2.34422882e+03 -3.15413233e+01  2.64809667e-02 
 2.37137371e+03 -3.16379226e+01  2.61880927e-02 
 2.39883292e+03 -3.17344916e+01  2.58985483e-02 
 2.42661010e+03 -3.18310285e+01  2.56122998e-02 
 2.45470892e+03 -3.19275316e+01  2.53293137e-02 
 2.48313311e+03 -3.20239991e+01  2.50495566e-02 
 2.51188643e+03 -3.21204294e+01  2.47729957e-02 
 2.54097271e+03 -3.22168207e+01  2.44995984e-02 
 2.57039578e+03 -3.23131711e+01  2.42293322e-02 
 2.60015956e+03 -3.24094789e+01  2.39621651e-02 
 2.63026799e+03 -3.25057422e+01  2.36980652e-02 
 2.66072506e+03 -3.26019592e+01  2.34370010e-02 
 2.69153480e+03 -3.26981281e+01  2.31789413e-02 
 2.72270131e+03 -3.27942469e+01  2.29238551e-02 
 2.75422870e+03 -3.28903138e+01  2.26717118e-02 
 2.78612117e+03 -3.29863268e+01  2.24224807e-02 
 2.81838293e+03 -3.30822840e+01  2.21761321e-02 
 2.85101827e+03 -3.31781835e+01  2.19326357e-02 
 2.88403150e+03 -3.32740232e+01  2.16919622e-02 
 2.91742701e+03 -3.33698011e+01  2.14540823e-02 
 2.95120923e+03 -3.34655153e+01  2.12189669e-02 
 2.98538262e+03 -3.35611636e+01  2.09865872e-02 
 3.01995172e+03 -3.36567439e+01  2.07569149e-02 
 3.05492111e+03 -3.37522542e+01  2.05299216e-02 
 3.09029543e+03 -3.38476922e+01  2.03055795e-02 
 3.12607937e+03 -3.39430559e+01  2.00838609e-02 
 3.16227766e+03 -3.40383430e+01  1.98647384e-02 
 3.19889511e+03 -3.41335513e+01  1.96481849e-02 
 3.23593657e+03 -3.42286785e+01  1.94341736e-02 
 3.27340695e+03 -3.43237223e+01  1.92226777e-02 
 3.31131121e+03 -3.44186804e+01  1.90136711e-02 
 3.34965439e+03 -3.45135506e+01  1.88071276e-02 
 3.38844156e+03 -3.46083302e+01  1.86030215e-02 
 3.42767787e+03 -3.47030171e+01  1.84013271e-02 
 3.46736850e+03 -3.47976086e+01  1.82020193e-02 
 3.50751874e+03 -3.48921023e+01  1.80050729e-02 
 3.54813389e+03 -3.49864957e+01  1.78104632e-02 
 3.58921935e+03 -3.50807862e+01  1.76181657e-02 
 3.63078055e+03 -3.51749712e+01  1.74281560e-02 
 3.67282300e+03 -3.52690481e+01  1.72404102e-02 
 3.71535229e+03 -3.53630142e+01  1.70549045e-02 
 3.75837404e+03 -3.54568667e+01  1.68716152e-02 
 3.80189396e+03 -3.55506030e+01  1.66905192e-02 
 3.84591782e+03 -3.56442203e+01  1.65115934e-02 
 3.89045145e+03 -3.57377156e+01  1.63348150e-02 
 3.93550075e+03 -3.58310861e+01  1.61601614e-02 
 3.98107171e+03 -3.59243290e+01  1.59876102e-02 
 4.02717034e+03 -3.60174412e+01  1.58171393e-02 
 4.07380278e+03 -3.61104197e+01  1.56487270e-02 
 4.12097519e+03 -3.62032616e+01  1.54823514e-02 
 4.16869383e+03 -3.62959636e+01  1.53179913e-02 
 4.21696503e+03 -3.63885228e+01  1.51556253e-02 
 4.26579519e+03 -3.64809358e+01  1.49952327e-02 
 4.31519077e+03 -3.65731995e+01  1.48367925e-02 
 4.36515832e+03 -3.66653107e+01  1.46802843e-02 
 4.41570447e+03 -3.67572659e+01  1.45256878e-02 
 4.46683592e+03 -3.68490619e+01  1.43729828e-02 
 4.51855944e+03 -3.69406952e+01  1.42221495e-02 
 4.57088190e+03 -3.70321624e+01  1.40731683e-02 
 4.62381021e+03 -3.71234599e+01  1.39260196e-02 
 4.67735141e+03 -3.72145843e+01  1.37806843e-02 
 4.73151259e+03 -3.73055320e+01  1.36371432e-02 
 4.78630092e+03 -3.73962992e+01  1.34953775e-02 
 4.84172368e+03 -3.74868824e+01  1.33553687e-02 
 4.89778819e+03 -3.75772777e+01  1.32170981e-02 
 4.95450191e+03 -3.76674814e+01  1.30805477e-02 
 5.01187234e+03 -3.77574897e+01  1.29456993e-02 
 5.06990708e+03 -3.78472986e+01  1.28125351e-02 
 5.12861384e+03 -3.79369043e+01  1.26810374e-02 
 5.18800039e+03 -3.80263028e+01  1.25511888e-02 
 5.24807460e+03 -3.81154900e+01  1.24229718e-02 
 5.30884444e+03 -3.82044619e+01  1.22963695e-02 
 5.37031796e+03 -3.82932143e+01  1.21713649e-02 
 5.43250331e+03 -3.83817432e+01  1.20479413e-02 
 5.49540874e+03 -3.84700442e+01  1.19260820e-02 
 5.55904257e+03 -3.85581131e+01  1.18057707e-02 
 5.62341325e+03 -3.86459457e+01  1.16869912e-02 
 5.68852931e+03 -3.87335375e+01  1.15697274e-02 
 5.75439937e+03 -3.88208842e+01  1.14539634e-02 
 5.82103218e+03 -3.89079813e+01  1.13396836e-02 
 5.88843655e+03 -3.89948244e+01  1.12268723e-02 
 5.95662144e+03 -3.90814089e+01  1.11155142e-02 
 6.02559586e+03 -3.91677302e+01  1.10055940e-02 
 6.09536897e+03 -3.92537839e+01  1.08970967e-02 
 6.16595002e+03 -3.93395651e+01  1.07900075e-02 
 6.23734835e+03 -3.94250693e+01  1.06843114e-02 
 6.30957344e+03 -3.95102916e+01  1.05799940e-02 
 6.38263486e+03 -3.95952274e+01  1.04770407e-02 
 6.45654229e+03 -3.96798718e+01  1.03754373e-02 
 6.53130553e+03 -3.97642200e+01  1.02751697e-02 
 6.60693448e+03 -3.98482671e+01  1.01762237e-02 
 6.68343918e+03 -3.99320083e+01  1.00785855e-02 
 6.76082975e+03 -4.00154385e+01  9.98224150e-03 
 6.83911647e+03 -4.00985530e+01  9.88717794e-03 
 6.91830971e+03 -4.01813466e+01  9.79338143e-03 
 6.99841996e+03 -4.02638144e+01  9.70083864e-03 
 7.07945784e+03 -4.03459513e+01  9.60953639e-03 
 7.16143410e+03 -4.04277523e+01  9.51946161e-03 
 7.24435960e+03 -4.05092122e+01  9.43060137e-03 
 7.32824533e+03 -4.05903261e+01  9.34294286e-03 
 7.41310241e+03 -4.06710888e+01  9.25647342e-03 
 7.49894209e+03 -4.07514952e+01  9.17118046e-03 
 7.58577575e+03 -4.08315401e+01  9.08705158e-03 
 7.67361489e+03 -4.09112185e+01  9.00407444e-03 
 7.76247117e+03 -4.09905251e+01  8.92223683e-03 
 7.85235635e+03 -4.10694548e+01  8.84152666e-03 
 7.94328235e+03 -4.11480025e+01  8.76193197e-03 
 8.03526122e+03 -4.12261629e+01  8.68344090e-03 
 8.12830516e+03 -4.13039311e+01  8.60604172e-03 
 8.22242650e+03 -4.13813017e+01  8.52972272e-03 
 8.31763771e+03 -4.14582698e+01  8.45447238e-03 
 8.41395142e+03 -4.15348302e+01  8.38027927e-03 
 8.51138038e+03 -4.16109777e+01  8.30713206e-03 
 8.60993752e+03 -4.16867073e+01  8.23501953e-03 
 8.70963590e+03 -4.17620140e+01  8.16393052e-03 
 8.81048873e+03 -4.18368926e+01  8.09385403e-03 
 8.91250938e+03 -4.19113383e+01  8.02477907e-03 
 9.01571138e+03 -4.19853460e+01  7.95669482e-03 
 9.12010839e+03 -4.20589107e+01  7.88959053e-03 
 9.22571427e+03 -4.21320276e+01  7.82345554e-03 
 9.33254301e+03 -4.22046919e+01  7.75827925e-03 
 9.44060876e+03 -4.22768986e+01  7.69405117e-03 
 9.54992586e+03 -4.23486431e+01  7.63076093e-03 
 9.66050879e+03 -4.24199205e+01  7.56839820e-03 
 9.77237221e+03 -4.24907263e+01  7.50695278e-03 
 9.88553095e+03 -4.25610559e+01  7.44641445e-03 
 1.00000000e+04 -4.26309047e+01  7.38677320e-03 
 1.01157945e+04 -4.27002683e+01  7.32801901e-03 
 1.02329299e+04 -4.27691421e+01  7.27014199e-03 
 1.03514217e+04 -4.28375220e+01  7.21313230e-03 
 1.04712855e+04 -4.29054037e+01  7.15698018e-03 
 1.05925373e+04 -4.29727830e+01  7.10167596e-03 
 1.07151931e+04 -4.30396557e+01  7.04721004e-03 
 1.08392691e+04 -4.31060180e+01  6.99357283e-03 
 1.09647820e+04 -4.31718658e+01  6.94075491e-03 
 1.10917482e+04 -4.32371955e+01  6.88874687e-03 
 1.12201845e+04 -4.33020032e+01  6.83753938e-03 
 1.13501082e+04 -4.33662854e+01  6.78712319e-03 
 1.14815362e+04 -4.34300385e+01  6.73748911e-03 
 1.16144861e+04 -4.34932591e+01  6.68862804e-03 
 1.17489755e+04 -4.35559440e+01  6.64053087e-03 
 1.18850223e+04 -4.36180900e+01  6.59318864e-03 
 1.20226443e+04 -4.36796940e+01  6.54659239e-03 
 1.21618600e+04 -4.37407530e+01  6.50073330e-03 
 1.23026877e+04 -4.38012643e+01  6.45560254e-03 
 1.24451461e+04 -4.38612252e+01  6.41119138e-03 
 1.25892541e+04 -4.39206330e+01  6.36749113e-03 
 1.27350308e+04 -4.39794855e+01  6.32449316e-03 
 1.28824955e+04 -4.40377801e+01  6.28218893e-03 
 1.30316678e+04 -4.40955149e+01  6.24056993e-03 
 1.31825674e+04 -4.41526877e+01  6.19962774e-03 
 1.33352143e+04 -4.42092968e+01  6.15935396e-03 
 1.34896288e+04 -4.42653402e+01  6.11974027e-03 
 1.36458314e+04 -4.43208165e+01  6.08077839e-03 
 1.38038426e+04 -4.43757241e+01  6.04246013e-03 
 1.39636836e+04 -4.44300618e+01  6.00477737e-03 
 1.41253754e+04 -4.44838284e+01  5.96772195e-03 
 1.42889396e+04 -4.45370229e+01  5.93128588e-03 
 1.44543977e+04 -4.45896443e+01  5.89546117e-03 
 1.46217717e+04 -4.46416921e+01  5.86023990e-03 
 1.47910839e+04 -4.46931656e+01  5.82561422e-03 
 1.49623566e+04 -4.47440644e+01  5.79157629e-03 
 1.51356125e+04 -4.47943882e+01  5.75811836e-03 
 1.53108746e+04 -4.48441370e+01  5.72523277e-03 
 1.54881662e+04 -4.48933109e+01  5.69291182e-03 
 1.56675107e+04 -4.49419099e+01  5.66114797e-03 
 1.58489319e+04 -4.49899344e+01  5.62993366e-03 
 1.60324539e+04 -4.50373850e+01  5.59926147e-03 
 1.62181010e+04 -4.50842624e+01  5.56912392e-03 
 1.64058977e+04 -4.51305672e+01  5.53951368e-03 
 1.65958691e+04 -4.51763005e+01  5.51042346e-03 
 1.67880402e+04 -4.52214634e+01  5.48184599e-03 
 1.69824365e+04 -4.52660571e+01  5.45377408e-03 
 1.71790839e+04 -4.53100831e+01  5.42620061e-03 
 1.73780083e+04 -4.53535428e+01  5.39911850e-03 
 1.75792361e+04 -4.53964380e+01  5.37252072e-03 
 1.77827941e+04 -4.54387705e+01  5.34640033e-03 
 1.79887092e+04 -4.54805423e+01  5.32075041e-03 
 1.81970086e+04 -4.55217554e+01  5.29556410e-03 
 1.84077200e+04 -4.55624122e+01  5.27083465e-03 
 1.86208714e+04 -4.56025149e+01  5.24655530e-03 
 1.88364909e+04 -4.56420661e+01  5.22271939e-03 
 1.90546072e+04 -4.56810685e+01  5.19932031e-03 
 1.92752491e+04 -4.57195248e+01  5.17635149e-03 
 1.94984460e+04 -4.57574379e+01  5.15380645e-03 
 1.97242274e+04 -4.57948108e+01  5.13167875e-03 
 1.99526231e+04 -4.58316465e+01  5.10996203e-03 
 2.01836636e+04 -4.58679485e+01  5.08864995e-03 
 2.04173794e+04 -4.59037199e+01  5.06773628e-03 
 2.06538016e+04 -4.59389643e+01  5.04721480e-03 
 2.08929613e+04 -4.59736851e+01  5.02707939e-03 
 2.11348904e+04 -4.60078862e+01  5.00732397e-03 
 2.13796209e+04 -4.60415712e+01  4.98794254e-03 
 2.16271852e+04 -4.60747439e+01  4.96892913e-03 
 2.18776162e+04 -4.61074085e+01  4.95027787e-03 
 2.21309471e+04 -4.61395687e+01  4.93198291e-03 
 2.23872114e+04 -4.61712289e+01  4.91403850e-03 
 2.26464431e+04 -4.62023931e+01  4.89643893e-03 
 2.29086765e+04 -4.62330658e+01  4.87917855e-03 
 2.31739465e+04 -4.62632511e+01  4.86225179e-03 
 2.34422882e+04 -4.62929536e+01  4.84565312e-03 
 2.37137371e+04 -4.63221776e+01  4.82937709e-03 
 2.39883292e+04 -4.63509279e+01  4.81341831e-03 
 2.42661010e+04 -4.63792089e+01  4.79777143e-03 
 2.45470892e+04 -4.64070254e+01  4.78243119e-03 
 2.48313311e+04 -4.64343820e+01  4.76739239e-03 
 2.51188643e+04 -4.64612836e+01  4.75264987e-03 
 2.54097271e+04 -4.64877349e+01  4.73819857e-03 
 2.57039578e+04 -4.65137407e+01  4.72403345e-03 
 2.60015956e+04 -4.65393061e+01  4.71014955e-03 
 2.63026799e+04 -4.65644358e+01  4.69654199e-03 
 2.66072506e+04 -4.65891349e+01  4.68320593e-03 
 2.69153480e+04 -4.66134083e+01  4.67013660e-03 
 2.72270131e+04 -4.66372611e+01  4.65732928e-03 
 2.75422870e+04 -4.66606983e+01  4.64477933e-03 
 2.78612117e+04 -4.66837249e+01  4.63248216e-03 
 2.81838293e+04 -4.67063460e+01  4.62043326e-03 
 2.85101827e+04 -4.67285666e+01  4.60862815e-03 
 2.88403150e+04 -4.67503920e+01  4.59706244e-03 
 2.91742701e+04 -4.67718270e+01  4.58573177e-03 
 2.95120923e+04 -4.67928769e+01  4.57463188e-03 
 2.98538262e+04 -4.68135468e+01  4.56375855e-03 
 3.01995172e+04 -4.68338417e+01  4.55310760e-03 
 3.05492111e+04 -4.68537668e+01  4.54267495e-03 
 3.09029543e+04 -4.68733270e+01  4.53245655e-03 
 3.12607937e+04 -4.68925276e+01  4.52244841e-03 
 3.16227766e+04 -4.69113735e+01  4.51264663e-03 
 3.19889511e+04 -4.69298698e+01  4.50304733e-03 
 3.23593657e+04 -4.69480215e+01  4.49364670e-03 
 3.27340695e+04 -4.69658337e+01  4.48444099e-03 
 3.31131121e+04 -4.69833114e+01  4.47542652e-03 
 3.34965439e+04 -4.70004594e+01  4.46659966e-03 
 3.38844156e+04 -4.70172829e+01  4.45795681e-03 
 3.42767787e+04 -4.70337866e+01  4.44949447e-03 
 3.46736850e+04 -4.70499755e+01  4.44120916e-03 
 3.50751874e+04 -4.70658544e+01  4.43309747e-03 
 3.54813389e+04 -4.70814282e+01  4.42515606e-03 
 3.58921935e+04 -4.70967016e+01  4.41738160e-03 
 3.63078055e+04 -4.71116795e+01  4.40977086e-03 
 3.67282300e+04 -4.71263666e+01  4.40232065e-03 
 3.71535229e+04 -4.71407675e+01  4.39502781e-03 
 3.75837404e+04 -4.71548868e+01  4.38788925e-03 
 3.80189396e+04 -4.71687293e+01  4.38090194e-03 
 3.84591782e+04 -4.71822995e+01  4.37406290e-03 
 3.89045145e+04 -4.71956019e+01  4.36736918e-03 
 3.93550075e+04 -4.72086410e+01  4.36081789e-03 
 3.98107171e+04 -4.72214212e+01  4.35440620e-03 
 4.02717034e+04 -4.72339470e+01  4.34813132e-03 
 4.07380278e+04 -4.72462226e+01  4.34199052e-03 
 4.12097519e+04 -4.72582524e+01  4.33598108e-03 
 4.16869383e+04 -4.72700407e+01  4.33010038e-03 
 4.21696503e+04 -4.72815917e+01  4.32434582e-03 
 4.26579519e+04 -4.72929094e+01  4.31871483e-03 
 4.31519077e+04 -4.73039982e+01  4.31320492e-03 
 4.36515832e+04 -4.73148619e+01  4.30781363e-03 
 4.41570447e+04 -4.73255047e+01  4.30253852e-03 
 4.46683592e+04 -4.73359304e+01  4.29737724e-03 
 4.51855944e+04 -4.73461431e+01  4.29232745e-03 
 4.57088190e+04 -4.73561465e+01  4.28738686e-03 
 4.62381021e+04 -4.73659446e+01  4.28255323e-03 
 4.67735141e+04 -4.73755410e+01  4.27782436e-03 
 4.73151259e+04 -4.73849395e+01  4.27319807e-03 
 4.78630092e+04 -4.73941438e+01  4.26867225e-03 
 4.84172368e+04 -4.74031574e+01  4.26424482e-03 
 4.89778819e+04 -4.74119839e+01  4.25991373e-03 
 4.95450191e+04 -4.74206269e+01  4.25567697e-03 
 5.01187234e+04 -4.74290898e+01  4.25153258e-03 
 5.06990708e+04 -4.74373760e+01  4.24747862e-03 
 5.12861384e+04 -4.74454888e+01  4.24351321e-03 
 5.18800039e+04 -4.74534317e+01  4.23963449e-03 
 5.24807460e+04 -4.74612077e+01  4.23584064e-03 
 5.30884444e+04 -4.74688203e+01  4.23212987e-03 
 5.37031796e+04 -4.74762724e+01  4.22850042e-03 
 5.43250331e+04 -4.74835673e+01  4.22495059e-03 
 5.49540874e+04 -4.74907080e+01  4.22147870e-03 
 5.55904257e+04 -4.74976974e+01  4.21808307e-03 
 5.62341325e+04 -4.75045386e+01  4.21476212e-03 
 5.68852931e+04 -4.75112345e+01  4.21151424e-03 
 5.75439937e+04 -4.75177880e+01  4.20833787e-03 
 5.82103218e+04 -4.75242018e+01  4.20523151e-03 
 5.88843655e+04 -4.75304788e+01  4.20219365e-03 
 5.95662144e+04 -4.75366216e+01  4.19922283e-03 
 6.02559586e+04 -4.75426330e+01  4.19631761e-03 
 6.09536897e+04 -4.75485155e+01  4.19347659e-03 
 6.16595002e+04 -4.75542719e+01  4.19069840e-03 
 6.23734835e+04 -4.75599045e+01  4.18798168e-03 
 6.30957344e+04 -4.75654160e+01  4.18532512e-03 
 6.38263486e+04 -4.75708088e+01  4.18272740e-03 
 6.45654229e+04 -4.75760852e+01  4.18018728e-03 
 6.53130553e+04 -4.75812477e+01  4.17770350e-03 
 6.60693448e+04 -4.75862986e+01  4.17527485e-03 
 6.68343918e+04 -4.75912402e+01  4.17290014e-03 
 6.76082975e+04 -4.75960746e+01  4.17057819e-03 
 6.83911647e+04 -4.76008042e+01  4.16830787e-03 
 6.91830971e+04 -4.76054311e+01  4.16608805e-03 
 6.99841996e+04 -4.76099574e+01  4.16391763e-03 
 7.07945784e+04 -4.76143852e+01  4.16179555e-03 
 7.16143410e+04 -4.76187165e+01  4.15972074e-03 
 7.24435960e+04 -4.76229533e+01  4.15769219e-03 
 7.32824533e+04 -4.76270977e+01  4.15570888e-03 
 7.41310241e+04 -4.76311515e+01  4.15376982e-03 
 7.49894209e+04 -4.76351166e+01  4.15187404e-03 
 7.58577575e+04 -4.76389949e+01  4.15002061e-03 
 7.67361489e+04 -4.76427883e+01  4.14820860e-03 
 7.76247117e+04 -4.76464984e+01  4.14643709e-03 
 7.85235635e+04 -4.76501271e+01  4.14470519e-03 
 7.94328235e+04 -4.76536761e+01  4.14301205e-03 
 8.03526122e+04 -4.76571470e+01  4.14135681e-03 
 8.12830516e+04 -4.76605415e+01  4.13973864e-03 
 8.22242650e+04 -4.76638613e+01  4.13815671e-03 
 8.31763771e+04 -4.76671079e+01  4.13661024e-03 
 8.41395142e+04 -4.76702829e+01  4.13509845e-03 
 8.51138038e+04 -4.76733878e+01  4.13362056e-03 
 8.60993752e+04 -4.76764241e+01  4.13217584e-03 
 8.70963590e+04 -4.76793933e+01  4.13076354e-03 
 8.81048873e+04 -4.76822968e+01  4.12938296e-03 
 8.91250938e+04 -4.76851360e+01  4.12803340e-03 
 9.01571138e+04 -4.76879122e+01  4.12671416e-03 
 9.12010839e+04 -4.76906270e+01  4.12542458e-03 
 9.22571427e+04 -4.76932814e+01  4.12416401e-03 
 9.33254301e+04 -4.76958770e+01  4.12293179e-03 
 9.44060876e+04 -4.76984149e+01  4.12172730e-03 
 9.54992586e+04 -4.77008964e+01  4.12054993e-03 
 9.66050879e+04 -4.77033226e+01  4.11939908e-03 
 9.77237221e+04 -4.77056949e+01  4.11827416e-03 
 9.88553095e+04 -4.77080143e+01  4.11717458e-03 
 1.00000000e+05 -4.77102821e+01  4.11609980e-03 
 1.01157945e+05 -4.77124992e+01  4.11504925e-03 
 1.02329299e+05 -4.77146669e+01  4.11402241e-03 
 1.03514217e+05 -4.77167862e+01  4.11301873e-03 
 1.04712855e+05 -4.77188582e+01  4.11203772e-03 
 1.05925373e+05 -4.77208839e+01  4.11107886e-03 
 1.07151931e+05 -4.77228642e+01  4.11014166e-03 
 1.08392691e+05 -4.77248002e+01  4.10922563e-03 
 1.09647820e+05 -4.77266929e+01  4.10833032e-03 
 1.10917482e+05 -4.77285432e+01  4.10745525e-03 
 1.12201845e+05 -4.77303520e+01  4.10659997e-03 
 1.13501082e+05 -4.77321203e+01  4.10576405e-03 
 1.14815362e+05 -4.77338488e+01  4.10494704e-03 
 1.16144861e+05 -4.77355386e+01  4.10414854e-03 
 1.17489755e+05 -4.77371904e+01  4.10336813e-03 
 1.18850223e+05 -4.77388051e+01  4.10260539e-03 
 1.20226443e+05 -4.77403834e+01  4.10185995e-03 
 1.21618600e+05 -4.77419263e+01  4.10113141e-03 
 1.23026877e+05 -4.77434344e+01  4.10041939e-03 
 1.24451461e+05 -4.77449086e+01  4.09972353e-03 
 1.25892541e+05 -4.77463495e+01  4.09904346e-03 
 1.27350308e+05 -4.77477580e+01  4.09837884e-03 
 1.28824955e+05 -4.77491347e+01  4.09772931e-03 
 1.30316678e+05 -4.77504803e+01  4.09709455e-03 
 1.31825674e+05 -4.77517955e+01  4.09647421e-03 
 1.33352143e+05 -4.77530810e+01  4.09586799e-03 
 1.34896288e+05 -4.77543374e+01  4.09527556e-03 
 1.36458314e+05 -4.77555654e+01  4.09469661e-03 
 1.38038426e+05 -4.77567656e+01  4.09413084e-03 
 1.39636836e+05 -4.77579387e+01  4.09357797e-03 
 1.41253754e+05 -4.77590851e+01  4.09303769e-03 
 1.42889396e+05 -4.77602056e+01  4.09250973e-03 
 1.44543977e+05 -4.77613006e+01  4.09199382e-03 
 1.46217717e+05 -4.77623708e+01  4.09148969e-03 
 1.47910839e+05 -4.77634166e+01  4.09099706e-03 
 1.49623566e+05 -4.77644387e+01  4.09051569e-03 
 1.51356125e+05 -4.77654376e+01  4.09004533e-03 
 1.53108746e+05 -4.77664137e+01  4.08958572e-03 
 1.54881662e+05 -4.77673676e+01  4.08913663e-03 
 1.56675107e+05 -4.77682997e+01  4.08869782e-03 
 1.58489319e+05 -4.77692106e+01  4.08826907e-03 
 1.60324539e+05 -4.77701007e+01  4.08785015e-03 
 1.62181010e+05 -4.77709704e+01  4.08744084e-03 
 1.64058977e+05 -4.77718203e+01  4.08704092e-03 
 1.65958691e+05 -4.77726507e+01  4.08665020e-03 
 1.67880402e+05 -4.77734621e+01  4.08626845e-03 
 1.69824365e+05 -4.77742549e+01  4.08589549e-03 
 1.71790839e+05 -4.77750296e+01  4.08553111e-03 
 1.73780083e+05 -4.77757864e+01  4.08517513e-03 
 1.75792361e+05 -4.77765259e+01  4.08482736e-03 
 1.77827941e+05 -4.77772483e+01  4.08448762e-03 
 1.79887092e+05 -4.77779541e+01  4.08415573e-03 
 1.81970086e+05 -4.77786437e+01  4.08383151e-03 
 1.84077200e+05 -4.77793173e+01  4.08351480e-03 
 1.86208714e+05 -4.77799754e+01  4.08320543e-03 
 1.88364909e+05 -4.77806183e+01  4.08290323e-03 
 1.90546072e+05 -4.77812462e+01  4.08260805e-03 
 1.92752491e+05 -4.77818597e+01  4.08231974e-03 
 1.94984460e+05 -4.77824588e+01  4.08203813e-03 
 1.97242274e+05 -4.77830441e+01  4.08176309e-03 
 1.99526231e+05 -4.77836157e+01  4.08149447e-03 
 2.01836636e+05 -4.77841741e+01  4.08123213e-03 
 2.04173794e+05 -4.77847193e+01  4.08097593e-03 
 2.06538016e+05 -4.77852519e+01  4.08072573e-03 
 2.08929613e+05 -4.77857719e+01  4.08048140e-03 
 2.11348904e+05 -4.77862798e+01  4.08024283e-03 
 2.13796209e+05 -4.77867757e+01  4.08000987e-03 
 2.16271852e+05 -4.77872600e+01  4.07978240e-03 
 2.18776162e+05 -4.77877328e+01  4.07956032e-03 
 2.21309471e+05 -4.77881945e+01  4.07934349e-03 
 2.23872114e+05 -4.77886452e+01  4.07913182e-03 
 2.26464431e+05 -4.77890852e+01  4.07892517e-03 
 2.29086765e+05 -4.77895148e+01  4.07872346e-03 
 2.31739465e+05 -4.77899341e+01  4.07852656e-03 
 2.34422882e+05 -4.77903434e+01  4.07833438e-03 
 2.37137371e+05 -4.77907429e+01  4.07814682e-03 
 2.39883292e+05 -4.77911327e+01  4.07796377e-03 
 2.42661010e+05 -4.77915132e+01  4.07778514e-03 
 2.45470892e+05 -4.77918845e+01  4.07761083e-03 
 2.48313311e+05 -4.77922468e+01  4.07744076e-03 
 2.51188643e+05 -4.77926003e+01  4.07727484e-03 
 2.54097271e+05 -4.77929451e+01  4.07711297e-03 
 2.57039578e+05 -4.77932815e+01  4.07695507e-03 
 2.60015956e+05 -4.77936096e+01  4.07680106e-03 
 2.63026799e+05 -4.77939296e+01  4.07665086e-03 
 2.66072506e+05 -4.77942417e+01  4.07650438e-03 
 2.69153480e+05 -4.77945461e+01  4.07636156e-03 
 2.72270131e+05 -4.77948428e+01  4.07622231e-03 
 2.75422870e+05 -4.77951320e+01  4.07608656e-03 
 2.78612117e+05 -4.77954139e+01  4.07595428e-03 
 2.81838293e+05 -4.77956887e+01  4.07582532e-03 
 2.85101827e+05 -4.77959565e+01  4.07569966e-03 
 2.88403150e+05 -4.77962175e+01  4.07557721e-03 
 2.91742701e+05 -4.77964717e+01  4.07545793e-03 
 2.95120923e+05 -4.77967193e+01  4.07534175e-03 
 2.98538262e+05 -4.77969605e+01  4.07522861e-03 
 3.01995172e+05 -4.77971953e+01  4.07511844e-03 
 3.05492111e+05 -4.77974239e+01  4.07501119e-03 
 3.09029543e+05 -4.77976464e+01  4.07490680e-03 
 3.12607937e+05 -4.77978629e+01  4.07480522e-03 
 3.16227766e+05 -4.77980736e+01  4.07470639e-03 
 3.19889511e+05 -4.77982785e+01  4.07461026e-03 
 3.23593657e+05 -4.77984778e+01  4.07451678e-03 
 3.27340695e+05 -4.77986715e+01  4.07442591e-03 
 3.31131121e+05 -4.77988598e+01  4.07433759e-03 
 3.34965439e+05 -4.77990427e+01  4.07425177e-03 
 3.38844156e+05 -4.77992205e+01  4.07416841e-03 
 3.42767787e+05 -4.77993930e+01  4.07408747e-03 
 3.46736850e+05 -4.77995605e+01  4.07400891e-03 
 3.50751874e+05 -4.77997230e+01  4.07393268e-03 
 3.54813389e+05 -4.77998807e+01  4.07385873e-03 
 3.58921935e+05 -4.78000335e+01  4.07378705e-03 
 3.63078055e+05 -4.78001817e+01  4.07371758e-03 
 3.67282300e+05 -4.78003251e+01  4.07365028e-03 
 3.71535229e+05 -4.78004641e+01  4.07358513e-03 
 3.75837404e+05 -4.78005985e+01  4.07352209e-03 
 3.80189396e+05 -4.78007285e+01  4.07346112e-03 
 3.84591782e+05 -4.78008541e+01  4.07340220e-03 
 3.89045145e+05 -4.78009755e+01  4.07334528e-03 
 3.93550075e+05 -4.78010926e+01  4.07329035e-03 
 3.98107171e+05 -4.78012056e+01  4.07323737e-03 
 4.02717034e+05 -4.78013145e+01  4.07318632e-03 
 4.07380278e+05 -4.78014193e+01  4.07313716e-03 
 4.12097519e+05 -4.78015201e+01  4.07308988e-03 
 4.16869383e+05 -4.78016170e+01  4.07304444e-03 
 4.21696503e+05 -4.78017100e+01  4.07300082e-03 
 4.26579519e+05 -4.78017992e+01  4.07295900e-03 
 4.31519077e+05 -4.78018846e+01  4.07291896e-03 
 4.36515832e+05 -4.78019663e+01  4.07288068e-03 
 4.41570447e+05 -4.78020442e+01  4.07284413e-03 
 4.46683592e+05 -4.78021185e+01  4.07280930e-03 
 4.51855944e+05 -4.78021892e+01  4.07277616e-03 
 4.57088190e+05 -4.78022562e+01  4.07274471e-03 
 4.62381021e+05 -4.78023198e+01  4.07271492e-03 
 4.67735141e+05 -4.78023798e+01  4.07268677e-03 
 4.73151259e+05 -4.78024364e+01  4.07266022e-03 
 4.78630092e+05 -4.78024895e+01  4.07263533e-03 
 4.84172368e+05 -4.78025391e+01  4.07261209e-03 
 4.89778819e+05 -4.78025853e+01  4.07259040e-03 
 4.95450191e+05 -4.78026282e+01  4.07257028e-03 
 5.01187234e+05 -4.78026678e+01  4.07255175e-03 
 5.06990708e+05 -4.78027040e+01  4.07253477e-03 
 5.12861384e+05 -4.78027369e+01  4.07251934e-03 
 5.18800039e+05 -4.78027665e+01  4.07250546e-03 
 5.24807460e+05 -4.78027928e+01  4.07249311e-03 
 5.30884444e+05 -4.78028159e+01  4.07248230e-03 
 5.37031796e+05 -4.78028357e+01  4.07247301e-03 
 5.43250331e+05 -4.78028523e+01  4.07246524e-03 
 5.49540874e+05 -4.78028656e+01  4.07245898e-03 
 5.55904257e+05 -4.78028757e+01  4.07245423e-03 
 5.62341325e+05 -4.78028827e+01  4.07245100e-03 
 5.68852931e+05 -4.78028863e+01  4.07244927e-03 
 5.75439937e+05 -4.78028868e+01  4.07244905e-03 
 5.82103218e+05 -4.78028841e+01  4.07245033e-03 
 5.88843655e+05 -4.78028781e+01  4.07245313e-03 
 5.95662144e+05 -4.78028689e+01  4.07245742e-03 
 6.02559586e+05 -4.78028566e+01  4.07246323e-03 
 6.09536897e+05 -4.78028409e+01  4.07247056e-03 
 6.16595002e+05 -4.78028221e+01  4.07247940e-03 
 6.23734835e+05 -4.78027999e+01  4.07248980e-03 
 6.30957344e+05 -4.78027745e+01  4.07250169e-03 
 6.38263486e+05 -4.78027459e+01  4.07251511e-03 
 6.45654229e+05 -4.78027140e+01  4.07253008e-03 
 6.53130553e+05 -4.78026788e+01  4.07254659e-03 
 6.60693448e+05 -4.78026402e+01  4.07256466e-03 
 6.68343918e+05 -4.78025984e+01  4.07258429e-03 
 6.76082975e+05 -4.78025531e+01  4.07260550e-03 
 6.83911647e+05 -4.78025045e+01  4.07262830e-03 
 6.91830971e+05 -4.78024525e+01  4.07265270e-03 
 6.99841996e+05 -4.78023970e+01  4.07267871e-03 
 7.07945784e+05 -4.78023382e+01  4.07270626e-03 
 7.16143410e+05 -4.78022758e+01  4.07273553e-03 
 7.24435960e+05 -4.78022098e+01  4.07276647e-03 
 7.32824533e+05 -4.78021402e+01  4.07279911e-03 
 7.41310241e+05 -4.78020671e+01  4.07283340e-03 
 7.49894209e+05 -4.78019903e+01  4.07286940e-03 
 7.58577575e+05 -4.78019099e+01  4.07290712e-03 
 7.67361489e+05 -4.78018257e+01  4.07294659e-03 
 7.76247117e+05 -4.78017378e+01  4.07298783e-03 
 7.85235635e+05 -4.78016460e+01  4.07303085e-03 
 7.94328235e+05 -4.78015504e+01  4.07307568e-03 
 8.03526122e+05 -4.78014509e+01  4.07312235e-03 
 8.12830516e+05 -4.78013474e+01  4.07317087e-03 
 8.22242650e+05 -4.78012399e+01  4.07322128e-03 
 8.31763771e+05 -4.78011283e+01  4.07327364e-03 
 8.41395142e+05 -4.78010126e+01  4.07332790e-03 
 8.51138038e+05 -4.78008927e+01  4.07338411e-03 
 8.60993752e+05 -4.78007686e+01  4.07344233e-03 
 8.70963590e+05 -4.78006401e+01  4.07350257e-03 
 8.81048873e+05 -4.78005073e+01  4.07356486e-03 
 8.91250938e+05 -4.78003700e+01  4.07362925e-03 
 9.01571138e+05 -4.78002283e+01  4.07369571e-03 
 9.12010839e+05 -4.78000819e+01  4.07376438e-03 
 9.22571427e+05 -4.77999307e+01  4.07383528e-03 
 9.33254301e+05 -4.77997749e+01  4.07390836e-03 
 9.44060876e+05 -4.77996142e+01  4.07398372e-03 
 9.54992586e+05 -4.77994486e+01  4.07406138e-03 
 9.66050879e+05 -4.77992781e+01  4.07414139e-03 
 9.77237221e+05 -4.77991024e+01  4.07422380e-03 
 9.88553095e+05 -4.77989215e+01  4.07430863e-03 
 1.00000000e+06 -4.77987353e+01  4.07439599e-03 
 1.01157945e+06 -4.77985438e+01  4.07448582e-03 
 1.02329299e+06 -4.77983469e+01  4.07457818e-03 
 1.03514217e+06 -4.77981443e+01  4.07467320e-03 
 1.04712855e+06 -4.77979361e+01  4.07477089e-03 
 1.05925373e+06 -4.77977221e+01  4.07487129e-03 
 1.07151931e+06 -4.77975022e+01  4.07497447e-03 
 1.08392691e+06 -4.77972761e+01  4.07508051e-03 
 1.09647820e+06 -4.77970441e+01  4.07518938e-03 
 1.10917482e+06 -4.77968058e+01  4.07530120e-03 
 1.12201845e+06 -4.77965611e+01  4.07541600e-03 
 1.13501082e+06 -4.77963099e+01  4.07553386e-03 
 1.14815362e+06 -4.77960521e+01  4.07565483e-03 
 1.16144861e+06 -4.77957875e+01  4.07577897e-03 
 1.17489755e+06 -4.77955160e+01  4.07590636e-03 
 1.18850223e+06 -4.77952375e+01  4.07603706e-03 
 1.20226443e+06 -4.77949518e+01  4.07617113e-03 
 1.21618600e+06 -4.77946587e+01  4.07630868e-03 
 1.23026877e+06 -4.77943582e+01  4.07644971e-03 
 1.24451461e+06 -4.77940501e+01  4.07659432e-03 
 1.25892541e+06 -4.77937343e+01  4.07674256e-03 
 1.27350308e+06 -4.77934103e+01  4.07689462e-03 
 1.28824955e+06 -4.77930783e+01  4.07705045e-03 
 1.30316678e+06 -4.77927380e+01  4.07721019e-03 
 1.31825674e+06 -4.77923892e+01  4.07737390e-03 
 1.33352143e+06 -4.77920317e+01  4.07754172e-03 
 1.34896288e+06 -4.77916655e+01  4.07771365e-03 
 1.36458314e+06 -4.77912904e+01  4.07788977e-03 
 1.38038426e+06 -4.77909059e+01  4.07807027e-03 
 1.39636836e+06 -4.77905120e+01  4.07825523e-03 
 1.41253754e+06 -4.77901085e+01  4.07844467e-03 
 1.42889396e+06 -4.77896952e+01  4.07863872e-03 
 1.44543977e+06 -4.77892719e+01  4.07883753e-03 
 1.46217717e+06 -4.77888385e+01  4.07904106e-03 
 1.47910839e+06 -4.77883945e+01  4.07924956e-03 
 1.49623566e+06 -4.77879398e+01  4.07946313e-03 
 1.51356125e+06 -4.77874742e+01  4.07968180e-03 
 1.53108746e+06 -4.77869975e+01  4.07990571e-03 
 1.54881662e+06 -4.77865094e+01  4.08013498e-03 
 1.56675107e+06 -4.77860096e+01  4.08036974e-03 
 1.58489319e+06 -4.77854980e+01  4.08061009e-03 
 1.60324539e+06 -4.77849742e+01  4.08085620e-03 
 1.62181010e+06 -4.77844380e+01  4.08110812e-03 
 1.64058977e+06 -4.77838891e+01  4.08136601e-03 
 1.65958691e+06 -4.77833273e+01  4.08163001e-03 
 1.67880402e+06 -4.77827523e+01  4.08190024e-03 
 1.69824365e+06 -4.77821636e+01  4.08217689e-03 
 1.71790839e+06 -4.77815613e+01  4.08245998e-03 
 1.73780083e+06 -4.77809447e+01  4.08274981e-03 
 1.75792361e+06 -4.77803137e+01  4.08304639e-03 
 1.77827941e+06 -4.77796679e+01  4.08334998e-03 
 1.79887092e+06 -4.77790072e+01  4.08366058e-03 
 1.81970086e+06 -4.77783310e+01  4.08397854e-03 
 1.84077200e+06 -4.77776392e+01  4.08430383e-03 
 1.86208714e+06 -4.77769311e+01  4.08463679e-03 
 1.88364909e+06 -4.77762067e+01  4.08497746e-03 
 1.90546072e+06 -4.77754654e+01  4.08532610e-03 
 1.92752491e+06 -4.77747072e+01  4.08568275e-03 
 1.94984460e+06 -4.77739312e+01  4.08604776e-03 
 1.97242274e+06 -4.77731374e+01  4.08642119e-03 
 1.99526231e+06 -4.77723253e+01  4.08680330e-03 
 2.01836636e+06 -4.77714946e+01  4.08719416e-03 
 2.04173794e+06 -4.77706448e+01  4.08759409e-03 
 2.06538016e+06 -4.77697753e+01  4.08800328e-03 
 2.08929613e+06 -4.77688860e+01  4.08842182e-03 
 2.11348904e+06 -4.77679763e+01  4.08885008e-03 
 2.13796209e+06 -4.77670457e+01  4.08928814e-03 
 2.16271852e+06 -4.77660940e+01  4.08973626e-03 
 2.18776162e+06 -4.77651204e+01  4.09019471e-03 
 2.21309471e+06 -4.77641246e+01  4.09066362e-03 
 2.23872114e+06 -4.77631062e+01  4.09114330e-03 
 2.26464431e+06 -4.77620648e+01  4.09163383e-03 
 2.29086765e+06 -4.77609995e+01  4.09213569e-03 
 2.31739465e+06 -4.77599101e+01  4.09264896e-03 
 2.34422882e+06 -4.77587959e+01  4.09317398e-03 
 2.37137371e+06 -4.77576565e+01  4.09371096e-03 
 2.39883292e+06 -4.77564914e+01  4.09426010e-03 
 2.42661010e+06 -4.77553000e+01  4.09482173e-03 
 2.45470892e+06 -4.77540817e+01  4.09539612e-03 
 2.48313311e+06 -4.77528359e+01  4.09598356e-03 
 2.51188643e+06 -4.77515620e+01  4.09658433e-03 
 2.54097271e+06 -4.77502596e+01  4.09719863e-03 
 2.57039578e+06 -4.77489279e+01  4.09782687e-03 
 2.60015956e+06 -4.77475664e+01  4.09846922e-03 
 2.63026799e+06 -4.77461743e+01  4.09912614e-03 
 2.66072506e+06 -4.77447512e+01  4.09979783e-03 
 2.69153480e+06 -4.77432962e+01  4.10048463e-03 
 2.72270131e+06 -4.77418087e+01  4.10118693e-03 
 2.75422870e+06 -4.77402881e+01  4.10190495e-03 
 2.78612117e+06 -4.77387336e+01  4.10263916e-03 
 2.81838293e+06 -4.77371447e+01  4.10338971e-03 
 2.85101827e+06 -4.77355204e+01  4.10415713e-03 
 2.88403150e+06 -4.77338602e+01  4.10494167e-03 
 2.91742701e+06 -4.77321632e+01  4.10574377e-03 
 2.95120923e+06 -4.77304287e+01  4.10656371e-03 
 2.98538262e+06 -4.77286560e+01  4.10740192e-03 
 3.01995172e+06 -4.77268441e+01  4.10825882e-03 
 3.05492111e+06 -4.77249923e+01  4.10913476e-03 
 3.09029543e+06 -4.77231000e+01  4.11003009e-03 
 3.12607937e+06 -4.77211660e+01  4.11094530e-03 
 3.16227766e+06 -4.77191899e+01  4.11188069e-03 
 3.19889511e+06 -4.77171704e+01  4.11283682e-03 
 3.23593657e+06 -4.77151067e+01  4.11381415e-03 
 3.27340695e+06 -4.77129981e+01  4.11481292e-03 
 3.31131121e+06 -4.77108438e+01  4.11583363e-03 
 3.34965439e+06 -4.77086427e+01  4.11687676e-03 
 3.38844156e+06 -4.77063938e+01  4.11794283e-03 
 3.42767787e+06 -4.77040962e+01  4.11903224e-03 
 3.46736850e+06 -4.77017491e+01  4.12014544e-03 
 3.50751874e+06 -4.76993514e+01  4.12128295e-03 
 3.54813389e+06 -4.76969020e+01  4.12244530e-03 
 3.58921935e+06 -4.76944000e+01  4.12363294e-03 
 3.63078055e+06 -4.76918445e+01  4.12484635e-03 
 3.67282300e+06 -4.76892343e+01  4.12608611e-03 
 3.71535229e+06 -4.76865683e+01  4.12735271e-03 
 3.75837404e+06 -4.76838457e+01  4.12864665e-03 
 3.80189396e+06 -4.76810651e+01  4.12996857e-03 
 3.84591782e+06 -4.76782256e+01  4.13131891e-03 
 3.89045145e+06 -4.76753260e+01  4.13269827e-03 
 3.93550075e+06 -4.76723653e+01  4.13410721e-03 
 3.98107171e+06 -4.76693424e+01  4.13554625e-03 
 4.02717034e+06 -4.76662558e+01  4.13701607e-03 
 4.07380278e+06 -4.76631047e+01  4.13851721e-03 
 4.12097519e+06 -4.76598878e+01  4.14005023e-03 
 4.16869383e+06 -4.76566038e+01  4.14161582e-03 
 4.21696503e+06 -4.76532516e+01  4.14321454e-03 
 4.26579519e+06 -4.76498298e+01  4.14484707e-03 
 4.31519077e+06 -4.76463375e+01  4.14651391e-03 
 4.36515832e+06 -4.76427730e+01  4.14821586e-03 
 4.41570447e+06 -4.76391355e+01  4.14995344e-03 
 4.46683592e+06 -4.76354235e+01  4.15172736e-03 
 4.51855944e+06 -4.76316356e+01  4.15353831e-03 
 4.57088190e+06 -4.76277708e+01  4.15538685e-03 
 4.62381021e+06 -4.76238275e+01  4.15727377e-03 
 4.67735141e+06 -4.76198045e+01  4.15919971e-03 
 4.73151259e+06 -4.76157005e+01  4.16116538e-03 
 4.78630092e+06 -4.76115140e+01  4.16317150e-03 
 4.84172368e+06 -4.76072437e+01  4.16521874e-03 
 4.89778819e+06 -4.76028885e+01  4.16730777e-03 
 4.95450191e+06 -4.75984468e+01  4.16943936e-03 
 5.01187234e+06 -4.75939171e+01  4.17161427e-03 
 5.06990708e+06 -4.75892982e+01  4.17383319e-03 
 5.12861384e+06 -4.75845889e+01  4.17609677e-03 
 5.18800039e+06 -4.75797874e+01  4.17840596e-03 
 5.24807460e+06 -4.75748925e+01  4.18076131e-03 
 5.30884444e+06 -4.75699029e+01  4.18316367e-03 
 5.37031796e+06 -4.75648170e+01  4.18561375e-03 
 5.43250331e+06 -4.75596336e+01  4.18811232e-03 
 5.49540874e+06 -4.75543511e+01  4.19066020e-03 
 5.55904257e+06 -4.75489681e+01  4.19325810e-03 
 5.62341325e+06 -4.75434833e+01  4.19590680e-03 
 5.68852931e+06 -4.75378954e+01  4.19860704e-03 
 5.75439937e+06 -4.75322027e+01  4.20135969e-03 
 5.82103218e+06 -4.75264042e+01  4.20416538e-03 
 5.88843655e+06 -4.75204982e+01  4.20702499e-03 
 5.95662144e+06 -4.75144834e+01  4.20993926e-03 
 6.02559586e+06 -4.75083584e+01  4.21290899e-03 
 6.09536897e+06 -4.75021221e+01  4.21593486e-03 
 6.16595002e+06 -4.74957730e+01  4.21901771e-03 
 6.23734835e+06 -4.74893095e+01  4.22215843e-03 
 6.30957344e+06 -4.74827307e+01  4.22535755e-03 
 6.38263486e+06 -4.74760352e+01  4.22861591e-03 
 6.45654229e+06 -4.74692217e+01  4.23193429e-03 
 6.53130553e+06 -4.74622889e+01  4.23531342e-03 
 6.60693448e+06 -4.74552355e+01  4.23875411e-03 
 6.68343918e+06 -4.74480607e+01  4.24225692e-03 
 6.76082975e+06 -4.74407629e+01  4.24582273e-03 
 6.83911647e+06 -4.74333411e+01  4.24945216e-03 
 6.91830971e+06 -4.74257942e+01  4.25314598e-03 
 6.99841996e+06 -4.74181212e+01  4.25690480e-03 
 7.07945784e+06 -4.74103210e+01  4.26072936e-03 
 7.16143410e+06 -4.74023925e+01  4.26462033e-03 
 7.24435960e+06 -4.73943350e+01  4.26857828e-03 
 7.32824533e+06 -4.73861475e+01  4.27260382e-03 
 7.41310241e+06 -4.73778290e+01  4.27669765e-03 
 7.49894209e+06 -4.73693788e+01  4.28086033e-03 
 7.58577575e+06 -4.73607962e+01  4.28509238e-03 
 7.67361489e+06 -4.73520806e+01  4.28939431e-03 
 7.76247117e+06 -4.73432309e+01  4.29376681e-03 
 7.85235635e+06 -4.73342470e+01  4.29821019e-03 
 7.94328235e+06 -4.73251283e+01  4.30272496e-03 
 8.03526122e+06 -4.73158742e+01  4.30731162e-03 
 8.12830516e+06 -4.73064843e+01  4.31197055e-03 
 8.22242650e+06 -4.72969586e+01  4.31670203e-03 
 8.31763771e+06 -4.72872966e+01  4.32150650e-03 
 8.41395142e+06 -4.72774983e+01  4.32638421e-03 
 8.51138038e+06 -4.72675637e+01  4.33133542e-03 
 8.60993752e+06 -4.72574926e+01  4.33636043e-03 
 8.70963590e+06 -4.72472853e+01  4.34145932e-03 
 8.81048873e+06 -4.72369420e+01  4.34663228e-03 
 8.91250938e+06 -4.72264630e+01  4.35187937e-03 
 9.01571138e+06 -4.72158487e+01  4.35720069e-03 
 9.12010839e+06 -4.72050997e+01  4.36259617e-03 
 9.22571427e+06 -4.71942165e+01  4.36806584e-03 
 9.33254301e+06 -4.71831999e+01  4.37360949e-03 
 9.44060876e+06 -4.71720509e+01  4.37922698e-03 
 9.54992586e+06 -4.71607703e+01  4.38491807e-03 
 9.66050879e+06 -4.71493592e+01  4.39068255e-03 
 9.77237221e+06 -4.71378189e+01  4.39652002e-03 
 9.88553095e+06 -4.71261508e+01  4.40243001e-03 
 1.00000000e+07 -4.71143562e+01  4.40841214e-03 
 1.01157945e+07 -4.71024369e+01  4.41446578e-03 
 1.02329299e+07 -4.70903944e+01  4.42059044e-03 
 1.03514217e+07 -4.70782309e+01  4.42678526e-03 
 1.04712855e+07 -4.70659483e+01  4.43304954e-03 
 1.05925373e+07 -4.70535488e+01  4.43938243e-03 
 1.07151931e+07 -4.70410348e+01  4.44578300e-03 
 1.08392691e+07 -4.70284086e+01  4.45225027e-03 
 1.09647820e+07 -4.70156731e+01  4.45878310e-03 
 1.10917482e+07 -4.70028308e+01  4.46538038e-03 
 1.12201845e+07 -4.69898849e+01  4.47204076e-03 
 1.13501082e+07 -4.69768386e+01  4.47876290e-03 
 1.14815362e+07 -4.69636949e+01  4.48554539e-03 
 1.16144861e+07 -4.69504573e+01  4.49238675e-03 
 1.17489755e+07 -4.69371296e+01  4.49928518e-03 
 1.18850223e+07 -4.69237155e+01  4.50623902e-03 
 1.20226443e+07 -4.69102190e+01  4.51324645e-03 
 1.21618600e+07 -4.68966441e+01  4.52030559e-03 
 1.23026877e+07 -4.68829951e+01  4.52741438e-03 
 1.24451461e+07 -4.68692766e+01  4.53457062e-03 
 1.25892541e+07 -4.68554933e+01  4.54177207e-03 
 1.27350308e+07 -4.68416498e+01  4.54901650e-03 
 1.28824955e+07 -4.68277512e+01  4.55630137e-03 
 1.30316678e+07 -4.68138026e+01  4.56362413e-03 
 1.31825674e+07 -4.67998094e+01  4.57098222e-03 
 1.33352143e+07 -4.67857770e+01  4.57837279e-03 
 1.34896288e+07 -4.67717111e+01  4.58579299e-03 
 1.36458314e+07 -4.67576175e+01  4.59323984e-03 
 1.38038426e+07 -4.67435022e+01  4.60071032e-03 
 1.39636836e+07 -4.67293714e+01  4.60820116e-03 
 1.41253754e+07 -4.67152313e+01  4.61570913e-03 
 1.42889396e+07 -4.67010884e+01  4.62323085e-03 
 1.44543977e+07 -4.66869492e+01  4.63076282e-03 
 1.46217717e+07 -4.66728206e+01  4.63830144e-03 
 1.47910839e+07 -4.66587094e+01  4.64584302e-03 
 1.49623566e+07 -4.66446225e+01  4.65338383e-03 
 1.51356125e+07 -4.66305670e+01  4.66091999e-03 
 1.53108746e+07 -4.66165505e+01  4.66844745e-03 
 1.54881662e+07 -4.66025799e+01  4.67596233e-03 
 1.56675107e+07 -4.65886630e+01  4.68346037e-03 
 1.58489319e+07 -4.65748071e+01  4.69093746e-03 
 1.60324539e+07 -4.65610201e+01  4.69838926e-03 
 1.62181010e+07 -4.65473095e+01  4.70581146e-03 
 1.64058977e+07 -4.65336832e+01  4.71319968e-03 
 1.65958691e+07 -4.65201490e+01  4.72054943e-03 
 1.67880402e+07 -4.65067148e+01  4.72785622e-03 
 1.69824365e+07 -4.64933885e+01  4.73511549e-03 
 1.71790839e+07 -4.64801780e+01  4.74232264e-03 
 1.73780083e+07 -4.64670913e+01  4.74947311e-03 
 1.75792361e+07 -4.64541364e+01  4.75656218e-03 
 1.77827941e+07 -4.64413211e+01  4.76358529e-03 
 1.79887092e+07 -4.64286533e+01  4.77053770e-03 
 1.81970086e+07 -4.64161409e+01  4.77741487e-03 
 1.84077200e+07 -4.64037915e+01  4.78421209e-03 
 1.86208714e+07 -4.63916129e+01  4.79092479e-03 
 1.88364909e+07 -4.63796127e+01  4.79754842e-03 
 1.90546072e+07 -4.63677982e+01  4.80407846e-03 
 1.92752491e+07 -4.63561767e+01  4.81051049e-03 
 1.94984460e+07 -4.63447553e+01  4.81684014e-03 
 1.97242274e+07 -4.63335411e+01  4.82306311e-03 
 1.99526231e+07 -4.63225407e+01  4.82917523e-03 
 2.01836636e+07 -4.63117606e+01  4.83517248e-03 
 2.04173794e+07 -4.63012070e+01  4.84105092e-03 
 2.06538016e+07 -4.62908859e+01  4.84680678e-03 
 2.08929613e+07 -4.62808029e+01  4.85243645e-03 
 2.11348904e+07 -4.62709633e+01  4.85793651e-03 
 2.13796209e+07 -4.62613721e+01  4.86330374e-03 
 2.16271852e+07 -4.62520339e+01  4.86853512e-03 
 2.18776162e+07 -4.62429527e+01  4.87362789e-03 
 2.21309471e+07 -4.62341322e+01  4.87857953e-03 
 2.23872114e+07 -4.62255757e+01  4.88338779e-03 
 2.26464431e+07 -4.62172860e+01  4.88805070e-03 
 2.29086765e+07 -4.62092650e+01  4.89256665e-03 
 2.31739465e+07 -4.62015144e+01  4.89693432e-03 
 2.34422882e+07 -4.61940352e+01  4.90115276e-03 
 2.37137371e+07 -4.61868277e+01  4.90522138e-03 
 2.39883292e+07 -4.61798916e+01  4.90914002e-03 
 2.42661010e+07 -4.61732258e+01  4.91290890e-03 
 2.45470892e+07 -4.61668285e+01  4.91652868e-03 
 2.48313311e+07 -4.61606970e+01  4.92000051e-03 
 2.51188643e+07 -4.61548281e+01  4.92332601e-03 
 2.54097271e+07 -4.61492174e+01  4.92650732e-03 
 2.57039578e+07 -4.61438597e+01  4.92954707e-03 
 2.60015956e+07 -4.61387489e+01  4.93244846e-03 
 2.63026799e+07 -4.61338779e+01  4.93521530e-03 
 2.66072506e+07 -4.61292387e+01  4.93785193e-03 
 2.69153480e+07 -4.61248222e+01  4.94036333e-03 
 2.72270131e+07 -4.61206181e+01  4.94275514e-03 
 2.75422870e+07 -4.61166150e+01  4.94503363e-03 
 2.78612117e+07 -4.61128005e+01  4.94720575e-03 
 2.81838293e+07 -4.61091610e+01  4.94927914e-03 
 2.85101827e+07 -4.61056815e+01  4.95126217e-03 
 2.88403150e+07 -4.61023460e+01  4.95316393e-03 
 2.91742701e+07 -4.60991369e+01  4.95499426e-03 
 2.95120923e+07 -4.60960356e+01  4.95676378e-03 
 2.98538262e+07 -4.60930220e+01  4.95848384e-03 
 3.01995172e+07 -4.60900747e+01  4.96016663e-03 
 3.05492111e+07 -4.60871709e+01  4.96182512e-03 
 3.09029543e+07 -4.60842866e+01  4.96347307e-03 
 3.12607937e+07 -4.60813961e+01  4.96512510e-03 
 3.16227766e+07 -4.60784725e+01  4.96679662e-03 
 3.19889511e+07 -4.60754874e+01  4.96850386e-03 
 3.23593657e+07 -4.60724110e+01  4.97026390e-03 
 3.27340695e+07 -4.60692123e+01  4.97209461e-03 
 3.31131121e+07 -4.60658587e+01  4.97401472e-03 
 3.34965439e+07 -4.60623162e+01  4.97604374e-03 
 3.38844156e+07 -4.60585498e+01  4.97820197e-03 
 3.42767787e+07 -4.60545228e+01  4.98051052e-03 
 3.46736850e+07 -4.60501975e+01  4.98299127e-03 
 3.50751874e+07 -4.60455350e+01  4.98566681e-03 
 3.54813389e+07 -4.60404952e+01  4.98856049e-03 
 3.58921935e+07 -4.60350369e+01  4.99169631e-03 
 3.63078055e+07 -4.60291180e+01  4.99509899e-03 
 3.67282300e+07 -4.60226955e+01  4.99879381e-03 
 3.71535229e+07 -4.60157256e+01  5.00280667e-03 
 3.75837404e+07 -4.60081637e+01  5.00716399e-03 
 3.80189396e+07 -4.59999647e+01  5.01189269e-03 
 3.84591782e+07 -4.59910832e+01  5.01702009e-03 
 3.89045145e+07 -4.59814733e+01  5.02257392e-03 
 3.93550075e+07 -4.59710889e+01  5.02858222e-03 
 3.98107171e+07 -4.59598841e+01  5.03507324e-03 
 4.02717034e+07 -4.59478132e+01  5.04207545e-03 
 4.07380278e+07 -4.59348305e+01  5.04961739e-03 
 4.12097519e+07 -4.59208912e+01  5.05772763e-03 
 4.16869383e+07 -4.59059510e+01  5.06643471e-03 
 4.21696503e+07 -4.58899665e+01  5.07576697e-03 
 4.26579519e+07 -4.58728954e+01  5.08575258e-03 
 4.31519077e+07 -4.58546969e+01  5.09641935e-03 
 4.36515832e+07 -4.58353313e+01  5.10779470e-03 
 4.41570447e+07 -4.58147610e+01  5.11990553e-03 
 4.46683592e+07 -4.57929501e+01  5.13277818e-03 
 4.51855944e+07 -4.57698647e+01  5.14643822e-03 
 4.57088190e+07 -4.57454734e+01  5.16091052e-03 
 4.62381021e+07 -4.57197471e+01  5.17621900e-03 
 4.67735141e+07 -4.56926595e+01  5.19238665e-03 
 4.73151259e+07 -4.56641869e+01  5.20943536e-03 
 4.78630092e+07 -4.56343088e+01  5.22738590e-03 
 4.84172368e+07 -4.56030076e+01  5.24625773e-03 
 4.89778819e+07 -4.55702690e+01  5.26606906e-03 
 4.95450191e+07 -4.55360822e+01  5.28683665e-03 
 5.01187234e+07 -4.55004396e+01  5.30857576e-03 
 5.06990708e+07 -4.54633374e+01  5.33130013e-03 
 5.12861384e+07 -4.54247749e+01  5.35502192e-03 
 5.18800039e+07 -4.53847556e+01  5.37975154e-03 
 5.24807460e+07 -4.53432863e+01  5.40549770e-03 
 5.30884444e+07 -4.53003772e+01  5.43226738e-03 
 5.37031796e+07 -4.52560427e+01  5.46006565e-03 
 5.43250331e+07 -4.52103002e+01  5.48889582e-03 
 5.49540874e+07 -4.51631709e+01  5.51875931e-03 
 5.55904257e+07 -4.51146793e+01  5.54965566e-03 
 5.62341325e+07 -4.50648531e+01  5.58158248e-03 
 5.68852931e+07 -4.50137234e+01  5.61453549e-03 
 5.75439937e+07 -4.49613242e+01  5.64850854e-03 
 5.82103218e+07 -4.49076925e+01  5.68349358e-03 
 5.88843655e+07 -4.48528681e+01  5.71948066e-03 
 5.95662144e+07 -4.47968931e+01  5.75645806e-03 
 6.02559586e+07 -4.47398123e+01  5.79441216e-03 
 6.09536897e+07 -4.46816727e+01  5.83332760e-03 
 6.16595002e+07 -4.46225230e+01  5.87318732e-03 
 6.23734835e+07 -4.45624140e+01  5.91397249e-03 
 6.30957344e+07 -4.45013981e+01  5.95566273e-03 
 6.38263486e+07 -4.44395290e+01  5.99823601e-03 
 6.45654229e+07 -4.43768616e+01  6.04166887e-03 
 6.53130553e+07 -4.43134520e+01  6.08593627e-03 
 6.60693448e+07 -4.42493568e+01  6.13101190e-03 
 6.68343918e+07 -4.41846336e+01  6.17686801e-03 
 6.76082975e+07 -4.41193400e+01  6.22347573e-03 
 6.83911647e+07 -4.40535343e+01  6.27080487e-03 
 6.91830971e+07 -4.39872744e+01  6.31882429e-03 
 6.99841996e+07 -4.39206186e+01  6.36750171e-03 
 7.07945784e+07 -4.38536246e+01  6.41680393e-03 
 7.16143410e+07 -4.37863498e+01  6.46669693e-03 
 7.24435960e+07 -4.37188512e+01  6.51714583e-03 
 7.32824533e+07 -4.36511850e+01  6.56811501e-03 
 7.41310241e+07 -4.35834066e+01  6.61956831e-03 
 7.49894209e+07 -4.35155707e+01  6.67146888e-03 
 7.58577575e+07 -4.34477308e+01  6.72377948e-03 
 7.67361489e+07 -4.33799394e+01  6.77646239e-03 
 7.76247117e+07 -4.33122478e+01  6.82947955e-03 
 7.85235635e+07 -4.32447063e+01  6.88279263e-03 
 7.94328235e+07 -4.31773636e+01  6.93636311e-03 
 8.03526122e+07 -4.31102673e+01  6.99015229e-03 
 8.12830516e+07 -4.30434633e+01  7.04412144e-03 
 8.22242650e+07 -4.29769965e+01  7.09823176e-03 
 8.31763771e+07 -4.29109100e+01  7.15244458e-03 
 8.41395142e+07 -4.28452455e+01  7.20672129e-03 
 8.51138038e+07 -4.27800432e+01  7.26102348e-03 
 8.60993752e+07 -4.27153418e+01  7.31531294e-03 
 8.70963590e+07 -4.26511785e+01  7.36955177e-03 
 8.81048873e+07 -4.25875889e+01  7.42370239e-03 
 8.91250938e+07 -4.25246072e+01  7.47772761e-03 
 9.01571138e+07 -4.24622658e+01  7.53159069e-03 
 9.12010839e+07 -4.24005959e+01  7.58525536e-03 
 9.22571427e+07 -4.23396270e+01  7.63868590e-03 
 9.33254301e+07 -4.22793871e+01  7.69184712e-03 
 9.44060876e+07 -4.22199030e+01  7.74470446e-03 
 9.54992586e+07 -4.21611997e+01  7.79722405e-03 
 9.66050879e+07 -4.21033011e+01  7.84937264e-03 
 9.77237221e+07 -4.20462293e+01  7.90111778e-03 
 9.88553095e+07 -4.19900054e+01  7.95242770e-03 
 1.00000000e+08 -4.19346490e+01  8.00327148e-03 
 1.01157945e+08 -4.18801784e+01  8.05361898e-03 
 1.02329299e+08 -4.18266106e+01  8.10344095e-03 
 1.03514217e+08 -4.17739612e+01  8.15270896e-03 
 1.04712855e+08 -4.17222449e+01  8.20139551e-03 
 1.05925373e+08 -4.16714748e+01  8.24947403e-03 
 1.07151931e+08 -4.16216632e+01  8.29691885e-03 
 1.08392691e+08 -4.15728209e+01  8.34370532e-03 
 1.09647820e+08 -4.15249578e+01  8.38980969e-03 
 1.10917482e+08 -4.14780828e+01  8.43520927e-03 
 1.12201845e+08 -4.14322035e+01  8.47988235e-03 
 1.13501082e+08 -4.13873266e+01  8.52380821e-03 
 1.14815362e+08 -4.13434579e+01  8.56696723e-03 
 1.16144861e+08 -4.13006021e+01  8.60934073e-03 
 1.17489755e+08 -4.12587629e+01  8.65091117e-03 
 1.18850223e+08 -4.12179434e+01  8.69166201e-03 
 1.20226443e+08 -4.11781455e+01  8.73157776e-03 
 1.21618600e+08 -4.11393703e+01  8.77064401e-03 
 1.23026877e+08 -4.11016183e+01  8.80884736e-03 
 1.24451461e+08 -4.10648889e+01  8.84617554e-03 
 1.25892541e+08 -4.10291810e+01  8.88261725e-03 
 1.27350308e+08 -4.09944926e+01  8.91816230e-03 
 1.28824955e+08 -4.09608209e+01  8.95280151e-03 
 1.30316678e+08 -4.09281626e+01  8.98652676e-03 
 1.31825674e+08 -4.08965135e+01  9.01933094e-03 
 1.33352143e+08 -4.08658691e+01  9.05120796e-03 
 1.34896288e+08 -4.08362240e+01  9.08215274e-03 
 1.36458314e+08 -4.08075721e+01  9.11216119e-03 
 1.38038426e+08 -4.07799071e+01  9.14123021e-03 
 1.39636836e+08 -4.07532217e+01  9.16935766e-03 
 1.41253754e+08 -4.07275085e+01  9.19654234e-03 
 1.42889396e+08 -4.07027592e+01  9.22278402e-03 
 1.44543977e+08 -4.06789653e+01  9.24808333e-03 
 1.46217717e+08 -4.06561176e+01  9.27244184e-03 
 1.47910839e+08 -4.06342067e+01  9.29586198e-03 
 1.49623566e+08 -4.06132224e+01  9.31834701e-03 
 1.51356125e+08 -4.05931545e+01  9.33990107e-03 
 1.53108746e+08 -4.05739921e+01  9.36052907e-03 
 1.54881662e+08 -4.05557240e+01  9.38023672e-03 
 1.56675107e+08 -4.05383388e+01  9.39903049e-03 
 1.58489319e+08 -4.05218246e+01  9.41691758e-03 
 1.60324539e+08 -4.05061692e+01  9.43390591e-03 
 1.62181010e+08 -4.04913601e+01  9.45000407e-03 
 1.64058977e+08 -4.04773845e+01  9.46522133e-03 
 1.65958691e+08 -4.04642295e+01  9.47956757e-03 
 1.67880402e+08 -4.04518816e+01  9.49305327e-03 
 1.69824365e+08 -4.04403275e+01  9.50568950e-03 
 1.71790839e+08 -4.04295533e+01  9.51748789e-03 
 1.73780083e+08 -4.04195452e+01  9.52846054e-03 
 1.75792361e+08 -4.04102890e+01  9.53862010e-03 
 1.77827941e+08 -4.04017703e+01  9.54797965e-03 
 1.79887092e+08 -4.03939748e+01  9.55655270e-03 
 1.81970086e+08 -4.03868879e+01  9.56435319e-03 
 1.84077200e+08 -4.03804948e+01  9.57139542e-03 
 1.86208714e+08 -4.03747808e+01  9.57769404e-03 
 1.88364909e+08 -4.03697309e+01  9.58326404e-03 
 1.90546072e+08 -4.03653302e+01  9.58812069e-03 
 1.92752491e+08 -4.03615635e+01  9.59227953e-03 
 1.94984460e+08 -4.03584158e+01  9.59575634e-03 
 1.97242274e+08 -4.03558719e+01  9.59856713e-03 
 1.99526231e+08 -4.03539166e+01  9.60072808e-03 
 2.01836636e+08 -4.03525348e+01  9.60225552e-03 
 2.04173794e+08 -4.03517113e+01  9.60316597e-03 
 2.06538016e+08 -4.03514309e+01  9.60347601e-03 
 2.08929613e+08 -4.03516784e+01  9.60320233e-03 
 2.11348904e+08 -4.03524388e+01  9.60236168e-03 
 2.13796209e+08 -4.03536970e+01  9.60097088e-03 
 2.16271852e+08 -4.03554379e+01  9.59904673e-03 
 2.18776162e+08 -4.03576467e+01  9.59660605e-03 
 2.21309471e+08 -4.03603084e+01  9.59366565e-03 
 2.23872114e+08 -4.03634084e+01  9.59024227e-03 
 2.26464431e+08 -4.03669320e+01  9.58635261e-03 
 2.29086765e+08 -4.03708646e+01  9.58201329e-03 
 2.31739465e+08 -4.03751918e+01  9.57724082e-03 
 2.34422882e+08 -4.03798994e+01  9.57205162e-03 
 2.37137371e+08 -4.03849730e+01  9.56646195e-03 
 2.39883292e+08 -4.03903988e+01  9.56048794e-03 
 2.42661010e+08 -4.03961629e+01  9.55414556e-03 
 2.45470892e+08 -4.04022516e+01  9.54745059e-03 
 2.48313311e+08 -4.04086513e+01  9.54041865e-03 
 2.51188643e+08 -4.04153488e+01  9.53306513e-03 
 2.54097271e+08 -4.04223308e+01  9.52540522e-03 
 2.57039578e+08 -4.04295844e+01  9.51745390e-03 
 2.60015956e+08 -4.04370967e+01  9.50922588e-03 
 2.63026799e+08 -4.04448553e+01  9.50073567e-03 
 2.66072506e+08 -4.04528477e+01  9.49199749e-03 
 2.69153480e+08 -4.04610618e+01  9.48302534e-03 
 2.72270131e+08 -4.04694856e+01  9.47383291e-03 
 2.75422870e+08 -4.04781074e+01  9.46443364e-03 
 2.78612117e+08 -4.04869157e+01  9.45484069e-03 
 2.81838293e+08 -4.04958992e+01  9.44506693e-03 
 2.85101827e+08 -4.05050469e+01  9.43512495e-03 
 2.88403150e+08 -4.05143479e+01  9.42502702e-03 
 2.91742701e+08 -4.05237917e+01  9.41478515e-03 
 2.95120923e+08 -4.05333680e+01  9.40441103e-03 
 2.98538262e+08 -4.05430665e+01  9.39391603e-03 
 3.01995172e+08 -4.05528776e+01  9.38331125e-03 
 3.05492111e+08 -4.05627914e+01  9.37260747e-03 
 3.09029543e+08 -4.05727988e+01  9.36181515e-03 
 3.12607937e+08 -4.05828904e+01  9.35094448e-03 
 3.16227766e+08 -4.05930575e+01  9.34000530e-03 
 3.19889511e+08 -4.06032915e+01  9.32900718e-03 
 3.23593657e+08 -4.06135838e+01  9.31795937e-03 
 3.27340695e+08 -4.06239263e+01  9.30687082e-03 
 3.31131121e+08 -4.06343111e+01  9.29575018e-03 
 3.34965439e+08 -4.06447306e+01  9.28460580e-03 
 3.38844156e+08 -4.06551773e+01  9.27344574e-03 
 3.42767787e+08 -4.06656440e+01  9.26227777e-03 
 3.46736850e+08 -4.06761237e+01  9.25110935e-03 
 3.50751874e+08 -4.06866098e+01  9.23994769e-03 
 3.54813389e+08 -4.06970956e+01  9.22879968e-03 
 3.58921935e+08 -4.07075750e+01  9.21767195e-03 
 3.63078055e+08 -4.07180420e+01  9.20657087e-03 
 3.67282300e+08 -4.07284907e+01  9.19550251e-03 
 3.71535229e+08 -4.07389155e+01  9.18447270e-03 
 3.75837404e+08 -4.07493110e+01  9.17348700e-03 
 3.80189396e+08 -4.07596722e+01  9.16255072e-03 
 3.84591782e+08 -4.07699940e+01  9.15166891e-03 
 3.89045145e+08 -4.07802718e+01  9.14084640e-03 
 3.93550075e+08 -4.07905010e+01  9.13008774e-03 
 3.98107171e+08 -4.08006773e+01  9.11939729e-03 
 4.02717034e+08 -4.08107966e+01  9.10877915e-03 
 4.07380278e+08 -4.08208549e+01  9.09823721e-03 
 4.12097519e+08 -4.08308485e+01  9.08777515e-03 
 4.16869383e+08 -4.08407740e+01  9.07739642e-03 
 4.21696503e+08 -4.08506278e+01  9.06710427e-03 
 4.26579519e+08 -4.08604068e+01  9.05690177e-03 
 4.31519077e+08 -4.08701081e+01  9.04679177e-03 
 4.36515832e+08 -4.08797287e+01  9.03677695e-03 
 4.41570447e+08 -4.08892661e+01  9.02685978e-03 
 4.46683592e+08 -4.08987176e+01  9.01704258e-03 
 4.51855944e+08 -4.09080809e+01  9.00732748e-03 
 4.57088190e+08 -4.09173539e+01  8.99771647e-03 
 4.62381021e+08 -4.09265345e+01  8.98821135e-03 
 4.67735141e+08 -4.09356207e+01  8.97881377e-03 
 4.73151259e+08 -4.09446109e+01  8.96952524e-03 
 4.78630092e+08 -4.09535033e+01  8.96034712e-03 
 4.84172368e+08 -4.09622965e+01  8.95128064e-03 
 4.89778819e+08 -4.09709892e+01  8.94232688e-03 
 4.95450191e+08 -4.09795800e+01  8.93348680e-03 
 5.01187234e+08 -4.09880679e+01  8.92476123e-03 
 5.06990708e+08 -4.09964518e+01  8.91615089e-03 
 5.12861384e+08 -4.10047309e+01  8.90765638e-03 
 5.18800039e+08 -4.10129043e+01  8.89927820e-03 
 5.24807460e+08 -4.10209715e+01  8.89101672e-03 
 5.30884444e+08 -4.10289317e+01  8.88287224e-03 
 5.37031796e+08 -4.10367845e+01  8.87484495e-03 
 5.43250331e+08 -4.10445296e+01  8.86693494e-03 
 5.49540874e+08 -4.10521665e+01  8.85914223e-03 
 5.55904257e+08 -4.10596951e+01  8.85146676e-03 
 5.62341325e+08 -4.10671153e+01  8.84390836e-03 
 5.68852931e+08 -4.10744270e+01  8.83646681e-03 
 5.75439937e+08 -4.10816301e+01  8.82914183e-03 
 5.82103218e+08 -4.10887249e+01  8.82193304e-03 
 5.88843655e+08 -4.10957113e+01  8.81484002e-03 
 5.95662144e+08 -4.11025897e+01  8.80786228e-03 
 6.02559586e+08 -4.11093603e+01  8.80099927e-03 
 6.09536897e+08 -4.11160234e+01  8.79425041e-03 
 6.16595002e+08 -4.11225795e+01  8.78761503e-03 
 6.23734835e+08 -4.11290290e+01  8.78109245e-03 
 6.30957344e+08 -4.11353724e+01  8.77468192e-03 
 6.38263486e+08 -4.11416101e+01  8.76838267e-03 
 6.45654229e+08 -4.11477428e+01  8.76219386e-03 
 6.53130553e+08 -4.11537712e+01  8.75611465e-03 
 6.60693448e+08 -4.11596959e+01  8.75014414e-03 
 6.68343918e+08 -4.11655175e+01  8.74428142e-03 
 6.76082975e+08 -4.11712368e+01  8.73852553e-03 
 6.83911647e+08 -4.11768546e+01  8.73287549e-03 
 6.91830971e+08 -4.11823717e+01  8.72733032e-03 
 6.99841996e+08 -4.11877889e+01  8.72188898e-03 
 7.07945784e+08 -4.11931071e+01  8.71655043e-03 
 7.16143410e+08 -4.11983270e+01  8.71131362e-03 
 7.24435960e+08 -4.12034497e+01  8.70617747e-03 
 7.32824533e+08 -4.12084760e+01  8.70114089e-03 
 7.41310241e+08 -4.12134068e+01  8.69620277e-03 
 7.49894209e+08 -4.12182432e+01  8.69136201e-03 
 7.58577575e+08 -4.12229860e+01  8.68661748e-03 
 7.67361489e+08 -4.12276363e+01  8.68196806e-03 
 7.76247117e+08 -4.12321950e+01  8.67741259e-03 
 7.85235635e+08 -4.12366632e+01  8.67294996e-03 
 7.94328235e+08 -4.12410418e+01  8.66857900e-03 
 8.03526122e+08 -4.12453318e+01  8.66429857e-03 
 8.12830516e+08 -4.12495343e+01  8.66010752e-03 
 8.22242650e+08 -4.12536503e+01  8.65600471e-03 
 8.31763771e+08 -4.12576808e+01  8.65198899e-03 
 8.41395142e+08 -4.12616269e+01  8.64805920e-03 
 8.51138038e+08 -4.12654896e+01  8.64421421e-03 
 8.60993752e+08 -4.12692699e+01  8.64045287e-03 
 8.70963590e+08 -4.12729688e+01  8.63677405e-03 
 8.81048873e+08 -4.12765875e+01  8.63317662e-03 
 8.91250938e+08 -4.12801268e+01  8.62965946e-03 
 9.01571138e+08 -4.12835880e+01  8.62622144e-03 
 9.12010839e+08 -4.12869718e+01  8.62286146e-03 
 9.22571427e+08 -4.12902795e+01  8.61957841e-03 
 9.33254301e+08 -4.12935120e+01  8.61637120e-03 
 9.44060876e+08 -4.12966703e+01  8.61323874e-03 
 9.54992586e+08 -4.12997554e+01  8.61017996e-03 
 9.66050879e+08 -4.13027684e+01  8.60719379e-03 
 9.77237221e+08 -4.13057101e+01  8.60427918e-03 
 9.88553095e+08 -4.13085817e+01  8.60143508e-03 
 1.00000000e+09 -4.13113840e+01  8.59866045e-03 
