 1.00000000e+00 -1.38272272e+01  2.03534783e-01 
 1.01157945e+00 -1.38272292e+01  2.03534738e-01 
 1.02329299e+00 -1.38272311e+01  2.03534692e-01 
 1.03514217e+00 -1.38272331e+01  2.03534645e-01 
 1.04712855e+00 -1.38272351e+01  2.03534597e-01 
 1.05925373e+00 -1.38272372e+01  2.03534548e-01 
 1.07151931e+00 -1.38272394e+01  2.03534498e-01 
 1.08392691e+00 -1.38272416e+01  2.03534447e-01 
 1.09647820e+00 -1.38272438e+01  2.03534394e-01 
 1.10917482e+00 -1.38272461e+01  2.03534340e-01 
 1.12201845e+00 -1.38272485e+01  2.03534285e-01 
 1.13501082e+00 -1.38272509e+01  2.03534229e-01 
 1.14815362e+00 -1.38272533e+01  2.03534171e-01 
 1.16144861e+00 -1.38272558e+01  2.03534112e-01 
 1.17489755e+00 -1.38272584e+01  2.03534052e-01 
 1.18850223e+00 -1.38272611e+01  2.03533990e-01 
 1.20226443e+00 -1.38272638e+01  2.03533927e-01 
 1.21618600e+00 -1.38272665e+01  2.03533862e-01 
 1.23026877e+00 -1.38272693e+01  2.03533796e-01 
 1.24451461e+00 -1.38272722e+01  2.03533729e-01 
 1.25892541e+00 -1.38272752e+01  2.03533659e-01 
 1.27350308e+00 -1.38272782e+01  2.03533588e-01 
 1.28824955e+00 -1.38272813e+01  2.03533516e-01 
 1.30316678e+00 -1.38272845e+01  2.03533442e-01 
 1.31825674e+00 -1.38272877e+01  2.03533366e-01 
 1.33352143e+00 -1.38272910e+01  2.03533288e-01 
 1.34896288e+00 -1.38272944e+01  2.03533208e-01 
 1.36458314e+00 -1.38272979e+01  2.03533127e-01 
 1.38038426e+00 -1.38273015e+01  2.03533044e-01 
 1.39636836e+00 -1.38273051e+01  2.03532958e-01 
 1.41253754e+00 -1.38273088e+01  2.03532871e-01 
 1.42889396e+00 -1.38273126e+01  2.03532782e-01 
 1.44543977e+00 -1.38273165e+01  2.03532690e-01 
 1.46217717e+00 -1.38273205e+01  2.03532597e-01 
 1.47910839e+00 -1.38273246e+01  2.03532501e-01 
 1.49623566e+00 -1.38273288e+01  2.03532403e-01 
 1.51356125e+00 -1.38273331e+01  2.03532303e-01 
 1.53108746e+00 -1.38273374e+01  2.03532201e-01 
 1.54881662e+00 -1.38273419e+01  2.03532096e-01 
 1.56675107e+00 -1.38273465e+01  2.03531989e-01 
 1.58489319e+00 -1.38273512e+01  2.03531879e-01 
 1.60324539e+00 -1.38273560e+01  2.03531766e-01 
 1.62181010e+00 -1.38273609e+01  2.03531651e-01 
 1.64058977e+00 -1.38273659e+01  2.03531534e-01 
 1.65958691e+00 -1.38273710e+01  2.03531413e-01 
 1.67880402e+00 -1.38273763e+01  2.03531290e-01 
 1.69824365e+00 -1.38273817e+01  2.03531164e-01 
 1.71790839e+00 -1.38273872e+01  2.03531035e-01 
 1.73780083e+00 -1.38273928e+01  2.03530903e-01 
 1.75792361e+00 -1.38273986e+01  2.03530768e-01 
 1.77827941e+00 -1.38274045e+01  2.03530630e-01 
 1.79887092e+00 -1.38274105e+01  2.03530488e-01 
 1.81970086e+00 -1.38274167e+01  2.03530343e-01 
 1.84077200e+00 -1.38274230e+01  2.03530195e-01 
 1.86208714e+00 -1.38274295e+01  2.03530044e-01 
 1.88364909e+00 -1.38274361e+01  2.03529888e-01 
 1.90546072e+00 -1.38274429e+01  2.03529730e-01 
 1.92752491e+00 -1.38274498e+01  2.03529567e-01 
 1.94984460e+00 -1.38274569e+01  2.03529401e-01 
 1.97242274e+00 -1.38274642e+01  2.03529231e-01 
 1.99526231e+00 -1.38274716e+01  2.03529057e-01 
 2.01836636e+00 -1.38274792e+01  2.03528879e-01 
 2.04173794e+00 -1.38274870e+01  2.03528697e-01 
 2.06538016e+00 -1.38274949e+01  2.03528510e-01 
 2.08929613e+00 -1.38275031e+01  2.03528319e-01 
 2.11348904e+00 -1.38275114e+01  2.03528124e-01 
 2.13796209e+00 -1.38275199e+01  2.03527924e-01 
 2.16271852e+00 -1.38275287e+01  2.03527720e-01 
 2.18776162e+00 -1.38275376e+01  2.03527510e-01 
 2.21309471e+00 -1.38275467e+01  2.03527296e-01 
 2.23872114e+00 -1.38275561e+01  2.03527077e-01 
 2.26464431e+00 -1.38275657e+01  2.03526853e-01 
 2.29086765e+00 -1.38275754e+01  2.03526623e-01 
 2.31739465e+00 -1.38275855e+01  2.03526389e-01 
 2.34422882e+00 -1.38275957e+01  2.03526148e-01 
 2.37137371e+00 -1.38276062e+01  2.03525903e-01 
 2.39883292e+00 -1.38276169e+01  2.03525651e-01 
 2.42661010e+00 -1.38276279e+01  2.03525394e-01 
 2.45470892e+00 -1.38276392e+01  2.03525130e-01 
 2.48313311e+00 -1.38276507e+01  2.03524861e-01 
 2.51188643e+00 -1.38276625e+01  2.03524585e-01 
 2.54097271e+00 -1.38276745e+01  2.03524303e-01 
 2.57039578e+00 -1.38276868e+01  2.03524014e-01 
 2.60015956e+00 -1.38276994e+01  2.03523718e-01 
 2.63026799e+00 -1.38277123e+01  2.03523416e-01 
 2.66072506e+00 -1.38277256e+01  2.03523106e-01 
 2.69153480e+00 -1.38277391e+01  2.03522790e-01 
 2.72270131e+00 -1.38277529e+01  2.03522465e-01 
 2.75422870e+00 -1.38277671e+01  2.03522134e-01 
 2.78612117e+00 -1.38277815e+01  2.03521795e-01 
 2.81838293e+00 -1.38277964e+01  2.03521447e-01 
 2.85101827e+00 -1.38278115e+01  2.03521092e-01 
 2.88403150e+00 -1.38278270e+01  2.03520728e-01 
 2.91742701e+00 -1.38278429e+01  2.03520356e-01 
 2.95120923e+00 -1.38278592e+01  2.03519976e-01 
 2.98538262e+00 -1.38278758e+01  2.03519586e-01 
 3.01995172e+00 -1.38278928e+01  2.03519187e-01 
 3.05492111e+00 -1.38279102e+01  2.03518779e-01 
 3.09029543e+00 -1.38279280e+01  2.03518362e-01 
 3.12607937e+00 -1.38279463e+01  2.03517935e-01 
 3.16227766e+00 -1.38279649e+01  2.03517498e-01 
 3.19889511e+00 -1.38279840e+01  2.03517050e-01 
 3.23593657e+00 -1.38280035e+01  2.03516593e-01 
 3.27340695e+00 -1.38280235e+01  2.03516124e-01 
 3.31131121e+00 -1.38280440e+01  2.03515645e-01 
 3.34965439e+00 -1.38280649e+01  2.03515155e-01 
 3.38844156e+00 -1.38280863e+01  2.03514653e-01 
 3.42767787e+00 -1.38281083e+01  2.03514139e-01 
 3.46736850e+00 -1.38281307e+01  2.03513614e-01 
 3.50751874e+00 -1.38281536e+01  2.03513076e-01 
 3.54813389e+00 -1.38281771e+01  2.03512526e-01 
 3.58921935e+00 -1.38282012e+01  2.03511963e-01 
 3.63078055e+00 -1.38282257e+01  2.03511386e-01 
 3.67282300e+00 -1.38282509e+01  2.03510797e-01 
 3.71535229e+00 -1.38282767e+01  2.03510193e-01 
 3.75837404e+00 -1.38283030e+01  2.03509576e-01 
 3.80189396e+00 -1.38283300e+01  2.03508944e-01 
 3.84591782e+00 -1.38283576e+01  2.03508298e-01 
 3.89045145e+00 -1.38283858e+01  2.03507636e-01 
 3.93550075e+00 -1.38284147e+01  2.03506959e-01 
 3.98107171e+00 -1.38284443e+01  2.03506267e-01 
 4.02717034e+00 -1.38284745e+01  2.03505558e-01 
 4.07380278e+00 -1.38285055e+01  2.03504833e-01 
 4.12097519e+00 -1.38285371e+01  2.03504090e-01 
 4.16869383e+00 -1.38285696e+01  2.03503331e-01 
 4.21696503e+00 -1.38286027e+01  2.03502554e-01 
 4.26579519e+00 -1.38286367e+01  2.03501759e-01 
 4.31519077e+00 -1.38286714e+01  2.03500945e-01 
 4.36515832e+00 -1.38287069e+01  2.03500112e-01 
 4.41570447e+00 -1.38287433e+01  2.03499260e-01 
 4.46683592e+00 -1.38287805e+01  2.03498388e-01 
 4.51855944e+00 -1.38288186e+01  2.03497496e-01 
 4.57088190e+00 -1.38288576e+01  2.03496583e-01 
 4.62381021e+00 -1.38288975e+01  2.03495649e-01 
 4.67735141e+00 -1.38289383e+01  2.03494693e-01 
 4.73151259e+00 -1.38289800e+01  2.03493714e-01 
 4.78630092e+00 -1.38290227e+01  2.03492713e-01 
 4.84172368e+00 -1.38290665e+01  2.03491689e-01 
 4.89778819e+00 -1.38291112e+01  2.03490641e-01 
 4.95450191e+00 -1.38291570e+01  2.03489568e-01 
 5.01187234e+00 -1.38292038e+01  2.03488471e-01 
 5.06990708e+00 -1.38292518e+01  2.03487348e-01 
 5.12861384e+00 -1.38293008e+01  2.03486198e-01 
 5.18800039e+00 -1.38293510e+01  2.03485022e-01 
 5.24807460e+00 -1.38294024e+01  2.03483819e-01 
 5.30884444e+00 -1.38294550e+01  2.03482588e-01 
 5.37031796e+00 -1.38295087e+01  2.03481328e-01 
 5.43250331e+00 -1.38295638e+01  2.03480038e-01 
 5.49540874e+00 -1.38296201e+01  2.03478719e-01 
 5.55904257e+00 -1.38296777e+01  2.03477369e-01 
 5.62341325e+00 -1.38297367e+01  2.03475988e-01 
 5.68852931e+00 -1.38297970e+01  2.03474574e-01 
 5.75439937e+00 -1.38298588e+01  2.03473128e-01 
 5.82103218e+00 -1.38299220e+01  2.03471647e-01 
 5.88843655e+00 -1.38299866e+01  2.03470133e-01 
 5.95662144e+00 -1.38300528e+01  2.03468583e-01 
 6.02559586e+00 -1.38301205e+01  2.03466997e-01 
 6.09536897e+00 -1.38301898e+01  2.03465374e-01 
 6.16595002e+00 -1.38302607e+01  2.03463714e-01 
 6.23734835e+00 -1.38303332e+01  2.03462014e-01 
 6.30957344e+00 -1.38304074e+01  2.03460276e-01 
 6.38263486e+00 -1.38304834e+01  2.03458496e-01 
 6.45654229e+00 -1.38305611e+01  2.03456676e-01 
 6.53130553e+00 -1.38306406e+01  2.03454813e-01 
 6.60693448e+00 -1.38307220e+01  2.03452907e-01 
 6.68343918e+00 -1.38308053e+01  2.03450956e-01 
 6.76082975e+00 -1.38308905e+01  2.03448960e-01 
 6.83911647e+00 -1.38309777e+01  2.03446917e-01 
 6.91830971e+00 -1.38310670e+01  2.03444827e-01 
 6.99841996e+00 -1.38311583e+01  2.03442689e-01 
 7.07945784e+00 -1.38312517e+01  2.03440500e-01 
 7.16143410e+00 -1.38313473e+01  2.03438261e-01 
 7.24435960e+00 -1.38314451e+01  2.03435970e-01 
 7.32824533e+00 -1.38315452e+01  2.03433625e-01 
 7.41310241e+00 -1.38316477e+01  2.03431226e-01 
 7.49894209e+00 -1.38317525e+01  2.03428771e-01 
 7.58577575e+00 -1.38318597e+01  2.03426259e-01 
 7.67361489e+00 -1.38319695e+01  2.03423689e-01 
 7.76247117e+00 -1.38320818e+01  2.03421059e-01 
 7.85235635e+00 -1.38321967e+01  2.03418367e-01 
 7.94328235e+00 -1.38323143e+01  2.03415613e-01 
 8.03526122e+00 -1.38324346e+01  2.03412795e-01 
 8.12830516e+00 -1.38325578e+01  2.03409912e-01 
 8.22242650e+00 -1.38326838e+01  2.03406961e-01 
 8.31763771e+00 -1.38328127e+01  2.03403942e-01 
 8.41395142e+00 -1.38329446e+01  2.03400853e-01 
 8.51138038e+00 -1.38330796e+01  2.03397692e-01 
 8.60993752e+00 -1.38332177e+01  2.03394457e-01 
 8.70963590e+00 -1.38333591e+01  2.03391147e-01 
 8.81048873e+00 -1.38335037e+01  2.03387761e-01 
 8.91250938e+00 -1.38336517e+01  2.03384295e-01 
 9.01571138e+00 -1.38338031e+01  2.03380749e-01 
 9.12010839e+00 -1.38339581e+01  2.03377121e-01 
 9.22571427e+00 -1.38341167e+01  2.03373408e-01 
 9.33254301e+00 -1.38342789e+01  2.03369609e-01 
 9.44060876e+00 -1.38344449e+01  2.03365722e-01 
 9.54992586e+00 -1.38346148e+01  2.03361744e-01 
 9.66050879e+00 -1.38347887e+01  2.03357674e-01 
 9.77237221e+00 -1.38349665e+01  2.03353510e-01 
 9.88553095e+00 -1.38351486e+01  2.03349249e-01 
 1.00000000e+01 -1.38353348e+01  2.03344888e-01 
 1.01157945e+01 -1.38355254e+01  2.03340427e-01 
 1.02329299e+01 -1.38357204e+01  2.03335862e-01 
 1.03514217e+01 -1.38359199e+01  2.03331191e-01 
 1.04712855e+01 -1.38361241e+01  2.03326411e-01 
 1.05925373e+01 -1.38363330e+01  2.03321521e-01 
 1.07151931e+01 -1.38365468e+01  2.03316516e-01 
 1.08392691e+01 -1.38367655e+01  2.03311396e-01 
 1.09647820e+01 -1.38369894e+01  2.03306157e-01 
 1.10917482e+01 -1.38372184e+01  2.03300796e-01 
 1.12201845e+01 -1.38374528e+01  2.03295311e-01 
 1.13501082e+01 -1.38376926e+01  2.03289698e-01 
 1.14815362e+01 -1.38379379e+01  2.03283956e-01 
 1.16144861e+01 -1.38381890e+01  2.03278080e-01 
 1.17489755e+01 -1.38384459e+01  2.03272067e-01 
 1.18850223e+01 -1.38387088e+01  2.03265915e-01 
 1.20226443e+01 -1.38389778e+01  2.03259621e-01 
 1.21618600e+01 -1.38392530e+01  2.03253180e-01 
 1.23026877e+01 -1.38395346e+01  2.03246590e-01 
 1.24451461e+01 -1.38398228e+01  2.03239847e-01 
 1.25892541e+01 -1.38401177e+01  2.03232948e-01 
 1.27350308e+01 -1.38404194e+01  2.03225889e-01 
 1.28824955e+01 -1.38407281e+01  2.03218666e-01 
 1.30316678e+01 -1.38410439e+01  2.03211276e-01 
 1.31825674e+01 -1.38413672e+01  2.03203714e-01 
 1.33352143e+01 -1.38416979e+01  2.03195977e-01 
 1.34896288e+01 -1.38420363e+01  2.03188061e-01 
 1.36458314e+01 -1.38423825e+01  2.03179962e-01 
 1.38038426e+01 -1.38427368e+01  2.03171674e-01 
 1.39636836e+01 -1.38430993e+01  2.03163195e-01 
 1.41253754e+01 -1.38434702e+01  2.03154520e-01 
 1.42889396e+01 -1.38438498e+01  2.03145643e-01 
 1.44543977e+01 -1.38442381e+01  2.03136561e-01 
 1.46217717e+01 -1.38446354e+01  2.03127268e-01 
 1.47910839e+01 -1.38450420e+01  2.03117761e-01 
 1.49623566e+01 -1.38454580e+01  2.03108033e-01 
 1.51356125e+01 -1.38458836e+01  2.03098081e-01 
 1.53108746e+01 -1.38463191e+01  2.03087897e-01 
 1.54881662e+01 -1.38467647e+01  2.03077479e-01 
 1.56675107e+01 -1.38472207e+01  2.03066819e-01 
 1.58489319e+01 -1.38476872e+01  2.03055913e-01 
 1.60324539e+01 -1.38481645e+01  2.03044754e-01 
 1.62181010e+01 -1.38486529e+01  2.03033338e-01 
 1.64058977e+01 -1.38491526e+01  2.03021657e-01 
 1.65958691e+01 -1.38496639e+01  2.03009707e-01 
 1.67880402e+01 -1.38501871e+01  2.02997480e-01 
 1.69824365e+01 -1.38507223e+01  2.02984971e-01 
 1.71790839e+01 -1.38512700e+01  2.02972173e-01 
 1.73780083e+01 -1.38518303e+01  2.02959080e-01 
 1.75792361e+01 -1.38524036e+01  2.02945684e-01 
 1.77827941e+01 -1.38529902e+01  2.02931978e-01 
 1.79887092e+01 -1.38535904e+01  2.02917956e-01 
 1.81970086e+01 -1.38542045e+01  2.02903611e-01 
 1.84077200e+01 -1.38548328e+01  2.02888935e-01 
 1.86208714e+01 -1.38554756e+01  2.02873920e-01 
 1.88364909e+01 -1.38561333e+01  2.02858559e-01 
 1.90546072e+01 -1.38568062e+01  2.02842844e-01 
 1.92752491e+01 -1.38574947e+01  2.02826766e-01 
 1.94984460e+01 -1.38581991e+01  2.02810318e-01 
 1.97242274e+01 -1.38589198e+01  2.02793491e-01 
 1.99526231e+01 -1.38596571e+01  2.02776276e-01 
 2.01836636e+01 -1.38604116e+01  2.02758665e-01 
 2.04173794e+01 -1.38611834e+01  2.02740648e-01 
 2.06538016e+01 -1.38619731e+01  2.02722217e-01 
 2.08929613e+01 -1.38627810e+01  2.02703361e-01 
 2.11348904e+01 -1.38636076e+01  2.02684072e-01 
 2.13796209e+01 -1.38644533e+01  2.02664339e-01 
 2.16271852e+01 -1.38653185e+01  2.02644153e-01 
 2.18776162e+01 -1.38662037e+01  2.02623502e-01 
 2.21309471e+01 -1.38671093e+01  2.02602377e-01 
 2.23872114e+01 -1.38680358e+01  2.02580767e-01 
 2.26464431e+01 -1.38689837e+01  2.02558661e-01 
 2.29086765e+01 -1.38699534e+01  2.02536047e-01 
 2.31739465e+01 -1.38709455e+01  2.02512914e-01 
 2.34422882e+01 -1.38719605e+01  2.02489251e-01 
 2.37137371e+01 -1.38729989e+01  2.02465045e-01 
 2.39883292e+01 -1.38740612e+01  2.02440284e-01 
 2.42661010e+01 -1.38751480e+01  2.02414956e-01 
 2.45470892e+01 -1.38762599e+01  2.02389048e-01 
 2.48313311e+01 -1.38773973e+01  2.02362546e-01 
 2.51188643e+01 -1.38785609e+01  2.02335438e-01 
 2.54097271e+01 -1.38797513e+01  2.02307710e-01 
 2.57039578e+01 -1.38809691e+01  2.02279348e-01 
 2.60015956e+01 -1.38822149e+01  2.02250337e-01 
 2.63026799e+01 -1.38834894e+01  2.02220664e-01 
 2.66072506e+01 -1.38847931e+01  2.02190313e-01 
 2.69153480e+01 -1.38861268e+01  2.02159269e-01 
 2.72270131e+01 -1.38874912e+01  2.02127517e-01 
 2.75422870e+01 -1.38888869e+01  2.02095041e-01 
 2.78612117e+01 -1.38903146e+01  2.02061824e-01 
 2.81838293e+01 -1.38917751e+01  2.02027851e-01 
 2.85101827e+01 -1.38932691e+01  2.01993104e-01 
 2.88403150e+01 -1.38947974e+01  2.01957566e-01 
 2.91742701e+01 -1.38963608e+01  2.01921220e-01 
 2.95120923e+01 -1.38979599e+01  2.01884048e-01 
 2.98538262e+01 -1.38995957e+01  2.01846031e-01 
 3.01995172e+01 -1.39012690e+01  2.01807151e-01 
 3.05492111e+01 -1.39029806e+01  2.01767388e-01 
 3.09029543e+01 -1.39047313e+01  2.01726724e-01 
 3.12607937e+01 -1.39065221e+01  2.01685137e-01 
 3.16227766e+01 -1.39083538e+01  2.01642609e-01 
 3.19889511e+01 -1.39102275e+01  2.01599118e-01 
 3.23593657e+01 -1.39121439e+01  2.01554643e-01 
 3.27340695e+01 -1.39141040e+01  2.01509162e-01 
 3.31131121e+01 -1.39161090e+01  2.01462654e-01 
 3.34965439e+01 -1.39181597e+01  2.01415096e-01 
 3.38844156e+01 -1.39202571e+01  2.01366465e-01 
 3.42767787e+01 -1.39224023e+01  2.01316738e-01 
 3.46736850e+01 -1.39245964e+01  2.01265890e-01 
 3.50751874e+01 -1.39268405e+01  2.01213898e-01 
 3.54813389e+01 -1.39291356e+01  2.01160737e-01 
 3.58921935e+01 -1.39314830e+01  2.01106381e-01 
 3.63078055e+01 -1.39338837e+01  2.01050804e-01 
 3.67282300e+01 -1.39363390e+01  2.00993981e-01 
 3.71535229e+01 -1.39388500e+01  2.00935884e-01 
 3.75837404e+01 -1.39414180e+01  2.00876485e-01 
 3.80189396e+01 -1.39440442e+01  2.00815758e-01 
 3.84591782e+01 -1.39467300e+01  2.00753673e-01 
 3.89045145e+01 -1.39494766e+01  2.00690202e-01 
 3.93550075e+01 -1.39522854e+01  2.00625314e-01 
 3.98107171e+01 -1.39551578e+01  2.00558980e-01 
 4.02717034e+01 -1.39580950e+01  2.00491169e-01 
 4.07380278e+01 -1.39610987e+01  2.00421850e-01 
 4.12097519e+01 -1.39641701e+01  2.00350990e-01 
 4.16869383e+01 -1.39673109e+01  2.00278558e-01 
 4.21696503e+01 -1.39705225e+01  2.00204519e-01 
 4.26579519e+01 -1.39738064e+01  2.00128841e-01 
 4.31519077e+01 -1.39771642e+01  2.00051489e-01 
 4.36515832e+01 -1.39805976e+01  1.99972428e-01 
 4.41570447e+01 -1.39841081e+01  1.99891623e-01 
 4.46683592e+01 -1.39876975e+01  1.99809036e-01 
 4.51855944e+01 -1.39913674e+01  1.99724632e-01 
 4.57088190e+01 -1.39951196e+01  1.99638373e-01 
 4.62381021e+01 -1.39989558e+01  1.99550219e-01 
 4.67735141e+01 -1.40028779e+01  1.99460133e-01 
 4.73151259e+01 -1.40068877e+01  1.99368075e-01 
 4.78630092e+01 -1.40109870e+01  1.99274005e-01 
 4.84172368e+01 -1.40151779e+01  1.99177881e-01 
 4.89778819e+01 -1.40194621e+01  1.99079662e-01 
 4.95450191e+01 -1.40238418e+01  1.98979305e-01 
 5.01187234e+01 -1.40283189e+01  1.98876768e-01 
 5.06990708e+01 -1.40328956e+01  1.98772006e-01 
 5.12861384e+01 -1.40375739e+01  1.98664975e-01 
 5.18800039e+01 -1.40423559e+01  1.98555630e-01 
 5.24807460e+01 -1.40472439e+01  1.98443925e-01 
 5.30884444e+01 -1.40522400e+01  1.98329812e-01 
 5.37031796e+01 -1.40573466e+01  1.98213245e-01 
 5.43250331e+01 -1.40625659e+01  1.98094176e-01 
 5.49540874e+01 -1.40679003e+01  1.97972555e-01 
 5.55904257e+01 -1.40733521e+01  1.97848332e-01 
 5.62341325e+01 -1.40789239e+01  1.97721458e-01 
 5.68852931e+01 -1.40846181e+01  1.97591881e-01 
 5.75439937e+01 -1.40904372e+01  1.97459549e-01 
 5.82103218e+01 -1.40963838e+01  1.97324409e-01 
 5.88843655e+01 -1.41024605e+01  1.97186409e-01 
 5.95662144e+01 -1.41086699e+01  1.97045493e-01 
 6.02559586e+01 -1.41150148e+01  1.96901607e-01 
 6.09536897e+01 -1.41214979e+01  1.96754696e-01 
 6.16595002e+01 -1.41281220e+01  1.96604702e-01 
 6.23734835e+01 -1.41348899e+01  1.96451569e-01 
 6.30957344e+01 -1.41418046e+01  1.96295240e-01 
 6.38263486e+01 -1.41488690e+01  1.96135654e-01 
 6.45654229e+01 -1.41560861e+01  1.95972754e-01 
 6.53130553e+01 -1.41634589e+01  1.95806478e-01 
 6.60693448e+01 -1.41709905e+01  1.95636767e-01 
 6.68343918e+01 -1.41786840e+01  1.95463559e-01 
 6.76082975e+01 -1.41865426e+01  1.95286791e-01 
 6.83911647e+01 -1.41945696e+01  1.95106402e-01 
 6.91830971e+01 -1.42027682e+01  1.94922328e-01 
 6.99841996e+01 -1.42111418e+01  1.94734504e-01 
 7.07945784e+01 -1.42196938e+01  1.94542866e-01 
 7.16143410e+01 -1.42284276e+01  1.94347349e-01 
 7.24435960e+01 -1.42373467e+01  1.94147886e-01 
 7.32824533e+01 -1.42464546e+01  1.93944412e-01 
 7.41310241e+01 -1.42557549e+01  1.93736860e-01 
 7.49894209e+01 -1.42652513e+01  1.93525161e-01 
 7.58577575e+01 -1.42749474e+01  1.93309248e-01 
 7.67361489e+01 -1.42848470e+01  1.93089052e-01 
 7.76247117e+01 -1.42949539e+01  1.92864504e-01 
 7.85235635e+01 -1.43052720e+01  1.92635535e-01 
 7.94328235e+01 -1.43158050e+01  1.92402074e-01 
 8.03526122e+01 -1.43265570e+01  1.92164052e-01 
 8.12830516e+01 -1.43375320e+01  1.91921398e-01 
 8.22242650e+01 -1.43487340e+01  1.91674041e-01 
 8.31763771e+01 -1.43601671e+01  1.91421910e-01 
 8.41395142e+01 -1.43718354e+01  1.91164933e-01 
 8.51138038e+01 -1.43837431e+01  1.90903039e-01 
 8.60993752e+01 -1.43958945e+01  1.90636156e-01 
 8.70963590e+01 -1.44082939e+01  1.90364212e-01 
 8.81048873e+01 -1.44209455e+01  1.90087135e-01 
 8.91250938e+01 -1.44338538e+01  1.89804852e-01 
 9.01571138e+01 -1.44470231e+01  1.89517292e-01 
 9.12010839e+01 -1.44604580e+01  1.89224383e-01 
 9.22571427e+01 -1.44741630e+01  1.88926053e-01 
 9.33254301e+01 -1.44881425e+01  1.88622230e-01 
 9.44060876e+01 -1.45024012e+01  1.88312842e-01 
 9.54992586e+01 -1.45169438e+01  1.87997818e-01 
 9.66050879e+01 -1.45317749e+01  1.87677088e-01 
 9.77237221e+01 -1.45468991e+01  1.87350581e-01 
 9.88553095e+01 -1.45623214e+01  1.87018225e-01 
 1.00000000e+02 -1.45780463e+01  1.86679953e-01 
 1.01157945e+02 -1.45940789e+01  1.86335695e-01 
 1.02329299e+02 -1.46104238e+01  1.85985382e-01 
 1.03514217e+02 -1.46270860e+01  1.85628947e-01 
 1.04712855e+02 -1.46440704e+01  1.85266322e-01 
 1.05925373e+02 -1.46613819e+01  1.84897443e-01 
 1.07151931e+02 -1.46790255e+01  1.84522242e-01 
 1.08392691e+02 -1.46970062e+01  1.84140657e-01 
 1.09647820e+02 -1.47153290e+01  1.83752624e-01 
 1.10917482e+02 -1.47339989e+01  1.83358081e-01 
 1.12201845e+02 -1.47530209e+01  1.82956968e-01 
 1.13501082e+02 -1.47724002e+01  1.82549224e-01 
 1.14815362e+02 -1.47921417e+01  1.82134792e-01 
 1.16144861e+02 -1.48122506e+01  1.81713616e-01 
 1.17489755e+02 -1.48327320e+01  1.81285639e-01 
 1.18850223e+02 -1.48535909e+01  1.80850809e-01 
 1.20226443e+02 -1.48748325e+01  1.80409074e-01 
 1.21618600e+02 -1.48964618e+01  1.79960384e-01 
 1.23026877e+02 -1.49184840e+01  1.79504690e-01 
 1.24451461e+02 -1.49409041e+01  1.79041948e-01 
 1.25892541e+02 -1.49637273e+01  1.78572112e-01 
 1.27350308e+02 -1.49869586e+01  1.78095141e-01 
 1.28824955e+02 -1.50106031e+01  1.77610994e-01 
 1.30316678e+02 -1.50346658e+01  1.77119636e-01 
 1.31825674e+02 -1.50591517e+01  1.76621030e-01 
 1.33352143e+02 -1.50840659e+01  1.76115145e-01 
 1.34896288e+02 -1.51094133e+01  1.75601950e-01 
 1.36458314e+02 -1.51351989e+01  1.75081417e-01 
 1.38038426e+02 -1.51614276e+01  1.74553524e-01 
 1.39636836e+02 -1.51881042e+01  1.74018247e-01 
 1.41253754e+02 -1.52152336e+01  1.73475568e-01 
 1.42889396e+02 -1.52428207e+01  1.72925471e-01 
 1.44543977e+02 -1.52708700e+01  1.72367943e-01 
 1.46217717e+02 -1.52993864e+01  1.71802975e-01 
 1.47910839e+02 -1.53283745e+01  1.71230559e-01 
 1.49623566e+02 -1.53578388e+01  1.70650694e-01 
 1.51356125e+02 -1.53877840e+01  1.70063378e-01 
 1.53108746e+02 -1.54182144e+01  1.69468616e-01 
 1.54881662e+02 -1.54491344e+01  1.68866414e-01 
 1.56675107e+02 -1.54805484e+01  1.68256783e-01 
 1.58489319e+02 -1.55124606e+01  1.67639737e-01 
 1.60324539e+02 -1.55448752e+01  1.67015294e-01 
 1.62181010e+02 -1.55777962e+01  1.66383475e-01 
 1.64058977e+02 -1.56112277e+01  1.65744305e-01 
 1.65958691e+02 -1.56451736e+01  1.65097813e-01 
 1.67880402e+02 -1.56796376e+01  1.64444033e-01 
 1.69824365e+02 -1.57146236e+01  1.63782999e-01 
 1.71790839e+02 -1.57501351e+01  1.63114754e-01 
 1.73780083e+02 -1.57861757e+01  1.62439340e-01 
 1.75792361e+02 -1.58227487e+01  1.61756808e-01 
 1.77827941e+02 -1.58598574e+01  1.61067207e-01 
 1.79887092e+02 -1.58975051e+01  1.60370596e-01 
 1.81970086e+02 -1.59356949e+01  1.59667033e-01 
 1.84077200e+02 -1.59744296e+01  1.58956584e-01 
 1.86208714e+02 -1.60137121e+01  1.58239315e-01 
 1.88364909e+02 -1.60535452e+01  1.57515298e-01 
 1.90546072e+02 -1.60939314e+01  1.56784610e-01 
 1.92752491e+02 -1.61348731e+01  1.56047331e-01 
 1.94984460e+02 -1.61763727e+01  1.55303543e-01 
 1.97242274e+02 -1.62184324e+01  1.54553334e-01 
 1.99526231e+02 -1.62610542e+01  1.53796796e-01 
 2.01836636e+02 -1.63042401e+01  1.53034023e-01 
 2.04173794e+02 -1.63479918e+01  1.52265114e-01 
 2.06538016e+02 -1.63923109e+01  1.51490171e-01 
 2.08929613e+02 -1.64371989e+01  1.50709301e-01 
 2.11348904e+02 -1.64826572e+01  1.49922612e-01 
 2.13796209e+02 -1.65286870e+01  1.49130218e-01 
 2.16271852e+02 -1.65752892e+01  1.48332234e-01 
 2.18776162e+02 -1.66224649e+01  1.47528781e-01 
 2.21309471e+02 -1.66702147e+01  1.46719981e-01 
 2.23872114e+02 -1.67185393e+01  1.45905961e-01 
 2.26464431e+02 -1.67674391e+01  1.45086848e-01 
 2.29086765e+02 -1.68169143e+01  1.44262776e-01 
 2.31739465e+02 -1.68669652e+01  1.43433878e-01 
 2.34422882e+02 -1.69175916e+01  1.42600293e-01 
 2.37137371e+02 -1.69687935e+01  1.41762161e-01 
 2.39883292e+02 -1.70205706e+01  1.40919623e-01 
 2.42661010e+02 -1.70729222e+01  1.40072825e-01 
 2.45470892e+02 -1.71258479e+01  1.39221915e-01 
 2.48313311e+02 -1.71793469e+01  1.38367042e-01 
 2.51188643e+02 -1.72334182e+01  1.37508356e-01 
 2.54097271e+02 -1.72880607e+01  1.36646013e-01 
 2.57039578e+02 -1.73432733e+01  1.35780165e-01 
 2.60015956e+02 -1.73990546e+01  1.34910972e-01 
 2.63026799e+02 -1.74554030e+01  1.34038589e-01 
 2.66072506e+02 -1.75123170e+01  1.33163178e-01 
 2.69153480e+02 -1.75697946e+01  1.32284899e-01 
 2.72270131e+02 -1.76278340e+01  1.31403913e-01 
 2.75422870e+02 -1.76864331e+01  1.30520384e-01 
 2.78612117e+02 -1.77455897e+01  1.29634475e-01 
 2.81838293e+02 -1.78053014e+01  1.28746351e-01 
 2.85101827e+02 -1.78655658e+01  1.27856175e-01 
 2.88403150e+02 -1.79263803e+01  1.26964114e-01 
 2.91742701e+02 -1.79877420e+01  1.26070332e-01 
 2.95120923e+02 -1.80496483e+01  1.25174996e-01 
 2.98538262e+02 -1.81120960e+01  1.24278270e-01 
 3.01995172e+02 -1.81750821e+01  1.23380321e-01 
 3.05492111e+02 -1.82386034e+01  1.22481312e-01 
 3.09029543e+02 -1.83026566e+01  1.21581409e-01 
 3.12607937e+02 -1.83672381e+01  1.20680776e-01 
 3.16227766e+02 -1.84323446e+01  1.19779575e-01 
 3.19889511e+02 -1.84979724e+01  1.18877970e-01 
 3.23593657e+02 -1.85641176e+01  1.17976123e-01 
 3.27340695e+02 -1.86307765e+01  1.17074193e-01 
 3.31131121e+02 -1.86979452e+01  1.16172340e-01 
 3.34965439e+02 -1.87656197e+01  1.15270723e-01 
 3.38844156e+02 -1.88337958e+01  1.14369497e-01 
 3.42767787e+02 -1.89024693e+01  1.13468819e-01 
 3.46736850e+02 -1.89716361e+01  1.12568842e-01 
 3.50751874e+02 -1.90412917e+01  1.11669717e-01 
 3.54813389e+02 -1.91114317e+01  1.10771596e-01 
 3.58921935e+02 -1.91820518e+01  1.09874626e-01 
 3.63078055e+02 -1.92531473e+01  1.08978953e-01 
 3.67282300e+02 -1.93247137e+01  1.08084723e-01 
 3.71535229e+02 -1.93967463e+01  1.07192076e-01 
 3.75837404e+02 -1.94692404e+01  1.06301154e-01 
 3.80189396e+02 -1.95421912e+01  1.05412093e-01 
 3.84591782e+02 -1.96155940e+01  1.04525029e-01 
 3.89045145e+02 -1.96894439e+01  1.03640096e-01 
 3.93550075e+02 -1.97637360e+01  1.02757422e-01 
 3.98107171e+02 -1.98384654e+01  1.01877137e-01 
 4.02717034e+02 -1.99136271e+01  1.00999366e-01 
 4.07380278e+02 -1.99892162e+01  1.00124230e-01 
 4.12097519e+02 -2.00652276e+01  9.92518520e-02 
 4.16869383e+02 -2.01416564e+01  9.83823475e-02 
 4.21696503e+02 -2.02184974e+01  9.75158316e-02 
 4.26579519e+02 -2.02957457e+01  9.66524163e-02 
 4.31519077e+02 -2.03733961e+01  9.57922108e-02 
 4.36515832e+02 -2.04514435e+01  9.49353213e-02 
 4.41570447e+02 -2.05298829e+01  9.40818514e-02 
 4.46683592e+02 -2.06087091e+01  9.32319017e-02 
 4.51855944e+02 -2.06879171e+01  9.23855702e-02 
 4.57088190e+02 -2.07675018e+01  9.15429517e-02 
 4.62381021e+02 -2.08474580e+01  9.07041383e-02 
 4.67735141e+02 -2.09277806e+01  8.98692193e-02 
 4.73151259e+02 -2.10084647e+01  8.90382811e-02 
 4.78630092e+02 -2.10895050e+01  8.82114071e-02 
 4.84172368e+02 -2.11708966e+01  8.73886781e-02 
 4.89778819e+02 -2.12526344e+01  8.65701718e-02 
 4.95450191e+02 -2.13347134e+01  8.57559632e-02 
 5.01187234e+02 -2.14171286e+01  8.49461246e-02 
 5.06990708e+02 -2.14998750e+01  8.41407252e-02 
 5.12861384e+02 -2.15829476e+01  8.33398318e-02 
 5.18800039e+02 -2.16663416e+01  8.25435080e-02 
 5.24807460e+02 -2.17500519e+01  8.17518152e-02 
 5.30884444e+02 -2.18340738e+01  8.09648116e-02 
 5.37031796e+02 -2.19184024e+01  8.01825531e-02 
 5.43250331e+02 -2.20030329e+01  7.94050927e-02 
 5.49540874e+02 -2.20879604e+01  7.86324809e-02 
 5.55904257e+02 -2.21731804e+01  7.78647657e-02 
 5.62341325e+02 -2.22586880e+01  7.71019924e-02 
 5.68852931e+02 -2.23444786e+01  7.63442039e-02 
 5.75439937e+02 -2.24305475e+01  7.55914407e-02 
 5.82103218e+02 -2.25168903e+01  7.48437406e-02 
 5.88843655e+02 -2.26035023e+01  7.41011393e-02 
 5.95662144e+02 -2.26903790e+01  7.33636701e-02 
 6.02559586e+02 -2.27775160e+01  7.26313638e-02 
 6.09536897e+02 -2.28649089e+01  7.19042491e-02 
 6.16595002e+02 -2.29525533e+01  7.11823525e-02 
 6.23734835e+02 -2.30404448e+01  7.04656982e-02 
 6.30957344e+02 -2.31285792e+01  6.97543085e-02 
 6.38263486e+02 -2.32169524e+01  6.90482032e-02 
 6.45654229e+02 -2.33055600e+01  6.83474006e-02 
 6.53130553e+02 -2.33943979e+01  6.76519165e-02 
 6.60693448e+02 -2.34834621e+01  6.69617651e-02 
 6.68343918e+02 -2.35727486e+01  6.62769585e-02 
 6.76082975e+02 -2.36622533e+01  6.55975069e-02 
 6.83911647e+02 -2.37519723e+01  6.49234190e-02 
 6.91830971e+02 -2.38419018e+01  6.42547014e-02 
 6.99841996e+02 -2.39320379e+01  6.35913590e-02 
 7.07945784e+02 -2.40223767e+01  6.29333953e-02 
 7.16143410e+02 -2.41129147e+01  6.22808118e-02 
 7.24435960e+02 -2.42036481e+01  6.16336088e-02 
 7.32824533e+02 -2.42945732e+01  6.09917847e-02 
 7.41310241e+02 -2.43856865e+01  6.03553366e-02 
 7.49894209e+02 -2.44769844e+01  5.97242602e-02 
 7.58577575e+02 -2.45684636e+01  5.90985495e-02 
 7.67361489e+02 -2.46601204e+01  5.84781976e-02 
 7.76247117e+02 -2.47519517e+01  5.78631958e-02 
 7.85235635e+02 -2.48439540e+01  5.72535343e-02 
 7.94328235e+02 -2.49361240e+01  5.66492023e-02 
 8.03526122e+02 -2.50284586e+01  5.60501875e-02 
 8.12830516e+02 -2.51209546e+01  5.54564764e-02 
 8.22242650e+02 -2.52136087e+01  5.48680547e-02 
 8.31763771e+02 -2.53064181e+01  5.42849068e-02 
 8.41395142e+02 -2.53993795e+01  5.37070161e-02 
 8.51138038e+02 -2.54924901e+01  5.31343649e-02 
 8.60993752e+02 -2.55857469e+01  5.25669348e-02 
 8.70963590e+02 -2.56791471e+01  5.20047062e-02 
 8.81048873e+02 -2.57726877e+01  5.14476588e-02 
 8.91250938e+02 -2.58663660e+01  5.08957713e-02 
 9.01571138e+02 -2.59601793e+01  5.03490218e-02 
 9.12010839e+02 -2.60541248e+01  4.98073873e-02 
 9.22571427e+02 -2.61481999e+01  4.92708442e-02 
 9.33254301e+02 -2.62424021e+01  4.87393684e-02 
 9.44060876e+02 -2.63367286e+01  4.82129347e-02 
 9.54992586e+02 -2.64311772e+01  4.76915176e-02 
 9.66050879e+02 -2.65257451e+01  4.71750907e-02 
 9.77237221e+02 -2.66204301e+01  4.66636273e-02 
 9.88553095e+02 -2.67152297e+01  4.61570998e-02 
 1.00000000e+03 -2.68101417e+01  4.56554803e-02 
 1.01157945e+03 -2.69051636e+01  4.51587404e-02 
 1.02329299e+03 -2.70002933e+01  4.46668510e-02 
 1.03514217e+03 -2.70955285e+01  4.41797828e-02 
 1.04712855e+03 -2.71908670e+01  4.36975058e-02 
 1.05925373e+03 -2.72863068e+01  4.32199899e-02 
 1.07151931e+03 -2.73818457e+01  4.27472043e-02 
 1.08392691e+03 -2.74774816e+01  4.22791182e-02 
 1.09647820e+03 -2.75732125e+01  4.18157001e-02 
 1.10917482e+03 -2.76690366e+01  4.13569185e-02 
 1.12201845e+03 -2.77649517e+01  4.09027413e-02 
 1.13501082e+03 -2.78609560e+01  4.04531365e-02 
 1.14815362e+03 -2.79570477e+01  4.00080714e-02 
 1.16144861e+03 -2.80532248e+01  3.95675135e-02 
 1.17489755e+03 -2.81494857e+01  3.91314299e-02 
 1.18850223e+03 -2.82458284e+01  3.86997874e-02 
 1.20226443e+03 -2.83422514e+01  3.82725528e-02 
 1.21618600e+03 -2.84387528e+01  3.78496927e-02 
 1.23026877e+03 -2.85353311e+01  3.74311735e-02 
 1.24451461e+03 -2.86319846e+01  3.70169616e-02 
 1.25892541e+03 -2.87287117e+01  3.66070231e-02 
 1.27350308e+03 -2.88255109e+01  3.62013242e-02 
 1.28824955e+03 -2.89223805e+01  3.57998310e-02 
 1.30316678e+03 -2.90193191e+01  3.54025094e-02 
 1.31825674e+03 -2.91163252e+01  3.50093253e-02 
 1.33352143e+03 -2.92133974e+01  3.46202446e-02 
 1.34896288e+03 -2.93105342e+01  3.42352333e-02 
 1.36458314e+03 -2.94077342e+01  3.38542571e-02 
 1.38038426e+03 -2.95049962e+01  3.34772820e-02 
 1.39636836e+03 -2.96023187e+01  3.31042738e-02 
 1.41253754e+03 -2.96997005e+01  3.27351984e-02 
 1.42889396e+03 -2.97971402e+01  3.23700218e-02 
 1.44543977e+03 -2.98946366e+01  3.20087099e-02 
 1.46217717e+03 -2.99921885e+01  3.16512287e-02 
 1.47910839e+03 -3.00897947e+01  3.12975445e-02 
 1.49623566e+03 -3.01874540e+01  3.09476232e-02 
 1.51356125e+03 -3.02851652e+01  3.06014313e-02 
 1.53108746e+03 -3.03829272e+01  3.02589350e-02 
 1.54881662e+03 -3.04807390e+01  2.99201007e-02 
 1.56675107e+03 -3.05785993e+01  2.95848951e-02 
 1.58489319e+03 -3.06765072e+01  2.92532848e-02 
 1.60324539e+03 -3.07744616e+01  2.89252365e-02 
 1.62181010e+03 -3.08724615e+01  2.86007171e-02 
 1.64058977e+03 -3.09705059e+01  2.82796938e-02 
 1.65958691e+03 -3.10685939e+01  2.79621336e-02 
 1.67880402e+03 -3.11667243e+01  2.76480040e-02 
 1.69824365e+03 -3.12648964e+01  2.73372722e-02 
 1.71790839e+03 -3.13631093e+01  2.70299061e-02 
 1.73780083e+03 -3.14613619e+01  2.67258734e-02 
 1.75792361e+03 -3.15596534e+01  2.64251419e-02 
 1.77827941e+03 -3.16579831e+01  2.61276799e-02 
 1.79887092e+03 -3.17563499e+01  2.58334557e-02 
 1.81970086e+03 -3.18547532e+01  2.55424376e-02 
 1.84077200e+03 -3.19531920e+01  2.52545944e-02 
 1.86208714e+03 -3.20516657e+01  2.49698950e-02 
 1.88364909e+03 -3.21501734e+01  2.46883082e-02 
 1.90546072e+03 -3.22487144e+01  2.44098034e-02 
 1.92752491e+03 -3.23472879e+01  2.41343499e-02 
 1.94984460e+03 -3.24458932e+01  2.38619174e-02 
 1.97242274e+03 -3.25445297e+01  2.35924757e-02 
 1.99526231e+03 -3.26431965e+01  2.33259947e-02 
 2.01836636e+03 -3.27418931e+01  2.30624448e-02 
 2.04173794e+03 -3.28406188e+01  2.28017962e-02 
 2.06538016e+03 -3.29393729e+01  2.25440198e-02 
 2.08929613e+03 -3.30381547e+01  2.22890862e-02 
 2.11348904e+03 -3.31369637e+01  2.20369666e-02 
 2.13796209e+03 -3.32357993e+01  2.17876322e-02 
 2.16271852e+03 -3.33346608e+01  2.15410544e-02 
 2.18776162e+03 -3.34335477e+01  2.12972051e-02 
 2.21309471e+03 -3.35324594e+01  2.10560561e-02 
 2.23872114e+03 -3.36313954e+01  2.08175795e-02 
 2.26464431e+03 -3.37303550e+01  2.05817477e-02 
 2.29086765e+03 -3.38293378e+01  2.03485333e-02 
 2.31739465e+03 -3.39283432e+01  2.01179090e-02 
 2.34422882e+03 -3.40273708e+01  1.98898479e-02 
 2.37137371e+03 -3.41264199e+01  1.96643232e-02 
 2.39883292e+03 -3.42254902e+01  1.94413083e-02 
 2.42661010e+03 -3.43245812e+01  1.92207770e-02 
 2.45470892e+03 -3.44236924e+01  1.90027031e-02 
 2.48313311e+03 -3.45228232e+01  1.87870607e-02 
 2.51188643e+03 -3.46219734e+01  1.85738242e-02 
 2.54097271e+03 -3.47211424e+01  1.83629681e-02 
 2.57039578e+03 -3.48203298e+01  1.81544673e-02 
 2.60015956e+03 -3.49195352e+01  1.79482967e-02 
 2.63026799e+03 -3.50187581e+01  1.77444316e-02 
 2.66072506e+03 -3.51179983e+01  1.75428474e-02 
 2.69153480e+03 -3.52172552e+01  1.73435198e-02 
 2.72270131e+03 -3.53165285e+01  1.71464246e-02 
 2.75422870e+03 -3.54158178e+01  1.69515380e-02 
 2.78612117e+03 -3.55151228e+01  1.67588363e-02 
 2.81838293e+03 -3.56144431e+01  1.65682961e-02 
 2.85101827e+03 -3.57137783e+01  1.63798940e-02 
 2.88403150e+03 -3.58131281e+01  1.61936071e-02 
 2.91742701e+03 -3.59124921e+01  1.60094125e-02 
 2.95120923e+03 -3.60118700e+01  1.58272877e-02 
 2.98538262e+03 -3.61112616e+01  1.56472103e-02 
 3.01995172e+03 -3.62106664e+01  1.54691581e-02 
 3.05492111e+03 -3.63100842e+01  1.52931092e-02 
 3.09029543e+03 -3.64095147e+01  1.51190418e-02 
 3.12607937e+03 -3.65089575e+01  1.49469343e-02 
 3.16227766e+03 -3.66084124e+01  1.47767655e-02 
 3.19889511e+03 -3.67078791e+01  1.46085141e-02 
 3.23593657e+03 -3.68073573e+01  1.44421594e-02 
 3.27340695e+03 -3.69068467e+01  1.42776806e-02 
 3.31131121e+03 -3.70063472e+01  1.41150572e-02 
 3.34965439e+03 -3.71058583e+01  1.39542688e-02 
 3.38844156e+03 -3.72053799e+01  1.37952954e-02 
 3.42767787e+03 -3.73049117e+01  1.36381171e-02 
 3.46736850e+03 -3.74044531e+01  1.34827147e-02 
 3.50751874e+03 -3.75040046e+01  1.33290676e-02 
 3.54813389e+03 -3.76035656e+01  1.31771570e-02 
 3.58921935e+03 -3.77031358e+01  1.30269639e-02 
 3.63078055e+03 -3.78027151e+01  1.28784693e-02 
 3.67282300e+03 -3.79023031e+01  1.27316545e-02 
 3.71535229e+03 -3.80018998e+01  1.25865009e-02 
 3.75837404e+03 -3.81015048e+01  1.24429902e-02 
 3.80189396e+03 -3.82011181e+01  1.23011042e-02 
 3.84591782e+03 -3.83007393e+01  1.21608249e-02 
 3.89045145e+03 -3.84003683e+01  1.20221346e-02 
 3.93550075e+03 -3.85000048e+01  1.18850157e-02 
 3.98107171e+03 -3.85996488e+01  1.17494506e-02 
 4.02717034e+03 -3.86992999e+01  1.16154223e-02 
 4.07380278e+03 -3.87989581e+01  1.14829135e-02 
 4.12097519e+03 -3.88986231e+01  1.13519075e-02 
 4.16869383e+03 -3.89982948e+01  1.12223875e-02 
 4.21696503e+03 -3.90979730e+01  1.10943369e-02 
 4.26579519e+03 -3.91976575e+01  1.09677395e-02 
 4.31519077e+03 -3.92973481e+01  1.08425790e-02 
 4.36515832e+03 -3.93970448e+01  1.07188393e-02 
 4.41570447e+03 -3.94967472e+01  1.05965048e-02 
 4.46683592e+03 -3.95964554e+01  1.04755595e-02 
 4.51855944e+03 -3.96961691e+01  1.03559882e-02 
 4.57088190e+03 -3.97958881e+01  1.02377753e-02 
 4.62381021e+03 -3.98956124e+01  1.01209057e-02 
 4.67735141e+03 -3.99953418e+01  1.00053644e-02 
 4.73151259e+03 -4.00950761e+01  9.89113652e-03 
 4.78630092e+03 -4.01948152e+01  9.77820733e-03 
 4.84172368e+03 -4.02945589e+01  9.66656228e-03 
 4.89778819e+03 -4.03943072e+01  9.55618699e-03 
 4.95450191e+03 -4.04940599e+01  9.44706722e-03 
 5.01187234e+03 -4.05938168e+01  9.33918887e-03 
 5.06990708e+03 -4.06935779e+01  9.23253802e-03 
 5.12861384e+03 -4.07933430e+01  9.12710089e-03 
 5.18800039e+03 -4.08931119e+01  9.02286382e-03 
 5.24807460e+03 -4.09928847e+01  8.91981334e-03 
 5.30884444e+03 -4.10926610e+01  8.81793611e-03 
 5.37031796e+03 -4.11924409e+01  8.71721893e-03 
 5.43250331e+03 -4.12922242e+01  8.61764874e-03 
 5.49540874e+03 -4.13920108e+01  8.51921263e-03 
 5.55904257e+03 -4.14918006e+01  8.42189784e-03 
 5.62341325e+03 -4.15915935e+01  8.32569173e-03 
 5.68852931e+03 -4.16913893e+01  8.23058181e-03 
 5.75439937e+03 -4.17911879e+01  8.13655572e-03 
 5.82103218e+03 -4.18909894e+01  8.04360124e-03 
 5.88843655e+03 -4.19907934e+01  7.95170628e-03 
 5.95662144e+03 -4.20906000e+01  7.86085888e-03 
 6.02559586e+03 -4.21904090e+01  7.77104723e-03 
 6.09536897e+03 -4.22902204e+01  7.68225962e-03 
 6.16595002e+03 -4.23900340e+01  7.59448450e-03 
 6.23734835e+03 -4.24898497e+01  7.50771042e-03 
 6.30957344e+03 -4.25896675e+01  7.42192607e-03 
 6.38263486e+03 -4.26894872e+01  7.33712027e-03 
 6.45654229e+03 -4.27893088e+01  7.25328195e-03 
 6.53130553e+03 -4.28891321e+01  7.17040016e-03 
 6.60693448e+03 -4.29889568e+01  7.08846437e-03 
 6.68343918e+03 -4.30887833e+01  7.00746332e-03 
 6.76082975e+03 -4.31886114e+01  6.92738670e-03 
 6.83911647e+03 -4.32884408e+01  6.84822405e-03 
 6.91830971e+03 -4.33882715e+01  6.76996502e-03 
 6.99841996e+03 -4.34881034e+01  6.69259938e-03 
 7.07945784e+03 -4.35879365e+01  6.61611701e-03 
 7.16143410e+03 -4.36877705e+01  6.54050789e-03 
 7.24435960e+03 -4.37876055e+01  6.46576213e-03 
 7.32824533e+03 -4.38874414e+01  6.39186995e-03 
 7.41310241e+03 -4.39872780e+01  6.31882167e-03 
 7.49894209e+03 -4.40871153e+01  6.24660772e-03 
 7.58577575e+03 -4.41869532e+01  6.17521863e-03 
 7.67361489e+03 -4.42867916e+01  6.10464505e-03 
 7.76247117e+03 -4.43866305e+01  6.03487773e-03 
 7.85235635e+03 -4.44864697e+01  5.96590752e-03 
 7.94328235e+03 -4.45863091e+01  5.89772537e-03 
 8.03526122e+03 -4.46861487e+01  5.83032233e-03 
 8.12830516e+03 -4.47859884e+01  5.76368957e-03 
 8.22242650e+03 -4.48858277e+01  5.69781855e-03 
 8.31763771e+03 -4.49856673e+01  5.63270018e-03 
 8.41395142e+03 -4.50855067e+01  5.56832614e-03 
 8.51138038e+03 -4.51853459e+01  5.50468797e-03 
 8.60993752e+03 -4.52851847e+01  5.44177730e-03 
 8.70963590e+03 -4.53850231e+01  5.37958588e-03 
 8.81048873e+03 -4.54848610e+01  5.31810552e-03 
 8.91250938e+03 -4.55846983e+01  5.25732816e-03 
 9.01571138e+03 -4.56845349e+01  5.19724579e-03 
 9.12010839e+03 -4.57843707e+01  5.13785051e-03 
 9.22571427e+03 -4.58842057e+01  5.07913452e-03 
 9.33254301e+03 -4.59840397e+01  5.02109009e-03 
 9.44060876e+03 -4.60838727e+01  4.96370958e-03 
 9.54992586e+03 -4.61837046e+01  4.90698544e-03 
 9.66050879e+03 -4.62835353e+01  4.85091020e-03 
 9.77237221e+03 -4.63833647e+01  4.79547650e-03 
 9.88553095e+03 -4.64831927e+01  4.74067701e-03 
 1.00000000e+04 -4.65830188e+01  4.68650472e-03 
 1.01157945e+04 -4.66828438e+01  4.63295212e-03 
 1.02329299e+04 -4.67826670e+01  4.58001235e-03 
 1.03514217e+04 -4.68824885e+01  4.52767842e-03 
 1.04712855e+04 -4.69823082e+01  4.47594344e-03 
 1.05925373e+04 -4.70821259e+01  4.42480060e-03 
 1.07151931e+04 -4.71819416e+01  4.37424315e-03 
 1.08392691e+04 -4.72817551e+01  4.32426444e-03 
 1.09647820e+04 -4.73815664e+01  4.27485787e-03 
 1.10917482e+04 -4.74813754e+01  4.22601693e-03 
 1.12201845e+04 -4.75811819e+01  4.17773517e-03 
 1.13501082e+04 -4.76809858e+01  4.13000624e-03 
 1.14815362e+04 -4.77807868e+01  4.08282400e-03 
 1.16144861e+04 -4.78805854e+01  4.03618190e-03 
 1.17489755e+04 -4.79803811e+01  3.99007395e-03 
 1.18850223e+04 -4.80801739e+01  3.94449407e-03 
 1.20226443e+04 -4.81799635e+01  3.89943624e-03 
 1.21618600e+04 -4.82797500e+01  3.85489452e-03 
 1.23026877e+04 -4.83795332e+01  3.81086302e-03 
 1.24451461e+04 -4.84793130e+01  3.76733595e-03 
 1.25892541e+04 -4.85790893e+01  3.72430755e-03 
 1.27350308e+04 -4.86788619e+01  3.68177214e-03 
 1.28824955e+04 -4.87786304e+01  3.63972425e-03 
 1.30316678e+04 -4.88783953e+01  3.59815804e-03 
 1.31825674e+04 -4.89781562e+01  3.55706817e-03 
 1.33352143e+04 -4.90779130e+01  3.51644920e-03 
 1.34896288e+04 -4.91776656e+01  3.47629578e-03 
 1.36458314e+04 -4.92774137e+01  3.43660260e-03 
 1.38038426e+04 -4.93771573e+01  3.39736442e-03 
 1.39636836e+04 -4.94768959e+01  3.35857619e-03 
 1.41253754e+04 -4.95766300e+01  3.32023251e-03 
 1.42889396e+04 -4.96763592e+01  3.28232846e-03 
 1.44543977e+04 -4.97760833e+01  3.24485902e-03 
 1.46217717e+04 -4.98758022e+01  3.20781925e-03 
 1.47910839e+04 -4.99755157e+01  3.17120425e-03 
 1.49623566e+04 -5.00752237e+01  3.13500918e-03 
 1.51356125e+04 -5.01749256e+01  3.09922937e-03 
 1.53108746e+04 -5.02746221e+01  3.06385986e-03 
 1.54881662e+04 -5.03743125e+01  3.02889609e-03 
 1.56675107e+04 -5.04739968e+01  2.99433345e-03 
 1.58489319e+04 -5.05736747e+01  2.96016735e-03 
 1.60324539e+04 -5.06733462e+01  2.92639328e-03 
 1.62181010e+04 -5.07730106e+01  2.89300690e-03 
 1.64058977e+04 -5.08726686e+01  2.86000355e-03 
 1.65958691e+04 -5.09723195e+01  2.82737899e-03 
 1.67880402e+04 -5.10719632e+01  2.79512891e-03 
 1.69824365e+04 -5.11715995e+01  2.76324904e-03 
 1.71790839e+04 -5.12712278e+01  2.73173526e-03 
 1.73780083e+04 -5.13708487e+01  2.70058321e-03 
 1.75792361e+04 -5.14704617e+01  2.66978885e-03 
 1.77827941e+04 -5.15700664e+01  2.63934813e-03 
 1.79887092e+04 -5.16696625e+01  2.60925712e-03 
 1.81970086e+04 -5.17692502e+01  2.57951162e-03 
 1.84077200e+04 -5.18688292e+01  2.55010781e-03 
 1.86208714e+04 -5.19683991e+01  2.52104180e-03 
 1.88364909e+04 -5.20679594e+01  2.49230984e-03 
 1.90546072e+04 -5.21675105e+01  2.46390793e-03 
 1.92752491e+04 -5.22670519e+01  2.43583242e-03 
 1.94984460e+04 -5.23665833e+01  2.40807958e-03 
 1.97242274e+04 -5.24661042e+01  2.38064583e-03 
 1.99526231e+04 -5.25656149e+01  2.35352737e-03 
 2.01836636e+04 -5.26651149e+01  2.32672070e-03 
 2.04173794e+04 -5.27646036e+01  2.30022235e-03 
 2.06538016e+04 -5.28640814e+01  2.27402864e-03 
 2.08929613e+04 -5.29635477e+01  2.24813619e-03 
 2.11348904e+04 -5.30630021e+01  2.22254158e-03 
 2.13796209e+04 -5.31624441e+01  2.19724150e-03 
 2.16271852e+04 -5.32618741e+01  2.17223244e-03 
 2.18776162e+04 -5.33612914e+01  2.14751116e-03 
 2.21309471e+04 -5.34606954e+01  2.12307449e-03 
 2.23872114e+04 -5.35600864e+01  2.09891901e-03 
 2.26464431e+04 -5.36594635e+01  2.07504169e-03 
 2.29086765e+04 -5.37588270e+01  2.05143921e-03 
 2.31739465e+04 -5.38581758e+01  2.02810861e-03 
 2.34422882e+04 -5.39575104e+01  2.00504663e-03 
 2.37137371e+04 -5.40568301e+01  1.98225031e-03 
 2.39883292e+04 -5.41561341e+01  1.95971671e-03 
 2.42661010e+04 -5.42554228e+01  1.93744267e-03 
 2.45470892e+04 -5.43546951e+01  1.91542541e-03 
 2.48313311e+04 -5.44539513e+01  1.89366186e-03 
 2.51188643e+04 -5.45531904e+01  1.87214929e-03 
 2.54097271e+04 -5.46524127e+01  1.85088470e-03 
 2.57039578e+04 -5.47516173e+01  1.82986535e-03 
 2.60015956e+04 -5.48508036e+01  1.80908853e-03 
 2.63026799e+04 -5.49499718e+01  1.78855133e-03 
 2.66072506e+04 -5.50491208e+01  1.76825119e-03 
 2.69153480e+04 -5.51482509e+01  1.74818527e-03 
 2.72270131e+04 -5.52473608e+01  1.72835106e-03 
 2.75422870e+04 -5.53464505e+01  1.70874585e-03 
 2.78612117e+04 -5.54455199e+01  1.68936699e-03 
 2.81838293e+04 -5.55445678e+01  1.67021204e-03 
 2.85101827e+04 -5.56435944e+01  1.65127833e-03 
 2.88403150e+04 -5.57425985e+01  1.63256348e-03 
 2.91742701e+04 -5.58415802e+01  1.61406489e-03 
 2.95120923e+04 -5.59405384e+01  1.59578022e-03 
 2.98538262e+04 -5.60394729e+01  1.57770701e-03 
 3.01995172e+04 -5.61383835e+01  1.55984278e-03 
 3.05492111e+04 -5.62372688e+01  1.54218529e-03 
 3.09029543e+04 -5.63361290e+01  1.52473212e-03 
 3.12607937e+04 -5.64349631e+01  1.50748099e-03 
 3.16227766e+04 -5.65337705e+01  1.49042962e-03 
 3.19889511e+04 -5.66325510e+01  1.47357569e-03 
 3.23593657e+04 -5.67313034e+01  1.45691706e-03 
 3.27340695e+04 -5.68300273e+01  1.44045148e-03 
 3.31131121e+04 -5.69287221e+01  1.42417676e-03 
 3.34965439e+04 -5.70273871e+01  1.40809075e-03 
 3.38844156e+04 -5.71260216e+01  1.39219131e-03 
 3.42767787e+04 -5.72246253e+01  1.37647628e-03 
 3.46736850e+04 -5.73231969e+01  1.36094369e-03 
 3.50751874e+04 -5.74217358e+01  1.34559143e-03 
 3.54813389e+04 -5.75202414e+01  1.33041745e-03 
 3.58921935e+04 -5.76187128e+01  1.31541975e-03 
 3.63078055e+04 -5.77171495e+01  1.30059634e-03 
 3.67282300e+04 -5.78155504e+01  1.28594525e-03 
 3.71535229e+04 -5.79139149e+01  1.27146455e-03 
 3.75837404e+04 -5.80122421e+01  1.25715230e-03 
 3.80189396e+04 -5.81105311e+01  1.24300663e-03 
 3.84591782e+04 -5.82087812e+01  1.22902564e-03 
 3.89045145e+04 -5.83069913e+01  1.21520748e-03 
 3.93550075e+04 -5.84051603e+01  1.20155037e-03 
 3.98107171e+04 -5.85032880e+01  1.18805241e-03 
 4.02717034e+04 -5.86013730e+01  1.17471185e-03 
 4.07380278e+04 -5.86994144e+01  1.16152692e-03 
 4.12097519e+04 -5.87974112e+01  1.14849587e-03 
 4.16869383e+04 -5.88953625e+01  1.13561698e-03 
 4.21696503e+04 -5.89932667e+01  1.12288857e-03 
 4.26579519e+04 -5.90911237e+01  1.11030888e-03 
 4.31519077e+04 -5.91889319e+01  1.09787628e-03 
 4.36515832e+04 -5.92866900e+01  1.08558916e-03 
 4.41570447e+04 -5.93843975e+01  1.07344581e-03 
 4.46683592e+04 -5.94820530e+01  1.06144465e-03 
 4.51855944e+04 -5.95796549e+01  1.04958413e-03 
 4.57088190e+04 -5.96772027e+01  1.03786261e-03 
 4.62381021e+04 -5.97746945e+01  1.02627860e-03 
 4.67735141e+04 -5.98721299e+01  1.01483049e-03 
 4.73151259e+04 -5.99695068e+01  1.00351683e-03 
 4.78630092e+04 -6.00668243e+01  9.92336086e-04 
 4.84172368e+04 -6.01640814e+01  9.81286735e-04 
 4.89778819e+04 -6.02612762e+01  9.70367384e-04 
 4.95450191e+04 -6.03584075e+01  9.59576547e-04 
 5.01187234e+04 -6.04554740e+01  9.48912788e-04 
 5.06990708e+04 -6.05524743e+01  9.38374692e-04 
 5.12861384e+04 -6.06494068e+01  9.27960859e-04 
 5.18800039e+04 -6.07462702e+01  9.17669905e-04 
 5.24807460e+04 -6.08430629e+01  9.07500462e-04 
 5.30884444e+04 -6.09397833e+01  8.97451181e-04 
 5.37031796e+04 -6.10364299e+01  8.87520723e-04 
 5.43250331e+04 -6.11330013e+01  8.77707754e-04 
 5.49540874e+04 -6.12294952e+01  8.68011018e-04 
 5.55904257e+04 -6.13259106e+01  8.58429176e-04 
 5.62341325e+04 -6.14222455e+01  8.48960970e-04 
 5.68852931e+04 -6.15184979e+01  8.39605174e-04 
 5.75439937e+04 -6.16146666e+01  8.30360477e-04 
 5.82103218e+04 -6.17107496e+01  8.21225682e-04 
 5.88843655e+04 -6.18067445e+01  8.12199604e-04 
 5.95662144e+04 -6.19026500e+01  8.03281011e-04 
 6.02559586e+04 -6.19984643e+01  7.94468684e-04 
 6.09536897e+04 -6.20941850e+01  7.85761511e-04 
 6.16595002e+04 -6.21898102e+01  7.77158302e-04 
 6.23734835e+04 -6.22853383e+01  7.68657880e-04 
 6.30957344e+04 -6.23807666e+01  7.60259173e-04 
 6.38263486e+04 -6.24760933e+01  7.51961030e-04 
 6.45654229e+04 -6.25713162e+01  7.43762347e-04 
 6.53130553e+04 -6.26664332e+01  7.35662028e-04 
 6.60693448e+04 -6.27614420e+01  7.27658994e-04 
 6.68343918e+04 -6.28563403e+01  7.19752177e-04 
 6.76082975e+04 -6.29511254e+01  7.11940549e-04 
 6.83911647e+04 -6.30457958e+01  7.04223011e-04 
 6.91830971e+04 -6.31403482e+01  6.96598587e-04 
 6.99841996e+04 -6.32347810e+01  6.89066204e-04 
 7.07945784e+04 -6.33290909e+01  6.81624909e-04 
 7.16143410e+04 -6.34232762e+01  6.74273655e-04 
 7.24435960e+04 -6.35173334e+01  6.67011509e-04 
 7.32824533e+04 -6.36112605e+01  6.59837474e-04 
 7.41310241e+04 -6.37050545e+01  6.52750590e-04 
 7.49894209e+04 -6.37987130e+01  6.45749906e-04 
 7.58577575e+04 -6.38922330e+01  6.38834486e-04 
 7.67361489e+04 -6.39856115e+01  6.32003413e-04 
 7.76247117e+04 -6.40788460e+01  6.25255759e-04 
 7.85235635e+04 -6.41719336e+01  6.18590607e-04 
 7.94328235e+04 -6.42648708e+01  6.12007097e-04 
 8.03526122e+04 -6.43576554e+01  6.05504298e-04 
 8.12830516e+04 -6.44502836e+01  5.99081381e-04 
 8.22242650e+04 -6.45427525e+01  5.92737460e-04 
 8.31763771e+04 -6.46350591e+01  5.86471680e-04 
 8.41395142e+04 -6.47272001e+01  5.80283197e-04 
 8.51138038e+04 -6.48191723e+01  5.74171177e-04 
 8.60993752e+04 -6.49109722e+01  5.68134796e-04 
 8.70963590e+04 -6.50025963e+01  5.62173260e-04 
 8.81048873e+04 -6.50940414e+01  5.56285741e-04 
 8.91250938e+04 -6.51853044e+01  5.50471423e-04 
 9.01571138e+04 -6.52763811e+01  5.44729562e-04 
 9.12010839e+04 -6.53672682e+01  5.39059357e-04 
 9.22571427e+04 -6.54579621e+01  5.33460040e-04 
 9.33254301e+04 -6.55484588e+01  5.27930872e-04 
 9.44060876e+04 -6.56387555e+01  5.22471041e-04 
 9.54992586e+04 -6.57288471e+01  5.17079884e-04 
 9.66050879e+04 -6.58187305e+01  5.11756627e-04 
 9.77237221e+04 -6.59084016e+01  5.06500546e-04 
 9.88553095e+04 -6.59978567e+01  5.01310922e-04 
 1.00000000e+05 -6.60870915e+01  4.96187048e-04 
 1.01157945e+05 -6.61761022e+01  4.91128221e-04 
 1.02329299e+05 -6.62648842e+01  4.86133768e-04 
 1.03514217e+05 -6.63534338e+01  4.81202984e-04 
 1.04712855e+05 -6.64417466e+01  4.76335193e-04 
 1.05925373e+05 -6.65298185e+01  4.71529725e-04 
 1.07151931e+05 -6.66176451e+01  4.66785919e-04 
 1.08392691e+05 -6.67052218e+01  4.62103128e-04 
 1.09647820e+05 -6.67925445e+01  4.57480697e-04 
 1.10917482e+05 -6.68796085e+01  4.52917993e-04 
 1.12201845e+05 -6.69664094e+01  4.48414377e-04 
 1.13501082e+05 -6.70529427e+01  4.43969222e-04 
 1.14815362e+05 -6.71392034e+01  4.39581927e-04 
 1.16144861e+05 -6.72251876e+01  4.35251845e-04 
 1.17489755e+05 -6.73108898e+01  4.30978406e-04 
 1.18850223e+05 -6.73963056e+01  4.26760995e-04 
 1.20226443e+05 -6.74814300e+01  4.22599035e-04 
 1.21618600e+05 -6.75662585e+01  4.18491917e-04 
 1.23026877e+05 -6.76507862e+01  4.14439071e-04 
 1.24451461e+05 -6.77350076e+01  4.10439947e-04 
 1.25892541e+05 -6.78189185e+01  4.06493940e-04 
 1.27350308e+05 -6.79025137e+01  4.02600505e-04 
 1.28824955e+05 -6.79857875e+01  3.98759118e-04 
 1.30316678e+05 -6.80687357e+01  3.94969185e-04 
 1.31825674e+05 -6.81513530e+01  3.91230180e-04 
 1.33352143e+05 -6.82336339e+01  3.87541579e-04 
 1.34896288e+05 -6.83155736e+01  3.83902838e-04 
 1.36458314e+05 -6.83971668e+01  3.80313430e-04 
 1.38038426e+05 -6.84784080e+01  3.76772850e-04 
 1.39636836e+05 -6.85592923e+01  3.73280568e-04 
 1.41253754e+05 -6.86398145e+01  3.69836077e-04 
 1.42889396e+05 -6.87199690e+01  3.66438884e-04 
 1.44543977e+05 -6.87997506e+01  3.63088478e-04 
 1.46217717e+05 -6.88791540e+01  3.59784378e-04 
 1.47910839e+05 -6.89581742e+01  3.56526069e-04 
 1.49623566e+05 -6.90368054e+01  3.53313093e-04 
 1.51356125e+05 -6.91150421e+01  3.50144971e-04 
 1.53108746e+05 -6.91928795e+01  3.47021215e-04 
 1.54881662e+05 -6.92703120e+01  3.43941356e-04 
 1.56675107e+05 -6.93473342e+01  3.40904935e-04 
 1.58489319e+05 -6.94239409e+01  3.37911486e-04 
 1.60324539e+05 -6.95001263e+01  3.34960569e-04 
 1.62181010e+05 -6.95758854e+01  3.32051717e-04 
 1.64058977e+05 -6.96512130e+01  3.29184480e-04 
 1.65958691e+05 -6.97261033e+01  3.26358428e-04 
 1.67880402e+05 -6.98005515e+01  3.23573111e-04 
 1.69824365e+05 -6.98745519e+01  3.20828104e-04 
 1.71790839e+05 -6.99480996e+01  3.18122965e-04 
 1.73780083e+05 -7.00211889e+01  3.15457279e-04 
 1.75792361e+05 -7.00938151e+01  3.12830612e-04 
 1.77827941e+05 -7.01659726e+01  3.10242555e-04 
 1.79887092e+05 -7.02376566e+01  3.07692682e-04 
 1.81970086e+05 -7.03088617e+01  3.05180593e-04 
 1.84077200e+05 -7.03795832e+01  3.02705869e-04 
 1.86208714e+05 -7.04498156e+01  3.00268117e-04 
 1.88364909e+05 -7.05195542e+01  2.97866929e-04 
 1.90546072e+05 -7.05887942e+01  2.95501909e-04 
 1.92752491e+05 -7.06575303e+01  2.93172673e-04 
 1.94984460e+05 -7.07257583e+01  2.90878811e-04 
 1.97242274e+05 -7.07934730e+01  2.88619951e-04 
 1.99526231e+05 -7.08606702e+01  2.86395699e-04 
 2.01836636e+05 -7.09273448e+01  2.84205684e-04 
 2.04173794e+05 -7.09934924e+01  2.82049530e-04 
 2.06538016e+05 -7.10591085e+01  2.79926862e-04 
 2.08929613e+05 -7.11241890e+01  2.77837299e-04 
 2.11348904e+05 -7.11887291e+01  2.75780492e-04 
 2.13796209e+05 -7.12527255e+01  2.73756050e-04 
 2.16271852e+05 -7.13161731e+01  2.71763637e-04 
 2.18776162e+05 -7.13790682e+01  2.69802886e-04 
 2.21309471e+05 -7.14414072e+01  2.67873432e-04 
 2.23872114e+05 -7.15031861e+01  2.65974926e-04 
 2.26464431e+05 -7.15644009e+01  2.64107027e-04 
 2.29086765e+05 -7.16250482e+01  2.62269380e-04 
 2.31739465e+05 -7.16851243e+01  2.60461649e-04 
 2.34422882e+05 -7.17446262e+01  2.58683478e-04 
 2.37137371e+05 -7.18035501e+01  2.56934543e-04 
 2.39883292e+05 -7.18618930e+01  2.55214503e-04 
 2.42661010e+05 -7.19196519e+01  2.53523024e-04 
 2.45470892e+05 -7.19768237e+01  2.51859777e-04 
 2.48313311e+05 -7.20334059e+01  2.50224429e-04 
 2.51188643e+05 -7.20893953e+01  2.48616664e-04 
 2.54097271e+05 -7.21447896e+01  2.47036154e-04 
 2.57039578e+05 -7.21995865e+01  2.45482577e-04 
 2.60015956e+05 -7.22537832e+01  2.43955627e-04 
 2.63026799e+05 -7.23073779e+01  2.42454977e-04 
 2.66072506e+05 -7.23603683e+01  2.40980324e-04 
 2.69153480e+05 -7.24127527e+01  2.39531352e-04 
 2.72270131e+05 -7.24645287e+01  2.38107768e-04 
 2.75422870e+05 -7.25156954e+01  2.36709250e-04 
 2.78612117e+05 -7.25662507e+01  2.35335512e-04 
 2.81838293e+05 -7.26161934e+01  2.33986247e-04 
 2.85101827e+05 -7.26655222e+01  2.32661160e-04 
 2.88403150e+05 -7.27142358e+01  2.31359966e-04 
 2.91742701e+05 -7.27623334e+01  2.30082365e-04 
 2.95120923e+05 -7.28098138e+01  2.28828077e-04 
 2.98538262e+05 -7.28566766e+01  2.27596809e-04 
 3.01995172e+05 -7.29029209e+01  2.26388287e-04 
 3.05492111e+05 -7.29485467e+01  2.25202219e-04 
 3.09029543e+05 -7.29935531e+01  2.24038339e-04 
 3.12607937e+05 -7.30379400e+01  2.22896372e-04 
 3.16227766e+05 -7.30817076e+01  2.21776039e-04 
 3.19889511e+05 -7.31248554e+01  2.20677081e-04 
 3.23593657e+05 -7.31673839e+01  2.19599225e-04 
 3.27340695e+05 -7.32092936e+01  2.18542204e-04 
 3.31131121e+05 -7.32505845e+01  2.17505768e-04 
 3.34965439e+05 -7.32912572e+01  2.16489650e-04 
 3.38844156e+05 -7.33313125e+01  2.15493600e-04 
 3.42767787e+05 -7.33707509e+01  2.14517365e-04 
 3.46736850e+05 -7.34095735e+01  2.13560694e-04 
 3.50751874e+05 -7.34477813e+01  2.12623339e-04 
 3.54813389e+05 -7.34853752e+01  2.11705061e-04 
 3.58921935e+05 -7.35223565e+01  2.10805616e-04 
 3.63078055e+05 -7.35587263e+01  2.09924769e-04 
 3.67282300e+05 -7.35944863e+01  2.09062282e-04 
 3.71535229e+05 -7.36296378e+01  2.08217923e-04 
 3.75837404e+05 -7.36641823e+01  2.07391468e-04 
 3.80189396e+05 -7.36981218e+01  2.06582682e-04 
 3.84591782e+05 -7.37314578e+01  2.05791348e-04 
 3.89045145e+05 -7.37641921e+01  2.05017245e-04 
 3.93550075e+05 -7.37963266e+01  2.04260162e-04 
 3.98107171e+05 -7.38278635e+01  2.03519874e-04 
 4.02717034e+05 -7.38588047e+01  2.02796178e-04 
 4.07380278e+05 -7.38891524e+01  2.02088862e-04 
 4.12097519e+05 -7.39189086e+01  2.01397730e-04 
 4.16869383e+05 -7.39480759e+01  2.00722569e-04 
 4.21696503e+05 -7.39766562e+01  2.00063190e-04 
 4.26579519e+05 -7.40046521e+01  1.99419396e-04 
 4.31519077e+05 -7.40320660e+01  1.98790991e-04 
 4.36515832e+05 -7.40589004e+01  1.98177789e-04 
 4.41570447e+05 -7.40851574e+01  1.97579614e-04 
 4.46683592e+05 -7.41108400e+01  1.96996269e-04 
 4.51855944e+05 -7.41359504e+01  1.96427585e-04 
 4.57088190e+05 -7.41604915e+01  1.95873384e-04 
 4.62381021e+05 -7.41844655e+01  1.95333496e-04 
 4.67735141e+05 -7.42078756e+01  1.94807746e-04 
 4.73151259e+05 -7.42307239e+01  1.94295976e-04 
 4.78630092e+05 -7.42530130e+01  1.93798026e-04 
 4.84172368e+05 -7.42747458e+01  1.93313735e-04 
 4.89778819e+05 -7.42959250e+01  1.92842942e-04 
 4.95450191e+05 -7.43165532e+01  1.92385501e-04 
 5.01187234e+05 -7.43366328e+01  1.91941268e-04 
 5.06990708e+05 -7.43561666e+01  1.91510093e-04 
 5.12861384e+05 -7.43751574e+01  1.91091835e-04 
 5.18800039e+05 -7.43936078e+01  1.90686353e-04 
 5.24807460e+05 -7.44115198e+01  1.90293525e-04 
 5.30884444e+05 -7.44288966e+01  1.89913207e-04 
 5.37031796e+05 -7.44457405e+01  1.89545280e-04 
 5.43250331e+05 -7.44620539e+01  1.89189619e-04 
 5.49540874e+05 -7.44778394e+01  1.88846104e-04 
 5.55904257e+05 -7.44930993e+01  1.88514619e-04 
 5.62341325e+05 -7.45078360e+01  1.88195051e-04 
 5.68852931e+05 -7.45220520e+01  1.87887290e-04 
 5.75439937e+05 -7.45357493e+01  1.87591231e-04 
 5.82103218e+05 -7.45489304e+01  1.87306771e-04 
 5.88843655e+05 -7.45615975e+01  1.87033813e-04 
 5.95662144e+05 -7.45737524e+01  1.86772262e-04 
 6.02559586e+05 -7.45853975e+01  1.86522027e-04 
 6.09536897e+05 -7.45965347e+01  1.86283018e-04 
 6.16595002e+05 -7.46071659e+01  1.86055154e-04 
 6.23734835e+05 -7.46172928e+01  1.85838358e-04 
 6.30957344e+05 -7.46269177e+01  1.85632544e-04 
 6.38263486e+05 -7.46360417e+01  1.85437650e-04 
 6.45654229e+05 -7.46446667e+01  1.85253604e-04 
 6.53130553e+05 -7.46527944e+01  1.85080335e-04 
 6.60693448e+05 -7.46604266e+01  1.84917780e-04 
 6.68343918e+05 -7.46675642e+01  1.84765886e-04 
 6.76082975e+05 -7.46742087e+01  1.84624599e-04 
 6.83911647e+05 -7.46803614e+01  1.84493866e-04 
 6.91830971e+05 -7.46860233e+01  1.84373641e-04 
 6.99841996e+05 -7.46911958e+01  1.84263880e-04 
 7.07945784e+05 -7.46958796e+01  1.84164542e-04 
 7.16143410e+05 -7.47000759e+01  1.84075591e-04 
 7.24435960e+05 -7.47037853e+01  1.83996997e-04 
 7.32824533e+05 -7.47070085e+01  1.83928731e-04 
 7.41310241e+05 -7.47097463e+01  1.83870766e-04 
 7.49894209e+05 -7.47119992e+01  1.83823081e-04 
 7.58577575e+05 -7.47137677e+01  1.83785658e-04 
 7.67361489e+05 -7.47150520e+01  1.83758484e-04 
 7.76247117e+05 -7.47158526e+01  1.83741548e-04 
 7.85235635e+05 -7.47161693e+01  1.83734848e-04 
 7.94328235e+05 -7.47160026e+01  1.83738374e-04 
 8.03526122e+05 -7.47153524e+01  1.83752129e-04 
 8.12830516e+05 -7.47142184e+01  1.83776120e-04 
 8.22242650e+05 -7.47126005e+01  1.83810356e-04 
 8.31763771e+05 -7.47104981e+01  1.83854852e-04 
 8.41395142e+05 -7.47079116e+01  1.83909609e-04 
 8.51138038e+05 -7.47048398e+01  1.83974661e-04 
 8.60993752e+05 -7.47012826e+01  1.84050021e-04 
 8.70963590e+05 -7.46972390e+01  1.84135723e-04 
 8.81048873e+05 -7.46927084e+01  1.84231794e-04 
 8.91250938e+05 -7.46876899e+01  1.84338268e-04 
 9.01571138e+05 -7.46821827e+01  1.84455183e-04 
 9.12010839e+05 -7.46761856e+01  1.84582583e-04 
 9.22571427e+05 -7.46696977e+01  1.84720509e-04 
 9.33254301e+05 -7.46627176e+01  1.84869012e-04 
 9.44060876e+05 -7.46552441e+01  1.85028144e-04 
 9.54992586e+05 -7.46472759e+01  1.85197962e-04 
 9.66050879e+05 -7.46388116e+01  1.85378525e-04 
 9.77237221e+05 -7.46298497e+01  1.85569891e-04 
 9.88553095e+05 -7.46203882e+01  1.85772142e-04 
 1.00000000e+06 -7.46104259e+01  1.85985336e-04 
 1.01157945e+06 -7.45999614e+01  1.86209542e-04 
 1.02329299e+06 -7.45889922e+01  1.86444849e-04 
 1.03514217e+06 -7.45775169e+01  1.86691332e-04 
 1.04712855e+06 -7.45655333e+01  1.86949082e-04 
 1.05925373e+06 -7.45530395e+01  1.87218182e-04 
 1.07151931e+06 -7.45400335e+01  1.87498728e-04 
 1.08392691e+06 -7.45265131e+01  1.87790815e-04 
 1.09647820e+06 -7.45124763e+01  1.88094538e-04 
 1.10917482e+06 -7.44979209e+01  1.88410003e-04 
 1.12201845e+06 -7.44828442e+01  1.88737323e-04 
 1.13501082e+06 -7.44672444e+01  1.89076598e-04 
 1.14815362e+06 -7.44511192e+01  1.89427942e-04 
 1.16144861e+06 -7.44344659e+01  1.89791476e-04 
 1.17489755e+06 -7.44172822e+01  1.90167322e-04 
 1.18850223e+06 -7.43995658e+01  1.90555596e-04 
 1.20226443e+06 -7.43813142e+01  1.90956432e-04 
 1.21618600e+06 -7.43625246e+01  1.91369961e-04 
 1.23026877e+06 -7.43431948e+01  1.91796315e-04 
 1.24451461e+06 -7.43233222e+01  1.92235631e-04 
 1.25892541e+06 -7.43029043e+01  1.92688052e-04 
 1.27350308e+06 -7.42819386e+01  1.93153717e-04 
 1.28824955e+06 -7.42604224e+01  1.93632781e-04 
 1.30316678e+06 -7.42383533e+01  1.94125387e-04 
 1.31825674e+06 -7.42157286e+01  1.94631697e-04 
 1.33352143e+06 -7.41925457e+01  1.95151869e-04 
 1.34896288e+06 -7.41688023e+01  1.95686057e-04 
 1.36458314e+06 -7.41444957e+01  1.96234433e-04 
 1.38038426e+06 -7.41196236e+01  1.96797156e-04 
 1.39636836e+06 -7.40941835e+01  1.97374402e-04 
 1.41253754e+06 -7.40681727e+01  1.97966346e-04 
 1.42889396e+06 -7.40415892e+01  1.98573158e-04 
 1.44543977e+06 -7.40144299e+01  1.99195033e-04 
 1.46217717e+06 -7.39866934e+01  1.99832136e-04 
 1.47910839e+06 -7.39583768e+01  2.00484665e-04 
 1.49623566e+06 -7.39294782e+01  2.01152805e-04 
 1.51356125e+06 -7.38999952e+01  2.01836748e-04 
 1.53108746e+06 -7.38699257e+01  2.02536694e-04 
 1.54881662e+06 -7.38392677e+01  2.03252836e-04 
 1.56675107e+06 -7.38080191e+01  2.03985380e-04 
 1.58489319e+06 -7.37761782e+01  2.04734526e-04 
 1.60324539e+06 -7.37437429e+01  2.05500488e-04 
 1.62181010e+06 -7.37107112e+01  2.06283477e-04 
 1.64058977e+06 -7.36770820e+01  2.07083691e-04 
 1.65958691e+06 -7.36428534e+01  2.07901359e-04 
 1.67880402e+06 -7.36080239e+01  2.08736697e-04 
 1.69824365e+06 -7.35725918e+01  2.09589929e-04 
 1.71790839e+06 -7.35365561e+01  2.10461273e-04 
 1.73780083e+06 -7.34999155e+01  2.11350959e-04 
 1.75792361e+06 -7.34626688e+01  2.12259217e-04 
 1.77827941e+06 -7.34248151e+01  2.13186278e-04 
 1.79887092e+06 -7.33863531e+01  2.14132380e-04 
 1.81970086e+06 -7.33472824e+01  2.15097757e-04 
 1.84077200e+06 -7.33076021e+01  2.16082650e-04 
 1.86208714e+06 -7.32673115e+01  2.17087304e-04 
 1.88364909e+06 -7.32264104e+01  2.18111959e-04 
 1.90546072e+06 -7.31848984e+01  2.19156865e-04 
 1.92752491e+06 -7.31427748e+01  2.20222282e-04 
 1.94984460e+06 -7.31000403e+01  2.21308443e-04 
 1.97242274e+06 -7.30566946e+01  2.22415612e-04 
 1.99526231e+06 -7.30127377e+01  2.23544050e-04 
 2.01836636e+06 -7.29681700e+01  2.24694011e-04 
 2.04173794e+06 -7.29229921e+01  2.25865757e-04 
 2.06538016e+06 -7.28772044e+01  2.27059554e-04 
 2.08929613e+06 -7.28308075e+01  2.28275669e-04 
 2.11348904e+06 -7.27838024e+01  2.29514369e-04 
 2.13796209e+06 -7.27361899e+01  2.30775928e-04 
 2.16271852e+06 -7.26879713e+01  2.32060613e-04 
 2.18776162e+06 -7.26391477e+01  2.33368704e-04 
 2.21309471e+06 -7.25897204e+01  2.34700480e-04 
 2.23872114e+06 -7.25396913e+01  2.36056212e-04 
 2.26464431e+06 -7.24890617e+01  2.37436191e-04 
 2.29086765e+06 -7.24378337e+01  2.38840690e-04 
 2.31739465e+06 -7.23860090e+01  2.40270002e-04 
 2.34422882e+06 -7.23335898e+01  2.41724411e-04 
 2.37137371e+06 -7.22805782e+01  2.43204212e-04 
 2.39883292e+06 -7.22269767e+01  2.44709690e-04 
 2.42661010e+06 -7.21727877e+01  2.46241140e-04 
 2.45470892e+06 -7.21180138e+01  2.47798862e-04 
 2.48313311e+06 -7.20626578e+01  2.49383152e-04 
 2.51188643e+06 -7.20067226e+01  2.50994308e-04 
 2.54097271e+06 -7.19502112e+01  2.52632629e-04 
 2.57039578e+06 -7.18931268e+01  2.54298418e-04 
 2.60015956e+06 -7.18354727e+01  2.55991982e-04 
 2.63026799e+06 -7.17772523e+01  2.57713627e-04 
 2.66072506e+06 -7.17184690e+01  2.59463665e-04 
 2.69153480e+06 -7.16591266e+01  2.61242404e-04 
 2.72270131e+06 -7.15992286e+01  2.63050160e-04 
 2.75422870e+06 -7.15387791e+01  2.64887243e-04 
 2.78612117e+06 -7.14777822e+01  2.66753968e-04 
 2.81838293e+06 -7.14162419e+01  2.68650657e-04 
 2.85101827e+06 -7.13541623e+01  2.70577627e-04 
 2.88403150e+06 -7.12915480e+01  2.72535199e-04 
 2.91742701e+06 -7.12284032e+01  2.74523699e-04 
 2.95120923e+06 -7.11647323e+01  2.76543454e-04 
 2.98538262e+06 -7.11005404e+01  2.78594785e-04 
 3.01995172e+06 -7.10358318e+01  2.80678022e-04 
 3.05492111e+06 -7.09706115e+01  2.82793500e-04 
 3.09029543e+06 -7.09048844e+01  2.84941549e-04 
 3.12607937e+06 -7.08386554e+01  2.87122501e-04 
 3.16227766e+06 -7.07719298e+01  2.89336691e-04 
 3.19889511e+06 -7.07047125e+01  2.91584462e-04 
 3.23593657e+06 -7.06370088e+01  2.93866148e-04 
 3.27340695e+06 -7.05688240e+01  2.96182094e-04 
 3.31131121e+06 -7.05001637e+01  2.98532635e-04 
 3.34965439e+06 -7.04310330e+01  3.00918126e-04 
 3.38844156e+06 -7.03614376e+01  3.03338908e-04 
 3.42767787e+06 -7.02913831e+01  3.05795328e-04 
 3.46736850e+06 -7.02208750e+01  3.08287738e-04 
 3.50751874e+06 -7.01499192e+01  3.10816483e-04 
 3.54813389e+06 -7.00785212e+01  3.13381923e-04 
 3.58921935e+06 -7.00066867e+01  3.15984417e-04 
 3.63078055e+06 -6.99344219e+01  3.18624309e-04 
 3.67282300e+06 -6.98617323e+01  3.21301966e-04 
 3.71535229e+06 -6.97886241e+01  3.24017746e-04 
 3.75837404e+06 -6.97151030e+01  3.26772009e-04 
 3.80189396e+06 -6.96411752e+01  3.29565118e-04 
 3.84591782e+06 -6.95668466e+01  3.32397440e-04 
 3.89045145e+06 -6.94921233e+01  3.35269338e-04 
 3.93550075e+06 -6.94170112e+01  3.38181182e-04 
 3.98107171e+06 -6.93415166e+01  3.41133344e-04 
 4.02717034e+06 -6.92656454e+01  3.44126191e-04 
 4.07380278e+06 -6.91894040e+01  3.47160097e-04 
 4.12097519e+06 -6.91127983e+01  3.50235437e-04 
 4.16869383e+06 -6.90358345e+01  3.53352587e-04 
 4.21696503e+06 -6.89585189e+01  3.56511922e-04 
 4.26579519e+06 -6.88808575e+01  3.59713823e-04 
 4.31519077e+06 -6.88028565e+01  3.62958671e-04 
 4.36515832e+06 -6.87245222e+01  3.66246843e-04 
 4.41570447e+06 -6.86458607e+01  3.69578726e-04 
 4.46683592e+06 -6.85668783e+01  3.72954701e-04 
 4.51855944e+06 -6.84875811e+01  3.76375153e-04 
 4.57088190e+06 -6.84079752e+01  3.79840474e-04 
 4.62381021e+06 -6.83280669e+01  3.83351049e-04 
 4.67735141e+06 -6.82478624e+01  3.86907262e-04 
 4.73151259e+06 -6.81673677e+01  3.90509511e-04 
 4.78630092e+06 -6.80865891e+01  3.94158182e-04 
 4.84172368e+06 -6.80055327e+01  3.97853668e-04 
 4.89778819e+06 -6.79242046e+01  4.01596362e-04 
 4.95450191e+06 -6.78426110e+01  4.05386658e-04 
 5.01187234e+06 -6.77607579e+01  4.09224951e-04 
 5.06990708e+06 -6.76786515e+01  4.13111634e-04 
 5.12861384e+06 -6.75962977e+01  4.17047107e-04 
 5.18800039e+06 -6.75137028e+01  4.21031762e-04 
 5.24807460e+06 -6.74308726e+01  4.25066001e-04 
 5.30884444e+06 -6.73478133e+01  4.29150218e-04 
 5.37031796e+06 -6.72645308e+01  4.33284808e-04 
 5.43250331e+06 -6.71810310e+01  4.37470175e-04 
 5.49540874e+06 -6.70973201e+01  4.41706711e-04 
 5.55904257e+06 -6.70134037e+01  4.45994819e-04 
 5.62341325e+06 -6.69292880e+01  4.50334895e-04 
 5.68852931e+06 -6.68449788e+01  4.54727333e-04 
 5.75439937e+06 -6.67604819e+01  4.59172537e-04 
 5.82103218e+06 -6.66758032e+01  4.63670898e-04 
 5.88843655e+06 -6.65909485e+01  4.68222816e-04 
 5.95662144e+06 -6.65059238e+01  4.72828681e-04 
 6.02559586e+06 -6.64207345e+01  4.77488893e-04 
 6.09536897e+06 -6.63353866e+01  4.82203846e-04 
 6.16595002e+06 -6.62498858e+01  4.86973927e-04 
 6.23734835e+06 -6.61642378e+01  4.91799532e-04 
 6.30957344e+06 -6.60784483e+01  4.96681045e-04 
 6.38263486e+06 -6.59925228e+01  5.01618861e-04 
 6.45654229e+06 -6.59064672e+01  5.06613362e-04 
 6.53130553e+06 -6.58202869e+01  5.11664932e-04 
 6.60693448e+06 -6.57339876e+01  5.16773955e-04 
 6.68343918e+06 -6.56475749e+01  5.21940810e-04 
 6.76082975e+06 -6.55610543e+01  5.27165872e-04 
 6.83911647e+06 -6.54744313e+01  5.32449516e-04 
 6.91830971e+06 -6.53877114e+01  5.37792117e-04 
 6.99841996e+06 -6.53009001e+01  5.43194038e-04 
 7.07945784e+06 -6.52140030e+01  5.48655645e-04 
 7.16143410e+06 -6.51270253e+01  5.54177302e-04 
 7.24435960e+06 -6.50399727e+01  5.59759364e-04 
 7.32824533e+06 -6.49528504e+01  5.65402184e-04 
 7.41310241e+06 -6.48656638e+01  5.71106112e-04 
 7.49894209e+06 -6.47784185e+01  5.76871492e-04 
 7.58577575e+06 -6.46911196e+01  5.82698664e-04 
 7.67361489e+06 -6.46037725e+01  5.88587961e-04 
 7.76247117e+06 -6.45163826e+01  5.94539712e-04 
 7.85235635e+06 -6.44289552e+01  6.00554241e-04 
 7.94328235e+06 -6.43414956e+01  6.06631864e-04 
 8.03526122e+06 -6.42540090e+01  6.12772897e-04 
 8.12830516e+06 -6.41665008e+01  6.18977639e-04 
 8.22242650e+06 -6.40789761e+01  6.25246394e-04 
 8.31763771e+06 -6.39914403e+01  6.31579445e-04 
 8.41395142e+06 -6.39038985e+01  6.37977081e-04 
 8.51138038e+06 -6.38163559e+01  6.44439576e-04 
 8.60993752e+06 -6.37288179e+01  6.50967198e-04 
 8.70963590e+06 -6.36412895e+01  6.57560208e-04 
 8.81048873e+06 -6.35537760e+01  6.64218853e-04 
 8.91250938e+06 -6.34662826e+01  6.70943379e-04 
 9.01571138e+06 -6.33788144e+01  6.77734014e-04 
 9.12010839e+06 -6.32913765e+01  6.84590983e-04 
 9.22571427e+06 -6.32039742e+01  6.91514500e-04 
 9.33254301e+06 -6.31166126e+01  6.98504761e-04 
 9.44060876e+06 -6.30292968e+01  7.05561964e-04 
 9.54992586e+06 -6.29420319e+01  7.12686287e-04 
 9.66050879e+06 -6.28548232e+01  7.19877897e-04 
 9.77237221e+06 -6.27676757e+01  7.27136954e-04 
 9.88553095e+06 -6.26805945e+01  7.34463600e-04 
 1.00000000e+07 -6.25935847e+01  7.41857968e-04 
 1.01157945e+07 -6.25066515e+01  7.49320175e-04 
 1.02329299e+07 -6.24197999e+01  7.56850332e-04 
 1.03514217e+07 -6.23330351e+01  7.64448525e-04 
 1.04712855e+07 -6.22463621e+01  7.72114836e-04 
 1.05925373e+07 -6.21597860e+01  7.79849327e-04 
 1.07151931e+07 -6.20733119e+01  7.87652048e-04 
 1.08392691e+07 -6.19869448e+01  7.95523032e-04 
 1.09647820e+07 -6.19006900e+01  8.03462296e-04 
 1.10917482e+07 -6.18145523e+01  8.11469840e-04 
 1.12201845e+07 -6.17285370e+01  8.19545655e-04 
 1.13501082e+07 -6.16426489e+01  8.27689706e-04 
 1.14815362e+07 -6.15568933e+01  8.35901947e-04 
 1.16144861e+07 -6.14712750e+01  8.44182312e-04 
 1.17489755e+07 -6.13857993e+01  8.52530717e-04 
 1.18850223e+07 -6.13004710e+01  8.60947061e-04 
 1.20226443e+07 -6.12152953e+01  8.69431226e-04 
 1.21618600e+07 -6.11302771e+01  8.77983073e-04 
 1.23026877e+07 -6.10454215e+01  8.86602443e-04 
 1.24451461e+07 -6.09607335e+01  8.95289161e-04 
 1.25892541e+07 -6.08762180e+01  9.04043029e-04 
 1.27350308e+07 -6.07918800e+01  9.12863833e-04 
 1.28824955e+07 -6.07077245e+01  9.21751332e-04 
 1.30316678e+07 -6.06237565e+01  9.30705274e-04 
 1.31825674e+07 -6.05399809e+01  9.39725376e-04 
 1.33352143e+07 -6.04564027e+01  9.48811341e-04 
 1.34896288e+07 -6.03730267e+01  9.57962848e-04 
 1.36458314e+07 -6.02898579e+01  9.67179554e-04 
 1.38038426e+07 -6.02069011e+01  9.76461096e-04 
 1.39636836e+07 -6.01241613e+01  9.85807087e-04 
 1.41253754e+07 -6.00416432e+01  9.95217120e-04 
 1.42889396e+07 -5.99593518e+01  1.00469076e-03 
 1.44543977e+07 -5.98772918e+01  1.01422757e-03 
 1.46217717e+07 -5.97954680e+01  1.02382705e-03 
 1.47910839e+07 -5.97138852e+01  1.03348872e-03 
 1.49623566e+07 -5.96325481e+01  1.04321205e-03 
 1.51356125e+07 -5.95514615e+01  1.05299650e-03 
 1.53108746e+07 -5.94706299e+01  1.06284150e-03 
 1.54881662e+07 -5.93900582e+01  1.07274646e-03 
 1.56675107e+07 -5.93097508e+01  1.08271077e-03 
 1.58489319e+07 -5.92297125e+01  1.09273380e-03 
 1.60324539e+07 -5.91499477e+01  1.10281487e-03 
 1.62181010e+07 -5.90704610e+01  1.11295332e-03 
 1.64058977e+07 -5.89912569e+01  1.12314843e-03 
 1.65958691e+07 -5.89123398e+01  1.13339948e-03 
 1.67880402e+07 -5.88337142e+01  1.14370571e-03 
 1.69824365e+07 -5.87553844e+01  1.15406636e-03 
 1.71790839e+07 -5.86773547e+01  1.16448062e-03 
 1.73780083e+07 -5.85996294e+01  1.17494768e-03 
 1.75792361e+07 -5.85222128e+01  1.18546670e-03 
 1.77827941e+07 -5.84451091e+01  1.19603681e-03 
 1.79887092e+07 -5.83683223e+01  1.20665713e-03 
 1.81970086e+07 -5.82918566e+01  1.21732676e-03 
 1.84077200e+07 -5.82157161e+01  1.22804476e-03 
 1.86208714e+07 -5.81399046e+01  1.23881019e-03 
 1.88364909e+07 -5.80644262e+01  1.24962208e-03 
 1.90546072e+07 -5.79892846e+01  1.26047945e-03 
 1.92752491e+07 -5.79144838e+01  1.27138127e-03 
 1.94984460e+07 -5.78400275e+01  1.28232653e-03 
 1.97242274e+07 -5.77659193e+01  1.29331417e-03 
 1.99526231e+07 -5.76921629e+01  1.30434312e-03 
 2.01836636e+07 -5.76187619e+01  1.31541231e-03 
 2.04173794e+07 -5.75457198e+01  1.32652063e-03 
 2.06538016e+07 -5.74730401e+01  1.33766695e-03 
 2.08929613e+07 -5.74007260e+01  1.34885013e-03 
 2.11348904e+07 -5.73287810e+01  1.36006903e-03 
 2.13796209e+07 -5.72572082e+01  1.37132246e-03 
 2.16271852e+07 -5.71860109e+01  1.38260924e-03 
 2.18776162e+07 -5.71151922e+01  1.39392816e-03 
 2.21309471e+07 -5.70447551e+01  1.40527800e-03 
 2.23872114e+07 -5.69747025e+01  1.41665753e-03 
 2.26464431e+07 -5.69050375e+01  1.42806550e-03 
 2.29086765e+07 -5.68357628e+01  1.43950064e-03 
 2.31739465e+07 -5.67668812e+01  1.45096168e-03 
 2.34422882e+07 -5.66983953e+01  1.46244733e-03 
 2.37137371e+07 -5.66303080e+01  1.47395628e-03 
 2.39883292e+07 -5.65626216e+01  1.48548723e-03 
 2.42661010e+07 -5.64953387e+01  1.49703883e-03 
 2.45470892e+07 -5.64284617e+01  1.50860977e-03 
 2.48313311e+07 -5.63619930e+01  1.52019867e-03 
 2.51188643e+07 -5.62959349e+01  1.53180420e-03 
 2.54097271e+07 -5.62302896e+01  1.54342496e-03 
 2.57039578e+07 -5.61650593e+01  1.55505959e-03 
 2.60015956e+07 -5.61002460e+01  1.56670669e-03 
 2.63026799e+07 -5.60358519e+01  1.57836486e-03 
 2.66072506e+07 -5.59718790e+01  1.59003268e-03 
 2.69153480e+07 -5.59083290e+01  1.60170875e-03 
 2.72270131e+07 -5.58452040e+01  1.61339163e-03 
 2.75422870e+07 -5.57825057e+01  1.62507988e-03 
 2.78612117e+07 -5.57202360e+01  1.63677206e-03 
 2.81838293e+07 -5.56583964e+01  1.64846671e-03 
 2.85101827e+07 -5.55969887e+01  1.66016237e-03 
 2.88403150e+07 -5.55360145e+01  1.67185756e-03 
 2.91742701e+07 -5.54754754e+01  1.68355081e-03 
 2.95120923e+07 -5.54153729e+01  1.69524063e-03 
 2.98538262e+07 -5.53557086e+01  1.70692552e-03 
 3.01995172e+07 -5.52964838e+01  1.71860398e-03 
 3.05492111e+07 -5.52377000e+01  1.73027448e-03 
 3.09029543e+07 -5.51793585e+01  1.74193551e-03 
 3.12607937e+07 -5.51214609e+01  1.75358554e-03 
 3.16227766e+07 -5.50640084e+01  1.76522301e-03 
 3.19889511e+07 -5.50070023e+01  1.77684639e-03 
 3.23593657e+07 -5.49504439e+01  1.78845412e-03 
 3.27340695e+07 -5.48943346e+01  1.80004461e-03 
 3.31131121e+07 -5.48386756e+01  1.81161629e-03 
 3.34965439e+07 -5.47834682e+01  1.82316758e-03 
 3.38844156e+07 -5.47287137e+01  1.83469686e-03 
 3.42767787e+07 -5.46744132e+01  1.84620252e-03 
 3.46736850e+07 -5.46205681e+01  1.85768294e-03 
 3.50751874e+07 -5.45671797e+01  1.86913648e-03 
 3.54813389e+07 -5.45142492e+01  1.88056149e-03 
 3.58921935e+07 -5.44617779e+01  1.89195631e-03 
 3.63078055e+07 -5.44097672e+01  1.90331926e-03 
 3.67282300e+07 -5.43582182e+01  1.91464864e-03 
 3.71535229e+07 -5.43071325e+01  1.92594276e-03 
 3.75837404e+07 -5.42565113e+01  1.93719988e-03 
 3.80189396e+07 -5.42063561e+01  1.94841828e-03 
 3.84591782e+07 -5.41566683e+01  1.95959619e-03 
 3.89045145e+07 -5.41074493e+01  1.97073185e-03 
 3.93550075e+07 -5.40587007e+01  1.98182346e-03 
 3.98107171e+07 -5.40104240e+01  1.99286923e-03 
 4.02717034e+07 -5.39626208e+01  2.00386731e-03 
 4.07380278e+07 -5.39152927e+01  2.01481588e-03 
 4.12097519e+07 -5.38684415e+01  2.02571305e-03 
 4.16869383e+07 -5.38220688e+01  2.03655694e-03 
 4.21696503e+07 -5.37761766e+01  2.04734565e-03 
 4.26579519e+07 -5.37307666e+01  2.05807725e-03 
 4.31519077e+07 -5.36858408e+01  2.06874977e-03 
 4.36515832e+07 -5.36414011e+01  2.07936124e-03 
 4.41570447e+07 -5.35974497e+01  2.08990967e-03 
 4.46683592e+07 -5.35539886e+01  2.10039303e-03 
 4.51855944e+07 -5.35110202e+01  2.11080927e-03 
 4.57088190e+07 -5.34685465e+01  2.12115631e-03 
 4.62381021e+07 -5.34265702e+01  2.13143205e-03 
 4.67735141e+07 -5.33850934e+01  2.14163438e-03 
 4.73151259e+07 -5.33441189e+01  2.15176112e-03 
 4.78630092e+07 -5.33036491e+01  2.16181011e-03 
 4.84172368e+07 -5.32636868e+01  2.17177914e-03 
 4.89778819e+07 -5.32242348e+01  2.18166597e-03 
 4.95450191e+07 -5.31852960e+01  2.19146835e-03 
 5.01187234e+07 -5.31468732e+01  2.20118396e-03 
 5.06990708e+07 -5.31089696e+01  2.21081051e-03 
 5.12861384e+07 -5.30715883e+01  2.22034565e-03 
 5.18800039e+07 -5.30347325e+01  2.22978699e-03 
 5.24807460e+07 -5.29984056e+01  2.23913213e-03 
 5.30884444e+07 -5.29626110e+01  2.24837865e-03 
 5.37031796e+07 -5.29273522e+01  2.25752408e-03 
 5.43250331e+07 -5.28926329e+01  2.26656593e-03 
 5.49540874e+07 -5.28584567e+01  2.27550170e-03 
 5.55904257e+07 -5.28248276e+01  2.28432884e-03 
 5.62341325e+07 -5.27917493e+01  2.29304478e-03 
 5.68852931e+07 -5.27592259e+01  2.30164693e-03 
 5.75439937e+07 -5.27272616e+01  2.31013266e-03 
 5.82103218e+07 -5.26958605e+01  2.31849934e-03 
 5.88843655e+07 -5.26650268e+01  2.32674429e-03 
 5.95662144e+07 -5.26347651e+01  2.33486483e-03 
 6.02559586e+07 -5.26050798e+01  2.34285824e-03 
 6.09536897e+07 -5.25759753e+01  2.35072179e-03 
 6.16595002e+07 -5.25474565e+01  2.35845272e-03 
 6.23734835e+07 -5.25195280e+01  2.36604827e-03 
 6.30957344e+07 -5.24921947e+01  2.37350563e-03 
 6.38263486e+07 -5.24654614e+01  2.38082201e-03 
 6.45654229e+07 -5.24393332e+01  2.38799459e-03 
 6.53130553e+07 -5.24138152e+01  2.39502053e-03 
 6.60693448e+07 -5.23889124e+01  2.40189700e-03 
 6.68343918e+07 -5.23646301e+01  2.40862114e-03 
 6.76082975e+07 -5.23409736e+01  2.41519010e-03 
 6.83911647e+07 -5.23179482e+01  2.42160101e-03 
 6.91830971e+07 -5.22955594e+01  2.42785101e-03 
 6.99841996e+07 -5.22738125e+01  2.43393724e-03 
 7.07945784e+07 -5.22527131e+01  2.43985683e-03 
 7.16143410e+07 -5.22322669e+01  2.44560694e-03 
 7.24435960e+07 -5.22124793e+01  2.45118470e-03 
 7.32824533e+07 -5.21933560e+01  2.45658728e-03 
 7.41310241e+07 -5.21749028e+01  2.46181187e-03 
 7.49894209e+07 -5.21571253e+01  2.46685564e-03 
 7.58577575e+07 -5.21400293e+01  2.47171581e-03 
 7.67361489e+07 -5.21236205e+01  2.47638961e-03 
 7.76247117e+07 -5.21079048e+01  2.48087431e-03 
 7.85235635e+07 -5.20928878e+01  2.48516718e-03 
 7.94328235e+07 -5.20785754e+01  2.48926555e-03 
 8.03526122e+07 -5.20649734e+01  2.49316677e-03 
 8.12830516e+07 -5.20520875e+01  2.49686824e-03 
 8.22242650e+07 -5.20399235e+01  2.50036739e-03 
 8.31763771e+07 -5.20284870e+01  2.50366171e-03 
 8.41395142e+07 -5.20177839e+01  2.50674874e-03 
 8.51138038e+07 -5.20078198e+01  2.50962604e-03 
 8.60993752e+07 -5.19986002e+01  2.51229127e-03 
 8.70963590e+07 -5.19901308e+01  2.51474214e-03 
 8.81048873e+07 -5.19824171e+01  2.51697641e-03 
 8.91250938e+07 -5.19754645e+01  2.51899192e-03 
 9.01571138e+07 -5.19692785e+01  2.52078657e-03 
 9.12010839e+07 -5.19638642e+01  2.52235836e-03 
 9.22571427e+07 -5.19592271e+01  2.52370534e-03 
 9.33254301e+07 -5.19553721e+01  2.52482565e-03 
 9.44060876e+07 -5.19523044e+01  2.52571755e-03 
 9.54992586e+07 -5.19500288e+01  2.52637934e-03 
 9.66050879e+07 -5.19485502e+01  2.52680944e-03 
 9.77237221e+07 -5.19478733e+01  2.52700637e-03 
 9.88553095e+07 -5.19480026e+01  2.52696874e-03 
 1.00000000e+08 -5.19489427e+01  2.52669526e-03 
 1.01157945e+08 -5.19506978e+01  2.52618476e-03 
 1.02329299e+08 -5.19532721e+01  2.52543617e-03 
 1.03514217e+08 -5.19566696e+01  2.52444853e-03 
 1.04712855e+08 -5.19608942e+01  2.52322101e-03 
 1.05925373e+08 -5.19659495e+01  2.52175288e-03 
 1.07151931e+08 -5.19718391e+01  2.52004353e-03 
 1.08392691e+08 -5.19785664e+01  2.51809250e-03 
 1.09647820e+08 -5.19861345e+01  2.51589941e-03 
 1.10917482e+08 -5.19945465e+01  2.51346405e-03 
 1.12201845e+08 -5.20038050e+01  2.51078630e-03 
 1.13501082e+08 -5.20139127e+01  2.50786621e-03 
 1.14815362e+08 -5.20248721e+01  2.50470392e-03 
 1.16144861e+08 -5.20366853e+01  2.50129974e-03 
 1.17489755e+08 -5.20493542e+01  2.49765408e-03 
 1.18850223e+08 -5.20628808e+01  2.49376750e-03 
 1.20226443e+08 -5.20772665e+01  2.48964071e-03 
 1.21618600e+08 -5.20925126e+01  2.48527453e-03 
 1.23026877e+08 -5.21086203e+01  2.48066993e-03 
 1.24451461e+08 -5.21255906e+01  2.47582801e-03 
 1.25892541e+08 -5.21434239e+01  2.47075000e-03 
 1.27350308e+08 -5.21621208e+01  2.46543728e-03 
 1.28824955e+08 -5.21816815e+01  2.45989135e-03 
 1.30316678e+08 -5.22021058e+01  2.45411386e-03 
 1.31825674e+08 -5.22233936e+01  2.44810656e-03 
 1.33352143e+08 -5.22455443e+01  2.44187137e-03 
 1.34896288e+08 -5.22685572e+01  2.43541032e-03 
 1.36458314e+08 -5.22924311e+01  2.42872556e-03 
 1.38038426e+08 -5.23171650e+01  2.42181938e-03 
 1.39636836e+08 -5.23427573e+01  2.41469418e-03 
 1.41253754e+08 -5.23692063e+01  2.40735250e-03 
 1.42889396e+08 -5.23965100e+01  2.39979698e-03 
 1.44543977e+08 -5.24246661e+01  2.39203039e-03 
 1.46217717e+08 -5.24536724e+01  2.38405560e-03 
 1.47910839e+08 -5.24835260e+01  2.37587561e-03 
 1.49623566e+08 -5.25142241e+01  2.36749350e-03 
 1.51356125e+08 -5.25457635e+01  2.35891248e-03 
 1.53108746e+08 -5.25781407e+01  2.35013584e-03 
 1.54881662e+08 -5.26113522e+01  2.34116698e-03 
 1.56675107e+08 -5.26453941e+01  2.33200938e-03 
 1.58489319e+08 -5.26802624e+01  2.32266664e-03 
 1.60324539e+08 -5.27159526e+01  2.31314240e-03 
 1.62181010e+08 -5.27524604e+01  2.30344041e-03 
 1.64058977e+08 -5.27897809e+01  2.29356449e-03 
 1.65958691e+08 -5.28279091e+01  2.28351854e-03 
 1.67880402e+08 -5.28668400e+01  2.27330653e-03 
 1.69824365e+08 -5.29065681e+01  2.26293247e-03 
 1.71790839e+08 -5.29470879e+01  2.25240045e-03 
 1.73780083e+08 -5.29883935e+01  2.24171462e-03 
 1.75792361e+08 -5.30304790e+01  2.23087917e-03 
 1.77827941e+08 -5.30733382e+01  2.21989835e-03 
 1.79887092e+08 -5.31169648e+01  2.20877643e-03 
 1.81970086e+08 -5.31613522e+01  2.19751774e-03 
 1.84077200e+08 -5.32064937e+01  2.18612664e-03 
 1.86208714e+08 -5.32523824e+01  2.17460750e-03 
 1.88364909e+08 -5.32990112e+01  2.16296474e-03 
 1.90546072e+08 -5.33463730e+01  2.15120278e-03 
 1.92752491e+08 -5.33944603e+01  2.13932607e-03 
 1.94984460e+08 -5.34432657e+01  2.12733907e-03 
 1.97242274e+08 -5.34927813e+01  2.11524625e-03 
 1.99526231e+08 -5.35429995e+01  2.10305207e-03 
 2.01836636e+08 -5.35939122e+01  2.09076099e-03 
 2.04173794e+08 -5.36455114e+01  2.07837750e-03 
 2.06538016e+08 -5.36977887e+01  2.06590603e-03 
 2.08929613e+08 -5.37507359e+01  2.05335105e-03 
 2.11348904e+08 -5.38043445e+01  2.04071696e-03 
 2.13796209e+08 -5.38586059e+01  2.02800819e-03 
 2.16271852e+08 -5.39135114e+01  2.01522911e-03 
 2.18776162e+08 -5.39690522e+01  2.00238410e-03 
 2.21309471e+08 -5.40252195e+01  1.98947748e-03 
 2.23872114e+08 -5.40820041e+01  1.97651355e-03 
 2.26464431e+08 -5.41393971e+01  1.96349657e-03 
 2.29086765e+08 -5.41973892e+01  1.95043077e-03 
 2.31739465e+08 -5.42559713e+01  1.93732033e-03 
 2.34422882e+08 -5.43151340e+01  1.92416939e-03 
 2.37137371e+08 -5.43748679e+01  1.91098204e-03 
 2.39883292e+08 -5.44351635e+01  1.89776234e-03 
 2.42661010e+08 -5.44960114e+01  1.88451427e-03 
 2.45470892e+08 -5.45574019e+01  1.87124178e-03 
 2.48313311e+08 -5.46193254e+01  1.85794875e-03 
 2.51188643e+08 -5.46817722e+01  1.84463901e-03 
 2.54097271e+08 -5.47447326e+01  1.83131633e-03 
 2.57039578e+08 -5.48081969e+01  1.81798442e-03 
 2.60015956e+08 -5.48721551e+01  1.80464693e-03 
 2.63026799e+08 -5.49365974e+01  1.79130744e-03 
 2.66072506e+08 -5.50015140e+01  1.77796948e-03 
 2.69153480e+08 -5.50668949e+01  1.76463649e-03 
 2.72270131e+08 -5.51327302e+01  1.75131187e-03 
 2.75422870e+08 -5.51990099e+01  1.73799893e-03 
 2.78612117e+08 -5.52657241e+01  1.72470093e-03 
 2.81838293e+08 -5.53328626e+01  1.71142104e-03 
 2.85101827e+08 -5.54004157e+01  1.69816239e-03 
 2.88403150e+08 -5.54683730e+01  1.68492800e-03 
 2.91742701e+08 -5.55367248e+01  1.67172086e-03 
 2.95120923e+08 -5.56054608e+01  1.65854385e-03 
 2.98538262e+08 -5.56745711e+01  1.64539982e-03 
 3.01995172e+08 -5.57440455e+01  1.63229152e-03 
 3.05492111e+08 -5.58138741e+01  1.61922162e-03 
 3.09029543e+08 -5.58840468e+01  1.60619275e-03 
 3.12607937e+08 -5.59545534e+01  1.59320745e-03 
 3.16227766e+08 -5.60253840e+01  1.58026819e-03 
 3.19889511e+08 -5.60965286e+01  1.56737737e-03 
 3.23593657e+08 -5.61679770e+01  1.55453732e-03 
 3.27340695e+08 -5.62397192e+01  1.54175029e-03 
 3.31131121e+08 -5.63117452e+01  1.52901849e-03 
 3.34965439e+08 -5.63840451e+01  1.51634403e-03 
 3.38844156e+08 -5.64566087e+01  1.50372896e-03 
 3.42767787e+08 -5.65294262e+01  1.49117527e-03 
 3.46736850e+08 -5.66024874e+01  1.47868487e-03 
 3.50751874e+08 -5.66757826e+01  1.46625961e-03 
 3.54813389e+08 -5.67493016e+01  1.45390128e-03 
 3.58921935e+08 -5.68230346e+01  1.44161160e-03 
 3.63078055e+08 -5.68969717e+01  1.42939222e-03 
 3.67282300e+08 -5.69711029e+01  1.41724474e-03 
 3.71535229e+08 -5.70454184e+01  1.40517068e-03 
 3.75837404e+08 -5.71199083e+01  1.39317151e-03 
 3.80189396e+08 -5.71945627e+01  1.38124865e-03 
 3.84591782e+08 -5.72693718e+01  1.36940343e-03 
 3.89045145e+08 -5.73443258e+01  1.35763715e-03 
 3.93550075e+08 -5.74194148e+01  1.34595103e-03 
 3.98107171e+08 -5.74946291e+01  1.33434627e-03 
 4.02717034e+08 -5.75699589e+01  1.32282397e-03 
 4.07380278e+08 -5.76453944e+01  1.31138520e-03 
 4.12097519e+08 -5.77209260e+01  1.30003098e-03 
 4.16869383e+08 -5.77965438e+01  1.28876226e-03 
 4.21696503e+08 -5.78722382e+01  1.27757996e-03 
 4.26579519e+08 -5.79479994e+01  1.26648493e-03 
 4.31519077e+08 -5.80238179e+01  1.25547799e-03 
 4.36515832e+08 -5.80996839e+01  1.24455990e-03 
 4.41570447e+08 -5.81755878e+01  1.23373137e-03 
 4.46683592e+08 -5.82515200e+01  1.22299308e-03 
 4.51855944e+08 -5.83274708e+01  1.21234565e-03 
 4.57088190e+08 -5.84034307e+01  1.20178967e-03 
 4.62381021e+08 -5.84793900e+01  1.19132567e-03 
 4.67735141e+08 -5.85553392e+01  1.18095416e-03 
 4.73151259e+08 -5.86312687e+01  1.17067559e-03 
 4.78630092e+08 -5.87071691e+01  1.16049039e-03 
 4.84172368e+08 -5.87830306e+01  1.15039893e-03 
 4.89778819e+08 -5.88588439e+01  1.14040157e-03 
 4.95450191e+08 -5.89345994e+01  1.13049860e-03 
 5.01187234e+08 -5.90102876e+01  1.12069031e-03 
 5.06990708e+08 -5.90858991e+01  1.11097694e-03 
 5.12861384e+08 -5.91614244e+01  1.10135869e-03 
 5.18800039e+08 -5.92368539e+01  1.09183573e-03 
 5.24807460e+08 -5.93121784e+01  1.08240822e-03 
 5.30884444e+08 -5.93873883e+01  1.07307626e-03 
 5.37031796e+08 -5.94624742e+01  1.06383994e-03 
 5.43250331e+08 -5.95374268e+01  1.05469931e-03 
 5.49540874e+08 -5.96122366e+01  1.04565440e-03 
 5.55904257e+08 -5.96868942e+01  1.03670523e-03 
 5.62341325e+08 -5.97613904e+01  1.02785175e-03 
 5.68852931e+08 -5.98357157e+01  1.01909392e-03 
 5.75439937e+08 -5.99098609e+01  1.01043168e-03 
 5.82103218e+08 -5.99838166e+01  1.00186492e-03 
 5.88843655e+08 -6.00575735e+01  9.93393529e-04 
 5.95662144e+08 -6.01311223e+01  9.85017362e-04 
 6.02559586e+08 -6.02044538e+01  9.76736260e-04 
 6.09536897e+08 -6.02775587e+01  9.68550042e-04 
 6.16595002e+08 -6.03504279e+01  9.60458506e-04 
 6.23734835e+08 -6.04230520e+01  9.52461433e-04 
 6.30957344e+08 -6.04954220e+01  9.44558586e-04 
 6.38263486e+08 -6.05675287e+01  9.36749709e-04 
 6.45654229e+08 -6.06393629e+01  9.29034530e-04 
 6.53130553e+08 -6.07109155e+01  9.21412761e-04 
 6.60693448e+08 -6.07821776e+01  9.13884097e-04 
 6.68343918e+08 -6.08531400e+01  9.06448221e-04 
 6.76082975e+08 -6.09237937e+01  8.99104798e-04 
 6.83911647e+08 -6.09941298e+01  8.91853481e-04 
 6.91830971e+08 -6.10641392e+01  8.84693910e-04 
 6.99841996e+08 -6.11338132e+01  8.77625712e-04 
 7.07945784e+08 -6.12031429e+01  8.70648500e-04 
 7.16143410e+08 -6.12721193e+01  8.63761878e-04 
 7.24435960e+08 -6.13407339e+01  8.56965437e-04 
 7.32824533e+08 -6.14089777e+01  8.50258757e-04 
 7.41310241e+08 -6.14768422e+01  8.43641408e-04 
 7.49894209e+08 -6.15443188e+01  8.37112950e-04 
 7.58577575e+08 -6.16113988e+01  8.30672934e-04 
 7.67361489e+08 -6.16780738e+01  8.24320902e-04 
 7.76247117e+08 -6.17443352e+01  8.18056385e-04 
 7.85235635e+08 -6.18101748e+01  8.11878909e-04 
 7.94328235e+08 -6.18755842e+01  8.05787989e-04 
 8.03526122e+08 -6.19405552e+01  7.99783135e-04 
 8.12830516e+08 -6.20050795e+01  7.93863848e-04 
 8.22242650e+08 -6.20691491e+01  7.88029622e-04 
 8.31763771e+08 -6.21327561e+01  7.82279946e-04 
 8.41395142e+08 -6.21958923e+01  7.76614300e-04 
 8.51138038e+08 -6.22585501e+01  7.71032161e-04 
 8.60993752e+08 -6.23207217e+01  7.65532997e-04 
 8.70963590e+08 -6.23823994e+01  7.60116274e-04 
 8.81048873e+08 -6.24435756e+01  7.54781451e-04 
 8.91250938e+08 -6.25042430e+01  7.49527981e-04 
 9.01571138e+08 -6.25643941e+01  7.44355314e-04 
 9.12010839e+08 -6.26240218e+01  7.39262895e-04 
 9.22571427e+08 -6.26831189e+01  7.34250165e-04 
 9.33254301e+08 -6.27416785e+01  7.29316560e-04 
 9.44060876e+08 -6.27996936e+01  7.24461513e-04 
 9.54992586e+08 -6.28571576e+01  7.19684454e-04 
 9.66050879e+08 -6.29140637e+01  7.14984808e-04 
 9.77237221e+08 -6.29704056e+01  7.10361997e-04 
 9.88553095e+08 -6.30261769e+01  7.05815442e-04 
 1.00000000e+09 -6.30813714e+01  7.01344558e-04 
