 1.00000000e+00 -6.91520206e+01  3.48657467e-04 
 1.01157945e+00 -6.91520225e+01  3.48657390e-04 
 1.02329299e+00 -6.91520245e+01  3.48657310e-04 
 1.03514217e+00 -6.91520265e+01  3.48657230e-04 
 1.04712855e+00 -6.91520286e+01  3.48657147e-04 
 1.05925373e+00 -6.91520307e+01  3.48657062e-04 
 1.07151931e+00 -6.91520328e+01  3.48656975e-04 
 1.08392691e+00 -6.91520349e+01  3.48656891e-04 
 1.09647820e+00 -6.91520372e+01  3.48656800e-04 
 1.10917482e+00 -6.91520395e+01  3.48656708e-04 
 1.12201845e+00 -6.91520418e+01  3.48656617e-04 
 1.13501082e+00 -6.91520442e+01  3.48656520e-04 
 1.14815362e+00 -6.91520467e+01  3.48656420e-04 
 1.16144861e+00 -6.91520492e+01  3.48656318e-04 
 1.17489755e+00 -6.91520518e+01  3.48656214e-04 
 1.18850223e+00 -6.91520545e+01  3.48656108e-04 
 1.20226443e+00 -6.91520572e+01  3.48655998e-04 
 1.21618600e+00 -6.91520600e+01  3.48655887e-04 
 1.23026877e+00 -6.91520628e+01  3.48655772e-04 
 1.24451461e+00 -6.91520657e+01  3.48655656e-04 
 1.25892541e+00 -6.91520687e+01  3.48655536e-04 
 1.27350308e+00 -6.91520717e+01  3.48655413e-04 
 1.28824955e+00 -6.91520749e+01  3.48655288e-04 
 1.30316678e+00 -6.91520781e+01  3.48655160e-04 
 1.31825674e+00 -6.91520813e+01  3.48655029e-04 
 1.33352143e+00 -6.91520846e+01  3.48654899e-04 
 1.34896288e+00 -6.91520880e+01  3.48654762e-04 
 1.36458314e+00 -6.91520915e+01  3.48654621e-04 
 1.38038426e+00 -6.91520951e+01  3.48654477e-04 
 1.39636836e+00 -6.91520987e+01  3.48654330e-04 
 1.41253754e+00 -6.91521025e+01  3.48654179e-04 
 1.42889396e+00 -6.91521063e+01  3.48654025e-04 
 1.44543977e+00 -6.91521103e+01  3.48653867e-04 
 1.46217717e+00 -6.91521145e+01  3.48653697e-04 
 1.47910839e+00 -6.91521186e+01  3.48653531e-04 
 1.49623566e+00 -6.91521228e+01  3.48653362e-04 
 1.51356125e+00 -6.91521272e+01  3.48653189e-04 
 1.53108746e+00 -6.91521316e+01  3.48653012e-04 
 1.54881662e+00 -6.91521361e+01  3.48652831e-04 
 1.56675107e+00 -6.91521407e+01  3.48652646e-04 
 1.58489319e+00 -6.91521454e+01  3.48652456e-04 
 1.60324539e+00 -6.91521503e+01  3.48652262e-04 
 1.62181010e+00 -6.91521552e+01  3.48652064e-04 
 1.64058977e+00 -6.91521603e+01  3.48651860e-04 
 1.65958691e+00 -6.91521654e+01  3.48651652e-04 
 1.67880402e+00 -6.91521707e+01  3.48651440e-04 
 1.69824365e+00 -6.91521762e+01  3.48651222e-04 
 1.71790839e+00 -6.91521817e+01  3.48650999e-04 
 1.73780083e+00 -6.91521874e+01  3.48650771e-04 
 1.75792361e+00 -6.91521931e+01  3.48650542e-04 
 1.77827941e+00 -6.91521991e+01  3.48650303e-04 
 1.79887092e+00 -6.91522051e+01  3.48650059e-04 
 1.81970086e+00 -6.91522114e+01  3.48649809e-04 
 1.84077200e+00 -6.91522177e+01  3.48649553e-04 
 1.86208714e+00 -6.91522243e+01  3.48649291e-04 
 1.88364909e+00 -6.91522309e+01  3.48649023e-04 
 1.90546072e+00 -6.91522378e+01  3.48648749e-04 
 1.92752491e+00 -6.91522448e+01  3.48648469e-04 
 1.94984460e+00 -6.91522519e+01  3.48648182e-04 
 1.97242274e+00 -6.91522592e+01  3.48647888e-04 
 1.99526231e+00 -6.91522667e+01  3.48647587e-04 
 2.01836636e+00 -6.91522744e+01  3.48647280e-04 
 2.04173794e+00 -6.91522822e+01  3.48646965e-04 
 2.06538016e+00 -6.91522902e+01  3.48646643e-04 
 2.08929613e+00 -6.91522985e+01  3.48646313e-04 
 2.11348904e+00 -6.91523069e+01  3.48645976e-04 
 2.13796209e+00 -6.91523155e+01  3.48645631e-04 
 2.16271852e+00 -6.91523241e+01  3.48645283e-04 
 2.18776162e+00 -6.91523331e+01  3.48644921e-04 
 2.21309471e+00 -6.91523424e+01  3.48644551e-04 
 2.23872114e+00 -6.91523518e+01  3.48644173e-04 
 2.26464431e+00 -6.91523614e+01  3.48643786e-04 
 2.29086765e+00 -6.91523713e+01  3.48643390e-04 
 2.31739465e+00 -6.91523816e+01  3.48642975e-04 
 2.34422882e+00 -6.91523920e+01  3.48642560e-04 
 2.37137371e+00 -6.91524025e+01  3.48642135e-04 
 2.39883292e+00 -6.91524134e+01  3.48641701e-04 
 2.42661010e+00 -6.91524244e+01  3.48641256e-04 
 2.45470892e+00 -6.91524357e+01  3.48640806e-04 
 2.48313311e+00 -6.91524473e+01  3.48640340e-04 
 2.51188643e+00 -6.91524591e+01  3.48639864e-04 
 2.54097271e+00 -6.91524713e+01  3.48639377e-04 
 2.57039578e+00 -6.91524837e+01  3.48638878e-04 
 2.60015956e+00 -6.91524964e+01  3.48638367e-04 
 2.63026799e+00 -6.91525094e+01  3.48637845e-04 
 2.66072506e+00 -6.91525227e+01  3.48637310e-04 
 2.69153480e+00 -6.91525364e+01  3.48636764e-04 
 2.72270131e+00 -6.91525503e+01  3.48636204e-04 
 2.75422870e+00 -6.91525645e+01  3.48635636e-04 
 2.78612117e+00 -6.91525791e+01  3.48635050e-04 
 2.81838293e+00 -6.91525940e+01  3.48634450e-04 
 2.85101827e+00 -6.91526093e+01  3.48633837e-04 
 2.88403150e+00 -6.91526248e+01  3.48633213e-04 
 2.91742701e+00 -6.91526408e+01  3.48632571e-04 
 2.95120923e+00 -6.91526574e+01  3.48631904e-04 
 2.98538262e+00 -6.91526742e+01  3.48631231e-04 
 3.01995172e+00 -6.91526913e+01  3.48630547e-04 
 3.05492111e+00 -6.91527088e+01  3.48629842e-04 
 3.09029543e+00 -6.91527268e+01  3.48629122e-04 
 3.12607937e+00 -6.91527451e+01  3.48628384e-04 
 3.16227766e+00 -6.91527640e+01  3.48627629e-04 
 3.19889511e+00 -6.91527832e+01  3.48626856e-04 
 3.23593657e+00 -6.91528028e+01  3.48626071e-04 
 3.27340695e+00 -6.91528229e+01  3.48625262e-04 
 3.31131121e+00 -6.91528436e+01  3.48624434e-04 
 3.34965439e+00 -6.91528649e+01  3.48623578e-04 
 3.38844156e+00 -6.91528865e+01  3.48622711e-04 
 3.42767787e+00 -6.91529086e+01  3.48621824e-04 
 3.46736850e+00 -6.91529311e+01  3.48620921e-04 
 3.50751874e+00 -6.91529544e+01  3.48619983e-04 
 3.54813389e+00 -6.91529781e+01  3.48619033e-04 
 3.58921935e+00 -6.91530024e+01  3.48618060e-04 
 3.63078055e+00 -6.91530271e+01  3.48617065e-04 
 3.67282300e+00 -6.91530524e+01  3.48616052e-04 
 3.71535229e+00 -6.91530786e+01  3.48615001e-04 
 3.75837404e+00 -6.91531052e+01  3.48613934e-04 
 3.80189396e+00 -6.91531323e+01  3.48612843e-04 
 3.84591782e+00 -6.91531600e+01  3.48611731e-04 
 3.89045145e+00 -6.91531885e+01  3.48610589e-04 
 3.93550075e+00 -6.91532175e+01  3.48609425e-04 
 3.98107171e+00 -6.91532473e+01  3.48608228e-04 
 4.02717034e+00 -6.91532781e+01  3.48606995e-04 
 4.07380278e+00 -6.91533092e+01  3.48605747e-04 
 4.12097519e+00 -6.91533411e+01  3.48604465e-04 
 4.16869383e+00 -6.91533738e+01  3.48603154e-04 
 4.21696503e+00 -6.91534071e+01  3.48601816e-04 
 4.26579519e+00 -6.91534413e+01  3.48600443e-04 
 4.31519077e+00 -6.91534763e+01  3.48599037e-04 
 4.36515832e+00 -6.91535122e+01  3.48597599e-04 
 4.41570447e+00 -6.91535489e+01  3.48596123e-04 
 4.46683592e+00 -6.91535865e+01  3.48594617e-04 
 4.51855944e+00 -6.91536249e+01  3.48593076e-04 
 4.57088190e+00 -6.91536640e+01  3.48591504e-04 
 4.62381021e+00 -6.91537042e+01  3.48589891e-04 
 4.67735141e+00 -6.91537454e+01  3.48588240e-04 
 4.73151259e+00 -6.91537876e+01  3.48586546e-04 
 4.78630092e+00 -6.91538306e+01  3.48584821e-04 
 4.84172368e+00 -6.91538745e+01  3.48583057e-04 
 4.89778819e+00 -6.91539196e+01  3.48581247e-04 
 4.95450191e+00 -6.91539658e+01  3.48579394e-04 
 5.01187234e+00 -6.91540129e+01  3.48577504e-04 
 5.06990708e+00 -6.91540615e+01  3.48575555e-04 
 5.12861384e+00 -6.91541109e+01  3.48573570e-04 
 5.18800039e+00 -6.91541616e+01  3.48571534e-04 
 5.24807460e+00 -6.91542134e+01  3.48569456e-04 
 5.30884444e+00 -6.91542663e+01  3.48567334e-04 
 5.37031796e+00 -6.91543208e+01  3.48565149e-04 
 5.43250331e+00 -6.91543761e+01  3.48562927e-04 
 5.49540874e+00 -6.91544328e+01  3.48560653e-04 
 5.55904257e+00 -6.91544908e+01  3.48558326e-04 
 5.62341325e+00 -6.91545505e+01  3.48555931e-04 
 5.68852931e+00 -6.91546112e+01  3.48553494e-04 
 5.75439937e+00 -6.91546734e+01  3.48550996e-04 
 5.82103218e+00 -6.91547373e+01  3.48548435e-04 
 5.88843655e+00 -6.91548024e+01  3.48545819e-04 
 5.95662144e+00 -6.91548690e+01  3.48543147e-04 
 6.02559586e+00 -6.91549375e+01  3.48540399e-04 
 6.09536897e+00 -6.91550071e+01  3.48537606e-04 
 6.16595002e+00 -6.91550785e+01  3.48534743e-04 
 6.23734835e+00 -6.91551516e+01  3.48531808e-04 
 6.30957344e+00 -6.91552266e+01  3.48528801e-04 
 6.38263486e+00 -6.91553033e+01  3.48525723e-04 
 6.45654229e+00 -6.91553816e+01  3.48522579e-04 
 6.53130553e+00 -6.91554619e+01  3.48519357e-04 
 6.60693448e+00 -6.91555440e+01  3.48516065e-04 
 6.68343918e+00 -6.91556277e+01  3.48512705e-04 
 6.76082975e+00 -6.91557135e+01  3.48509263e-04 
 6.83911647e+00 -6.91558015e+01  3.48505731e-04 
 6.91830971e+00 -6.91558915e+01  3.48502121e-04 
 6.99841996e+00 -6.91559837e+01  3.48498423e-04 
 7.07945784e+00 -6.91560777e+01  3.48494648e-04 
 7.16143410e+00 -6.91561741e+01  3.48490781e-04 
 7.24435960e+00 -6.91562726e+01  3.48486829e-04 
 7.32824533e+00 -6.91563738e+01  3.48482770e-04 
 7.41310241e+00 -6.91564772e+01  3.48478622e-04 
 7.49894209e+00 -6.91565827e+01  3.48474387e-04 
 7.58577575e+00 -6.91566910e+01  3.48470044e-04 
 7.67361489e+00 -6.91568014e+01  3.48465614e-04 
 7.76247117e+00 -6.91569148e+01  3.48461067e-04 
 7.85235635e+00 -6.91570305e+01  3.48456424e-04 
 7.94328235e+00 -6.91571492e+01  3.48451663e-04 
 8.03526122e+00 -6.91572704e+01  3.48446801e-04 
 8.12830516e+00 -6.91573945e+01  3.48441821e-04 
 8.22242650e+00 -6.91575214e+01  3.48436730e-04 
 8.31763771e+00 -6.91576515e+01  3.48431511e-04 
 8.41395142e+00 -6.91577846e+01  3.48426171e-04 
 8.51138038e+00 -6.91579208e+01  3.48420707e-04 
 8.60993752e+00 -6.91580601e+01  3.48415121e-04 
 8.70963590e+00 -6.91582024e+01  3.48409414e-04 
 8.81048873e+00 -6.91583483e+01  3.48403560e-04 
 8.91250938e+00 -6.91584974e+01  3.48397580e-04 
 9.01571138e+00 -6.91586501e+01  3.48391456e-04 
 9.12010839e+00 -6.91588063e+01  3.48385190e-04 
 9.22571427e+00 -6.91589663e+01  3.48378773e-04 
 9.33254301e+00 -6.91591299e+01  3.48372212e-04 
 9.44060876e+00 -6.91592973e+01  3.48365499e-04 
 9.54992586e+00 -6.91594686e+01  3.48358625e-04 
 9.66050879e+00 -6.91596437e+01  3.48351605e-04 
 9.77237221e+00 -6.91598230e+01  3.48344413e-04 
 9.88553095e+00 -6.91600067e+01  3.48337045e-04 
 1.00000000e+01 -6.91601946e+01  3.48329510e-04 
 1.01157945e+01 -6.91603864e+01  3.48321818e-04 
 1.02329299e+01 -6.91605830e+01  3.48313934e-04 
 1.03514217e+01 -6.91607843e+01  3.48305863e-04 
 1.04712855e+01 -6.91609900e+01  3.48297613e-04 
 1.05925373e+01 -6.91612009e+01  3.48289157e-04 
 1.07151931e+01 -6.91614164e+01  3.48280515e-04 
 1.08392691e+01 -6.91616370e+01  3.48271672e-04 
 1.09647820e+01 -6.91618626e+01  3.48262624e-04 
 1.10917482e+01 -6.91620932e+01  3.48253379e-04 
 1.12201845e+01 -6.91623297e+01  3.48243897e-04 
 1.13501082e+01 -6.91625717e+01  3.48234195e-04 
 1.14815362e+01 -6.91628190e+01  3.48224281e-04 
 1.16144861e+01 -6.91630719e+01  3.48214142e-04 
 1.17489755e+01 -6.91633308e+01  3.48203763e-04 
 1.18850223e+01 -6.91635960e+01  3.48193130e-04 
 1.20226443e+01 -6.91638671e+01  3.48182263e-04 
 1.21618600e+01 -6.91641445e+01  3.48171145e-04 
 1.23026877e+01 -6.91644285e+01  3.48159759e-04 
 1.24451461e+01 -6.91647193e+01  3.48148104e-04 
 1.25892541e+01 -6.91650163e+01  3.48136199e-04 
 1.27350308e+01 -6.91653208e+01  3.48123998e-04 
 1.28824955e+01 -6.91656318e+01  3.48111533e-04 
 1.30316678e+01 -6.91659504e+01  3.48098765e-04 
 1.31825674e+01 -6.91662763e+01  3.48085701e-04 
 1.33352143e+01 -6.91666096e+01  3.48072344e-04 
 1.34896288e+01 -6.91669506e+01  3.48058682e-04 
 1.36458314e+01 -6.91673000e+01  3.48044679e-04 
 1.38038426e+01 -6.91676570e+01  3.48030376e-04 
 1.39636836e+01 -6.91680225e+01  3.48015732e-04 
 1.41253754e+01 -6.91683968e+01  3.48000735e-04 
 1.42889396e+01 -6.91687792e+01  3.47985414e-04 
 1.44543977e+01 -6.91691706e+01  3.47969733e-04 
 1.46217717e+01 -6.91695715e+01  3.47953671e-04 
 1.47910839e+01 -6.91699812e+01  3.47937260e-04 
 1.49623566e+01 -6.91704005e+01  3.47920465e-04 
 1.51356125e+01 -6.91708299e+01  3.47903267e-04 
 1.53108746e+01 -6.91712690e+01  3.47885680e-04 
 1.54881662e+01 -6.91717181e+01  3.47867691e-04 
 1.56675107e+01 -6.91721777e+01  3.47849286e-04 
 1.58489319e+01 -6.91726481e+01  3.47830445e-04 
 1.60324539e+01 -6.91731296e+01  3.47811165e-04 
 1.62181010e+01 -6.91736219e+01  3.47791453e-04 
 1.64058977e+01 -6.91741257e+01  3.47771280e-04 
 1.65958691e+01 -6.91746412e+01  3.47750641e-04 
 1.67880402e+01 -6.91751685e+01  3.47729529e-04 
 1.69824365e+01 -6.91757082e+01  3.47707926e-04 
 1.71790839e+01 -6.91762602e+01  3.47685827e-04 
 1.73780083e+01 -6.91768252e+01  3.47663214e-04 
 1.75792361e+01 -6.91774032e+01  3.47640078e-04 
 1.77827941e+01 -6.91779949e+01  3.47616399e-04 
 1.79887092e+01 -6.91785998e+01  3.47592191e-04 
 1.81970086e+01 -6.91792191e+01  3.47567407e-04 
 1.84077200e+01 -6.91798523e+01  3.47542069e-04 
 1.86208714e+01 -6.91805006e+01  3.47516133e-04 
 1.88364909e+01 -6.91811638e+01  3.47489599e-04 
 1.90546072e+01 -6.91818423e+01  3.47462457e-04 
 1.92752491e+01 -6.91825365e+01  3.47434686e-04 
 1.94984460e+01 -6.91832465e+01  3.47406288e-04 
 1.97242274e+01 -6.91839733e+01  3.47377221e-04 
 1.99526231e+01 -6.91847168e+01  3.47347486e-04 
 2.01836636e+01 -6.91854771e+01  3.47317084e-04 
 2.04173794e+01 -6.91862555e+01  3.47285958e-04 
 2.06538016e+01 -6.91870517e+01  3.47254126e-04 
 2.08929613e+01 -6.91878663e+01  3.47221561e-04 
 2.11348904e+01 -6.91886996e+01  3.47188252e-04 
 2.13796209e+01 -6.91895525e+01  3.47154162e-04 
 2.16271852e+01 -6.91904246e+01  3.47119308e-04 
 2.18776162e+01 -6.91913171e+01  3.47083643e-04 
 2.21309471e+01 -6.91922304e+01  3.47047149e-04 
 2.23872114e+01 -6.91931643e+01  3.47009836e-04 
 2.26464431e+01 -6.91941201e+01  3.46971651e-04 
 2.29086765e+01 -6.91950979e+01  3.46932595e-04 
 2.31739465e+01 -6.91960980e+01  3.46892652e-04 
 2.34422882e+01 -6.91971215e+01  3.46851779e-04 
 2.37137371e+01 -6.91981686e+01  3.46809968e-04 
 2.39883292e+01 -6.91992398e+01  3.46767199e-04 
 2.42661010e+01 -6.92003354e+01  3.46723460e-04 
 2.45470892e+01 -6.92014565e+01  3.46678714e-04 
 2.48313311e+01 -6.92026033e+01  3.46632943e-04 
 2.51188643e+01 -6.92037767e+01  3.46586120e-04 
 2.54097271e+01 -6.92049768e+01  3.46538235e-04 
 2.57039578e+01 -6.92062047e+01  3.46489251e-04 
 2.60015956e+01 -6.92074608e+01  3.46439146e-04 
 2.63026799e+01 -6.92087460e+01  3.46387888e-04 
 2.66072506e+01 -6.92100604e+01  3.46335478e-04 
 2.69153480e+01 -6.92114051e+01  3.46281861e-04 
 2.72270131e+01 -6.92127808e+01  3.46227022e-04 
 2.75422870e+01 -6.92141879e+01  3.46170936e-04 
 2.78612117e+01 -6.92156278e+01  3.46113558e-04 
 2.81838293e+01 -6.92171003e+01  3.46054887e-04 
 2.85101827e+01 -6.92186069e+01  3.45994865e-04 
 2.88403150e+01 -6.92201479e+01  3.45933487e-04 
 2.91742701e+01 -6.92217239e+01  3.45870726e-04 
 2.95120923e+01 -6.92233367e+01  3.45806511e-04 
 2.98538262e+01 -6.92249860e+01  3.45740855e-04 
 3.01995172e+01 -6.92266732e+01  3.45673703e-04 
 3.05492111e+01 -6.92283991e+01  3.45605023e-04 
 3.09029543e+01 -6.92301645e+01  3.45534785e-04 
 3.12607937e+01 -6.92319699e+01  3.45462973e-04 
 3.16227766e+01 -6.92338171e+01  3.45389511e-04 
 3.19889511e+01 -6.92357063e+01  3.45314395e-04 
 3.23593657e+01 -6.92376387e+01  3.45237580e-04 
 3.27340695e+01 -6.92396154e+01  3.45159023e-04 
 3.31131121e+01 -6.92416369e+01  3.45078701e-04 
 3.34965439e+01 -6.92399330e+01  3.45146403e-04 
 3.38844156e+01 -6.92420479e+01  3.45062373e-04 
 3.42767787e+01 -6.92442111e+01  3.44976449e-04 
 3.46736850e+01 -6.92464235e+01  3.44888588e-04 
 3.50751874e+01 -6.92486864e+01  3.44798750e-04 
 3.54813389e+01 -6.92510008e+01  3.44706886e-04 
 3.58921935e+01 -6.92533679e+01  3.44612958e-04 
 3.63078055e+01 -6.92557887e+01  3.44516925e-04 
 3.67282300e+01 -6.92582645e+01  3.44418742e-04 
 3.71535229e+01 -6.92607965e+01  3.44318354e-04 
 3.75837404e+01 -6.92633862e+01  3.44215712e-04 
 3.80189396e+01 -6.92660346e+01  3.44110773e-04 
 3.84591782e+01 -6.92687426e+01  3.44003507e-04 
 3.89045145e+01 -6.92715125e+01  3.43893822e-04 
 3.93550075e+01 -6.92743450e+01  3.43781698e-04 
 3.98107171e+01 -6.92772417e+01  3.43667066e-04 
 4.02717034e+01 -6.92802036e+01  3.43549895e-04 
 4.07380278e+01 -6.92832326e+01  3.43430112e-04 
 4.12097519e+01 -6.92863299e+01  3.43307667e-04 
 4.16869383e+01 -6.92894972e+01  3.43182505e-04 
 4.21696503e+01 -6.92927358e+01  3.43054572e-04 
 4.26579519e+01 -6.92960476e+01  3.42923795e-04 
 4.31519077e+01 -6.92994339e+01  3.42790126e-04 
 4.36515832e+01 -6.93028962e+01  3.42653512e-04 
 4.41570447e+01 -6.93064364e+01  3.42513883e-04 
 4.46683592e+01 -6.93100567e+01  3.42371154e-04 
 4.51855944e+01 -6.93137576e+01  3.42225305e-04 
 4.57088190e+01 -6.93175414e+01  3.42076254e-04 
 4.62381021e+01 -6.93214105e+01  3.41923913e-04 
 4.67735141e+01 -6.93253659e+01  3.41768244e-04 
 4.73151259e+01 -6.93294099e+01  3.41609158e-04 
 4.78630092e+01 -6.93335440e+01  3.41446608e-04 
 4.84172368e+01 -6.93377708e+01  3.41280490e-04 
 4.89778819e+01 -6.93420918e+01  3.41110755e-04 
 4.95450191e+01 -6.93465089e+01  3.40937330e-04 
 5.01187234e+01 -6.93510245e+01  3.40760131e-04 
 5.06990708e+01 -6.93556401e+01  3.40579102e-04 
 5.12861384e+01 -6.93603585e+01  3.40394141e-04 
 5.18800039e+01 -6.93651816e+01  3.40205180e-04 
 5.24807460e+01 -6.93701118e+01  3.40012130e-04 
 5.30884444e+01 -6.93751509e+01  3.39814929e-04 
 5.37031796e+01 -6.93803014e+01  3.39613489e-04 
 5.43250331e+01 -6.93855658e+01  3.39407715e-04 
 5.49540874e+01 -6.93909465e+01  3.39197525e-04 
 5.55904257e+01 -6.93964453e+01  3.38982857e-04 
 5.62341325e+01 -6.94020655e+01  3.38763587e-04 
 5.68852931e+01 -6.94078091e+01  3.38539653e-04 
 5.75439937e+01 -6.94136786e+01  3.38310962e-04 
 5.82103218e+01 -6.94196770e+01  3.38077409e-04 
 5.88843655e+01 -6.94258064e+01  3.37838918e-04 
 5.95662144e+01 -6.94320702e+01  3.37595375e-04 
 6.02559586e+01 -6.94384704e+01  3.37346711e-04 
 6.09536897e+01 -6.94450102e+01  3.37092811e-04 
 6.16595002e+01 -6.94516922e+01  3.36833587e-04 
 6.23734835e+01 -6.94585200e+01  3.36568914e-04 
 6.30957344e+01 -6.94654952e+01  3.36298741e-04 
 6.38263486e+01 -6.94726217e+01  3.36022930e-04 
 6.45654229e+01 -6.94799025e+01  3.35741383e-04 
 6.53130553e+01 -6.94873402e+01  3.35454010e-04 
 6.60693448e+01 -6.94949386e+01  3.35160684e-04 
 6.68343918e+01 -6.95027003e+01  3.34861320e-04 
 6.76082975e+01 -6.95106287e+01  3.34555802e-04 
 6.83911647e+01 -6.95187273e+01  3.34244013e-04 
 6.91830971e+01 -6.95269986e+01  3.33925874e-04 
 6.99841996e+01 -6.95354473e+01  3.33601225e-04 
 7.07945784e+01 -6.95440757e+01  3.33269994e-04 
 7.16143410e+01 -6.95528876e+01  3.32932060e-04 
 7.24435960e+01 -6.95618871e+01  3.32587286e-04 
 7.32824533e+01 -6.95710769e+01  3.32235593e-04 
 7.41310241e+01 -6.95804611e+01  3.31876838e-04 
 7.49894209e+01 -6.95900431e+01  3.31510925e-04 
 7.58577575e+01 -6.95998274e+01  3.31137703e-04 
 7.67361489e+01 -6.96098170e+01  3.30757082e-04 
 7.76247117e+01 -6.96200157e+01  3.30368944e-04 
 7.85235635e+01 -6.96304278e+01  3.29973155e-04 
 7.94328235e+01 -6.96410572e+01  3.29569598e-04 
 8.03526122e+01 -6.96519079e+01  3.29158143e-04 
 8.12830516e+01 -6.96629837e+01  3.28738685e-04 
 8.22242650e+01 -6.96705175e+01  3.28453675e-04 
 8.31763771e+01 -6.96820561e+01  3.28017637e-04 
 8.41395142e+01 -6.96938322e+01  3.27573222e-04 
 8.51138038e+01 -6.97058506e+01  3.27120279e-04 
 8.60993752e+01 -6.97181152e+01  3.26658707e-04 
 8.70963590e+01 -6.97306304e+01  3.26188375e-04 
 8.81048873e+01 -6.97434004e+01  3.25709164e-04 
 8.91250938e+01 -6.97564299e+01  3.25220944e-04 
 9.01571138e+01 -6.97697233e+01  3.24723585e-04 
 9.12010839e+01 -6.97832852e+01  3.24216967e-04 
 9.22571427e+01 -6.97971203e+01  3.23700960e-04 
 9.33254301e+01 -6.98112325e+01  3.23175458e-04 
 9.44060876e+01 -6.98256274e+01  3.22640314e-04 
 9.54992586e+01 -6.98403091e+01  3.22095418e-04 
 9.66050879e+01 -6.98552825e+01  3.21540642e-04 
 9.77237221e+01 -6.98705527e+01  3.20975855e-04 
 9.88553095e+01 -6.98861240e+01  3.20400953e-04 
 1.00000000e+02 -6.99020016e+01  3.19815805e-04 
 1.01157945e+02 -6.99181907e+01  3.19220274e-04 
 1.02329299e+02 -6.99346950e+01  3.18614289e-04 
 1.03514217e+02 -6.99515209e+01  3.17997681e-04 
 1.04712855e+02 -6.99686727e+01  3.17370362e-04 
 1.05925373e+02 -6.99861556e+01  3.16732201e-04 
 1.07151931e+02 -7.00039745e+01  3.16083098e-04 
 1.08392691e+02 -7.00221346e+01  3.15422935e-04 
 1.09647820e+02 -7.00406410e+01  3.14751604e-04 
 1.10917482e+02 -7.00594988e+01  3.14068991e-04 
 1.12201845e+02 -7.00749413e+01  3.13511110e-04 
 1.13501082e+02 -7.00945173e+01  3.12805325e-04 
 1.14815362e+02 -7.01144600e+01  3.12087950e-04 
 1.16144861e+02 -7.01347746e+01  3.11358891e-04 
 1.17489755e+02 -7.01554666e+01  3.10618036e-04 
 1.18850223e+02 -7.01765414e+01  3.09865291e-04 
 1.20226443e+02 -7.01980033e+01  3.09100590e-04 
 1.21618600e+02 -7.02198584e+01  3.08323821e-04 
 1.23026877e+02 -7.02421120e+01  3.07534895e-04 
 1.24451461e+02 -7.02647682e+01  3.06733768e-04 
 1.25892541e+02 -7.02878337e+01  3.05920315e-04 
 1.27350308e+02 -7.03113124e+01  3.05094501e-04 
 1.28824955e+02 -7.03352103e+01  3.04256233e-04 
 1.30316678e+02 -7.03595322e+01  3.03405460e-04 
 1.31825674e+02 -7.03842834e+01  3.02542110e-04 
 1.33352143e+02 -7.04094689e+01  3.01666131e-04 
 1.34896288e+02 -7.04313227e+01  3.00908091e-04 
 1.36458314e+02 -7.04573924e+01  3.00006303e-04 
 1.38038426e+02 -7.04839120e+01  2.99091727e-04 
 1.39636836e+02 -7.05108862e+01  2.98164333e-04 
 1.41253754e+02 -7.05383202e+01  2.97224078e-04 
 1.42889396e+02 -7.05662188e+01  2.96270942e-04 
 1.44543977e+02 -7.05945875e+01  2.95304880e-04 
 1.46217717e+02 -7.06234300e+01  2.94325913e-04 
 1.47910839e+02 -7.06527521e+01  2.93333993e-04 
 1.49623566e+02 -7.06825580e+01  2.92329133e-04 
 1.51356125e+02 -7.07128533e+01  2.91311302e-04 
 1.53108746e+02 -7.07436414e+01  2.90280545e-04 
 1.54881662e+02 -7.07711560e+01  2.89362469e-04 
 1.56675107e+02 -7.08029446e+01  2.88305394e-04 
 1.58489319e+02 -7.08352401e+01  2.87235420e-04 
 1.60324539e+02 -7.08680471e+01  2.86152567e-04 
 1.62181010e+02 -7.09013695e+01  2.85056878e-04 
 1.64058977e+02 -7.09352119e+01  2.83948387e-04 
 1.65958691e+02 -7.09695783e+01  2.82827141e-04 
 1.67880402e+02 -7.10044727e+01  2.81693202e-04 
 1.69824365e+02 -7.10398991e+01  2.80546624e-04 
 1.71790839e+02 -7.10720893e+01  2.79508832e-04 
 1.73780083e+02 -7.11085909e+01  2.78336689e-04 
 1.75792361e+02 -7.11456355e+01  2.77152132e-04 
 1.77827941e+02 -7.11832269e+01  2.75955245e-04 
 1.79887092e+02 -7.12213687e+01  2.74746118e-04 
 1.81970086e+02 -7.12600641e+01  2.73524854e-04 
 1.84077200e+02 -7.12993160e+01  2.72291573e-04 
 1.86208714e+02 -7.13391277e+01  2.71046382e-04 
 1.88364909e+02 -7.13757310e+01  2.69906566e-04 
 1.90546072e+02 -7.14166714e+01  2.68637373e-04 
 1.92752491e+02 -7.14581800e+01  2.67356655e-04 
 1.94984460e+02 -7.15002601e+01  2.66064538e-04 
 1.97242274e+02 -7.15429136e+01  2.64761186e-04 
 1.99526231e+02 -7.15861434e+01  2.63446741e-04 
 2.01836636e+02 -7.16261796e+01  2.62235219e-04 
 2.04173794e+02 -7.16705674e+01  2.60898528e-04 
 2.06538016e+02 -7.17155376e+01  2.59551246e-04 
 2.08929613e+02 -7.17610920e+01  2.58193557e-04 
 2.11348904e+02 -7.18072323e+01  2.56825644e-04 
 2.13796209e+02 -7.18539600e+01  2.55447703e-04 
 2.16271852e+02 -7.18975045e+01  2.54170284e-04 
 2.18776162e+02 -7.19454108e+01  2.52772288e-04 
 2.21309471e+02 -7.19939083e+01  2.51364872e-04 
 2.23872114e+02 -7.20429978e+01  2.49948256e-04 
 2.26464431e+02 -7.20926806e+01  2.48522648e-04 
 2.29086765e+02 -7.21391855e+01  2.47195594e-04 
 2.31739465e+02 -7.21900560e+01  2.45752077e-04 
 2.34422882e+02 -7.22415210e+01  2.44300271e-04 
 2.37137371e+02 -7.22935817e+01  2.42840385e-04 
 2.39883292e+02 -7.23424655e+01  2.41477530e-04 
 2.42661010e+02 -7.23957160e+01  2.40001635e-04 
 2.45470892e+02 -7.24495612e+01  2.38518429e-04 
 2.48313311e+02 -7.25040018e+01  2.37028140e-04 
 2.51188643e+02 -7.25552648e+01  2.35633350e-04 
 2.54097271e+02 -7.26108928e+01  2.34129082e-04 
 2.57039578e+02 -7.26671138e+01  2.32618533e-04 
 2.60015956e+02 -7.27239272e+01  2.31101967e-04 
 2.63026799e+02 -7.27775601e+01  2.29679374e-04 
 2.66072506e+02 -7.28355548e+01  2.28150939e-04 
 2.69153480e+02 -7.28941381e+01  2.26617317e-04 
 2.72270131e+02 -7.29533093e+01  2.25078771e-04 
 2.75422870e+02 -7.30092948e+01  2.23632677e-04 
 2.78612117e+02 -7.30696363e+01  2.22084467e-04 
 2.81838293e+02 -7.31305606e+01  2.20532179e-04 
 2.85101827e+02 -7.31882942e+01  2.19071202e-04 
 2.88403150e+02 -7.32503783e+01  2.17510931e-04 
 2.91742701e+02 -7.33130393e+01  2.15947428e-04 
 2.95120923e+02 -7.33725034e+01  2.14474089e-04 
 2.98538262e+02 -7.34363116e+01  2.12904293e-04 
 3.01995172e+02 -7.34969184e+01  2.11423900e-04 
 3.05492111e+02 -7.35618640e+01  2.09848949e-04 
 3.09029543e+02 -7.36273754e+01  2.08272165e-04 
 3.12607937e+02 -7.36896770e+01  2.06783628e-04 
 3.16227766e+02 -7.37563101e+01  2.05203373e-04 
 3.19889511e+02 -7.38235000e+01  2.03622141e-04 
 3.23593657e+02 -7.38874718e+01  2.02127968e-04 
 3.27340695e+02 -7.39557666e+01  2.00544921e-04 
 3.31131121e+02 -7.40208374e+01  1.99048143e-04 
 3.34965439e+02 -7.40902247e+01  1.97464379e-04 
 3.38844156e+02 -7.41563819e+01  1.95966080e-04 
 3.42767787e+02 -7.42268490e+01  1.94382674e-04 
 3.46736850e+02 -7.42940793e+01  1.92883925e-04 
 3.50751874e+02 -7.43656126e+01  1.91301937e-04 
 3.54813389e+02 -7.44339032e+01  1.89803772e-04 
 3.58921935e+02 -7.45064898e+01  1.88224221e-04 
 3.63078055e+02 -7.45758262e+01  1.86727675e-04 
 3.67282300e+02 -7.46494517e+01  1.85151577e-04 
 3.71535229e+02 -7.47198199e+01  1.83657643e-04 
 3.75837404e+02 -7.47944702e+01  1.82085973e-04 
 3.80189396e+02 -7.48658560e+01  1.80595615e-04 
 3.84591782e+02 -7.49377448e+01  1.79107083e-04 
 3.89045145e+02 -7.50139053e+01  1.77543484e-04 
 3.93550075e+02 -7.50867898e+01  1.76059924e-04 
 3.98107171e+02 -7.51639388e+01  1.74503066e-04 
 4.02717034e+02 -7.52378046e+01  1.73025363e-04 
 4.07380278e+02 -7.53121557e+01  1.71550590e-04 
 4.12097519e+02 -7.53907596e+01  1.70005127e-04 
 4.16869383e+02 -7.54660692e+01  1.68537496e-04 
 4.21696503e+02 -7.55418533e+01  1.67073410e-04 
 4.26579519e+02 -7.56181079e+01  1.65613070e-04 
 4.31519077e+02 -7.56986006e+01  1.64085412e-04 
 4.36515832e+02 -7.57757852e+01  1.62633774e-04 
 4.41570447e+02 -7.58534293e+01  1.61186451e-04 
 4.46683592e+02 -7.59315298e+01  1.59743615e-04 
 4.51855944e+02 -7.60100831e+01  1.58305442e-04 
 4.57088190e+02 -7.60928569e+01  1.56804006e-04 
 4.62381021e+02 -7.61723053e+01  1.55376286e-04 
 4.67735141e+02 -7.62521961e+01  1.53953722e-04 
 4.73151259e+02 -7.63325262e+01  1.52536469e-04 
 4.78630092e+02 -7.64132920e+01  1.51124682e-04 
 4.84172368e+02 -7.64944903e+01  1.49718506e-04 
 4.89778819e+02 -7.65761185e+01  1.48318074e-04 
 4.95450191e+02 -7.66581728e+01  1.46923531e-04 
 5.01187234e+02 -7.67406510e+01  1.45535001e-04 
 5.06990708e+02 -7.68235497e+01  1.44152612e-04 
 5.12861384e+02 -7.69068658e+01  1.42776493e-04 
 5.18800039e+02 -7.69905969e+01  1.41406755e-04 
 5.24807460e+02 -7.70747400e+01  1.40043515e-04 
 5.30884444e+02 -7.71592925e+01  1.38686879e-04 
 5.37031796e+02 -7.72404803e+01  1.37396600e-04 
 5.43250331e+02 -7.73258443e+01  1.36052894e-04 
 5.49540874e+02 -7.74116103e+01  1.34716095e-04 
 5.55904257e+02 -7.74977762e+01  1.33386289e-04 
 5.62341325e+02 -7.75805679e+01  1.32120925e-04 
 5.68852931e+02 -7.76675261e+01  1.30804804e-04 
 5.75439937e+02 -7.77548783e+01  1.29495920e-04 
 5.82103218e+02 -7.78388506e+01  1.28250028e-04 
 5.88843655e+02 -7.79269836e+01  1.26955295e-04 
 5.95662144e+02 -7.80155054e+01  1.25668007e-04 
 6.02559586e+02 -7.81006417e+01  1.24442267e-04 
 6.09536897e+02 -7.81899344e+01  1.23169528e-04 
 6.16595002e+02 -7.82758389e+01  1.21957371e-04 
 6.23734835e+02 -7.83658981e+01  1.20699395e-04 
 6.30957344e+02 -7.84525662e+01  1.19501041e-04 
 6.38263486e+02 -7.85396149e+01  1.18309401e-04 
 6.45654229e+02 -7.86308147e+01  1.17073679e-04 
 6.53130553e+02 -7.87186211e+01  1.15896133e-04 
 6.60693448e+02 -7.88068057e+01  1.14725436e-04 
 6.68343918e+02 -7.88953676e+01  1.13561631e-04 
 6.76082975e+02 -7.89843069e+01  1.12404748e-04 
 6.83911647e+02 -7.90773943e+01  1.11206529e-04 
 6.91830971e+02 -7.91670867e+01  1.10064094e-04 
 6.99841996e+02 -7.92571560e+01  1.08928669e-04 
 7.07945784e+02 -7.93476026e+01  1.07800276e-04 
 7.16143410e+02 -7.94384264e+01  1.06678937e-04 
 7.24435960e+02 -7.95258560e+01  1.05610525e-04 
 7.32824533e+02 -7.96174355e+01  1.04502872e-04 
 7.41310241e+02 -7.97093945e+01  1.03402318e-04 
 7.49894209e+02 -7.98017335e+01  1.02308879e-04 
 7.58577575e+02 -7.98906820e+01  1.01266523e-04 
 7.67361489e+02 -7.99837846e+01  1.00186860e-04 
 7.76247117e+02 -8.00773069e+01  9.91139210e-05 
 7.85235635e+02 -8.01674065e+01  9.80911156e-05 
 7.94328235e+02 -8.02616653e+01  9.70323914e-05 
 8.03526122e+02 -8.03525410e+01  9.60224864e-05 
 8.12830516e+02 -8.04438077e+01  9.50188160e-05 
 8.22242650e+02 -8.05354679e+01  9.40213770e-05 
 8.31763771e+02 -8.06312948e+01  9.29897886e-05 
 8.41395142e+02 -8.07237482e+01  9.20052453e-05 
 8.51138038e+02 -8.08166026e+01  9.10269248e-05 
 8.60993752e+02 -8.09098607e+01  9.00548206e-05 
 8.70963590e+02 -8.10035259e+01  8.90889218e-05 
 8.81048873e+02 -8.10976011e+01  8.81292241e-05 
 8.91250938e+02 -8.11883188e+01  8.72135689e-05 
 9.01571138e+02 -8.12832251e+01  8.62658180e-05 
 9.12010839e+02 -8.13785527e+01  8.53242279e-05 
 9.22571427e+02 -8.14705342e+01  8.44254318e-05 
 9.33254301e+02 -8.15667170e+01  8.34957076e-05 
 9.44060876e+02 -8.16595620e+01  8.26079603e-05 
 9.54992586e+02 -8.17566181e+01  8.16900371e-05 
 9.66050879e+02 -8.18503458e+01  8.08132756e-05 
 9.77237221e+02 -8.19445222e+01  7.99417938e-05 
 9.88553095e+02 -8.20391532e+01  7.90755720e-05 
 1.00000000e+03 -8.21342438e+01  7.82145966e-05 
 1.01157945e+03 -8.22298000e+01  7.73588494e-05 
 1.02329299e+03 -8.23258282e+01  7.65083065e-05 
 1.03514217e+03 -8.24185619e+01  7.56958210e-05 
 1.04712855e+03 -8.25155519e+01  7.48552737e-05 
 1.05925373e+03 -8.26092614e+01  7.40520236e-05 
 1.07151931e+03 -8.27072408e+01  7.32213885e-05 
 1.08392691e+03 -8.28019535e+01  7.24273048e-05 
 1.09647820e+03 -8.28971790e+01  7.16376037e-05 
 1.10917482e+03 -8.29929253e+01  7.08522646e-05 
 1.12201845e+03 -8.30892002e+01  7.00712699e-05 
 1.13501082e+03 -8.31860122e+01  6.92945996e-05 
 1.14815362e+03 -8.32795974e+01  6.85519997e-05 
 1.16144861e+03 -8.33775087e+01  6.77835897e-05 
 1.17489755e+03 -8.34722115e+01  6.70485553e-05 
 1.18850223e+03 -8.35712591e+01  6.62883252e-05 
 1.20226443e+03 -8.36671174e+01  6.55607825e-05 
 1.21618600e+03 -8.37635679e+01  6.48368047e-05 
 1.23026877e+03 -8.38606214e+01  6.41163703e-05 
 1.24451461e+03 -8.39545165e+01  6.34270009e-05 
 1.25892541e+03 -8.40528074e+01  6.27132967e-05 
 1.27350308e+03 -8.41479625e+01  6.20300133e-05 
 1.28824955e+03 -8.42475364e+01  6.13229698e-05 
 1.30316678e+03 -8.43439978e+01  6.06457134e-05 
 1.31825674e+03 -8.44411301e+01  5.99713046e-05 
 1.33352143e+03 -8.45389471e+01  5.92997203e-05 
 1.34896288e+03 -8.46336891e+01  5.86564186e-05 
 1.36458314e+03 -8.47329126e+01  5.79901687e-05 
 1.38038426e+03 -8.48290888e+01  5.73516030e-05 
 1.39636836e+03 -8.49260033e+01  5.67152482e-05 
 1.41253754e+03 -8.50236700e+01  5.60810967e-05 
 1.42889396e+03 -8.51221043e+01  5.54491363e-05 
 1.44543977e+03 -8.52175496e+01  5.48431662e-05 
 1.46217717e+03 -8.53175652e+01  5.42152847e-05 
 1.47910839e+03 -8.54146234e+01  5.36128422e-05 
 1.49623566e+03 -8.55125125e+01  5.30120227e-05 
 1.51356125e+03 -8.56074780e+01  5.24355830e-05 
 1.53108746e+03 -8.57070802e+01  5.18377317e-05 
 1.54881662e+03 -8.58037944e+01  5.12637391e-05 
 1.56675107e+03 -8.59014103e+01  5.06908398e-05 
 1.58489319e+03 -8.59999465e+01  5.01190319e-05 
 1.60324539e+03 -8.60994225e+01  4.95483130e-05 
 1.62181010e+03 -8.61960861e+01  4.89999568e-05 
 1.64058977e+03 -8.62937298e+01  4.84522010e-05 
 1.65958691e+03 -8.63923734e+01  4.79050535e-05 
 1.67880402e+03 -8.64920395e+01  4.73585092e-05 
 1.69824365e+03 -8.65889776e+01  4.68329077e-05 
 1.71790839e+03 -8.66869818e+01  4.63074548e-05 
 1.73780083e+03 -8.67860932e+01  4.57820612e-05 
 1.75792361e+03 -8.68825273e+01  4.52765822e-05 
 1.77827941e+03 -8.69800989e+01  4.47708204e-05 
 1.79887092e+03 -8.70788319e+01  4.42647897e-05 
 1.81970086e+03 -8.71787519e+01  4.37584980e-05 
 1.84077200e+03 -8.72761135e+01  4.32707403e-05 
 1.86208714e+03 -8.73747143e+01  4.27823155e-05 
 1.88364909e+03 -8.74745826e+01  4.22932318e-05 
 1.90546072e+03 -8.75719739e+01  4.18216639e-05 
 1.92752491e+03 -8.76706888e+01  4.13490524e-05 
 1.94984460e+03 -8.77707561e+01  4.08754167e-05 
 1.97242274e+03 -8.78684351e+01  4.04183187e-05 
 1.99526231e+03 -8.79675284e+01  3.99598253e-05 
 2.01836636e+03 -8.80642950e+01  3.95171170e-05 
 2.04173794e+03 -8.81663284e+01  3.90556241e-05 
 2.06538016e+03 -8.82623112e+01  3.86264184e-05 
 2.08929613e+03 -8.83636109e+01  3.81785523e-05 
 2.11348904e+03 -8.84627177e+01  3.77454074e-05 
 2.13796209e+03 -8.85596674e+01  3.73264451e-05 
 2.16271852e+03 -8.86582691e+01  3.69051137e-05 
 2.18776162e+03 -8.87585593e+01  3.64814454e-05 
 2.21309471e+03 -8.88568041e+01  3.60711339e-05 
 2.23872114e+03 -8.89568150e+01  3.56581865e-05 
 2.26464431e+03 -8.90548598e+01  3.52579463e-05 
 2.29086765e+03 -8.91547514e+01  3.48547867e-05 
 2.31739465e+03 -8.92527781e+01  3.44636359e-05 
 2.34422882e+03 -8.93527191e+01  3.40693656e-05 
 2.37137371e+03 -8.94508634e+01  3.36865730e-05 
 2.39883292e+03 -8.95510285e+01  3.33003330e-05 
 2.42661010e+03 -8.96494891e+01  3.29249821e-05 
 2.45470892e+03 -8.97462915e+01  3.25600771e-05 
 2.48313311e+03 -8.98452566e+01  3.21912003e-05 
 2.51188643e+03 -8.99464332e+01  3.18184003e-05 
 2.54097271e+03 -9.00461005e+01  3.14553828e-05 
 2.57039578e+03 -9.01443278e+01  3.11016629e-05 
 2.60015956e+03 -9.02449052e+01  3.07436012e-05 
 2.63026799e+03 -9.03441322e+01  3.03943872e-05 
 2.66072506e+03 -9.04420646e+01  3.00536186e-05 
 2.69153480e+03 -9.05425313e+01  2.97080012e-05 
 2.72270131e+03 -9.06418187e+01  2.93703462e-05 
 2.75422870e+03 -9.07399860e+01  2.90402733e-05 
 2.78612117e+03 -9.08408851e+01  2.87048807e-05 
 2.81838293e+03 -9.09369975e+01  2.83890021e-05 
 2.85101827e+03 -9.10397212e+01  2.80552370e-05 
 2.88403150e+03 -9.11378065e+01  2.77402056e-05 
 2.91742701e+03 -9.12350917e+01  2.74312384e-05 
 2.95120923e+03 -9.13354173e+01  2.71162192e-05 
 2.98538262e+03 -9.14350996e+01  2.68068029e-05 
 3.01995172e+03 -9.15341747e+01  2.65027700e-05 
 3.05492111e+03 -9.16327343e+01  2.62037403e-05 
 3.09029543e+03 -9.17346250e+01  2.58981506e-05 
 3.12607937e+03 -9.18323802e+01  2.56083143e-05 
 3.16227766e+03 -9.19336223e+01  2.53115583e-05 
 3.19889511e+03 -9.20309066e+01  2.50296437e-05 
 3.23593657e+03 -9.21318233e+01  2.47405206e-05 
 3.27340695e+03 -9.22327029e+01  2.44548418e-05 
 3.31131121e+03 -9.23298598e+01  2.41828238e-05 
 3.34965439e+03 -9.24309263e+01  2.39030700e-05 
 3.38844156e+03 -9.25284675e+01  2.36361439e-05 
 3.42767787e+03 -9.26300839e+01  2.33612354e-05 
 3.46736850e+03 -9.27280679e+01  2.30991824e-05 
 3.50751874e+03 -9.28268415e+01  2.28379923e-05 
 3.54813389e+03 -9.29262453e+01  2.25781177e-05 
 3.58921935e+03 -9.30263453e+01  2.23194113e-05 
 3.63078055e+03 -9.31272634e+01  2.20615910e-05 
 3.67282300e+03 -9.32253341e+01  2.18138988e-05 
 3.71535229e+03 -9.33244566e+01  2.15663759e-05 
 3.75837404e+03 -9.34247063e+01  2.13188948e-05 
 3.80189396e+03 -9.35262149e+01  2.10711992e-05 
 3.84591782e+03 -9.36253460e+01  2.08320831e-05 
 3.89045145e+03 -9.37259548e+01  2.05921769e-05 
 3.93550075e+03 -9.38244094e+01  2.03600824e-05 
 3.98107171e+03 -9.39246065e+01  2.01265656e-05 
 4.02717034e+03 -9.40229210e+01  1.99000401e-05 
 4.07380278e+03 -9.41232202e+01  1.96715686e-05 
 4.12097519e+03 -9.42218836e+01  1.94493826e-05 
 4.16869383e+03 -9.43228390e+01  1.92246326e-05 
 4.21696503e+03 -9.44224185e+01  1.90054901e-05 
 4.26579519e+03 -9.45207841e+01  1.87914718e-05 
 4.31519077e+03 -9.46218726e+01  1.85740398e-05 
 4.36515832e+03 -9.47220265e+01  1.83610990e-05 
 4.41570447e+03 -9.48214369e+01  1.81521535e-05 
 4.46683592e+03 -9.49202249e+01  1.79468717e-05 
 4.51855944e+03 -9.50223411e+01  1.77371135e-05 
 4.57088190e+03 -9.51204257e+01  1.75379455e-05 
 4.62381021e+03 -9.52221551e+01  1.73337388e-05 
 4.67735141e+03 -9.53202127e+01  1.71391534e-05 
 4.73151259e+03 -9.54184751e+01  1.69463528e-05 
 4.78630092e+03 -9.55209308e+01  1.67476340e-05 
 4.84172368e+03 -9.56202219e+01  1.65572767e-05 
 4.89778819e+03 -9.57203098e+01  1.63675813e-05 
 4.95450191e+03 -9.58176530e+01  1.61851731e-05 
 5.01187234e+03 -9.59199208e+01  1.59957262e-05 
 5.06990708e+03 -9.60198098e+01  1.58128267e-05 
 5.12861384e+03 -9.61175266e+01  1.56359283e-05 
 5.18800039e+03 -9.62170936e+01  1.54577159e-05 
 5.24807460e+03 -9.63186551e+01  1.52780261e-05 
 5.30884444e+03 -9.64187167e+01  1.51030327e-05 
 5.37031796e+03 -9.65174706e+01  1.49322919e-05 
 5.43250331e+03 -9.66189391e+01  1.47588680e-05 
 5.49540874e+03 -9.67158540e+01  1.45951075e-05 
 5.55904257e+03 -9.68159313e+01  1.44279104e-05 
 5.62341325e+03 -9.69156852e+01  1.42631596e-05 
 5.68852931e+03 -9.70153708e+01  1.41004008e-05 
 5.75439937e+03 -9.71152867e+01  1.39391299e-05 
 5.82103218e+03 -9.72156285e+01  1.37790278e-05 
 5.88843655e+03 -9.73167067e+01  1.36196098e-05 
 5.95662144e+03 -9.74150479e+01  1.34662788e-05 
 6.02559586e+03 -9.75146933e+01  1.33126752e-05 
 6.09536897e+03 -9.76159178e+01  1.31584311e-05 
 6.16595002e+03 -9.77152871e+01  1.30087524e-05 
 6.23734835e+03 -9.78168616e+01  1.28575115e-05 
 6.30957344e+03 -9.79171850e+01  1.27098594e-05 
 6.38263486e+03 -9.80165624e+01  1.25652716e-05 
 6.45654229e+03 -9.81153572e+01  1.24231617e-05 
 6.53130553e+03 -9.82138912e+01  1.22830279e-05 
 6.60693448e+03 -9.83160025e+01  1.21394742e-05 
 6.68343918e+03 -9.84150558e+01  1.20018228e-05 
 6.76082975e+03 -9.85149066e+01  1.18646428e-05 
 6.83911647e+03 -9.86159248e+01  1.17274546e-05 
 6.91830971e+03 -9.87147179e+01  1.15948225e-05 
 6.99841996e+03 -9.88154263e+01  1.14611629e-05 
 7.07945784e+03 -9.89147110e+01  1.13309012e-05 
 7.16143410e+03 -9.90129596e+01  1.12034561e-05 
 7.24435960e+03 -9.91143582e+01  1.10734281e-05 
 7.32824533e+03 -9.92155606e+01  1.09451563e-05 
 7.41310241e+03 -9.93132473e+01  1.08227502e-05 
 7.49894209e+03 -9.94153888e+01  1.06962257e-05 
 7.58577575e+03 -9.95148779e+01  1.05744090e-05 
 7.67361489e+03 -9.96121816e+01  1.04566102e-05 
 7.76247117e+03 -9.97116004e+01  1.03376061e-05 
 7.85235635e+03 -9.98135509e+01  1.02169779e-05 
 7.94328235e+03 -9.99148331e+01  1.00985343e-05 
 8.03526122e+03 -1.00012130e+02  9.98604446e-06 
 8.12830516e+03 -1.00113527e+02  9.87014774e-06 
 8.22242650e+03 -1.00211739e+02  9.75917388e-06 
 8.31763771e+03 -1.00311655e+02  9.64755456e-06 
 8.41395142e+03 -1.00413523e+02  9.53506971e-06 
 8.51138038e+03 -1.00514162e+02  9.42522884e-06 
 8.60993752e+03 -1.00614175e+02  9.31732461e-06 
 8.70963590e+03 -1.00714129e+02  9.21071984e-06 
 8.81048873e+03 -1.00810899e+02  9.10867123e-06 
 8.91250938e+03 -1.00912623e+02  9.00261848e-06 
 9.01571138e+03 -1.01012435e+02  8.89975921e-06 
 9.12010839e+03 -1.01110957e+02  8.79938133e-06 
 9.22571427e+03 -1.01212671e+02  8.69693986e-06 
 9.33254301e+03 -1.01310721e+02  8.59931715e-06 
 9.44060876e+03 -1.01413301e+02  8.49835668e-06 
 9.54992586e+03 -1.01513626e+02  8.40076218e-06 
 9.66050879e+03 -1.01612452e+02  8.30572194e-06 
 9.77237221e+03 -1.01710517e+02  8.21247701e-06 
 9.88553095e+03 -1.01812381e+02  8.11672741e-06 
 1.00000000e+04 -1.01910964e+02  8.02512531e-06 
 1.01157945e+04 -1.02011451e+02  7.93281697e-06 
 1.02329299e+04 -1.02110607e+02  7.84277328e-06 
 1.03514217e+04 -1.02213049e+02  7.75081826e-06 
 1.04712855e+04 -1.02312101e+02  7.66293149e-06 
 1.05925373e+04 -1.02412423e+02  7.57493371e-06 
 1.07151931e+04 -1.02511152e+02  7.48932051e-06 
 1.08392691e+04 -1.02612987e+02  7.40202705e-06 
 1.09647820e+04 -1.02711354e+02  7.31867229e-06 
 1.10917482e+04 -1.02810963e+02  7.23522220e-06 
 1.12201845e+04 -1.02912844e+02  7.15085252e-06 
 1.13501082e+04 -1.03010437e+02  7.07095620e-06 
 1.14815362e+04 -1.03112088e+02  6.98868685e-06 
 1.16144861e+04 -1.03211838e+02  6.90888729e-06 
 1.17489755e+04 -1.03310536e+02  6.83082576e-06 
 1.18850223e+04 -1.03409284e+02  6.75360745e-06 
 1.20226443e+04 -1.03512976e+02  6.67346226e-06 
 1.21618600e+04 -1.03611506e+02  6.59818843e-06 
 1.23026877e+04 -1.03709840e+02  6.52391094e-06 
 1.24451461e+04 -1.03812921e+02  6.44694450e-06 
 1.25892541e+04 -1.03910743e+02  6.37474560e-06 
 1.27350308e+04 -1.04012112e+02  6.30078087e-06 
 1.28824955e+04 -1.04110541e+02  6.22978319e-06 
 1.30316678e+04 -1.04211661e+02  6.15767760e-06 
 1.31825674e+04 -1.04309044e+02  6.08902587e-06 
 1.33352143e+04 -1.04411657e+02  6.01751460e-06 
 1.34896288e+04 -1.04509590e+02  5.95004838e-06 
 1.36458314e+04 -1.04611911e+02  5.88036697e-06 
 1.38038426e+04 -1.04712497e+02  5.81266338e-06 
 1.39636836e+04 -1.04808946e+02  5.74847538e-06 
 1.41253754e+04 -1.04910846e+02  5.68143072e-06 
 1.42889396e+04 -1.05012043e+02  5.61562187e-06 
 1.44543977e+04 -1.05110401e+02  5.55238979e-06 
 1.46217717e+04 -1.05211383e+02  5.48821159e-06 
 1.47910839e+04 -1.05309194e+02  5.42675610e-06 
 1.49623566e+04 -1.05409357e+02  5.36453611e-06 
 1.51356125e+04 -1.05509601e+02  5.30297965e-06 
 1.53108746e+04 -1.05608615e+02  5.24287220e-06 
 1.54881662e+04 -1.05711790e+02  5.18096296e-06 
 1.56675107e+04 -1.05809737e+02  5.12286808e-06 
 1.58489319e+04 -1.05911984e+02  5.06291690e-06 
 1.60324539e+04 -1.06009249e+02  5.00653828e-06 
 1.62181010e+04 -1.06110881e+02  4.94829905e-06 
 1.64058977e+04 -1.06212017e+02  4.89101672e-06 
 1.65958691e+04 -1.06310788e+02  4.83571415e-06 
 1.67880402e+04 -1.06409457e+02  4.78109267e-06 
 1.69824365e+04 -1.06510234e+02  4.72594124e-06 
 1.71790839e+04 -1.06611442e+02  4.67119372e-06 
 1.73780083e+04 -1.06708497e+02  4.61928920e-06 
 1.75792361e+04 -1.06811091e+02  4.56504925e-06 
 1.77827941e+04 -1.06910410e+02  4.51314710e-06 
 1.79887092e+04 -1.07008756e+02  4.46233520e-06 
 1.81970086e+04 -1.07109246e+02  4.41100662e-06 
 1.84077200e+04 -1.07210584e+02  4.35984253e-06 
 1.86208714e+04 -1.07311722e+02  4.30937119e-06 
 1.88364909e+04 -1.07411347e+02  4.26022611e-06 
 1.90546072e+04 -1.07509202e+02  4.21249985e-06 
 1.92752491e+04 -1.07611702e+02  4.16308161e-06 
 1.94984460e+04 -1.07710502e+02  4.11599537e-06 
 1.97242274e+04 -1.07808424e+02  4.06985393e-06 
 1.99526231e+04 -1.07909183e+02  4.02291475e-06 
 2.01836636e+04 -1.08011939e+02  3.97560337e-06 
 2.04173794e+04 -1.08108413e+02  3.93169059e-06 
 2.06538016e+04 -1.08210022e+02  3.88596522e-06 
 2.08929613e+04 -1.08308698e+02  3.84206827e-06 
 2.11348904e+04 -1.08411712e+02  3.79677112e-06 
 2.13796209e+04 -1.08511066e+02  3.75358868e-06 
 2.16271852e+04 -1.08611051e+02  3.71062817e-06 
 2.18776162e+04 -1.08711404e+02  3.66800419e-06 
 2.21309471e+04 -1.08808141e+02  3.62737894e-06 
 2.23872114e+04 -1.08909570e+02  3.58526678e-06 
 2.26464431e+04 -1.09011671e+02  3.54336959e-06 
 2.29086765e+04 -1.09111583e+02  3.50284442e-06 
 2.31739465e+04 -1.09209266e+02  3.46367146e-06 
 2.34422882e+04 -1.09309547e+02  3.42391262e-06 
 2.37137371e+04 -1.09409091e+02  3.38489711e-06 
 2.39883292e+04 -1.09508435e+02  3.34640295e-06 
 2.42661010e+04 -1.09608965e+02  3.30789522e-06 
 2.45470892e+04 -1.09711158e+02  3.26920450e-06 
 2.48313311e+04 -1.09809093e+02  3.23255088e-06 
 2.51188643e+04 -1.09911013e+02  3.19484183e-06 
 2.54097271e+04 -1.10011264e+02  3.15817941e-06 
 2.57039578e+04 -1.10110987e+02  3.12212748e-06 
 2.60015956e+04 -1.10211517e+02  3.08620043e-06 
 2.63026799e+04 -1.10311336e+02  3.05093663e-06 
 2.66072506e+04 -1.10407928e+02  3.01719637e-06 
 2.69153480e+04 -1.10511330e+02  2.98149106e-06 
 2.72270131e+04 -1.10608047e+02  2.94847651e-06 
 2.75422870e+04 -1.10708073e+02  2.91471665e-06 
 2.78612117e+04 -1.10810316e+02  2.88060810e-06 
 2.81838293e+04 -1.10909210e+02  2.84799688e-06 
 2.85101827e+04 -1.11011645e+02  2.81460705e-06 
 2.88403150e+04 -1.11108651e+02  2.78334774e-06 
 2.91742701e+04 -1.11211264e+02  2.75065914e-06 
 2.95120923e+04 -1.11310701e+02  2.71934907e-06 
 2.98538262e+04 -1.11410584e+02  2.68825699e-06 
 3.01995172e+04 -1.11510753e+02  2.65743307e-06 
 3.05492111e+04 -1.11610601e+02  2.62705972e-06 
 3.09029543e+04 -1.11710498e+02  2.59701891e-06 
 3.12607937e+04 -1.11810455e+02  2.56730360e-06 
 3.16227766e+04 -1.11910791e+02  2.53781800e-06 
 3.19889511e+04 -1.12008625e+02  2.50939351e-06 
 3.23593657e+04 -1.12107970e+02  2.48085571e-06 
 3.27340695e+04 -1.12209978e+02  2.45189071e-06 
 3.31131121e+04 -1.12308271e+02  2.42430036e-06 
 3.34965439e+04 -1.12407953e+02  2.39663753e-06 
 3.38844156e+04 -1.12510541e+02  2.36849750e-06 
 3.42767787e+04 -1.12610538e+02  2.34138643e-06 
 3.46736850e+04 -1.12709336e+02  2.31490522e-06 
 3.50751874e+04 -1.12809418e+02  2.28838516e-06 
 3.54813389e+04 -1.12909405e+02  2.26219340e-06 
 3.58921935e+04 -1.13008194e+02  2.23661026e-06 
 3.63078055e+04 -1.13108645e+02  2.21089323e-06 
 3.67282300e+04 -1.13210150e+02  2.18520654e-06 
 3.71535229e+04 -1.13308504e+02  2.16060203e-06 
 3.75837404e+04 -1.13411089e+02  2.13523430e-06 
 3.80189396e+04 -1.13510550e+02  2.11092348e-06 
 3.84591782e+04 -1.13610954e+02  2.08666301e-06 
 3.89045145e+04 -1.13709254e+02  2.06318082e-06 
 3.93550075e+04 -1.13809864e+02  2.03942050e-06 
 3.98107171e+04 -1.13910786e+02  2.01586147e-06 
 4.02717034e+04 -1.14009463e+02  1.99308962e-06 
 4.07380278e+04 -1.14107745e+02  1.97066466e-06 
 4.12097519e+04 -1.14211464e+02  1.94727278e-06 
 4.16869383e+04 -1.14308000e+02  1.92575037e-06 
 4.21696503e+04 -1.14411158e+02  1.90301457e-06 
 4.26579519e+04 -1.14509463e+02  1.88159810e-06 
 4.31519077e+04 -1.14609787e+02  1.85999016e-06 
 4.36515832e+04 -1.14708102e+02  1.83905578e-06 
 4.41570447e+04 -1.14809104e+02  1.81779453e-06 
 4.46683592e+04 -1.14909347e+02  1.79693607e-06 
 4.51855944e+04 -1.15009708e+02  1.77629296e-06 
 4.57088190e+04 -1.15108350e+02  1.75623442e-06 
 4.62381021e+04 -1.15210334e+02  1.73573451e-06 
 4.67735141e+04 -1.15310885e+02  1.71575686e-06 
 4.73151259e+04 -1.15408299e+02  1.69662182e-06 
 4.78630092e+04 -1.15509672e+02  1.67693560e-06 
 4.84172368e+04 -1.15611175e+02  1.65745312e-06 
 4.89778819e+04 -1.15708561e+02  1.63897352e-06 
 4.95450191e+04 -1.15810259e+02  1.61989578e-06 
 5.01187234e+04 -1.15909735e+02  1.60144948e-06 
 5.06990708e+04 -1.16008442e+02  1.58335349e-06 
 5.12861384e+04 -1.16108307e+02  1.56525346e-06 
 5.18800039e+04 -1.16208022e+02  1.54738692e-06 
 5.24807460e+04 -1.16310512e+02  1.52923552e-06 
 5.30884444e+04 -1.16407842e+02  1.51219542e-06 
 5.37031796e+04 -1.16507825e+02  1.49488829e-06 
 5.43250331e+04 -1.16611236e+02  1.47719620e-06 
 5.49540874e+04 -1.16707604e+02  1.46089765e-06 
 5.55904257e+04 -1.16810503e+02  1.44369296e-06 
 5.62341325e+04 -1.16910863e+02  1.42710808e-06 
 5.68852931e+04 -1.17007615e+02  1.41129978e-06 
 5.75439937e+04 -1.17108570e+02  1.39499127e-06 
 5.82103218e+04 -1.17210134e+02  1.37877467e-06 
 5.88843655e+04 -1.17309279e+02  1.36312608e-06 
 5.95662144e+04 -1.17407926e+02  1.34773256e-06 
 6.02559586e+04 -1.17508700e+02  1.33218634e-06 
 6.09536897e+04 -1.17610224e+02  1.31670594e-06 
 6.16595002e+04 -1.17708882e+02  1.30183490e-06 
 6.23734835e+04 -1.17809371e+02  1.28686049e-06 
 6.30957344e+04 -1.17908662e+02  1.27223372e-06 
 6.38263486e+04 -1.18009078e+02  1.25761030e-06 
 6.45654229e+04 -1.18109609e+02  1.24313864e-06 
 6.53130553e+04 -1.18210138e+02  1.22883370e-06 
 6.60693448e+04 -1.18311135e+02  1.21462783e-06 
 6.68343918e+04 -1.18410286e+02  1.20084147e-06 
 6.76082975e+04 -1.18509501e+02  1.18720285e-06 
 6.83911647e+04 -1.18608630e+02  1.17373082e-06 
 6.91830971e+04 -1.18710972e+02  1.15998239e-06 
 6.99841996e+04 -1.18810633e+02  1.14674901e-06 
 7.07945784e+04 -1.18908924e+02  1.13384522e-06 
 7.16143410e+04 -1.19009303e+02  1.12081732e-06 
 7.24435960e+04 -1.19111159e+02  1.10775069e-06 
 7.32824533e+04 -1.19208287e+02  1.09543253e-06 
 7.41310241e+04 -1.19310167e+02  1.08265886e-06 
 7.49894209e+04 -1.19408472e+02  1.07047463e-06 
 7.58577575e+04 -1.19511015e+02  1.05791128e-06 
 7.67361489e+04 -1.19607655e+02  1.04620614e-06 
 7.76247117e+04 -1.19708451e+02  1.03413550e-06 
 7.85235635e+04 -1.19809506e+02  1.02217366e-06 
 7.94328235e+04 -1.19907540e+02  1.01070165e-06 
 8.03526122e+04 -1.20008875e+02  9.98978719e-07 
 8.12830516e+04 -1.20108693e+02  9.87564193e-07 
 8.22242650e+04 -1.20207847e+02  9.76354813e-07 
 8.31763771e+04 -1.20308322e+02  9.65125771e-07 
 8.41395142e+04 -1.20409536e+02  9.53944651e-07 
 8.51138038e+04 -1.20508440e+02  9.43143937e-07 
 8.60993752e+04 -1.20610804e+02  9.32094212e-07 
 8.70963590e+04 -1.20708513e+02  9.21667679e-07 
 8.81048873e+04 -1.20810415e+02  9.10917935e-07 
 8.91250938e+04 -1.20907969e+02  9.00744375e-07 
 9.01571138e+04 -1.21008331e+02  8.90396528e-07 
 9.12010839e+04 -1.21109675e+02  8.80068089e-07 
 9.22571427e+04 -1.21207616e+02  8.70200208e-07 
 9.33254301e+04 -1.21310473e+02  8.59956225e-07 
 9.44060876e+04 -1.21410360e+02  8.50123433e-07 
 9.54992586e+04 -1.21510356e+02  8.40392540e-07 
 9.66050879e+04 -1.21609446e+02  8.30859683e-07 
 9.77237221e+04 -1.21707712e+02  8.21512943e-07 
 9.88553095e+04 -1.21810780e+02  8.11822367e-07 
 1.00000000e+05 -1.21911011e+02  8.02508182e-07 
 1.01157945e+05 -1.22010131e+02  7.93402251e-07 
 1.02329299e+05 -1.22107671e+02  7.84542471e-07 
 1.03514217e+05 -1.22209482e+02  7.75400154e-07 
 1.04712855e+05 -1.22307996e+02  7.66655434e-07 
 1.05925373e+05 -1.22408994e+02  7.57792456e-07 
 1.07151931e+05 -1.22508976e+02  7.49119677e-07 
 1.08392691e+05 -1.22610165e+02  7.40443209e-07 
 1.09647820e+05 -1.22709802e+02  7.31998040e-07 
 1.10917482e+05 -1.22810719e+02  7.23542531e-07 
 1.12201845e+05 -1.22910807e+02  7.15252898e-07 
 1.13501082e+05 -1.23010102e+02  7.07122882e-07 
 1.14815362e+05 -1.23110770e+02  6.98974750e-07 
 1.16144861e+05 -1.23210678e+02  6.90981000e-07 
 1.17489755e+05 -1.23309065e+02  6.83198224e-07 
 1.18850223e+05 -1.23408553e+02  6.75417593e-07 
 1.20226443e+05 -1.23510048e+02  6.67571187e-07 
 1.21618600e+05 -1.23610258e+02  6.59913621e-07 
 1.23026877e+05 -1.23708022e+02  6.52527647e-07 
 1.24451461e+05 -1.23808534e+02  6.45020193e-07 
 1.25892541e+05 -1.23909638e+02  6.37555626e-07 
 1.27350308e+05 -1.24007225e+02  6.30432738e-07 
 1.28824955e+05 -1.24107642e+02  6.23186288e-07 
 1.30316678e+05 -1.24210163e+02  6.15873991e-07 
 1.31825674e+05 -1.24308705e+02  6.08926327e-07 
 1.33352143e+05 -1.24407838e+02  6.02016126e-07 
 1.34896288e+05 -1.24508433e+02  5.95084134e-07 
 1.36458314e+05 -1.24610668e+02  5.88120903e-07 
 1.38038426e+05 -1.24710350e+02  5.81409999e-07 
 1.39636836e+05 -1.24807273e+02  5.74958271e-07 
 1.41253754e+05 -1.24908472e+02  5.68298326e-07 
 1.42889396e+05 -1.25009140e+02  5.61749913e-07 
 1.44543977e+05 -1.25108881e+02  5.55336144e-07 
 1.46217717e+05 -1.25206785e+02  5.49111779e-07 
 1.47910839e+05 -1.25310422e+02  5.42598903e-07 
 1.49623566e+05 -1.25407814e+02  5.36548895e-07 
 1.51356125e+05 -1.25510399e+02  5.30249210e-07 
 1.53108746e+05 -1.25607677e+02  5.24343821e-07 
 1.54881662e+05 -1.25708386e+02  5.18299396e-07 
 1.56675107e+05 -1.25810424e+02  5.12246236e-07 
 1.58489319e+05 -1.25908867e+02  5.06473425e-07 
 1.60324539e+05 -1.26006769e+02  5.00796790e-07 
 1.62181010e+05 -1.26108842e+02  4.94946115e-07 
 1.64058977e+05 -1.26209267e+02  4.89256555e-07 
 1.65958691e+05 -1.26306818e+02  4.83792479e-07 
 1.67880402e+05 -1.26409691e+02  4.78096363e-07 
 1.69824365e+05 -1.26508114e+02  4.72709487e-07 
 1.71790839e+05 -1.26609450e+02  4.67226521e-07 
 1.73780083e+05 -1.26707154e+02  4.62000345e-07 
 1.75792361e+05 -1.26808318e+02  4.56650676e-07 
 1.77827941e+05 -1.26909981e+02  4.51336993e-07 
 1.79887092e+05 -1.27008213e+02  4.46261446e-07 
 1.81970086e+05 -1.27108107e+02  4.41158507e-07 
 1.84077200e+05 -1.27210163e+02  4.36005359e-07 
 1.86208714e+05 -1.27309234e+02  4.31060570e-07 
 1.88364909e+05 -1.27406996e+02  4.26236063e-07 
 1.90546072e+05 -1.27507749e+02  4.21320482e-07 
 1.92752491e+05 -1.27607037e+02  4.16531794e-07 
 1.94984460e+05 -1.27708225e+02  4.11707450e-07 
 1.97242274e+05 -1.27809274e+02  4.06945556e-07 
 1.99526231e+05 -1.27908564e+02  4.02320172e-07 
 2.01836636e+05 -1.28007377e+02  3.97769178e-07 
 2.04173794e+05 -1.28107318e+02  3.93218644e-07 
 2.06538016e+05 -1.28206272e+02  3.88764332e-07 
 2.08929613e+05 -1.28306597e+02  3.84299778e-07 
 2.11348904e+05 -1.28406500e+02  3.79904989e-07 
 2.13796209e+05 -1.28509971e+02  3.75406229e-07 
 2.16271852e+05 -1.28608957e+02  3.71152285e-07 
 2.18776162e+05 -1.28708907e+02  3.66905870e-07 
 2.21309471e+05 -1.28809022e+02  3.62701107e-07 
 2.23872114e+05 -1.28909457e+02  3.58531365e-07 
 2.26464431e+05 -1.29008297e+02  3.54474626e-07 
 2.29086765e+05 -1.29105979e+02  3.50510500e-07 
 2.31739465e+05 -1.29208255e+02  3.46407459e-07 
 2.34422882e+05 -1.29309022e+02  3.42411942e-07 
 2.37137371e+05 -1.29407482e+02  3.38552411e-07 
 2.39883292e+05 -1.29506307e+02  3.34722283e-07 
 2.42661010e+05 -1.29607289e+02  3.30853359e-07 
 2.45470892e+05 -1.29708029e+02  3.27038249e-07 
 2.48313311e+05 -1.29806008e+02  3.23369919e-07 
 2.51188643e+05 -1.29905914e+02  3.19671764e-07 
 2.54097271e+05 -1.30005537e+02  3.16026244e-07 
 2.57039578e+05 -1.30107100e+02  3.12352505e-07 
 2.60015956e+05 -1.30205568e+02  3.08831511e-07 
 2.63026799e+05 -1.30305393e+02  3.05302508e-07 
 2.66072506e+05 -1.30408012e+02  3.01716739e-07 
 2.69153480e+05 -1.30505870e+02  2.98336583e-07 
 2.72270131e+05 -1.30607568e+02  2.94863909e-07 
 2.75422870e+05 -1.30706597e+02  2.91521193e-07 
 2.78612117e+05 -1.30805300e+02  2.88227212e-07 
 2.81838293e+05 -1.30906126e+02  2.84900811e-07 
 2.85101827e+05 -1.31006902e+02  2.81614425e-07 
 2.88403150e+05 -1.31105249e+02  2.78443785e-07 
 2.91742701e+05 -1.31207009e+02  2.75200709e-07 
 2.95120923e+05 -1.31306678e+02  2.72060878e-07 
 2.98538262e+05 -1.31408003e+02  2.68905615e-07 
 3.01995172e+05 -1.31507843e+02  2.65832349e-07 
 3.05492111e+05 -1.31605441e+02  2.62862086e-07 
 3.09029543e+05 -1.31705134e+02  2.59862328e-07 
 3.12607937e+05 -1.31806657e+02  2.56842649e-07 
 3.16227766e+05 -1.31905371e+02  2.53940191e-07 
 3.19889511e+05 -1.32006731e+02  2.50994061e-07 
 3.23593657e+05 -1.32105706e+02  2.48150233e-07 
 3.27340695e+05 -1.32205043e+02  2.45328418e-07 
 3.31131121e+05 -1.32304030e+02  2.42548455e-07 
 3.34965439e+05 -1.32404033e+02  2.39771929e-07 
 3.38844156e+05 -1.32503924e+02  2.37030261e-07 
 3.42767787e+05 -1.32605196e+02  2.34282698e-07 
 3.46736850e+05 -1.32704452e+02  2.31620707e-07 
 3.50751874e+05 -1.32805520e+02  2.28941226e-07 
 3.54813389e+05 -1.32904293e+02  2.26352522e-07 
 3.58921935e+05 -1.33005219e+02  2.23737639e-07 
 3.63078055e+05 -1.33105967e+02  2.21157486e-07 
 3.67282300e+05 -1.33206228e+02  2.18619355e-07 
 3.71535229e+05 -1.33303884e+02  2.16175157e-07 
 3.75837404e+05 -1.33403269e+02  2.13715748e-07 
 3.80189396e+05 -1.33505078e+02  2.11225383e-07 
 3.84591782e+05 -1.33605891e+02  2.08787948e-07 
 3.89045145e+05 -1.33703396e+02  2.06457278e-07 
 3.93550075e+05 -1.33803938e+02  2.04081255e-07 
 3.98107171e+05 -1.33905670e+02  2.01704919e-07 
 4.02717034e+05 -1.34004615e+02  1.99420252e-07 
 4.07380278e+05 -1.34104723e+02  1.97135061e-07 
 4.12097519e+05 -1.34202346e+02  1.94931793e-07 
 4.16869383e+05 -1.34303135e+02  1.92682935e-07 
 4.21696503e+05 -1.34402538e+02  1.90490410e-07 
 4.26579519e+05 -1.34502795e+02  1.88304299e-07 
 4.31519077e+05 -1.34602055e+02  1.86164659e-07 
 4.36515832e+05 -1.34702267e+02  1.84029167e-07 
 4.41570447e+05 -1.34802404e+02  1.81919734e-07 
 4.46683592e+05 -1.34901109e+02  1.79864128e-07 
 4.51855944e+05 -1.35001713e+02  1.77792881e-07 
 4.57088190e+05 -1.35101284e+02  1.75766382e-07 
 4.62381021e+05 -1.35200708e+02  1.73765923e-07 
 4.67735141e+05 -1.35303081e+02  1.71729920e-07 
 4.73151259e+05 -1.35402230e+02  1.69780771e-07 
 4.78630092e+05 -1.35503063e+02  1.67821217e-07 
 4.84172368e+05 -1.35600301e+02  1.65952937e-07 
 4.89778819e+05 -1.35701797e+02  1.64025043e-07 
 4.95450191e+05 -1.35802374e+02  1.62136683e-07 
 5.01187234e+05 -1.35900654e+02  1.60312473e-07 
 5.06990708e+05 -1.36000605e+02  1.58478274e-07 
 5.12861384e+05 -1.36100250e+02  1.56670603e-07 
 5.18800039e+05 -1.36201572e+02  1.54853630e-07 
 5.24807460e+05 -1.36301660e+02  1.53079488e-07 
 5.30884444e+05 -1.36401257e+02  1.51334225e-07 
 5.37031796e+05 -1.36498918e+02  1.49642201e-07 
 5.43250331e+05 -1.36601441e+02  1.47886310e-07 
 5.49540874e+05 -1.36698447e+02  1.46243866e-07 
 5.55904257e+05 -1.36801092e+02  1.44525805e-07 
 5.62341325e+05 -1.36898242e+02  1.42918313e-07 
 5.68852931e+05 -1.36999494e+02  1.41261981e-07 
 5.75439937e+05 -1.37098396e+02  1.39662618e-07 
 5.82103218e+05 -1.37196678e+02  1.38091238e-07 
 5.88843655e+05 -1.37298345e+02  1.36484320e-07 
 5.95662144e+05 -1.37399298e+02  1.34907189e-07 
 6.02559586e+05 -1.37496956e+02  1.33398878e-07 
 6.09536897e+05 -1.37598957e+02  1.31841498e-07 
 6.16595002e+05 -1.37698277e+02  1.30342538e-07 
 6.23734835e+05 -1.37797440e+02  1.28862927e-07 
 6.30957344e+05 -1.37896008e+02  1.27408855e-07 
 6.38263486e+05 -1.37997744e+02  1.25925249e-07 
 6.45654229e+05 -1.38095233e+02  1.24519783e-07 
 6.53130553e+05 -1.38194280e+02  1.23107925e-07 
 6.60693448e+05 -1.38295924e+02  1.21675685e-07 
 6.68343918e+05 -1.38394620e+02  1.20300939e-07 
 6.76082975e+05 -1.38495225e+02  1.18915571e-07 
 6.83911647e+05 -1.38593059e+02  1.17583684e-07 
 6.91830971e+05 -1.38693795e+02  1.16227864e-07 
 6.99841996e+05 -1.38793383e+02  1.14902857e-07 
 7.07945784e+05 -1.38891476e+02  1.13612525e-07 
 7.16143410e+05 -1.38992469e+02  1.12299169e-07 
 7.24435960e+05 -1.39093744e+02  1.10997399e-07 
 7.32824533e+05 -1.39191627e+02  1.09753571e-07 
 7.41310241e+05 -1.39290669e+02  1.08509198e-07 
 7.49894209e+05 -1.39390969e+02  1.07263400e-07 
 7.58577575e+05 -1.39490460e+02  1.06041783e-07 
 7.67361489e+05 -1.39591247e+02  1.04818426e-07 
 7.76247117e+05 -1.39690656e+02  1.03625633e-07 
 7.85235635e+05 -1.39788011e+02  1.02470638e-07 
 7.94328235e+05 -1.39886673e+02  1.01313271e-07 
 8.03526122e+05 -1.39988914e+02  1.00127713e-07 
 8.12830516e+05 -1.40087805e+02  9.89941963e-08 
 8.22242650e+05 -1.40185019e+02  9.78924155e-08 
 8.31763771e+05 -1.40285697e+02  9.67642939e-08 
 8.41395142e+05 -1.40384258e+02  9.56724915e-08 
 8.51138038e+05 -1.40482700e+02  9.45943069e-08 
 8.60993752e+05 -1.40582350e+02  9.35152607e-08 
 8.70963590e+05 -1.40683866e+02  9.24286707e-08 
 8.81048873e+05 -1.40781255e+02  9.13981136e-08 
 8.91250938e+05 -1.40880438e+02  9.03603917e-08 
 9.01571138e+05 -1.40980631e+02  8.93240621e-08 
 9.12010839e+05 -1.41080897e+02  8.82988665e-08 
 9.22571427e+05 -1.41179329e+02  8.73038814e-08 
 9.33254301e+05 -1.41278969e+02  8.63080952e-08 
 9.44060876e+05 -1.41377812e+02  8.53315041e-08 
 9.54992586e+05 -1.41479403e+02  8.43392682e-08 
 9.66050879e+05 -1.41577918e+02  8.33881028e-08 
 9.77237221e+05 -1.41677188e+02  8.24405012e-08 
 9.88553095e+05 -1.41775447e+02  8.15131468e-08 
 1.00000000e+06 -1.41874749e+02  8.05865439e-08 
 1.01157945e+06 -1.41972447e+02  7.96851988e-08 
 1.02329299e+06 -1.42075081e+02  7.87491633e-08 
 1.03514217e+06 -1.42173107e+02  7.78654275e-08 
 1.04712855e+06 -1.42272443e+02  7.69799941e-08 
 1.05925373e+06 -1.42371753e+02  7.61048533e-08 
 1.07151931e+06 -1.42471825e+02  7.52330681e-08 
 1.08392691e+06 -1.42568065e+02  7.44040836e-08 
 1.09647820e+06 -1.42668883e+02  7.35454528e-08 
 1.10917482e+06 -1.42766283e+02  7.27253518e-08 
 1.12201845e+06 -1.42859119e+02  7.19521922e-08 
 1.13501082e+06 -1.42960425e+02  7.11178711e-08 
 1.14815362e+06 -1.43061148e+02  7.02979406e-08 
 1.16144861e+06 -1.43158923e+02  6.95110517e-08 
 1.17489755e+06 -1.43258713e+02  6.87170237e-08 
 1.18850223e+06 -1.43357584e+02  6.79392554e-08 
 1.20226443e+06 -1.43456065e+02  6.71733108e-08 
 1.21618600e+06 -1.43555429e+02  6.64092471e-08 
 1.23026877e+06 -1.43655046e+02  6.56519593e-08 
 1.24451461e+06 -1.43751332e+02  6.49282048e-08 
 1.25892541e+06 -1.43851610e+02  6.41829262e-08 
 1.27350308e+06 -1.43949858e+02  6.34610288e-08 
 1.28824955e+06 -1.44049341e+02  6.27383309e-08 
 1.30316678e+06 -1.44148105e+02  6.20289950e-08 
 1.31825674e+06 -1.44249537e+02  6.13088490e-08 
 1.33352143e+06 -1.44344194e+02  6.06443432e-08 
 1.34896288e+06 -1.44441549e+02  5.99684129e-08 
 1.36458314e+06 -1.44538268e+02  5.93043572e-08 
 1.38038426e+06 -1.44638855e+02  5.86215413e-08 
 1.39636836e+06 -1.44736322e+02  5.79674122e-08 
 1.41253754e+06 -1.44774277e+02  5.77146635e-08 
 1.42889396e+06 -1.44814306e+02  5.74492924e-08 
 1.44543977e+06 -1.44913021e+02  5.68000828e-08 
 1.46217717e+06 -1.45010381e+02  5.61669655e-08 
 1.47910839e+06 -1.45110182e+02  5.55252973e-08 
 1.49623566e+06 -1.45209166e+02  5.48961279e-08 
 1.51356125e+06 -1.45305799e+02  5.42887756e-08 
 1.53108746e+06 -1.45404229e+02  5.36770365e-08 
 1.54881662e+06 -1.45503608e+02  5.30663978e-08 
 1.56675107e+06 -1.45601312e+02  5.24728206e-08 
 1.58489319e+06 -1.45697583e+02  5.18944428e-08 
 1.60324539e+06 -1.45798564e+02  5.12946152e-08 
 1.62181010e+06 -1.45893657e+02  5.07361091e-08 
 1.64058977e+06 -1.45990229e+02  5.01751344e-08 
 1.65958691e+06 -1.46089709e+02  4.96037549e-08 
 1.67880402e+06 -1.46188386e+02  4.90434127e-08 
 1.69824365e+06 -1.46283851e+02  4.85073363e-08 
 1.71790839e+06 -1.46379917e+02  4.79738043e-08 
 1.73780083e+06 -1.46476965e+02  4.74407715e-08 
 1.75792361e+06 -1.46575059e+02  4.69080132e-08 
 1.77827941e+06 -1.46677103e+02  4.63601542e-08 
 1.79887092e+06 -1.46771298e+02  4.58601089e-08 
 1.81970086e+06 -1.46868357e+02  4.53505075e-08 
 1.84077200e+06 -1.46966686e+02  4.48400087e-08 
 1.86208714e+06 -1.47065923e+02  4.43306242e-08 
 1.88364909e+06 -1.47158081e+02  4.38627617e-08 
 1.90546072e+06 -1.47257333e+02  4.33643985e-08 
 1.92752491e+06 -1.47351835e+02  4.28951572e-08 
 1.94984460e+06 -1.47456050e+02  4.23835664e-08 
 1.97242274e+06 -1.47551086e+02  4.19223595e-08 
 1.99526231e+06 -1.47649896e+02  4.14481569e-08 
 2.01836636e+06 -1.47740842e+02  4.10164357e-08 
 2.04173794e+06 -1.47840906e+02  4.05466251e-08 
 2.06538016e+06 -1.47935229e+02  4.01086954e-08 
 2.08929613e+06 -1.48035284e+02  3.96493238e-08 
 2.11348904e+06 -1.48129621e+02  3.92210238e-08 
 2.13796209e+06 -1.48224699e+02  3.87940437e-08 
 2.16271852e+06 -1.48326036e+02  3.83440701e-08 
 2.18776162e+06 -1.48423589e+02  3.79158304e-08 
 2.21309471e+06 -1.48513248e+02  3.75264618e-08 
 2.23872114e+06 -1.48611151e+02  3.71058543e-08 
 2.26464431e+06 -1.48706113e+02  3.67023913e-08 
 2.29086765e+06 -1.48802065e+02  3.62991757e-08 
 2.31739465e+06 -1.48904688e+02  3.58728261e-08 
 2.34422882e+06 -1.48997104e+02  3.54931700e-08 
 2.37137371e+06 -1.49093514e+02  3.51013871e-08 
 2.39883292e+06 -1.49189740e+02  3.47146663e-08 
 2.42661010e+06 -1.49284906e+02  3.43363949e-08 
 2.45470892e+06 -1.49322656e+02  3.41874868e-08 
 2.48313311e+06 -1.49472924e+02  3.36011238e-08 
 2.51188643e+06 -1.49559982e+02  3.32660256e-08 
 2.54097271e+06 -1.49660411e+02  3.28836089e-08 
 2.57039578e+06 -1.49755898e+02  3.25240875e-08 
 2.60015956e+06 -1.49849330e+02  3.21761060e-08 
 2.63026799e+06 -1.49943758e+02  3.18282015e-08 
 2.66072506e+06 -1.50039960e+02  3.14776272e-08 
 2.69153480e+06 -1.50130702e+02  3.11504910e-08 
 2.72270131e+06 -1.50226492e+02  3.08088448e-08 
 2.75422870e+06 -1.50315313e+02  3.04953998e-08 
 2.78612117e+06 -1.50412804e+02  3.01550316e-08 
 2.81838293e+06 -1.50512782e+02  2.98099250e-08 
 2.85101827e+06 -1.50603748e+02  2.94993594e-08 
 2.88403150e+06 -1.50701406e+02  2.91695469e-08 
 2.91742701e+06 -1.50794555e+02  2.88584015e-08 
 2.95120923e+06 -1.50885925e+02  2.85564180e-08 
 2.98538262e+06 -1.50972959e+02  2.82717081e-08 
 3.01995172e+06 -1.51069587e+02  2.79589370e-08 
 3.05492111e+06 -1.51166037e+02  2.76501911e-08 
 3.09029543e+06 -1.51255481e+02  2.73669217e-08 
 3.12607937e+06 -1.51346707e+02  2.70809981e-08 
 3.16227766e+06 -1.51394794e+02  2.69314856e-08 
 3.19889511e+06 -1.51469193e+02  2.67017896e-08 
 3.23593657e+06 -1.51570399e+02  2.63924704e-08 
 3.27340695e+06 -1.51661980e+02  2.61156585e-08 
 3.31131121e+06 -1.51745759e+02  2.58649753e-08 
 3.34965439e+06 -1.51847312e+02  2.55643302e-08 
 3.38844156e+06 -1.51942875e+02  2.52846091e-08 
 3.42767787e+06 -1.52035663e+02  2.50159401e-08 
 3.46736850e+06 -1.52122281e+02  2.47677164e-08 
 3.50751874e+06 -1.52208029e+02  2.45244102e-08 
 3.54813389e+06 -1.52302526e+02  2.42590436e-08 
 3.58921935e+06 -1.52396210e+02  2.39987985e-08 
 3.63078055e+06 -1.52485050e+02  2.37545872e-08 
 3.67282300e+06 -1.52577285e+02  2.35036747e-08 
 3.71535229e+06 -1.52674165e+02  2.32429766e-08 
 3.75837404e+06 -1.52710090e+02  2.31470420e-08 
 3.80189396e+06 -1.52800080e+02  2.29084661e-08 
 3.84591782e+06 -1.52888879e+02  2.26754570e-08 
 3.89045145e+06 -1.52977393e+02  2.24455562e-08 
 3.93550075e+06 -1.53063769e+02  2.22234542e-08 
 3.98107171e+06 -1.53158106e+02  2.19833906e-08 
 4.02717034e+06 -1.53251937e+02  2.17471890e-08 
 4.07380278e+06 -1.53329731e+02  2.15532851e-08 
 4.12097519e+06 -1.53414372e+02  2.13442741e-08 
 4.16869383e+06 -1.53510255e+02  2.11099518e-08 
 4.21696503e+06 -1.53600820e+02  2.08909880e-08 
 4.26579519e+06 -1.53735346e+02  2.05699243e-08 
 4.31519077e+06 -1.53832242e+02  2.03417305e-08 
 4.36515832e+06 -1.53912373e+02  2.01549326e-08 
 4.41570447e+06 -1.53995092e+02  1.99639012e-08 
 4.46683592e+06 -1.54083973e+02  1.97606551e-08 
 4.51855944e+06 -1.54170432e+02  1.95649337e-08 
 4.57088190e+06 -1.54263499e+02  1.93564201e-08 
 4.62381021e+06 -1.54350712e+02  1.91630407e-08 
 4.67735141e+06 -1.54438064e+02  1.89712881e-08 
 4.73151259e+06 -1.54390194e+02  1.90761313e-08 
 4.78630092e+06 -1.54458937e+02  1.89257512e-08 
 4.84172368e+06 -1.54534178e+02  1.87625168e-08 
 4.89778819e+06 -1.54636510e+02  1.85427643e-08 
 4.95450191e+06 -1.54720968e+02  1.83633367e-08 
 5.01187234e+06 -1.54812268e+02  1.81713250e-08 
 5.06990708e+06 -1.54887762e+02  1.80140716e-08 
 5.12861384e+06 -1.54939942e+02  1.79061783e-08 
 5.18800039e+06 -1.55005184e+02  1.77721838e-08 
 5.24807460e+06 -1.55093509e+02  1.75923771e-08 
 5.30884444e+06 -1.55172586e+02  1.74329419e-08 
 5.37031796e+06 -1.55257263e+02  1.72638177e-08 
 5.43250331e+06 -1.55299403e+02  1.71802656e-08 
 5.49540874e+06 -1.55345646e+02  1.70890409e-08 
 5.55904257e+06 -1.55410357e+02  1.69621989e-08 
 5.62341325e+06 -1.55504487e+02  1.67793693e-08 
 5.68852931e+06 -1.55586840e+02  1.66210326e-08 
 5.75439937e+06 -1.55674593e+02  1.64539565e-08 
 5.82103218e+06 -1.55711245e+02  1.63846727e-08 
 5.88843655e+06 -1.55774182e+02  1.62663799e-08 
 5.95662144e+06 -1.55867398e+02  1.60927430e-08 
 6.02559586e+06 -1.55962637e+02  1.59172550e-08 
 6.09536897e+06 -1.56051151e+02  1.57558722e-08 
 6.16595002e+06 -1.56077085e+02  1.57088998e-08 
 6.23734835e+06 -1.56226119e+02  1.54416629e-08 
 6.30957344e+06 -1.56320543e+02  1.52747063e-08 
 6.38263486e+06 -1.56413355e+02  1.51123578e-08 
 6.45654229e+06 -1.56475109e+02  1.50052955e-08 
 6.53130553e+06 -1.56432398e+02  1.50792616e-08 
 6.60693448e+06 -1.56511999e+02  1.49417010e-08 
 6.68343918e+06 -1.56594536e+02  1.48003914e-08 
 6.76082975e+06 -1.56662343e+02  1.46853001e-08 
 6.83911647e+06 -1.56678538e+02  1.46579461e-08 
 6.91830971e+06 -1.56744753e+02  1.45466286e-08 
 6.99841996e+06 -1.56831427e+02  1.44021943e-08 
 7.07945784e+06 -1.56872622e+02  1.43340500e-08 
 7.16143410e+06 -1.56961307e+02  1.41884405e-08 
 7.24435960e+06 -1.57050386e+02  1.40436735e-08 
 7.32824533e+06 -1.57137090e+02  1.39041836e-08 
 7.41310241e+06 -1.57223041e+02  1.37672740e-08 
 7.49894209e+06 -1.57294969e+02  1.36537379e-08 
 7.58577575e+06 -1.57386813e+02  1.35101249e-08 
 7.67361489e+06 -1.57383282e+02  1.35156180e-08 
 7.76247117e+06 -1.57460404e+02  1.33961441e-08 
 7.85235635e+06 -1.57536915e+02  1.32786594e-08 
 7.94328235e+06 -1.57548434e+02  1.32610613e-08 
 8.03526122e+06 -1.57621837e+02  1.31494664e-08 
 8.12830516e+06 -1.57645807e+02  1.31132296e-08 
 8.22242650e+06 -1.57738076e+02  1.29746665e-08 
 8.31763771e+06 -1.57840602e+02  1.28224175e-08 
 8.41395142e+06 -1.57837962e+02  1.28263146e-08 
 8.51138038e+06 -1.57925244e+02  1.26980729e-08 
 8.60993752e+06 -1.57960954e+02  1.26459739e-08 
 8.70963590e+06 -1.58064203e+02  1.24965415e-08 
 8.81048873e+06 -1.58158103e+02  1.23621737e-08 
 8.91250938e+06 -1.58194134e+02  1.23109984e-08 
 9.01571138e+06 -1.58291264e+02  1.21740976e-08 
 9.12010839e+06 -1.58303674e+02  1.21567165e-08 
 9.22571427e+06 -1.58360299e+02  1.20777221e-08 
 9.33254301e+06 -1.58434129e+02  1.19754971e-08 
 9.44060876e+06 -1.58461715e+02  1.19375242e-08 
 9.54992586e+06 -1.58475859e+02  1.19181005e-08 
 9.66050879e+06 -1.58564564e+02  1.17970057e-08 
 9.77237221e+06 -1.58628896e+02  1.17099539e-08 
 9.88553095e+06 -1.58669850e+02  1.16548724e-08 
 1.00000000e+07 -1.58789183e+02  1.14958439e-08 
 1.01157945e+07 -1.58842639e+02  1.14253120e-08 
 1.02329299e+07 -1.58852964e+02  1.14117378e-08 
 1.03514217e+07 -1.58903349e+02  1.13457326e-08 
 1.04712855e+07 -1.58954517e+02  1.12790921e-08 
 1.05925373e+07 -1.58999826e+02  1.12204093e-08 
 1.07151931e+07 -1.59054073e+02  1.11505513e-08 
 1.08392691e+07 -1.59170640e+02  1.10019081e-08 
 1.09647820e+07 -1.59174652e+02  1.09968267e-08 
 1.10917482e+07 -1.59232885e+02  1.09233473e-08 
 1.12201845e+07 -1.59255879e+02  1.08944685e-08 
 1.13501082e+07 -1.59354952e+02  1.07709096e-08 
 1.14815362e+07 -1.59367053e+02  1.07559150e-08 
 1.16144861e+07 -1.59420977e+02  1.06893467e-08 
 1.17489755e+07 -1.59494697e+02  1.05990067e-08 
 1.18850223e+07 -1.59566318e+02  1.05119692e-08 
 1.20226443e+07 -1.59635249e+02  1.04288768e-08 
 1.21618600e+07 -1.59659379e+02  1.03999456e-08 
 1.23026877e+07 -1.59667254e+02  1.03905200e-08 
 1.24451461e+07 -1.59708915e+02  1.03408022e-08 
 1.25892541e+07 -1.59807934e+02  1.02235869e-08 
 1.27350308e+07 -1.59823633e+02  1.02051258e-08 
 1.28824955e+07 -1.59904147e+02  1.01109663e-08 
 1.30316678e+07 -1.59909796e+02  1.01043923e-08 
 1.31825674e+07 -1.59996435e+02  1.00041057e-08 
 1.33352143e+07 -1.60081933e+02  9.90611412e-09 
 1.34896288e+07 -1.60118069e+02  9.86498798e-09 
 1.36458314e+07 -1.60149210e+02  9.82968246e-09 
 1.38038426e+07 -1.60210777e+02  9.76025468e-09 
 1.39636836e+07 -1.60324508e+02  9.63328869e-09 
 1.41253754e+07 -1.60322439e+02  9.63558424e-09 
 1.42889396e+07 -1.60402221e+02  9.54748411e-09 
 1.44543977e+07 -1.60439443e+02  9.50665738e-09 
 1.46217717e+07 -1.60477225e+02  9.46539541e-09 
 1.47910839e+07 -1.60506870e+02  9.43314480e-09 
 1.49623566e+07 -1.60560588e+02  9.37498502e-09 
 1.51356125e+07 -1.60628259e+02  9.30222930e-09 
 1.53108746e+07 -1.60673544e+02  9.25385722e-09 
 1.54881662e+07 -1.60720972e+02  9.20346600e-09 
 1.56675107e+07 -1.60779278e+02  9.14189242e-09 
 1.58489319e+07 -1.60823866e+02  9.09508330e-09 
 1.60324539e+07 -1.60880507e+02  9.03596678e-09 
 1.62181010e+07 -1.60912999e+02  9.00222838e-09 
 1.64058977e+07 -1.60955477e+02  8.95831158e-09 
 1.65958691e+07 -1.61060476e+02  8.85067140e-09 
 1.67880402e+07 -1.61089591e+02  8.82105319e-09 
 1.69824365e+07 -1.61147505e+02  8.76243333e-09 
 1.71790839e+07 -1.61238361e+02  8.67125513e-09 
 1.73780083e+07 -1.61297219e+02  8.61269479e-09 
 1.75792361e+07 -1.61314962e+02  8.59511863e-09 
 1.77827941e+07 -1.61432424e+02  8.47966659e-09 
 1.79887092e+07 -1.61468382e+02  8.44463487e-09 
 1.81970086e+07 -1.61495375e+02  8.41843254e-09 
 1.84077200e+07 -1.61513606e+02  8.40078193e-09 
 1.86208714e+07 -1.61603108e+02  8.31466166e-09 
 1.88364909e+07 -1.61626407e+02  8.29238823e-09 
 1.90546072e+07 -1.61706294e+02  8.21647070e-09 
 1.92752491e+07 -1.61796251e+02  8.13181447e-09 
 1.94984460e+07 -1.61799833e+02  8.12846182e-09 
 1.97242274e+07 -1.61828229e+02  8.10193150e-09 
 1.99526231e+07 -1.61936179e+02  8.00186146e-09 
 2.01836636e+07 -1.61994805e+02  7.94803418e-09 
 2.04173794e+07 -1.62087687e+02  7.86349536e-09 
 2.06538016e+07 -1.62110696e+02  7.84269252e-09 
 2.08929613e+07 -1.62142449e+02  7.81407480e-09 
 2.11348904e+07 -1.62186928e+02  7.77416268e-09 
 2.13796209e+07 -1.62253394e+02  7.71489982e-09 
 2.16271852e+07 -1.62331178e+02  7.64611995e-09 
 2.18776162e+07 -1.62366652e+02  7.61495631e-09 
 2.21309471e+07 -1.62443587e+02  7.54780470e-09 
 2.23872114e+07 -1.62532733e+02  7.47073564e-09 
 2.26464431e+07 -1.62540268e+02  7.46425693e-09 
 2.29086765e+07 -1.62611873e+02  7.40297644e-09 
 2.31739465e+07 -1.62702429e+02  7.32619641e-09 
 2.34422882e+07 -1.62784492e+02  7.25730522e-09 
 2.37137371e+07 -1.62833078e+02  7.21682345e-09 
 2.39883292e+07 -1.62860535e+02  7.19404689e-09 
 2.42661010e+07 -1.62960984e+02  7.11132926e-09 
 2.45470892e+07 -1.63042326e+02  7.04504364e-09 
 2.48313311e+07 -1.63127739e+02  6.97610594e-09 
 2.51188643e+07 -1.63175459e+02  6.93788446e-09 
 2.54097271e+07 -1.63209140e+02  6.91103333e-09 
 2.57039578e+07 -1.63308346e+02  6.83254850e-09 
 2.60015956e+07 -1.63298412e+02  6.84036674e-09 
 2.63026799e+07 -1.63443395e+02  6.72713678e-09 
 2.66072506e+07 -1.63504813e+02  6.67973649e-09 
 2.69153480e+07 -1.63571828e+02  6.62839819e-09 
 2.72270131e+07 -1.63657135e+02  6.56361719e-09 
 2.75422870e+07 -1.63685458e+02  6.54224928e-09 
 2.78612117e+07 -1.63765035e+02  6.48258545e-09 
 2.81838293e+07 -1.63868736e+02  6.40564968e-09 
 2.85101827e+07 -1.63902390e+02  6.38087921e-09 
 2.88403150e+07 -1.64017175e+02  6.29710983e-09 
 2.91742701e+07 -1.64073312e+02  6.25654285e-09 
 2.95120923e+07 -1.64145029e+02  6.20509688e-09 
 2.98538262e+07 -1.64154252e+02  6.19851118e-09 
 3.01995172e+07 -1.64311132e+02  6.08756209e-09 
 3.05492111e+07 -1.64389646e+02  6.03278283e-09 
 3.09029543e+07 -1.64457744e+02  5.98567050e-09 
 3.12607937e+07 -1.64539072e+02  5.92988703e-09 
 3.16227766e+07 -1.64608061e+02  5.88297400e-09 
 3.19889511e+07 -1.64749108e+02  5.78821434e-09 
 3.23593657e+07 -1.64817288e+02  5.74295738e-09 
 3.27340695e+07 -1.64862882e+02  5.71289033e-09 
 3.31131121e+07 -1.64949127e+02  5.65644596e-09 
 3.34965439e+07 -1.64999203e+02  5.62392925e-09 
 3.38844156e+07 -1.65119061e+02  5.54685687e-09 
 3.42767787e+07 -1.65214857e+02  5.48601675e-09 
 3.46736850e+07 -1.65288574e+02  5.43965436e-09 
 3.50751874e+07 -1.65361884e+02  5.39393592e-09 
 3.54813389e+07 -1.65429180e+02  5.35230683e-09 
 3.58921935e+07 -1.65564314e+02  5.26968075e-09 
 3.63078055e+07 -1.65614813e+02  5.23913223e-09 
 3.67282300e+07 -1.65709096e+02  5.18257042e-09 
 3.71535229e+07 -1.65792263e+02  5.13318392e-09 
 3.75837404e+07 -1.65886558e+02  5.07775907e-09 
 3.80189396e+07 -1.65968298e+02  5.03019806e-09 
 3.84591782e+07 -1.66070579e+02  4.97131249e-09 
 3.89045145e+07 -1.66162753e+02  4.91883592e-09 
 3.93550075e+07 -1.66251996e+02  4.86855612e-09 
 3.98107171e+07 -1.66336800e+02  4.82125368e-09 
 4.02717034e+07 -1.66418542e+02  4.77609461e-09 
 4.07380278e+07 -1.66511067e+02  4.72548763e-09 
 4.12097519e+07 -1.66649575e+02  4.65073132e-09 
 4.16869383e+07 -1.66774757e+02  4.58418523e-09 
 4.21696503e+07 -1.66826724e+02  4.55684027e-09 
 4.26579519e+07 -1.66945790e+02  4.49480112e-09 
 4.31519077e+07 -1.67050267e+02  4.44106029e-09 
 4.36515832e+07 -1.67143128e+02  4.39383378e-09 
 4.41570447e+07 -1.67185398e+02  4.37250294e-09 
 4.46683592e+07 -1.67354903e+02  4.28800069e-09 
 4.51855944e+07 -1.67419402e+02  4.25627694e-09 
 4.57088190e+07 -1.67581152e+02  4.17774962e-09 
 4.62381021e+07 -1.67652043e+02  4.14379101e-09 
 4.67735141e+07 -1.67788333e+02  4.07927827e-09 
 4.73151259e+07 -1.67821733e+02  4.06362224e-09 
 4.78630092e+07 -1.67997657e+02  3.98214564e-09 
 4.84172368e+07 -1.68067008e+02  3.95047771e-09 
 4.89778819e+07 -1.68156406e+02  3.91002664e-09 
 4.95450191e+07 -1.68291329e+02  3.84975920e-09 
 5.01187234e+07 -1.68411586e+02  3.79682623e-09 
 5.06990708e+07 -1.68496451e+02  3.75990990e-09 
 5.12861384e+07 -1.68575016e+02  3.72605469e-09 
 5.18800039e+07 -1.68699897e+02  3.67286655e-09 
 5.24807460e+07 -1.68895160e+02  3.59121994e-09 
 5.30884444e+07 -1.68997122e+02  3.54930973e-09 
 5.37031796e+07 -1.69130030e+02  3.49541320e-09 
 5.43250331e+07 -1.69215870e+02  3.46103905e-09 
 5.49540874e+07 -1.69322029e+02  3.41899563e-09 
 5.55904257e+07 -1.69476291e+02  3.35881023e-09 
 5.62341325e+07 -1.69566107e+02  3.32425730e-09 
 5.68852931e+07 -1.69635261e+02  3.29789591e-09 
 5.75439937e+07 -1.69787945e+02  3.24043063e-09 
 5.82103218e+07 -1.69922818e+02  3.19050240e-09 
 5.88843655e+07 -1.70025087e+02  3.15315738e-09 
 5.95662144e+07 -1.70169788e+02  3.10106310e-09 
 6.02559586e+07 -1.70284064e+02  3.06053118e-09 
 6.09536897e+07 -1.70391110e+02  3.02304408e-09 
 6.16595002e+07 -1.70467986e+02  2.99640629e-09 
 6.23734835e+07 -1.70660126e+02  2.93085061e-09 
 6.30957344e+07 -1.70736430e+02  2.90521654e-09 
 6.38263486e+07 -1.70840079e+02  2.87075462e-09 
 6.45654229e+07 -1.70919318e+02  2.84468455e-09 
 6.53130553e+07 -1.71129496e+02  2.77667584e-09 
 6.60693448e+07 -1.71243341e+02  2.74051987e-09 
 6.68343918e+07 -1.71322384e+02  2.71569379e-09 
 6.76082975e+07 -1.71479428e+02  2.66703415e-09 
 6.83911647e+07 -1.71631320e+02  2.62080068e-09 
 6.91830971e+07 -1.71778678e+02  2.57671340e-09 
 6.99841996e+07 -1.71873820e+02  2.54864298e-09 
 7.07945784e+07 -1.72018372e+02  2.50657902e-09 
 7.16143410e+07 -1.72142536e+02  2.47100249e-09 
 7.24435960e+07 -1.72250724e+02  2.44041569e-09 
 7.32824533e+07 -1.72397614e+02  2.39949183e-09 
 7.41310241e+07 -1.72546474e+02  2.35871951e-09 
 7.49894209e+07 -1.72668362e+02  2.32585112e-09 
 7.58577575e+07 -1.72781349e+02  2.29579219e-09 
 7.67361489e+07 -1.72943965e+02  2.25321046e-09 
 7.76247117e+07 -1.73070311e+02  2.22067206e-09 
 7.85235635e+07 -1.73241562e+02  2.17731814e-09 
 7.94328235e+07 -1.73356674e+02  2.14865300e-09 
 8.03526122e+07 -1.73491574e+02  2.11554032e-09 
 8.12830516e+07 -1.73681208e+02  2.06985355e-09 
 8.22242650e+07 -1.73777444e+02  2.04704694e-09 
 8.31763771e+07 -1.73925934e+02  2.01234907e-09 
 8.41395142e+07 -1.74059050e+02  1.98174370e-09 
 8.51138038e+07 -1.74147626e+02  1.96163723e-09 
 8.60993752e+07 -1.74310850e+02  1.92511870e-09 
 8.70963590e+07 -1.74450151e+02  1.89449059e-09 
 8.81048873e+07 -1.74576779e+02  1.86707200e-09 
 8.91250938e+07 -1.74724094e+02  1.83567296e-09 
 9.01571138e+07 -1.74885226e+02  1.80193324e-09 
 9.12010839e+07 -1.75039450e+02  1.77022104e-09 
 9.22571427e+07 -1.75196778e+02  1.73844556e-09 
 9.33254301e+07 -1.75322831e+02  1.71339869e-09 
 9.44060876e+07 -1.75478013e+02  1.68305909e-09 
 9.54992586e+07 -1.75606188e+02  1.65840506e-09 
 9.66050879e+07 -1.75762108e+02  1.62890068e-09 
 9.77237221e+07 -1.75911023e+02  1.60121212e-09 
 9.88553095e+07 -1.76059451e+02  1.57408228e-09 
 1.00000000e+08 -1.76180414e+02  1.55231301e-09 
 1.01157945e+08 -1.76332341e+02  1.52539719e-09 
 1.02329299e+08 -1.76447612e+02  1.50528732e-09 
 1.03514217e+08 -1.76626237e+02  1.47464720e-09 
 1.04712855e+08 -1.76804776e+02  1.44464523e-09 
 1.05925373e+08 -1.76899600e+02  1.42895983e-09 
 1.07151931e+08 -1.77095034e+02  1.39716692e-09 
 1.08392691e+08 -1.77197190e+02  1.38083092e-09 
 1.09647820e+08 -1.77353000e+02  1.35628201e-09 
 1.10917482e+08 -1.77521420e+02  1.33023697e-09 
 1.12201845e+08 -1.77677943e+02  1.30648028e-09 
 1.13501082e+08 -1.77835958e+02  1.28292743e-09 
 1.14815362e+08 -1.77970614e+02  1.26319180e-09 
 1.16144861e+08 -1.78153588e+02  1.23686022e-09 
 1.17489755e+08 -1.78218516e+02  1.22764900e-09 
 1.18850223e+08 -1.78411997e+02  1.20060499e-09 
 1.20226443e+08 -1.78596160e+02  1.17541715e-09 
 1.21618600e+08 -1.78744794e+02  1.15547436e-09 
 1.23026877e+08 -1.78868991e+02  1.13907015e-09 
 1.24451461e+08 -1.79055373e+02  1.11488830e-09 
 1.25892541e+08 -1.79195546e+02  1.09704066e-09 
 1.27350308e+08 -1.79387359e+02  1.07307984e-09 
 1.28824955e+08 -1.79490817e+02  1.06037423e-09 
 1.30316678e+08 -1.79625772e+02  1.04402619e-09 
 1.31825674e+08 -1.79823066e+02  1.02057918e-09 
 1.33352143e+08 -1.79962848e+02  1.00428643e-09 
 1.34896288e+08 -1.80139459e+02  9.84072385e-10 
 1.36458314e+08 -1.80290589e+02  9.67098094e-10 
 1.38038426e+08 -1.80410782e+02  9.53807854e-10 
 1.39636836e+08 -1.80608338e+02  9.32358856e-10 
 1.41253754e+08 -1.80781483e+02  9.13957187e-10 
 1.42889396e+08 -1.80853411e+02  9.06419955e-10 
 1.44543977e+08 -1.81028335e+02  8.88348284e-10 
 1.46217717e+08 -1.81219026e+02  8.69057883e-10 
 1.47910839e+08 -1.81375261e+02  8.53565681e-10 
 1.49623566e+08 -1.81514987e+02  8.39944611e-10 
 1.51356125e+08 -1.81679117e+02  8.24221946e-10 
 1.53108746e+08 -1.81841478e+02  8.08958229e-10 
 1.54881662e+08 -1.82011298e+02  7.93295655e-10 
 1.56675107e+08 -1.82092998e+02  7.85868888e-10 
 1.58489319e+08 -1.82307903e+02  7.66663581e-10 
 1.60324539e+08 -1.82461270e+02  7.53245400e-10 
 1.62181010e+08 -1.82632843e+02  7.38512493e-10 
 1.64058977e+08 -1.82734108e+02  7.29952469e-10 
 1.65958691e+08 -1.82929584e+02  7.13708400e-10 
 1.67880402e+08 -1.83032907e+02  7.05268775e-10 
 1.69824365e+08 -1.83211451e+02  6.90919479e-10 
 1.71790839e+08 -1.83349467e+02  6.80027789e-10 
 1.73780083e+08 -1.83502414e+02  6.68158213e-10 
 1.75792361e+08 -1.83702083e+02  6.52973974e-10 
 1.77827941e+08 -1.83850018e+02  6.41946867e-10 
 1.79887092e+08 -1.83995389e+02  6.31292396e-10 
 1.81970086e+08 -1.84144894e+02  6.20519339e-10 
 1.84077200e+08 -1.84293275e+02  6.10009004e-10 
 1.86208714e+08 -1.84472204e+02  5.97571415e-10 
 1.88364909e+08 -1.84590318e+02  5.89500382e-10 
 1.90546072e+08 -1.84740007e+02  5.79428213e-10 
 1.92752491e+08 -1.84923318e+02  5.67327845e-10 
 1.94984460e+08 -1.85074820e+02  5.57518140e-10 
 1.97242274e+08 -1.85216089e+02  5.48523888e-10 
 1.99526231e+08 -1.85361711e+02  5.39404381e-10 
 2.01836636e+08 -1.85539920e+02  5.28450096e-10 
 2.04173794e+08 -1.85733525e+02  5.16801474e-10 
 2.06538016e+08 -1.85830373e+02  5.11071112e-10 
 2.08929613e+08 -1.85964296e+02  5.03251625e-10 
 2.11348904e+08 -1.86141480e+02  4.93089770e-10 
 2.13796209e+08 -1.86250521e+02  4.86938307e-10 
 2.16271852e+08 -1.86418261e+02  4.77624871e-10 
 2.18776162e+08 -1.86556625e+02  4.70076729e-10 
 2.21309471e+08 -1.86712653e+02  4.61707973e-10 
 2.23872114e+08 -1.86885638e+02  4.52603701e-10 
 2.26464431e+08 -1.87055708e+02  4.43827913e-10 
 2.29086765e+08 -1.87154403e+02  4.38813377e-10 
 2.31739465e+08 -1.87339385e+02  4.29566844e-10 
 2.34422882e+08 -1.87485720e+02  4.22390352e-10 
 2.37137371e+08 -1.87642078e+02  4.14854772e-10 
 2.39883292e+08 -1.87766364e+02  4.08960904e-10 
 2.42661010e+08 -1.87908904e+02  4.02304401e-10 
 2.45470892e+08 -1.88056951e+02  3.95505415e-10 
 2.48313311e+08 -1.88208175e+02  3.88679166e-10 
 2.51188643e+08 -1.88354433e+02  3.82189150e-10 
 2.54097271e+08 -1.88470471e+02  3.77117288e-10 
 2.57039578e+08 -1.88641065e+02  3.69782842e-10 
 2.60015956e+08 -1.88781516e+02  3.63851528e-10 
 2.63026799e+08 -1.88930683e+02  3.57656293e-10 
 2.66072506e+08 -1.89081911e+02  3.51483087e-10 
 2.69153480e+08 -1.89203546e+02  3.46595308e-10 
 2.72270131e+08 -1.89330377e+02  3.41571108e-10 
 2.75422870e+08 -1.89507910e+02  3.34660527e-10 
 2.78612117e+08 -1.89626456e+02  3.30124077e-10 
 2.81838293e+08 -1.89740405e+02  3.25821514e-10 
 2.85101827e+08 -1.89929416e+02  3.18807994e-10 
 2.88403150e+08 -1.90070660e+02  3.13665694e-10 
 2.91742701e+08 -1.90209743e+02  3.08683083e-10 
 2.95120923e+08 -1.90312322e+02  3.05059051e-10 
 2.98538262e+08 -1.90456259e+02  3.00045446e-10 
 3.01995172e+08 -1.90602190e+02  2.95046514e-10 
 3.05492111e+08 -1.90705121e+02  2.91570748e-10 
 3.09029543e+08 -1.90903624e+02  2.84982890e-10 
 3.12607937e+08 -1.91014213e+02  2.81377481e-10 
 3.16227766e+08 -1.91120512e+02  2.77954942e-10 
 3.19889511e+08 -1.91289162e+02  2.72610072e-10 
 3.23593657e+08 -1.91418024e+02  2.68595547e-10 
 3.27340695e+08 -1.91566008e+02  2.64058167e-10 
 3.31131121e+08 -1.91704692e+02  2.59875525e-10 
 3.34965439e+08 -1.91837400e+02  2.55935199e-10 
 3.38844156e+08 -1.91974863e+02  2.51916640e-10 
 3.42767787e+08 -1.92063158e+02  2.49368795e-10 
 3.46736850e+08 -1.92193765e+02  2.45647155e-10 
 3.50751874e+08 -1.92354168e+02  2.41152415e-10 
 3.54813389e+08 -1.92493274e+02  2.37321073e-10 
 3.58921935e+08 -1.92616361e+02  2.33981744e-10 
 3.63078055e+08 -1.92733089e+02  2.30858342e-10 
 3.67282300e+08 -1.92871269e+02  2.27214766e-10 
 3.71535229e+08 -1.93008119e+02  2.23662941e-10 
 3.75837404e+08 -1.93104915e+02  2.21184266e-10 
 3.80189396e+08 -1.93244943e+02  2.17647091e-10 
 3.84591782e+08 -1.93387225e+02  2.14110878e-10 
 3.89045145e+08 -1.93486108e+02  2.11687189e-10 
 3.93550075e+08 -1.93629520e+02  2.08220749e-10 
 3.98107171e+08 -1.93774044e+02  2.04784838e-10 
 4.02717034e+08 -1.93891400e+02  2.02036578e-10 
 4.07380278e+08 -1.94028227e+02  1.98878881e-10 
 4.12097519e+08 -1.94155537e+02  1.95985151e-10 
 4.16869383e+08 -1.94265099e+02  1.93528547e-10 
 4.21696503e+08 -1.94378389e+02  1.91020746e-10 
 4.26579519e+08 -1.94501090e+02  1.88341269e-10 
 4.31519077e+08 -1.94659403e+02  1.84939570e-10 
 4.36515832e+08 -1.94779404e+02  1.82402077e-10 
 4.41570447e+08 -1.94896714e+02  1.79955163e-10 
 4.46683592e+08 -1.95010139e+02  1.77620479e-10 
 4.51855944e+08 -1.95116332e+02  1.75462122e-10 
 4.57088190e+08 -1.95255710e+02  1.72669050e-10 
 4.62381021e+08 -1.95372124e+02  1.70370260e-10 
 4.67735141e+08 -1.95486309e+02  1.68145227e-10 
 4.73151259e+08 -1.95646382e+02  1.65074843e-10 
 4.78630092e+08 -1.95735577e+02  1.63388364e-10 
 4.84172368e+08 -1.95877293e+02  1.60744222e-10 
 4.89778819e+08 -1.96028494e+02  1.57970241e-10 
 4.95450191e+08 -1.96130634e+02  1.56123508e-10 
 5.01187234e+08 -1.96239208e+02  1.54184111e-10 
 5.06990708e+08 -1.96311380e+02  1.52908277e-10 
 5.12861384e+08 -1.96453469e+02  1.50427263e-10 
 5.18800039e+08 -1.96603749e+02  1.47847004e-10 
 5.24807460e+08 -1.96709877e+02  1.46051545e-10 
 5.30884444e+08 -1.96810749e+02  1.44365203e-10 
 5.37031796e+08 -1.96957379e+02  1.41948579e-10 
 5.43250331e+08 -1.97003363e+02  1.41199073e-10 
 5.49540874e+08 -1.97159743e+02  1.38679679e-10 
 5.55904257e+08 -1.97285486e+02  1.36686521e-10 
 5.62341325e+08 -1.97421085e+02  1.34569231e-10 
 5.68852931e+08 -1.97459629e+02  1.33973391e-10 
 5.75439937e+08 -1.97637800e+02  1.31253229e-10 
 5.82103218e+08 -1.97725154e+02  1.29939826e-10 
 5.88843655e+08 -1.97856362e+02  1.27991733e-10 
 5.95662144e+08 -1.97963596e+02  1.26421288e-10 
 6.02559586e+08 -1.98039106e+02  1.25327015e-10 
 6.09536897e+08 -1.98152762e+02  1.23697772e-10 
 6.16595002e+08 -1.98293818e+02  1.21705195e-10 
 6.23734835e+08 -1.98412016e+02  1.20060232e-10 
 6.30957344e+08 -1.98569768e+02  1.17899396e-10 
 6.38263486e+08 -1.98631947e+02  1.17058422e-10 
 6.45654229e+08 -1.98773876e+02  1.15161202e-10 
 6.53130553e+08 -1.98864733e+02  1.13962861e-10 
 6.60693448e+08 -1.98987201e+02  1.12367303e-10 
 6.68343918e+08 -1.99096109e+02  1.10967183e-10 
 6.76082975e+08 -1.99243179e+02  1.09104093e-10 
 6.83911647e+08 -1.99295701e+02  1.08446354e-10 
 6.91830971e+08 -1.99415403e+02  1.06962083e-10 
 6.99841996e+08 -1.99493117e+02  1.06009340e-10 
 7.07945784e+08 -1.99638989e+02  1.04243874e-10 
 7.16143410e+08 -1.99758001e+02  1.02825293e-10 
 7.24435960e+08 -1.99883570e+02  1.01349470e-10 
 7.32824533e+08 -2.00029634e+02  9.96594110e-11 
 7.41310241e+08 -2.00107247e+02  9.87728657e-11 
 7.49894209e+08 -2.00216308e+02  9.75404204e-11 
 7.58577575e+08 -2.00317421e+02  9.64115226e-11 
 7.67361489e+08 -2.00430274e+02  9.51669779e-11 
 7.76247117e+08 -2.00532490e+02  9.40536188e-11 
 7.85235635e+08 -2.00600288e+02  9.33223379e-11 
 7.94328235e+08 -2.00741171e+02  9.18208764e-11 
 8.03526122e+08 -2.00830156e+02  9.08849989e-11 
 8.12830516e+08 -2.00915650e+02  8.99948166e-11 
 8.22242650e+08 -2.01078725e+02  8.83209528e-11 
 8.31763771e+08 -2.01167698e+02  8.74208700e-11 
 8.41395142e+08 -2.01300542e+02  8.60940016e-11 
 8.51138038e+08 -2.01389003e+02  8.52216305e-11 
 8.60993752e+08 -2.01524389e+02  8.39035944e-11 
 8.70963590e+08 -2.01602000e+02  8.31572242e-11 
 8.81048873e+08 -2.01693861e+02  8.22823987e-11 
 8.91250938e+08 -2.01812406e+02  8.11670381e-11 
 9.01571138e+08 -2.01926625e+02  8.01066853e-11 
 9.12010839e+08 -2.02047615e+02  7.89985763e-11 
 9.22571427e+08 -2.02137905e+02  7.81816394e-11 
 9.33254301e+08 -2.02191386e+02  7.77017329e-11 
 9.44060876e+08 -2.02322845e+02  7.65345910e-11 
 9.54992586e+08 -2.02430625e+02  7.55907679e-11 
 9.66050879e+08 -2.02563686e+02  7.44415994e-11 
 9.77237221e+08 -2.02631205e+02  7.38651750e-11 
 9.88553095e+08 -2.02748661e+02  7.28730504e-11 
 1.00000000e+09 -2.02860289e+02  7.19425073e-11 
