 1.00000000e+00 -1.45755919e+01  1.86732712e-01 
 1.01157945e+00 -1.45755938e+01  1.86732671e-01 
 1.02329299e+00 -1.45755958e+01  1.86732629e-01 
 1.03514217e+00 -1.45755978e+01  1.86732586e-01 
 1.04712855e+00 -1.45755998e+01  1.86732542e-01 
 1.05925373e+00 -1.45756019e+01  1.86732497e-01 
 1.07151931e+00 -1.45756041e+01  1.86732451e-01 
 1.08392691e+00 -1.45756063e+01  1.86732404e-01 
 1.09647820e+00 -1.45756085e+01  1.86732355e-01 
 1.10917482e+00 -1.45756108e+01  1.86732306e-01 
 1.12201845e+00 -1.45756131e+01  1.86732256e-01 
 1.13501082e+00 -1.45756155e+01  1.86732204e-01 
 1.14815362e+00 -1.45756180e+01  1.86732151e-01 
 1.16144861e+00 -1.45756205e+01  1.86732097e-01 
 1.17489755e+00 -1.45756231e+01  1.86732042e-01 
 1.18850223e+00 -1.45756257e+01  1.86731985e-01 
 1.20226443e+00 -1.45756284e+01  1.86731927e-01 
 1.21618600e+00 -1.45756312e+01  1.86731868e-01 
 1.23026877e+00 -1.45756340e+01  1.86731807e-01 
 1.24451461e+00 -1.45756369e+01  1.86731745e-01 
 1.25892541e+00 -1.45756398e+01  1.86731681e-01 
 1.27350308e+00 -1.45756429e+01  1.86731616e-01 
 1.28824955e+00 -1.45756460e+01  1.86731550e-01 
 1.30316678e+00 -1.45756491e+01  1.86731482e-01 
 1.31825674e+00 -1.45756524e+01  1.86731412e-01 
 1.33352143e+00 -1.45756557e+01  1.86731341e-01 
 1.34896288e+00 -1.45756591e+01  1.86731268e-01 
 1.36458314e+00 -1.45756626e+01  1.86731193e-01 
 1.38038426e+00 -1.45756661e+01  1.86731117e-01 
 1.39636836e+00 -1.45756697e+01  1.86731039e-01 
 1.41253754e+00 -1.45756735e+01  1.86730959e-01 
 1.42889396e+00 -1.45756773e+01  1.86730877e-01 
 1.44543977e+00 -1.45756812e+01  1.86730793e-01 
 1.46217717e+00 -1.45756852e+01  1.86730707e-01 
 1.47910839e+00 -1.45756892e+01  1.86730619e-01 
 1.49623566e+00 -1.45756934e+01  1.86730530e-01 
 1.51356125e+00 -1.45756977e+01  1.86730438e-01 
 1.53108746e+00 -1.45757021e+01  1.86730344e-01 
 1.54881662e+00 -1.45757065e+01  1.86730248e-01 
 1.56675107e+00 -1.45757111e+01  1.86730149e-01 
 1.58489319e+00 -1.45757158e+01  1.86730049e-01 
 1.60324539e+00 -1.45757206e+01  1.86729946e-01 
 1.62181010e+00 -1.45757255e+01  1.86729840e-01 
 1.64058977e+00 -1.45757305e+01  1.86729732e-01 
 1.65958691e+00 -1.45757357e+01  1.86729622e-01 
 1.67880402e+00 -1.45757409e+01  1.86729509e-01 
 1.69824365e+00 -1.45757463e+01  1.86729393e-01 
 1.71790839e+00 -1.45757518e+01  1.86729275e-01 
 1.73780083e+00 -1.45757574e+01  1.86729154e-01 
 1.75792361e+00 -1.45757632e+01  1.86729030e-01 
 1.77827941e+00 -1.45757691e+01  1.86728903e-01 
 1.79887092e+00 -1.45757751e+01  1.86728773e-01 
 1.81970086e+00 -1.45757813e+01  1.86728641e-01 
 1.84077200e+00 -1.45757876e+01  1.86728505e-01 
 1.86208714e+00 -1.45757941e+01  1.86728366e-01 
 1.88364909e+00 -1.45758007e+01  1.86728223e-01 
 1.90546072e+00 -1.45758075e+01  1.86728078e-01 
 1.92752491e+00 -1.45758144e+01  1.86727929e-01 
 1.94984460e+00 -1.45758215e+01  1.86727776e-01 
 1.97242274e+00 -1.45758287e+01  1.86727620e-01 
 1.99526231e+00 -1.45758362e+01  1.86727461e-01 
 2.01836636e+00 -1.45758438e+01  1.86727298e-01 
 2.04173794e+00 -1.45758515e+01  1.86727130e-01 
 2.06538016e+00 -1.45758595e+01  1.86726959e-01 
 2.08929613e+00 -1.45758676e+01  1.86726784e-01 
 2.11348904e+00 -1.45758760e+01  1.86726605e-01 
 2.13796209e+00 -1.45758845e+01  1.86726422e-01 
 2.16271852e+00 -1.45758932e+01  1.86726234e-01 
 2.18776162e+00 -1.45759021e+01  1.86726043e-01 
 2.21309471e+00 -1.45759113e+01  1.86725846e-01 
 2.23872114e+00 -1.45759206e+01  1.86725645e-01 
 2.26464431e+00 -1.45759302e+01  1.86725440e-01 
 2.29086765e+00 -1.45759400e+01  1.86725229e-01 
 2.31739465e+00 -1.45759500e+01  1.86725014e-01 
 2.34422882e+00 -1.45759602e+01  1.86724794e-01 
 2.37137371e+00 -1.45759707e+01  1.86724568e-01 
 2.39883292e+00 -1.45759815e+01  1.86724338e-01 
 2.42661010e+00 -1.45759924e+01  1.86724101e-01 
 2.45470892e+00 -1.45760037e+01  1.86723860e-01 
 2.48313311e+00 -1.45760152e+01  1.86723613e-01 
 2.51188643e+00 -1.45760269e+01  1.86723360e-01 
 2.54097271e+00 -1.45760390e+01  1.86723101e-01 
 2.57039578e+00 -1.45760513e+01  1.86722836e-01 
 2.60015956e+00 -1.45760639e+01  1.86722565e-01 
 2.63026799e+00 -1.45760768e+01  1.86722288e-01 
 2.66072506e+00 -1.45760900e+01  1.86722004e-01 
 2.69153480e+00 -1.45761035e+01  1.86721713e-01 
 2.72270131e+00 -1.45761173e+01  1.86721416e-01 
 2.75422870e+00 -1.45761315e+01  1.86721112e-01 
 2.78612117e+00 -1.45761460e+01  1.86720801e-01 
 2.81838293e+00 -1.45761608e+01  1.86720483e-01 
 2.85101827e+00 -1.45761759e+01  1.86720157e-01 
 2.88403150e+00 -1.45761914e+01  1.86719823e-01 
 2.91742701e+00 -1.45762073e+01  1.86719482e-01 
 2.95120923e+00 -1.45762236e+01  1.86719133e-01 
 2.98538262e+00 -1.45762402e+01  1.86718776e-01 
 3.01995172e+00 -1.45762572e+01  1.86718410e-01 
 3.05492111e+00 -1.45762746e+01  1.86718036e-01 
 3.09029543e+00 -1.45762924e+01  1.86717653e-01 
 3.12607937e+00 -1.45763106e+01  1.86717261e-01 
 3.16227766e+00 -1.45763293e+01  1.86716861e-01 
 3.19889511e+00 -1.45763484e+01  1.86716450e-01 
 3.23593657e+00 -1.45763679e+01  1.86716031e-01 
 3.27340695e+00 -1.45763879e+01  1.86715601e-01 
 3.31131121e+00 -1.45764083e+01  1.86715162e-01 
 3.34965439e+00 -1.45764292e+01  1.86714712e-01 
 3.38844156e+00 -1.45764506e+01  1.86714252e-01 
 3.42767787e+00 -1.45764725e+01  1.86713781e-01 
 3.46736850e+00 -1.45764950e+01  1.86713299e-01 
 3.50751874e+00 -1.45765179e+01  1.86712806e-01 
 3.54813389e+00 -1.45765414e+01  1.86712301e-01 
 3.58921935e+00 -1.45765654e+01  1.86711785e-01 
 3.63078055e+00 -1.45765900e+01  1.86711256e-01 
 3.67282300e+00 -1.45766151e+01  1.86710716e-01 
 3.71535229e+00 -1.45766409e+01  1.86710162e-01 
 3.75837404e+00 -1.45766672e+01  1.86709596e-01 
 3.80189396e+00 -1.45766942e+01  1.86709017e-01 
 3.84591782e+00 -1.45767217e+01  1.86708424e-01 
 3.89045145e+00 -1.45767500e+01  1.86707817e-01 
 3.93550075e+00 -1.45767788e+01  1.86707197e-01 
 3.98107171e+00 -1.45768084e+01  1.86706561e-01 
 4.02717034e+00 -1.45768386e+01  1.86705911e-01 
 4.07380278e+00 -1.45768696e+01  1.86705246e-01 
 4.12097519e+00 -1.45769012e+01  1.86704566e-01 
 4.16869383e+00 -1.45769336e+01  1.86703869e-01 
 4.21696503e+00 -1.45769668e+01  1.86703156e-01 
 4.26579519e+00 -1.45770007e+01  1.86702427e-01 
 4.31519077e+00 -1.45770354e+01  1.86701681e-01 
 4.36515832e+00 -1.45770710e+01  1.86700917e-01 
 4.41570447e+00 -1.45771073e+01  1.86700136e-01 
 4.46683592e+00 -1.45771445e+01  1.86699336e-01 
 4.51855944e+00 -1.45771826e+01  1.86698518e-01 
 4.57088190e+00 -1.45772215e+01  1.86697681e-01 
 4.62381021e+00 -1.45772614e+01  1.86696824e-01 
 4.67735141e+00 -1.45773022e+01  1.86695947e-01 
 4.73151259e+00 -1.45773439e+01  1.86695050e-01 
 4.78630092e+00 -1.45773866e+01  1.86694132e-01 
 4.84172368e+00 -1.45774303e+01  1.86693193e-01 
 4.89778819e+00 -1.45774750e+01  1.86692232e-01 
 4.95450191e+00 -1.45775208e+01  1.86691248e-01 
 5.01187234e+00 -1.45775676e+01  1.86690242e-01 
 5.06990708e+00 -1.45776156e+01  1.86689212e-01 
 5.12861384e+00 -1.45776646e+01  1.86688158e-01 
 5.18800039e+00 -1.45777148e+01  1.86687080e-01 
 5.24807460e+00 -1.45777661e+01  1.86685976e-01 
 5.30884444e+00 -1.45778186e+01  1.86684847e-01 
 5.37031796e+00 -1.45778724e+01  1.86683691e-01 
 5.43250331e+00 -1.45779274e+01  1.86682509e-01 
 5.49540874e+00 -1.45779837e+01  1.86681299e-01 
 5.55904257e+00 -1.45780413e+01  1.86680061e-01 
 5.62341325e+00 -1.45781003e+01  1.86678794e-01 
 5.68852931e+00 -1.45781606e+01  1.86677498e-01 
 5.75439937e+00 -1.45782223e+01  1.86676171e-01 
 5.82103218e+00 -1.45782854e+01  1.86674814e-01 
 5.88843655e+00 -1.45783501e+01  1.86673425e-01 
 5.95662144e+00 -1.45784162e+01  1.86672004e-01 
 6.02559586e+00 -1.45784839e+01  1.86670550e-01 
 6.09536897e+00 -1.45785531e+01  1.86669061e-01 
 6.16595002e+00 -1.45786240e+01  1.86667539e-01 
 6.23734835e+00 -1.45786965e+01  1.86665980e-01 
 6.30957344e+00 -1.45787707e+01  1.86664386e-01 
 6.38263486e+00 -1.45788466e+01  1.86662754e-01 
 6.45654229e+00 -1.45789243e+01  1.86661085e-01 
 6.53130553e+00 -1.45790038e+01  1.86659376e-01 
 6.60693448e+00 -1.45790851e+01  1.86657628e-01 
 6.68343918e+00 -1.45791684e+01  1.86655839e-01 
 6.76082975e+00 -1.45792536e+01  1.86654009e-01 
 6.83911647e+00 -1.45793407e+01  1.86652136e-01 
 6.91830971e+00 -1.45794299e+01  1.86650219e-01 
 6.99841996e+00 -1.45795212e+01  1.86648258e-01 
 7.07945784e+00 -1.45796146e+01  1.86646251e-01 
 7.16143410e+00 -1.45797101e+01  1.86644198e-01 
 7.24435960e+00 -1.45798079e+01  1.86642097e-01 
 7.32824533e+00 -1.45799080e+01  1.86639946e-01 
 7.41310241e+00 -1.45800104e+01  1.86637746e-01 
 7.49894209e+00 -1.45801151e+01  1.86635495e-01 
 7.58577575e+00 -1.45802223e+01  1.86633191e-01 
 7.67361489e+00 -1.45803320e+01  1.86630834e-01 
 7.76247117e+00 -1.45804443e+01  1.86628422e-01 
 7.85235635e+00 -1.45805592e+01  1.86625954e-01 
 7.94328235e+00 -1.45806767e+01  1.86623429e-01 
 8.03526122e+00 -1.45807970e+01  1.86620845e-01 
 8.12830516e+00 -1.45809201e+01  1.86618200e-01 
 8.22242650e+00 -1.45810460e+01  1.86615495e-01 
 8.31763771e+00 -1.45811749e+01  1.86612726e-01 
 8.41395142e+00 -1.45813067e+01  1.86609893e-01 
 8.51138038e+00 -1.45814417e+01  1.86606994e-01 
 8.60993752e+00 -1.45815797e+01  1.86604028e-01 
 8.70963590e+00 -1.45817210e+01  1.86600993e-01 
 8.81048873e+00 -1.45818656e+01  1.86597887e-01 
 8.91250938e+00 -1.45820135e+01  1.86594709e-01 
 9.01571138e+00 -1.45821649e+01  1.86591457e-01 
 9.12010839e+00 -1.45823198e+01  1.86588130e-01 
 9.22571427e+00 -1.45824783e+01  1.86584725e-01 
 9.33254301e+00 -1.45826404e+01  1.86581241e-01 
 9.44060876e+00 -1.45828064e+01  1.86577676e-01 
 9.54992586e+00 -1.45829762e+01  1.86574029e-01 
 9.66050879e+00 -1.45831500e+01  1.86570297e-01 
 9.77237221e+00 -1.45833278e+01  1.86566478e-01 
 9.88553095e+00 -1.45835097e+01  1.86562570e-01 
 1.00000000e+01 -1.45836959e+01  1.86558571e-01 
 1.01157945e+01 -1.45838863e+01  1.86554480e-01 
 1.02329299e+01 -1.45840813e+01  1.86550294e-01 
 1.03514217e+01 -1.45842807e+01  1.86546010e-01 
 1.04712855e+01 -1.45844848e+01  1.86541627e-01 
 1.05925373e+01 -1.45846936e+01  1.86537142e-01 
 1.07151931e+01 -1.45849073e+01  1.86532553e-01 
 1.08392691e+01 -1.45851260e+01  1.86527858e-01 
 1.09647820e+01 -1.45853497e+01  1.86523053e-01 
 1.10917482e+01 -1.45855786e+01  1.86518137e-01 
 1.12201845e+01 -1.45858129e+01  1.86513107e-01 
 1.13501082e+01 -1.45860526e+01  1.86507960e-01 
 1.14815362e+01 -1.45862978e+01  1.86502694e-01 
 1.16144861e+01 -1.45865488e+01  1.86497305e-01 
 1.17489755e+01 -1.45868056e+01  1.86491792e-01 
 1.18850223e+01 -1.45870683e+01  1.86486150e-01 
 1.20226443e+01 -1.45873372e+01  1.86480378e-01 
 1.21618600e+01 -1.45876123e+01  1.86474472e-01 
 1.23026877e+01 -1.45878938e+01  1.86468428e-01 
 1.24451461e+01 -1.45881818e+01  1.86462245e-01 
 1.25892541e+01 -1.45884766e+01  1.86455918e-01 
 1.27350308e+01 -1.45887781e+01  1.86449444e-01 
 1.28824955e+01 -1.45890867e+01  1.86442821e-01 
 1.30316678e+01 -1.45894024e+01  1.86436044e-01 
 1.31825674e+01 -1.45897255e+01  1.86429109e-01 
 1.33352143e+01 -1.45900561e+01  1.86422014e-01 
 1.34896288e+01 -1.45903943e+01  1.86414755e-01 
 1.36458314e+01 -1.45907404e+01  1.86407327e-01 
 1.38038426e+01 -1.45910945e+01  1.86399728e-01 
 1.39636836e+01 -1.45914569e+01  1.86391952e-01 
 1.41253754e+01 -1.45918276e+01  1.86383996e-01 
 1.42889396e+01 -1.45922070e+01  1.86375856e-01 
 1.44543977e+01 -1.45925951e+01  1.86367527e-01 
 1.46217717e+01 -1.45929923e+01  1.86359006e-01 
 1.47910839e+01 -1.45933987e+01  1.86350287e-01 
 1.49623566e+01 -1.45938145e+01  1.86341366e-01 
 1.51356125e+01 -1.45942399e+01  1.86332239e-01 
 1.53108746e+01 -1.45946752e+01  1.86322901e-01 
 1.54881662e+01 -1.45951207e+01  1.86313347e-01 
 1.56675107e+01 -1.45955764e+01  1.86303571e-01 
 1.58489319e+01 -1.45960427e+01  1.86293570e-01 
 1.60324539e+01 -1.45965198e+01  1.86283337e-01 
 1.62181010e+01 -1.45970080e+01  1.86272868e-01 
 1.64058977e+01 -1.45975075e+01  1.86262156e-01 
 1.65958691e+01 -1.45980185e+01  1.86251198e-01 
 1.67880402e+01 -1.45985414e+01  1.86239985e-01 
 1.69824365e+01 -1.45990764e+01  1.86228514e-01 
 1.71790839e+01 -1.45996239e+01  1.86216778e-01 
 1.73780083e+01 -1.46001839e+01  1.86204770e-01 
 1.75792361e+01 -1.46007570e+01  1.86192486e-01 
 1.77827941e+01 -1.46013433e+01  1.86179917e-01 
 1.79887092e+01 -1.46019432e+01  1.86167059e-01 
 1.81970086e+01 -1.46025570e+01  1.86153904e-01 
 1.84077200e+01 -1.46031850e+01  1.86140445e-01 
 1.86208714e+01 -1.46038276e+01  1.86126676e-01 
 1.88364909e+01 -1.46044850e+01  1.86112589e-01 
 1.90546072e+01 -1.46051576e+01  1.86098178e-01 
 1.92752491e+01 -1.46058458e+01  1.86083434e-01 
 1.94984460e+01 -1.46065499e+01  1.86068350e-01 
 1.97242274e+01 -1.46072702e+01  1.86052919e-01 
 1.99526231e+01 -1.46080073e+01  1.86037133e-01 
 2.01836636e+01 -1.46087613e+01  1.86020983e-01 
 2.04173794e+01 -1.46095328e+01  1.86004461e-01 
 2.06538016e+01 -1.46103221e+01  1.85987558e-01 
 2.08929613e+01 -1.46111297e+01  1.85970267e-01 
 2.11348904e+01 -1.46119559e+01  1.85952578e-01 
 2.13796209e+01 -1.46128012e+01  1.85934483e-01 
 2.16271852e+01 -1.46136660e+01  1.85915971e-01 
 2.18776162e+01 -1.46145508e+01  1.85897034e-01 
 2.21309471e+01 -1.46154560e+01  1.85877661e-01 
 2.23872114e+01 -1.46163821e+01  1.85857844e-01 
 2.26464431e+01 -1.46173296e+01  1.85837572e-01 
 2.29086765e+01 -1.46182989e+01  1.85816834e-01 
 2.31739465e+01 -1.46192906e+01  1.85795620e-01 
 2.34422882e+01 -1.46203051e+01  1.85773920e-01 
 2.37137371e+01 -1.46213430e+01  1.85751722e-01 
 2.39883292e+01 -1.46224048e+01  1.85729016e-01 
 2.42661010e+01 -1.46234911e+01  1.85705789e-01 
 2.45470892e+01 -1.46246025e+01  1.85682030e-01 
 2.48313311e+01 -1.46257394e+01  1.85657728e-01 
 2.51188643e+01 -1.46269025e+01  1.85632869e-01 
 2.54097271e+01 -1.46280923e+01  1.85607441e-01 
 2.57039578e+01 -1.46293096e+01  1.85581432e-01 
 2.60015956e+01 -1.46305548e+01  1.85554828e-01 
 2.63026799e+01 -1.46318287e+01  1.85527617e-01 
 2.66072506e+01 -1.46331319e+01  1.85499784e-01 
 2.69153480e+01 -1.46344650e+01  1.85471315e-01 
 2.72270131e+01 -1.46358287e+01  1.85442198e-01 
 2.75422870e+01 -1.46372238e+01  1.85412416e-01 
 2.78612117e+01 -1.46386508e+01  1.85381955e-01 
 2.81838293e+01 -1.46401107e+01  1.85350800e-01 
 2.85101827e+01 -1.46416040e+01  1.85318936e-01 
 2.88403150e+01 -1.46431316e+01  1.85286347e-01 
 2.91742701e+01 -1.46446942e+01  1.85253016e-01 
 2.95120923e+01 -1.46462927e+01  1.85218928e-01 
 2.98538262e+01 -1.46479277e+01  1.85184065e-01 
 3.01995172e+01 -1.46496002e+01  1.85148411e-01 
 3.05492111e+01 -1.46513110e+01  1.85111947e-01 
 3.09029543e+01 -1.46530610e+01  1.85074656e-01 
 3.12607937e+01 -1.46548510e+01  1.85036520e-01 
 3.16227766e+01 -1.46566819e+01  1.84997520e-01 
 3.19889511e+01 -1.46585546e+01  1.84957637e-01 
 3.23593657e+01 -1.46604702e+01  1.84916852e-01 
 3.27340695e+01 -1.46624295e+01  1.84875145e-01 
 3.31131121e+01 -1.46644335e+01  1.84832495e-01 
 3.34965439e+01 -1.46664832e+01  1.84788883e-01 
 3.38844156e+01 -1.46685796e+01  1.84744287e-01 
 3.42767787e+01 -1.46707239e+01  1.84698686e-01 
 3.46736850e+01 -1.46729170e+01  1.84652057e-01 
 3.50751874e+01 -1.46751601e+01  1.84604378e-01 
 3.54813389e+01 -1.46774541e+01  1.84555628e-01 
 3.58921935e+01 -1.46798004e+01  1.84505781e-01 
 3.63078055e+01 -1.46822000e+01  1.84454816e-01 
 3.67282300e+01 -1.46846542e+01  1.84402707e-01 
 3.71535229e+01 -1.46871640e+01  1.84349430e-01 
 3.75837404e+01 -1.46897308e+01  1.84294960e-01 
 3.80189396e+01 -1.46923559e+01  1.84239271e-01 
 3.84591782e+01 -1.46950404e+01  1.84182337e-01 
 3.89045145e+01 -1.46977858e+01  1.84124132e-01 
 3.93550075e+01 -1.47005933e+01  1.84064628e-01 
 3.98107171e+01 -1.47034643e+01  1.84003797e-01 
 4.02717034e+01 -1.47064002e+01  1.83941612e-01 
 4.07380278e+01 -1.47094025e+01  1.83878044e-01 
 4.12097519e+01 -1.47124725e+01  1.83813064e-01 
 4.16869383e+01 -1.47156118e+01  1.83746641e-01 
 4.21696503e+01 -1.47188219e+01  1.83678746e-01 
 4.26579519e+01 -1.47221043e+01  1.83609346e-01 
 4.31519077e+01 -1.47254606e+01  1.83538412e-01 
 4.36515832e+01 -1.47288924e+01  1.83465911e-01 
 4.41570447e+01 -1.47324013e+01  1.83391810e-01 
 4.46683592e+01 -1.47359890e+01  1.83316076e-01 
 4.51855944e+01 -1.47396572e+01  1.83238674e-01 
 4.57088190e+01 -1.47434076e+01  1.83159572e-01 
 4.62381021e+01 -1.47472421e+01  1.83078733e-01 
 4.67735141e+01 -1.47511623e+01  1.82996121e-01 
 4.73151259e+01 -1.47551702e+01  1.82911701e-01 
 4.78630092e+01 -1.47592677e+01  1.82825436e-01 
 4.84172368e+01 -1.47634565e+01  1.82737287e-01 
 4.89778819e+01 -1.47677388e+01  1.82647218e-01 
 4.95450191e+01 -1.47721164e+01  1.82555188e-01 
 5.01187234e+01 -1.47765915e+01  1.82461158e-01 
 5.06990708e+01 -1.47811660e+01  1.82365088e-01 
 5.12861384e+01 -1.47858420e+01  1.82266938e-01 
 5.18800039e+01 -1.47906218e+01  1.82166666e-01 
 5.24807460e+01 -1.47955075e+01  1.82064229e-01 
 5.30884444e+01 -1.48005013e+01  1.81959585e-01 
 5.37031796e+01 -1.48056054e+01  1.81852690e-01 
 5.43250331e+01 -1.48108223e+01  1.81743500e-01 
 5.49540874e+01 -1.48161541e+01  1.81631970e-01 
 5.55904257e+01 -1.48216034e+01  1.81518055e-01 
 5.62341325e+01 -1.48271726e+01  1.81401708e-01 
 5.68852931e+01 -1.48328641e+01  1.81282882e-01 
 5.75439937e+01 -1.48386804e+01  1.81161530e-01 
 5.82103218e+01 -1.48446241e+01  1.81037604e-01 
 5.88843655e+01 -1.48506979e+01  1.80911054e-01 
 5.95662144e+01 -1.48569044e+01  1.80781831e-01 
 6.02559586e+01 -1.48632462e+01  1.80649884e-01 
 6.09536897e+01 -1.48697262e+01  1.80515163e-01 
 6.16595002e+01 -1.48763472e+01  1.80377615e-01 
 6.23734835e+01 -1.48831119e+01  1.80237189e-01 
 6.30957344e+01 -1.48900233e+01  1.80093831e-01 
 6.38263486e+01 -1.48970843e+01  1.79947488e-01 
 6.45654229e+01 -1.49042978e+01  1.79798104e-01 
 6.53130553e+01 -1.49116670e+01  1.79645626e-01 
 6.60693448e+01 -1.49191950e+01  1.79489997e-01 
 6.68343918e+01 -1.49268848e+01  1.79331162e-01 
 6.76082975e+01 -1.49347396e+01  1.79169062e-01 
 6.83911647e+01 -1.49427627e+01  1.79003642e-01 
 6.91830971e+01 -1.49509573e+01  1.78834842e-01 
 6.99841996e+01 -1.49593268e+01  1.78662604e-01 
 7.07945784e+01 -1.49678746e+01  1.78486868e-01 
 7.16143410e+01 -1.49766041e+01  1.78307576e-01 
 7.24435960e+01 -1.49855188e+01  1.78124665e-01 
 7.32824533e+01 -1.49946222e+01  1.77938076e-01 
 7.41310241e+01 -1.50039179e+01  1.77747746e-01 
 7.49894209e+01 -1.50134096e+01  1.77553615e-01 
 7.58577575e+01 -1.50231009e+01  1.77355619e-01 
 7.67361489e+01 -1.50329956e+01  1.77153696e-01 
 7.76247117e+01 -1.50430975e+01  1.76947782e-01 
 7.85235635e+01 -1.50534104e+01  1.76737814e-01 
 7.94328235e+01 -1.50639382e+01  1.76523728e-01 
 8.03526122e+01 -1.50746848e+01  1.76305459e-01 
 8.12830516e+01 -1.50856543e+01  1.76082942e-01 
 8.22242650e+01 -1.50968506e+01  1.75856113e-01 
 8.31763771e+01 -1.51082779e+01  1.75624906e-01 
 8.41395142e+01 -1.51199403e+01  1.75389256e-01 
 8.51138038e+01 -1.51318420e+01  1.75149096e-01 
 8.60993752e+01 -1.51439872e+01  1.74904362e-01 
 8.70963590e+01 -1.51563802e+01  1.74654986e-01 
 8.81048873e+01 -1.51690254e+01  1.74400904e-01 
 8.91250938e+01 -1.51819270e+01  1.74142049e-01 
 9.01571138e+01 -1.51950896e+01  1.73878355e-01 
 9.12010839e+01 -1.52085175e+01  1.73609755e-01 
 9.22571427e+01 -1.52222153e+01  1.73336185e-01 
 9.33254301e+01 -1.52361876e+01  1.73057577e-01 
 9.44060876e+01 -1.52504389e+01  1.72773868e-01 
 9.54992586e+01 -1.52649738e+01  1.72484990e-01 
 9.66050879e+01 -1.52797971e+01  1.72190880e-01 
 9.77237221e+01 -1.52949134e+01  1.71891472e-01 
 9.88553095e+01 -1.53103275e+01  1.71586702e-01 
 1.00000000e+02 -1.53260441e+01  1.71276506e-01 
 1.01157945e+02 -1.53420681e+01  1.70960822e-01 
 1.02329299e+02 -1.53584042e+01  1.70639586e-01 
 1.03514217e+02 -1.53750575e+01  1.70312736e-01 
 1.04712855e+02 -1.53920327e+01  1.69980211e-01 
 1.05925373e+02 -1.54093349e+01  1.69641950e-01 
 1.07151931e+02 -1.54269689e+01  1.69297893e-01 
 1.08392691e+02 -1.54449398e+01  1.68947982e-01 
 1.09647820e+02 -1.54632525e+01  1.68592159e-01 
 1.10917482e+02 -1.54819122e+01  1.68230367e-01 
 1.12201845e+02 -1.55009237e+01  1.67862550e-01 
 1.13501082e+02 -1.55202921e+01  1.67488654e-01 
 1.14815362e+02 -1.55400227e+01  1.67108625e-01 
 1.16144861e+02 -1.55601203e+01  1.66722412e-01 
 1.17489755e+02 -1.55805901e+01  1.66329964e-01 
 1.18850223e+02 -1.56014372e+01  1.65931232e-01 
 1.20226443e+02 -1.56226668e+01  1.65526169e-01 
 1.21618600e+02 -1.56442837e+01  1.65114728e-01 
 1.23026877e+02 -1.56662933e+01  1.64696866e-01 
 1.24451461e+02 -1.56887005e+01  1.64272541e-01 
 1.25892541e+02 -1.57115104e+01  1.63841712e-01 
 1.27350308e+02 -1.57347282e+01  1.63404341e-01 
 1.28824955e+02 -1.57583588e+01  1.62960392e-01 
 1.30316678e+02 -1.57824073e+01  1.62509829e-01 
 1.31825674e+02 -1.58068788e+01  1.62052622e-01 
 1.33352143e+02 -1.58317781e+01  1.61588740e-01 
 1.34896288e+02 -1.58571103e+01  1.61118157e-01 
 1.36458314e+02 -1.58828803e+01  1.60640846e-01 
 1.38038426e+02 -1.59090931e+01  1.60156786e-01 
 1.39636836e+02 -1.59357534e+01  1.59665957e-01 
 1.41253754e+02 -1.59628662e+01  1.59168341e-01 
 1.42889396e+02 -1.59904362e+01  1.58663924e-01 
 1.44543977e+02 -1.60184681e+01  1.58152695e-01 
 1.46217717e+02 -1.60469666e+01  1.57634643e-01 
 1.47910839e+02 -1.60759364e+01  1.57109765e-01 
 1.49623566e+02 -1.61053821e+01  1.56578056e-01 
 1.51356125e+02 -1.61353081e+01  1.56039517e-01 
 1.53108746e+02 -1.61657189e+01  1.55494150e-01 
 1.54881662e+02 -1.61966189e+01  1.54941964e-01 
 1.56675107e+02 -1.62280123e+01  1.54382967e-01 
 1.58489319e+02 -1.62599036e+01  1.53817172e-01 
 1.60324539e+02 -1.62922967e+01  1.53244595e-01 
 1.62181010e+02 -1.63251958e+01  1.52665257e-01 
 1.64058977e+02 -1.63586048e+01  1.52079179e-01 
 1.65958691e+02 -1.63925277e+01  1.51486390e-01 
 1.67880402e+02 -1.64269682e+01  1.50886919e-01 
 1.69824365e+02 -1.64619301e+01  1.50280799e-01 
 1.71790839e+02 -1.64974169e+01  1.49668069e-01 
 1.73780083e+02 -1.65334322e+01  1.49048767e-01 
 1.75792361e+02 -1.65699794e+01  1.48422939e-01 
 1.77827941e+02 -1.66070618e+01  1.47790633e-01 
 1.79887092e+02 -1.66446825e+01  1.47151900e-01 
 1.81970086e+02 -1.66828446e+01  1.46506796e-01 
 1.84077200e+02 -1.67215510e+01  1.45855379e-01 
 1.86208714e+02 -1.67608046e+01  1.45197711e-01 
 1.88364909e+02 -1.68006080e+01  1.44533859e-01 
 1.90546072e+02 -1.68409639e+01  1.43863892e-01 
 1.92752491e+02 -1.68818746e+01  1.43187884e-01 
 1.94984460e+02 -1.69233425e+01  1.42505910e-01 
 1.97242274e+02 -1.69653697e+01  1.41818052e-01 
 1.99526231e+02 -1.70079582e+01  1.41124393e-01 
 2.01836636e+02 -1.70511101e+01  1.40425021e-01 
 2.04173794e+02 -1.70948269e+01  1.39720025e-01 
 2.06538016e+02 -1.71391104e+01  1.39009499e-01 
 2.08929613e+02 -1.71839620e+01  1.38293542e-01 
 2.11348904e+02 -1.72293830e+01  1.37572253e-01 
 2.13796209e+02 -1.72753746e+01  1.36845736e-01 
 2.16271852e+02 -1.73219378e+01  1.36114098e-01 
 2.18776162e+02 -1.73690735e+01  1.35377448e-01 
 2.21309471e+02 -1.74167824e+01  1.34635900e-01 
 2.23872114e+02 -1.74650652e+01  1.33889568e-01 
 2.26464431e+02 -1.75139221e+01  1.33138572e-01 
 2.29086765e+02 -1.75633535e+01  1.32383032e-01 
 2.31739465e+02 -1.76133595e+01  1.31623072e-01 
 2.34422882e+02 -1.76639401e+01  1.30858818e-01 
 2.37137371e+02 -1.77150951e+01  1.30090399e-01 
 2.39883292e+02 -1.77668240e+01  1.29317946e-01 
 2.42661010e+02 -1.78191266e+01  1.28541591e-01 
 2.45470892e+02 -1.78720020e+01  1.27761471e-01 
 2.48313311e+02 -1.79254494e+01  1.26977721e-01 
 2.51188643e+02 -1.79794680e+01  1.26190482e-01 
 2.54097271e+02 -1.80340567e+01  1.25399893e-01 
 2.57039578e+02 -1.80892141e+01  1.24606097e-01 
 2.60015956e+02 -1.81449390e+01  1.23809238e-01 
 2.63026799e+02 -1.82012296e+01  1.23009462e-01 
 2.66072506e+02 -1.82580844e+01  1.22206914e-01 
 2.69153480e+02 -1.83155016e+01  1.21401742e-01 
 2.72270131e+02 -1.83734792e+01  1.20594095e-01 
 2.75422870e+02 -1.84320149e+01  1.19784122e-01 
 2.78612117e+02 -1.84911067e+01  1.18971973e-01 
 2.81838293e+02 -1.85507521e+01  1.18157799e-01 
 2.85101827e+02 -1.86109487e+01  1.17341752e-01 
 2.88403150e+02 -1.86716937e+01  1.16523981e-01 
 2.91742701e+02 -1.87329844e+01  1.15704641e-01 
 2.95120923e+02 -1.87948179e+01  1.14883882e-01 
 2.98538262e+02 -1.88571913e+01  1.14061857e-01 
 3.01995172e+02 -1.89201012e+01  1.13238717e-01 
 3.05492111e+02 -1.89835446e+01  1.12414613e-01 
 3.09029543e+02 -1.90475181e+01  1.11589696e-01 
 3.12607937e+02 -1.91120181e+01  1.10764118e-01 
 3.16227766e+02 -1.91770411e+01  1.09938028e-01 
 3.19889511e+02 -1.92425835e+01  1.09111576e-01 
 3.23593657e+02 -1.93086413e+01  1.08284909e-01 
 3.27340695e+02 -1.93752108e+01  1.07458175e-01 
 3.31131121e+02 -1.94422880e+01  1.06631520e-01 
 3.34965439e+02 -1.95098688e+01  1.05805090e-01 
 3.38844156e+02 -1.95779490e+01  1.04979028e-01 
 3.42767787e+02 -1.96465246e+01  1.04153477e-01 
 3.46736850e+02 -1.97155910e+01  1.03328578e-01 
 3.50751874e+02 -1.97851439e+01  1.02504470e-01 
 3.54813389e+02 -1.98551789e+01  1.01681291e-01 
 3.58921935e+02 -1.99256915e+01  1.00859178e-01 
 3.63078055e+02 -1.99966770e+01  1.00038264e-01 
 3.67282300e+02 -2.00681309e+01  9.92186824e-02 
 3.71535229e+02 -2.01400483e+01  9.84005635e-02 
 3.75837404e+02 -2.02124245e+01  9.75840352e-02 
 3.80189396e+02 -2.02852548e+01  9.67692247e-02 
 3.84591782e+02 -2.03585341e+01  9.59562558e-02 
 3.89045145e+02 -2.04322577e+01  9.51452502e-02 
 3.93550075e+02 -2.05064206e+01  9.43363284e-02 
 3.98107171e+02 -2.05810178e+01  9.35296072e-02 
 4.02717034e+02 -2.06560442e+01  9.27252022e-02 
 4.07380278e+02 -2.07314949e+01  9.19232260e-02 
 4.12097519e+02 -2.08073646e+01  9.11237885e-02 
 4.16869383e+02 -2.08836485e+01  9.03269981e-02 
 4.21696503e+02 -2.09603412e+01  8.95329598e-02 
 4.26579519e+02 -2.10374376e+01  8.87417764e-02 
 4.31519077e+02 -2.11149327e+01  8.79535479e-02 
 4.36515832e+02 -2.11928213e+01  8.71683725e-02 
 4.41570447e+02 -2.12710980e+01  8.63863449e-02 
 4.46683592e+02 -2.13497579e+01  8.56075576e-02 
 4.51855944e+02 -2.14287956e+01  8.48321005e-02 
 4.57088190e+02 -2.15082060e+01  8.40600605e-02 
 4.62381021e+02 -2.15879839e+01  8.32915229e-02 
 4.67735141e+02 -2.16681242e+01  8.25265692e-02 
 4.73151259e+02 -2.17486216e+01  8.17652789e-02 
 4.78630092e+02 -2.18294709e+01  8.10077286e-02 
 4.84172368e+02 -2.19106671e+01  8.02539925e-02 
 4.89778819e+02 -2.19922049e+01  7.95041421e-02 
 4.95450191e+02 -2.20740793e+01  7.87582463e-02 
 5.01187234e+02 -2.21562850e+01  7.80163715e-02 
 5.06990708e+02 -2.22388172e+01  7.72785814e-02 
 5.12861384e+02 -2.23216706e+01  7.65449372e-02 
 5.18800039e+02 -2.24048402e+01  7.58154977e-02 
 5.24807460e+02 -2.24883210e+01  7.50903190e-02 
 5.30884444e+02 -2.25721080e+01  7.43694549e-02 
 5.37031796e+02 -2.26561963e+01  7.36529569e-02 
 5.43250331e+02 -2.27405808e+01  7.29408733e-02 
 5.49540874e+02 -2.28252568e+01  7.22332510e-02 
 5.55904257e+02 -2.29102192e+01  7.15301339e-02 
 5.62341325e+02 -2.29954634e+01  7.08315641e-02 
 5.68852931e+02 -2.30809844e+01  7.01375806e-02 
 5.75439937e+02 -2.31667775e+01  6.94482208e-02 
 5.82103218e+02 -2.32528380e+01  6.87635199e-02 
 5.88843655e+02 -2.33391612e+01  6.80835104e-02 
 5.95662144e+02 -2.34257424e+01  6.74082230e-02 
 6.02559586e+02 -2.35125770e+01  6.67376865e-02 
 6.09536897e+02 -2.35996605e+01  6.60719270e-02 
 6.16595002e+02 -2.36869883e+01  6.54109692e-02 
 6.23734835e+02 -2.37745559e+01  6.47548353e-02 
 6.30957344e+02 -2.38623589e+01  6.41035460e-02 
 6.38263486e+02 -2.39503929e+01  6.34571197e-02 
 6.45654229e+02 -2.40386535e+01  6.28155730e-02 
 6.53130553e+02 -2.41271364e+01  6.21789211e-02 
 6.60693448e+02 -2.42158373e+01  6.15471769e-02 
 6.68343918e+02 -2.43047520e+01  6.09203516e-02 
 6.76082975e+02 -2.43938763e+01  6.02984549e-02 
 6.83911647e+02 -2.44832062e+01  5.96814946e-02 
 6.91830971e+02 -2.45727374e+01  5.90694774e-02 
 6.99841996e+02 -2.46624660e+01  5.84624079e-02 
 7.07945784e+02 -2.47523880e+01  5.78602893e-02 
 7.16143410e+02 -2.48424994e+01  5.72631233e-02 
 7.24435960e+02 -2.49327962e+01  5.66709104e-02 
 7.32824533e+02 -2.50232747e+01  5.60836491e-02 
 7.41310241e+02 -2.51139311e+01  5.55013370e-02 
 7.49894209e+02 -2.52047615e+01  5.49239704e-02 
 7.58577575e+02 -2.52957622e+01  5.43515442e-02 
 7.67361489e+02 -2.53869297e+01  5.37840519e-02 
 7.76247117e+02 -2.54782601e+01  5.32214858e-02 
 7.85235635e+02 -2.55697500e+01  5.26638375e-02 
 7.94328235e+02 -2.56613957e+01  5.21110967e-02 
 8.03526122e+02 -2.57531939e+01  5.15632528e-02 
 8.12830516e+02 -2.58451409e+01  5.10202935e-02 
 8.22242650e+02 -2.59372335e+01  5.04822059e-02 
 8.31763771e+02 -2.60294683e+01  4.99489755e-02 
 8.41395142e+02 -2.61218419e+01  4.94205879e-02 
 8.51138038e+02 -2.62143510e+01  4.88970268e-02 
 8.60993752e+02 -2.63069923e+01  4.83782755e-02 
 8.70963590e+02 -2.63997628e+01  4.78643164e-02 
 8.81048873e+02 -2.64926592e+01  4.73551309e-02 
 8.91250938e+02 -2.65856783e+01  4.68507000e-02 
 9.01571138e+02 -2.66788172e+01  4.63510034e-02 
 9.12010839e+02 -2.67720727e+01  4.58560205e-02 
 9.22571427e+02 -2.68654419e+01  4.53657301e-02 
 9.33254301e+02 -2.69589218e+01  4.48801099e-02 
 9.44060876e+02 -2.70525094e+01  4.43991373e-02 
 9.54992586e+02 -2.71462018e+01  4.39227890e-02 
 9.66050879e+02 -2.72399962e+01  4.34510412e-02 
 9.77237221e+02 -2.73338898e+01  4.29838695e-02 
 9.88553095e+02 -2.74278798e+01  4.25212490e-02 
 1.00000000e+03 -2.75219633e+01  4.20631542e-02 
 1.01157945e+03 -2.76161377e+01  4.16095593e-02 
 1.02329299e+03 -2.77104003e+01  4.11604379e-02 
 1.03514217e+03 -2.78047483e+01  4.07157636e-02 
 1.04712855e+03 -2.78991793e+01  4.02755088e-02 
 1.05925373e+03 -2.79936905e+01  3.98396464e-02 
 1.07151931e+03 -2.80882794e+01  3.94081483e-02 
 1.08392691e+03 -2.81829435e+01  3.89809866e-02 
 1.09647820e+03 -2.82776801e+01  3.85581327e-02 
 1.10917482e+03 -2.83724869e+01  3.81395578e-02 
 1.12201845e+03 -2.84673614e+01  3.77252329e-02 
 1.13501082e+03 -2.85623011e+01  3.73151288e-02 
 1.14815362e+03 -2.86573036e+01  3.69092161e-02 
 1.16144861e+03 -2.87523665e+01  3.65074649e-02 
 1.17489755e+03 -2.88474874e+01  3.61098455e-02 
 1.18850223e+03 -2.89426640e+01  3.57163276e-02 
 1.20226443e+03 -2.90378940e+01  3.53268814e-02 
 1.21618600e+03 -2.91331750e+01  3.49414762e-02 
 1.23026877e+03 -2.92285048e+01  3.45600816e-02 
 1.24451461e+03 -2.93238811e+01  3.41826672e-02 
 1.25892541e+03 -2.94193016e+01  3.38092020e-02 
 1.27350308e+03 -2.95147641e+01  3.34396555e-02 
 1.28824955e+03 -2.96102664e+01  3.30739967e-02 
 1.30316678e+03 -2.97058063e+01  3.27121948e-02 
 1.31825674e+03 -2.98013816e+01  3.23542189e-02 
 1.33352143e+03 -2.98969901e+01  3.20000380e-02 
 1.34896288e+03 -2.99926297e+01  3.16496212e-02 
 1.36458314e+03 -3.00882982e+01  3.13029374e-02 
 1.38038426e+03 -3.01839934e+01  3.09599557e-02 
 1.39636836e+03 -3.02797133e+01  3.06206450e-02 
 1.41253754e+03 -3.03754557e+01  3.02849746e-02 
 1.42889396e+03 -3.04712186e+01  2.99529134e-02 
 1.44543977e+03 -3.05669998e+01  2.96244306e-02 
 1.46217717e+03 -3.06627972e+01  2.92994954e-02 
 1.47910839e+03 -3.07586087e+01  2.89780771e-02 
 1.49623566e+03 -3.08544323e+01  2.86601450e-02 
 1.51356125e+03 -3.09502659e+01  2.83456685e-02 
 1.53108746e+03 -3.10461075e+01  2.80346170e-02 
 1.54881662e+03 -3.11419548e+01  2.77269602e-02 
 1.56675107e+03 -3.12378060e+01  2.74226678e-02 
 1.58489319e+03 -3.13336588e+01  2.71217094e-02 
 1.60324539e+03 -3.14295114e+01  2.68240551e-02 
 1.62181010e+03 -3.15253615e+01  2.65296749e-02 
 1.64058977e+03 -3.16212071e+01  2.62385388e-02 
 1.65958691e+03 -3.17170462e+01  2.59506172e-02 
 1.67880402e+03 -3.18128767e+01  2.56658805e-02 
 1.69824365e+03 -3.19086964e+01  2.53842992e-02 
 1.71790839e+03 -3.20045035e+01  2.51058441e-02 
 1.73780083e+03 -3.21002956e+01  2.48304859e-02 
 1.75792361e+03 -3.21960709e+01  2.45581957e-02 
 1.77827941e+03 -3.22918271e+01  2.42889446e-02 
 1.79887092e+03 -3.23875622e+01  2.40227040e-02 
 1.81970086e+03 -3.24832740e+01  2.37594453e-02 
 1.84077200e+03 -3.25789605e+01  2.34991403e-02 
 1.86208714e+03 -3.26746195e+01  2.32417606e-02 
 1.88364909e+03 -3.27702489e+01  2.29872784e-02 
 1.90546072e+03 -3.28658465e+01  2.27356658e-02 
 1.92752491e+03 -3.29614101e+01  2.24868952e-02 
 1.94984460e+03 -3.30569376e+01  2.22409391e-02 
 1.97242274e+03 -3.31524268e+01  2.19977703e-02 
 1.99526231e+03 -3.32478754e+01  2.17573616e-02 
 2.01836636e+03 -3.33432813e+01  2.15196863e-02 
 2.04173794e+03 -3.34386422e+01  2.12847175e-02 
 2.06538016e+03 -3.35339558e+01  2.10524289e-02 
 2.08929613e+03 -3.36292199e+01  2.08227940e-02 
 2.11348904e+03 -3.37244322e+01  2.05957869e-02 
 2.13796209e+03 -3.38195904e+01  2.03713815e-02 
 2.16271852e+03 -3.39146920e+01  2.01495522e-02 
 2.18776162e+03 -3.40097349e+01  1.99302734e-02 
 2.21309471e+03 -3.41047165e+01  1.97135198e-02 
 2.23872114e+03 -3.41996345e+01  1.94992664e-02 
 2.26464431e+03 -3.42944865e+01  1.92874882e-02 
 2.29086765e+03 -3.43892700e+01  1.90781605e-02 
 2.31739465e+03 -3.44839825e+01  1.88712589e-02 
 2.34422882e+03 -3.45786216e+01  1.86667589e-02 
 2.37137371e+03 -3.46731847e+01  1.84646367e-02 
 2.39883292e+03 -3.47676692e+01  1.82648681e-02 
 2.42661010e+03 -3.48620726e+01  1.80674296e-02 
 2.45470892e+03 -3.49563922e+01  1.78722978e-02 
 2.48313311e+03 -3.50506254e+01  1.76794492e-02 
 2.51188643e+03 -3.51447695e+01  1.74888609e-02 
 2.54097271e+03 -3.52388219e+01  1.73005100e-02 
 2.57039578e+03 -3.53327797e+01  1.71143738e-02 
 2.60015956e+03 -3.54266403e+01  1.69304299e-02 
 2.63026799e+03 -3.55204007e+01  1.67486561e-02 
 2.66072506e+03 -3.56140582e+01  1.65690302e-02 
 2.69153480e+03 -3.57076099e+01  1.63915304e-02 
 2.72270131e+03 -3.58010529e+01  1.62161352e-02 
 2.75422870e+03 -3.58943842e+01  1.60428230e-02 
 2.78612117e+03 -3.59876008e+01  1.58715726e-02 
 2.81838293e+03 -3.60806997e+01  1.57023630e-02 
 2.85101827e+03 -3.61736780e+01  1.55351733e-02 
 2.88403150e+03 -3.62665323e+01  1.53699829e-02 
 2.91742701e+03 -3.63592597e+01  1.52067713e-02 
 2.95120923e+03 -3.64518570e+01  1.50455182e-02 
 2.98538262e+03 -3.65443209e+01  1.48862037e-02 
 3.01995172e+03 -3.66366481e+01  1.47288078e-02 
 3.05492111e+03 -3.67288354e+01  1.45733109e-02 
 3.09029543e+03 -3.68208795e+01  1.44196934e-02 
 3.12607937e+03 -3.69127768e+01  1.42679362e-02 
 3.16227766e+03 -3.70045241e+01  1.41180200e-02 
 3.19889511e+03 -3.70961178e+01  1.39699261e-02 
 3.23593657e+03 -3.71875545e+01  1.38236356e-02 
 3.27340695e+03 -3.72788305e+01  1.36791299e-02 
 3.31131121e+03 -3.73699422e+01  1.35363909e-02 
 3.34965439e+03 -3.74608861e+01  1.33954002e-02 
 3.38844156e+03 -3.75516584e+01  1.32561399e-02 
 3.42767787e+03 -3.76422554e+01  1.31185922e-02 
 3.46736850e+03 -3.77326731e+01  1.29827396e-02 
 3.50751874e+03 -3.78229080e+01  1.28485642e-02 
 3.54813389e+03 -3.79129561e+01  1.27160490e-02 
 3.58921935e+03 -3.80028135e+01  1.25851769e-02 
 3.63078055e+03 -3.80924762e+01  1.24559309e-02 
 3.67282300e+03 -3.81819401e+01  1.23282943e-02 
 3.71535229e+03 -3.82712013e+01  1.22022505e-02 
 3.75837404e+03 -3.83602556e+01  1.20777829e-02 
 3.80189396e+03 -3.84490989e+01  1.19548754e-02 
 3.84591782e+03 -3.85377270e+01  1.18335119e-02 
 3.89045145e+03 -3.86261356e+01  1.17136764e-02 
 3.93550075e+03 -3.87143204e+01  1.15953531e-02 
 3.98107171e+03 -3.88022772e+01  1.14785265e-02 
 4.02717034e+03 -3.88900015e+01  1.13631810e-02 
 4.07380278e+03 -3.89774890e+01  1.12493014e-02 
 4.12097519e+03 -3.90647351e+01  1.11368725e-02 
 4.16869383e+03 -3.91517354e+01  1.10258792e-02 
 4.21696503e+03 -3.92384853e+01  1.09163069e-02 
 4.26579519e+03 -3.93249802e+01  1.08081407e-02 
 4.31519077e+03 -3.94112156e+01  1.07013661e-02 
 4.36515832e+03 -3.94971867e+01  1.05959687e-02 
 4.41570447e+03 -3.95828888e+01  1.04919342e-02 
 4.46683592e+03 -3.96683173e+01  1.03892486e-02 
 4.51855944e+03 -3.97534672e+01  1.02878978e-02 
 4.57088190e+03 -3.98383338e+01  1.01878680e-02 
 4.62381021e+03 -3.99229123e+01  1.00891454e-02 
 4.67735141e+03 -4.00071978e+01  9.99171669e-03 
 4.73151259e+03 -4.00911853e+01  9.89556822e-03 
 4.78630092e+03 -4.01748699e+01  9.80068671e-03 
 4.84172368e+03 -4.02582466e+01  9.70705905e-03 
 4.89778819e+03 -4.03413104e+01  9.61467216e-03 
 4.95450191e+03 -4.04240563e+01  9.52351314e-03 
 5.01187234e+03 -4.05064792e+01  9.43356916e-03 
 5.06990708e+03 -4.05885741e+01  9.34482759e-03 
 5.12861384e+03 -4.06703359e+01  9.25727587e-03 
 5.18800039e+03 -4.07517594e+01  9.17090156e-03 
 5.24807460e+03 -4.08328395e+01  9.08569234e-03 
 5.30884444e+03 -4.09135710e+01  9.00163604e-03 
 5.37031796e+03 -4.09939488e+01  8.91872058e-03 
 5.43250331e+03 -4.10739678e+01  8.83693396e-03 
 5.49540874e+03 -4.11536227e+01  8.75626438e-03 
 5.55904257e+03 -4.12329083e+01  8.67670003e-03 
 5.62341325e+03 -4.13118195e+01  8.59822930e-03 
 5.68852931e+03 -4.13903511e+01  8.52084065e-03 
 5.75439937e+03 -4.14684979e+01  8.44452265e-03 
 5.82103218e+03 -4.15462547e+01  8.36926397e-03 
 5.88843655e+03 -4.16236163e+01  8.29505339e-03 
 5.95662144e+03 -4.17005775e+01  8.22187980e-03 
 6.02559586e+03 -4.17771333e+01  8.14973215e-03 
 6.09536897e+03 -4.18532784e+01  8.07859951e-03 
 6.16595002e+03 -4.19290078e+01  8.00847105e-03 
 6.23734835e+03 -4.20043163e+01  7.93933602e-03 
 6.30957344e+03 -4.20791990e+01  7.87118377e-03 
 6.38263486e+03 -4.21536506e+01  7.80400375e-03 
 6.45654229e+03 -4.22276663e+01  7.73778549e-03 
 6.53130553e+03 -4.23012410e+01  7.67251859e-03 
 6.60693448e+03 -4.23743698e+01  7.60819282e-03 
 6.68343918e+03 -4.24470479e+01  7.54479784e-03 
 6.76082975e+03 -4.25192703e+01  7.48232356e-03 
 6.83911647e+03 -4.25910323e+01  7.42075995e-03 
 6.91830971e+03 -4.26623292e+01  7.36009706e-03 
 6.99841996e+03 -4.27331561e+01  7.30032497e-03 
 7.07945784e+03 -4.28035086e+01  7.24143388e-03 
 7.16143410e+03 -4.28733820e+01  7.18341407e-03 
 7.24435960e+03 -4.29427718e+01  7.12625585e-03 
 7.32824533e+03 -4.30116736e+01  7.06994965e-03 
 7.41310241e+03 -4.30800830e+01  7.01448597e-03 
 7.49894209e+03 -4.31479957e+01  6.95985535e-03 
 7.58577575e+03 -4.32154076e+01  6.90604844e-03 
 7.67361489e+03 -4.32823145e+01  6.85305595e-03 
 7.76247117e+03 -4.33487123e+01  6.80086861e-03 
 7.85235635e+03 -4.34145972e+01  6.74947728e-03 
 7.94328235e+03 -4.34799653e+01  6.69887287e-03 
 8.03526122e+03 -4.35448128e+01  6.64904636e-03 
 8.12830516e+03 -4.36091361e+01  6.59998876e-03 
 8.22242650e+03 -4.36729315e+01  6.55169126e-03 
 8.31763771e+03 -4.37361959e+01  6.50414487e-03 
 8.41395142e+03 -4.37989257e+01  6.45734089e-03 
 8.51138038e+03 -4.38611178e+01  6.41127062e-03 
 8.60993752e+03 -4.39227691e+01  6.36592539e-03 
 8.70963590e+03 -4.39838766e+01  6.32129663e-03 
 8.81048873e+03 -4.40444374e+01  6.27737582e-03 
 8.91250938e+03 -4.41044489e+01  6.23415444e-03 
 9.01571138e+03 -4.41639083e+01  6.19162412e-03 
 9.12010839e+03 -4.42228134e+01  6.14977649e-03 
 9.22571427e+03 -4.42811616e+01  6.10860326e-03 
 9.33254301e+03 -4.43389509e+01  6.06809619e-03 
 9.44060876e+03 -4.43961791e+01  6.02824708e-03 
 9.54992586e+03 -4.44528444e+01  5.98904783e-03 
 9.66050879e+03 -4.45089449e+01  5.95049036e-03 
 9.77237221e+03 -4.45644790e+01  5.91256665e-03 
 9.88553095e+03 -4.46194453e+01  5.87526874e-03 
 1.00000000e+04 -4.46738422e+01  5.83858879e-03 
 1.01157945e+04 -4.47276688e+01  5.80251883e-03 
 1.02329299e+04 -4.47809240e+01  5.76705113e-03 
 1.03514217e+04 -4.48336067e+01  5.73217793e-03 
 1.04712855e+04 -4.48857164e+01  5.69789157e-03 
 1.05925373e+04 -4.49372523e+01  5.66418441e-03 
 1.07151931e+04 -4.49882141e+01  5.63104886e-03 
 1.08392691e+04 -4.50386014e+01  5.59847741e-03 
 1.09647820e+04 -4.50884141e+01  5.56646258e-03 
 1.10917482e+04 -4.51376523e+01  5.53499696e-03 
 1.12201845e+04 -4.51863160e+01  5.50407319e-03 
 1.13501082e+04 -4.52344056e+01  5.47368396e-03 
 1.14815362e+04 -4.52819216e+01  5.44382205e-03 
 1.16144861e+04 -4.53288646e+01  5.41448019e-03 
 1.17489755e+04 -4.53752354e+01  5.38565127e-03 
 1.18850223e+04 -4.54210349e+01  5.35732820e-03 
 1.20226443e+04 -4.54662643e+01  5.32950394e-03 
 1.21618600e+04 -4.55109246e+01  5.30217151e-03 
 1.23026877e+04 -4.55550172e+01  5.27532400e-03 
 1.24451461e+04 -4.55985438e+01  5.24895450e-03 
 1.25892541e+04 -4.56415060e+01  5.22305624e-03 
 1.27350308e+04 -4.56839055e+01  5.19762242e-03 
 1.28824955e+04 -4.57257442e+01  5.17264640e-03 
 1.30316678e+04 -4.57670244e+01  5.14812143e-03 
 1.31825674e+04 -4.58077481e+01  5.12404098e-03 
 1.33352143e+04 -4.58479178e+01  5.10039849e-03 
 1.34896288e+04 -4.58875360e+01  5.07718750e-03 
 1.36458314e+04 -4.59266051e+01  5.05440156e-03 
 1.38038426e+04 -4.59651281e+01  5.03203433e-03 
 1.39636836e+04 -4.60031076e+01  5.01007952e-03 
 1.41253754e+04 -4.60405468e+01  4.98853080e-03 
 1.42889396e+04 -4.60774488e+01  4.96738203e-03 
 1.44543977e+04 -4.61138166e+01  4.94662706e-03 
 1.46217717e+04 -4.61496537e+01  4.92625982e-03 
 1.47910839e+04 -4.61849635e+01  4.90627428e-03 
 1.49623566e+04 -4.62197496e+01  4.88666448e-03 
 1.51356125e+04 -4.62540154e+01  4.86742455e-03 
 1.53108746e+04 -4.62877650e+01  4.84854859e-03 
 1.54881662e+04 -4.63210019e+01  4.83003083e-03 
 1.56675107e+04 -4.63537303e+01  4.81186557e-03 
 1.58489319e+04 -4.63859540e+01  4.79404712e-03 
 1.60324539e+04 -4.64176773e+01  4.77656989e-03 
 1.62181010e+04 -4.64489042e+01  4.75942834e-03 
 1.64058977e+04 -4.64796390e+01  4.74261695e-03 
 1.65958691e+04 -4.65098862e+01  4.72613031e-03 
 1.67880402e+04 -4.65396500e+01  4.70996307e-03 
 1.69824365e+04 -4.65689349e+01  4.69410990e-03 
 1.71790839e+04 -4.65977456e+01  4.67856558e-03 
 1.73780083e+04 -4.66260865e+01  4.66332491e-03 
 1.75792361e+04 -4.66539624e+01  4.64838275e-03 
 1.77827941e+04 -4.66813779e+01  4.63373405e-03 
 1.79887092e+04 -4.67083378e+01  4.61937384e-03 
 1.81970086e+04 -4.67348469e+01  4.60529712e-03 
 1.84077200e+04 -4.67609101e+01  4.59149903e-03 
 1.86208714e+04 -4.67865321e+01  4.57797475e-03 
 1.88364909e+04 -4.68117180e+01  4.56471953e-03 
 1.90546072e+04 -4.68364727e+01  4.55172865e-03 
 1.92752491e+04 -4.68608012e+01  4.53899747e-03 
 1.94984460e+04 -4.68847084e+01  4.52652142e-03 
 1.97242274e+04 -4.69081994e+01  4.51429599e-03 
 1.99526231e+04 -4.69312792e+01  4.50231668e-03 
 2.01836636e+04 -4.69539530e+01  4.49057911e-03 
 2.04173794e+04 -4.69762256e+01  4.47907896e-03 
 2.06538016e+04 -4.69981024e+01  4.46781190e-03 
 2.08929613e+04 -4.70195883e+01  4.45677374e-03 
 2.11348904e+04 -4.70406884e+01  4.44596030e-03 
 2.13796209e+04 -4.70614078e+01  4.43536751e-03 
 2.16271852e+04 -4.70817517e+01  4.42499126e-03 
 2.18776162e+04 -4.71017250e+01  4.41482760e-03 
 2.21309471e+04 -4.71213329e+01  4.40487261e-03 
 2.23872114e+04 -4.71405806e+01  4.39512237e-03 
 2.26464431e+04 -4.71594729e+01  4.38557311e-03 
 2.29086765e+04 -4.71780150e+01  4.37622103e-03 
 2.31739465e+04 -4.71962119e+01  4.36706246e-03 
 2.34422882e+04 -4.72140687e+01  4.35809372e-03 
 2.37137371e+04 -4.72315903e+01  4.34931123e-03 
 2.39883292e+04 -4.72487816e+01  4.34071147e-03 
 2.42661010e+04 -4.72656477e+01  4.33229092e-03 
 2.45470892e+04 -4.72821935e+01  4.32404620e-03 
 2.48313311e+04 -4.72984238e+01  4.31597389e-03 
 2.51188643e+04 -4.73143436e+01  4.30807070e-03 
 2.54097271e+04 -4.73299576e+01  4.30033335e-03 
 2.57039578e+04 -4.73452706e+01  4.29275862e-03 
 2.60015956e+04 -4.73602875e+01  4.28534337e-03 
 2.63026799e+04 -4.73750129e+01  4.27808446e-03 
 2.66072506e+04 -4.73894516e+01  4.27097886e-03 
 2.69153480e+04 -4.74036081e+01  4.26402354e-03 
 2.72270131e+04 -4.74174872e+01  4.25721555e-03 
 2.75422870e+04 -4.74310934e+01  4.25055199e-03 
 2.78612117e+04 -4.74444312e+01  4.24402997e-03 
 2.81838293e+04 -4.74575050e+01  4.23764671e-03 
 2.85101827e+04 -4.74703195e+01  4.23139943e-03 
 2.88403150e+04 -4.74828789e+01  4.22528544e-03 
 2.91742701e+04 -4.74951877e+01  4.21930203e-03 
 2.95120923e+04 -4.75072501e+01  4.21344662e-03 
 2.98538262e+04 -4.75190704e+01  4.20771661e-03 
 3.01995172e+04 -4.75306528e+01  4.20210947e-03 
 3.05492111e+04 -4.75420014e+01  4.19662272e-03 
 3.09029543e+04 -4.75531205e+01  4.19125393e-03 
 3.12607937e+04 -4.75640141e+01  4.18600069e-03 
 3.16227766e+04 -4.75746862e+01  4.18086064e-03 
 3.19889511e+04 -4.75851407e+01  4.17583148e-03 
 3.23593657e+04 -4.75953817e+01  4.17091095e-03 
 3.27340695e+04 -4.76054129e+01  4.16609680e-03 
 3.31131121e+04 -4.76152382e+01  4.16138686e-03 
 3.34965439e+04 -4.76248614e+01  4.15677897e-03 
 3.38844156e+04 -4.76342861e+01  4.15227104e-03 
 3.42767787e+04 -4.76435162e+01  4.14786097e-03 
 3.46736850e+04 -4.76525551e+01  4.14354677e-03 
 3.50751874e+04 -4.76614065e+01  4.13932644e-03 
 3.54813389e+04 -4.76700738e+01  4.13519801e-03 
 3.58921935e+04 -4.76785606e+01  4.13115958e-03 
 3.63078055e+04 -4.76868702e+01  4.12720926e-03 
 3.67282300e+04 -4.76950061e+01  4.12334521e-03 
 3.71535229e+04 -4.77029715e+01  4.11956562e-03 
 3.75837404e+04 -4.77107697e+01  4.11586872e-03 
 3.80189396e+04 -4.77184040e+01  4.11225277e-03 
 3.84591782e+04 -4.77258774e+01  4.10871607e-03 
 3.89045145e+04 -4.77331931e+01  4.10525693e-03 
 3.93550075e+04 -4.77403542e+01  4.10187374e-03 
 3.98107171e+04 -4.77473638e+01  4.09856486e-03 
 4.02717034e+04 -4.77542246e+01  4.09532873e-03 
 4.07380278e+04 -4.77609398e+01  4.09216380e-03 
 4.12097519e+04 -4.77675121e+01  4.08906856e-03 
 4.16869383e+04 -4.77739445e+01  4.08604153e-03 
 4.21696503e+04 -4.77802396e+01  4.08308125e-03 
 4.26579519e+04 -4.77864001e+01  4.08018629e-03 
 4.31519077e+04 -4.77924289e+01  4.07735526e-03 
 4.36515832e+04 -4.77983285e+01  4.07458679e-03 
 4.41570447e+04 -4.78041016e+01  4.07187953e-03 
 4.46683592e+04 -4.78097506e+01  4.06923217e-03 
 4.51855944e+04 -4.78152781e+01  4.06664344e-03 
 4.57088190e+04 -4.78206865e+01  4.06411205e-03 
 4.62381021e+04 -4.78259783e+01  4.06163678e-03 
 4.67735141e+04 -4.78311559e+01  4.05921641e-03 
 4.73151259e+04 -4.78362215e+01  4.05684977e-03 
 4.78630092e+04 -4.78411775e+01  4.05453568e-03 
 4.84172368e+04 -4.78460261e+01  4.05227301e-03 
 4.89778819e+04 -4.78507695e+01  4.05006065e-03 
 4.95450191e+04 -4.78554098e+01  4.04789751e-03 
 5.01187234e+04 -4.78599493e+01  4.04578251e-03 
 5.06990708e+04 -4.78643901e+01  4.04371461e-03 
 5.12861384e+04 -4.78687340e+01  4.04169279e-03 
 5.18800039e+04 -4.78729832e+01  4.03971603e-03 
 5.24807460e+04 -4.78771397e+01  4.03778337e-03 
 5.30884444e+04 -4.78812053e+01  4.03589383e-03 
 5.37031796e+04 -4.78851821e+01  4.03404647e-03 
 5.43250331e+04 -4.78890717e+01  4.03224038e-03 
 5.49540874e+04 -4.78928761e+01  4.03047465e-03 
 5.55904257e+04 -4.78965971e+01  4.02874839e-03 
 5.62341325e+04 -4.79002364e+01  4.02706075e-03 
 5.68852931e+04 -4.79037957e+01  4.02541087e-03 
 5.75439937e+04 -4.79072767e+01  4.02379793e-03 
 5.82103218e+04 -4.79106812e+01  4.02222111e-03 
 5.88843655e+04 -4.79140106e+01  4.02067962e-03 
 5.95662144e+04 -4.79172667e+01  4.01917269e-03 
 6.02559586e+04 -4.79204509e+01  4.01769955e-03 
 6.09536897e+04 -4.79235648e+01  4.01625946e-03 
 6.16595002e+04 -4.79266099e+01  4.01485169e-03 
 6.23734835e+04 -4.79295876e+01  4.01347552e-03 
 6.30957344e+04 -4.79324995e+01  4.01213027e-03 
 6.38263486e+04 -4.79353469e+01  4.01081525e-03 
 6.45654229e+04 -4.79381311e+01  4.00952979e-03 
 6.53130553e+04 -4.79408536e+01  4.00827323e-03 
 6.60693448e+04 -4.79435157e+01  4.00704494e-03 
 6.68343918e+04 -4.79461187e+01  4.00584429e-03 
 6.76082975e+04 -4.79486638e+01  4.00467068e-03 
 6.83911647e+04 -4.79511524e+01  4.00352349e-03 
 6.91830971e+04 -4.79535855e+01  4.00240215e-03 
 6.99841996e+04 -4.79559645e+01  4.00130608e-03 
 7.07945784e+04 -4.79582905e+01  4.00023473e-03 
 7.16143410e+04 -4.79605646e+01  3.99918753e-03 
 7.24435960e+04 -4.79627880e+01  3.99816397e-03 
 7.32824533e+04 -4.79649617e+01  3.99716351e-03 
 7.41310241e+04 -4.79670869e+01  3.99618563e-03 
 7.49894209e+04 -4.79691646e+01  3.99522985e-03 
 7.58577575e+04 -4.79711958e+01  3.99429566e-03 
 7.67361489e+04 -4.79731816e+01  3.99338258e-03 
 7.76247117e+04 -4.79751229e+01  3.99249015e-03 
 7.85235635e+04 -4.79770207e+01  3.99161791e-03 
 7.94328235e+04 -4.79788760e+01  3.99076541e-03 
 8.03526122e+04 -4.79806897e+01  3.98993220e-03 
 8.12830516e+04 -4.79824626e+01  3.98911786e-03 
 8.22242650e+04 -4.79841958e+01  3.98832197e-03 
 8.31763771e+04 -4.79858900e+01  3.98754412e-03 
 8.41395142e+04 -4.79875461e+01  3.98678389e-03 
 8.51138038e+04 -4.79891650e+01  3.98604092e-03 
 8.60993752e+04 -4.79907474e+01  3.98531479e-03 
 8.70963590e+04 -4.79922942e+01  3.98460515e-03 
 8.81048873e+04 -4.79938061e+01  3.98391163e-03 
 8.91250938e+04 -4.79952839e+01  3.98323385e-03 
 9.01571138e+04 -4.79967284e+01  3.98257149e-03 
 9.12010839e+04 -4.79981403e+01  3.98192417e-03 
 9.22571427e+04 -4.79995203e+01  3.98129159e-03 
 9.33254301e+04 -4.80008691e+01  3.98067340e-03 
 9.44060876e+04 -4.80021874e+01  3.98006928e-03 
 9.54992586e+04 -4.80034758e+01  3.97947892e-03 
 9.66050879e+04 -4.80047351e+01  3.97890201e-03 
 9.77237221e+04 -4.80059659e+01  3.97833826e-03 
 9.88553095e+04 -4.80071687e+01  3.97778737e-03 
 1.00000000e+05 -4.80083443e+01  3.97724905e-03 
 1.01157945e+05 -4.80094931e+01  3.97672302e-03 
 1.02329299e+05 -4.80106159e+01  3.97620901e-03 
 1.03514217e+05 -4.80117131e+01  3.97570675e-03 
 1.04712855e+05 -4.80127854e+01  3.97521598e-03 
 1.05925373e+05 -4.80138333e+01  3.97473644e-03 
 1.07151931e+05 -4.80148573e+01  3.97426788e-03 
 1.08392691e+05 -4.80158579e+01  3.97381006e-03 
 1.09647820e+05 -4.80168357e+01  3.97336274e-03 
 1.10917482e+05 -4.80177912e+01  3.97292569e-03 
 1.12201845e+05 -4.80187248e+01  3.97249867e-03 
 1.13501082e+05 -4.80196371e+01  3.97208146e-03 
 1.14815362e+05 -4.80205284e+01  3.97167385e-03 
 1.16144861e+05 -4.80213994e+01  3.97127562e-03 
 1.17489755e+05 -4.80222504e+01  3.97088657e-03 
 1.18850223e+05 -4.80230818e+01  3.97050648e-03 
 1.20226443e+05 -4.80238941e+01  3.97013517e-03 
 1.21618600e+05 -4.80246878e+01  3.96977243e-03 
 1.23026877e+05 -4.80254631e+01  3.96941808e-03 
 1.24451461e+05 -4.80262206e+01  3.96907193e-03 
 1.25892541e+05 -4.80269606e+01  3.96873380e-03 
 1.27350308e+05 -4.80276835e+01  3.96840351e-03 
 1.28824955e+05 -4.80283897e+01  3.96808089e-03 
 1.30316678e+05 -4.80290795e+01  3.96776577e-03 
 1.31825674e+05 -4.80297533e+01  3.96745798e-03 
 1.33352143e+05 -4.80304114e+01  3.96715737e-03 
 1.34896288e+05 -4.80310543e+01  3.96686377e-03 
 1.36458314e+05 -4.80316821e+01  3.96657704e-03 
 1.38038426e+05 -4.80322953e+01  3.96629701e-03 
 1.39636836e+05 -4.80328942e+01  3.96602355e-03 
 1.41253754e+05 -4.80334791e+01  3.96575651e-03 
 1.42889396e+05 -4.80340502e+01  3.96549575e-03 
 1.44543977e+05 -4.80346080e+01  3.96524113e-03 
 1.46217717e+05 -4.80351526e+01  3.96499252e-03 
 1.47910839e+05 -4.80356843e+01  3.96474978e-03 
 1.49623566e+05 -4.80362035e+01  3.96451280e-03 
 1.51356125e+05 -4.80367104e+01  3.96428144e-03 
 1.53108746e+05 -4.80372053e+01  3.96405559e-03 
 1.54881662e+05 -4.80376884e+01  3.96383512e-03 
 1.56675107e+05 -4.80381599e+01  3.96361992e-03 
 1.58489319e+05 -4.80386202e+01  3.96340988e-03 
 1.60324539e+05 -4.80390695e+01  3.96320488e-03 
 1.62181010e+05 -4.80395080e+01  3.96300482e-03 
 1.64058977e+05 -4.80399359e+01  3.96280960e-03 
 1.65958691e+05 -4.80403534e+01  3.96261910e-03 
 1.67880402e+05 -4.80407609e+01  3.96243323e-03 
 1.69824365e+05 -4.80411584e+01  3.96225189e-03 
 1.71790839e+05 -4.80415462e+01  3.96207499e-03 
 1.73780083e+05 -4.80419245e+01  3.96190243e-03 
 1.75792361e+05 -4.80422935e+01  3.96173412e-03 
 1.77827941e+05 -4.80426534e+01  3.96156998e-03 
 1.79887092e+05 -4.80430043e+01  3.96140991e-03 
 1.81970086e+05 -4.80433466e+01  3.96125383e-03 
 1.84077200e+05 -4.80436802e+01  3.96110166e-03 
 1.86208714e+05 -4.80440055e+01  3.96095332e-03 
 1.88364909e+05 -4.80443226e+01  3.96080873e-03 
 1.90546072e+05 -4.80446316e+01  3.96066782e-03 
 1.92752491e+05 -4.80449327e+01  3.96053051e-03 
 1.94984460e+05 -4.80452261e+01  3.96039673e-03 
 1.97242274e+05 -4.80455120e+01  3.96026640e-03 
 1.99526231e+05 -4.80457904e+01  3.96013946e-03 
 2.01836636e+05 -4.80460615e+01  3.96001584e-03 
 2.04173794e+05 -4.80463255e+01  3.95989548e-03 
 2.06538016e+05 -4.80465825e+01  3.95977832e-03 
 2.08929613e+05 -4.80468327e+01  3.95966428e-03 
 2.11348904e+05 -4.80470761e+01  3.95955332e-03 
 2.13796209e+05 -4.80473129e+01  3.95944537e-03 
 2.16271852e+05 -4.80475432e+01  3.95934037e-03 
 2.18776162e+05 -4.80477672e+01  3.95923827e-03 
 2.21309471e+05 -4.80479850e+01  3.95913902e-03 
 2.23872114e+05 -4.80481966e+01  3.95904256e-03 
 2.26464431e+05 -4.80484022e+01  3.95894885e-03 
 2.29086765e+05 -4.80486019e+01  3.95885783e-03 
 2.31739465e+05 -4.80487958e+01  3.95876945e-03 
 2.34422882e+05 -4.80489840e+01  3.95868367e-03 
 2.37137371e+05 -4.80491666e+01  3.95860045e-03 
 2.39883292e+05 -4.80493437e+01  3.95851973e-03 
 2.42661010e+05 -4.80495154e+01  3.95844148e-03 
 2.45470892e+05 -4.80496818e+01  3.95836566e-03 
 2.48313311e+05 -4.80498429e+01  3.95829222e-03 
 2.51188643e+05 -4.80499989e+01  3.95822113e-03 
 2.54097271e+05 -4.80501499e+01  3.95815234e-03 
 2.57039578e+05 -4.80502958e+01  3.95808583e-03 
 2.60015956e+05 -4.80504369e+01  3.95802156e-03 
 2.63026799e+05 -4.80505731e+01  3.95795948e-03 
 2.66072506e+05 -4.80507046e+01  3.95789958e-03 
 2.69153480e+05 -4.80508313e+01  3.95784182e-03 
 2.72270131e+05 -4.80509535e+01  3.95778617e-03 
 2.75422870e+05 -4.80510711e+01  3.95773259e-03 
 2.78612117e+05 -4.80511841e+01  3.95768106e-03 
 2.81838293e+05 -4.80512928e+01  3.95763156e-03 
 2.85101827e+05 -4.80513970e+01  3.95758406e-03 
 2.88403150e+05 -4.80514970e+01  3.95753852e-03 
 2.91742701e+05 -4.80515926e+01  3.95749494e-03 
 2.95120923e+05 -4.80516840e+01  3.95745332e-03 
 2.98538262e+05 -4.80517712e+01  3.95741356e-03 
 3.01995172e+05 -4.80518544e+01  3.95737568e-03 
 3.05492111e+05 -4.80519334e+01  3.95733967e-03 
 3.09029543e+05 -4.80520084e+01  3.95730549e-03 
 3.12607937e+05 -4.80520794e+01  3.95727315e-03 
 3.16227766e+05 -4.80521466e+01  3.95724256e-03 
 3.19889511e+05 -4.80522097e+01  3.95721381e-03 
 3.23593657e+05 -4.80522689e+01  3.95718684e-03 
 3.27340695e+05 -4.80523242e+01  3.95716162e-03 
 3.31131121e+05 -4.80523757e+01  3.95713816e-03 
 3.34965439e+05 -4.80524234e+01  3.95711643e-03 
 3.38844156e+05 -4.80524673e+01  3.95709643e-03 
 3.42767787e+05 -4.80525075e+01  3.95707814e-03 
 3.46736850e+05 -4.80525439e+01  3.95706155e-03 
 3.50751874e+05 -4.80525766e+01  3.95704666e-03 
 3.54813389e+05 -4.80526056e+01  3.95703346e-03 
 3.58921935e+05 -4.80526309e+01  3.95702193e-03 
 3.63078055e+05 -4.80526525e+01  3.95701208e-03 
 3.67282300e+05 -4.80526704e+01  3.95700390e-03 
 3.71535229e+05 -4.80526847e+01  3.95699739e-03 
 3.75837404e+05 -4.80526954e+01  3.95699253e-03 
 3.80189396e+05 -4.80527024e+01  3.95698934e-03 
 3.84591782e+05 -4.80527058e+01  3.95698780e-03 
 3.89045145e+05 -4.80527055e+01  3.95698791e-03 
 3.93550075e+05 -4.80527016e+01  3.95698969e-03 
 3.98107171e+05 -4.80526941e+01  3.95699312e-03 
 4.02717034e+05 -4.80526829e+01  3.95699821e-03 
 4.07380278e+05 -4.80526681e+01  3.95700496e-03 
 4.12097519e+05 -4.80526496e+01  3.95701337e-03 
 4.16869383e+05 -4.80526275e+01  3.95702346e-03 
 4.21696503e+05 -4.80526017e+01  3.95703521e-03 
 4.26579519e+05 -4.80525722e+01  3.95704865e-03 
 4.31519077e+05 -4.80525390e+01  3.95706378e-03 
 4.36515832e+05 -4.80525021e+01  3.95708060e-03 
 4.41570447e+05 -4.80524614e+01  3.95709913e-03 
 4.46683592e+05 -4.80524171e+01  3.95711933e-03 
 4.51855944e+05 -4.80523688e+01  3.95714130e-03 
 4.57088190e+05 -4.80523168e+01  3.95716500e-03 
 4.62381021e+05 -4.80522609e+01  3.95719046e-03 
 4.67735141e+05 -4.80522012e+01  3.95721767e-03 
 4.73151259e+05 -4.80521376e+01  3.95724666e-03 
 4.78630092e+05 -4.80520700e+01  3.95727745e-03 
 4.84172368e+05 -4.80519985e+01  3.95731004e-03 
 4.89778819e+05 -4.80519229e+01  3.95734445e-03 
 4.95450191e+05 -4.80518433e+01  3.95738071e-03 
 5.01187234e+05 -4.80517597e+01  3.95741884e-03 
 5.06990708e+05 -4.80516719e+01  3.95745885e-03 
 5.12861384e+05 -4.80515798e+01  3.95750080e-03 
 5.18800039e+05 -4.80514836e+01  3.95754463e-03 
 5.24807460e+05 -4.80513831e+01  3.95759042e-03 
 5.30884444e+05 -4.80512783e+01  3.95763817e-03 
 5.37031796e+05 -4.80511691e+01  3.95768793e-03 
 5.43250331e+05 -4.80510554e+01  3.95773971e-03 
 5.49540874e+05 -4.80509373e+01  3.95779354e-03 
 5.55904257e+05 -4.80508146e+01  3.95784945e-03 
 5.62341325e+05 -4.80506873e+01  3.95790747e-03 
 5.68852931e+05 -4.80505552e+01  3.95796763e-03 
 5.75439937e+05 -4.80504185e+01  3.95802996e-03 
 5.82103218e+05 -4.80502768e+01  3.95809450e-03 
 5.88843655e+05 -4.80501303e+01  3.95816127e-03 
 5.95662144e+05 -4.80499788e+01  3.95823032e-03 
 6.02559586e+05 -4.80498222e+01  3.95830167e-03 
 6.09536897e+05 -4.80496605e+01  3.95837537e-03 
 6.16595002e+05 -4.80494935e+01  3.95845146e-03 
 6.23734835e+05 -4.80493212e+01  3.95852998e-03 
 6.30957344e+05 -4.80491435e+01  3.95861096e-03 
 6.38263486e+05 -4.80489604e+01  3.95869445e-03 
 6.45654229e+05 -4.80487716e+01  3.95878050e-03 
 6.53130553e+05 -4.80485771e+01  3.95886914e-03 
 6.60693448e+05 -4.80483767e+01  3.95896047e-03 
 6.68343918e+05 -4.80481705e+01  3.95905445e-03 
 6.76082975e+05 -4.80479583e+01  3.95915118e-03 
 6.83911647e+05 -4.80477400e+01  3.95925069e-03 
 6.91830971e+05 -4.80475154e+01  3.95935306e-03 
 6.99841996e+05 -4.80472845e+01  3.95945832e-03 
 7.07945784e+05 -4.80470472e+01  3.95956649e-03 
 7.16143410e+05 -4.80468032e+01  3.95967772e-03 
 7.24435960e+05 -4.80465525e+01  3.95979202e-03 
 7.32824533e+05 -4.80462949e+01  3.95990944e-03 
 7.41310241e+05 -4.80460303e+01  3.96003006e-03 
 7.49894209e+05 -4.80457586e+01  3.96015393e-03 
 7.58577575e+05 -4.80454797e+01  3.96028112e-03 
 7.67361489e+05 -4.80451933e+01  3.96041170e-03 
 7.76247117e+05 -4.80448993e+01  3.96054577e-03 
 7.85235635e+05 -4.80445976e+01  3.96068333e-03 
 7.94328235e+05 -4.80442880e+01  3.96082448e-03 
 8.03526122e+05 -4.80439705e+01  3.96096930e-03 
 8.12830516e+05 -4.80436447e+01  3.96111787e-03 
 8.22242650e+05 -4.80433105e+01  3.96127026e-03 
 8.31763771e+05 -4.80429678e+01  3.96142656e-03 
 8.41395142e+05 -4.80426164e+01  3.96158684e-03 
 8.51138038e+05 -4.80422561e+01  3.96175119e-03 
 8.60993752e+05 -4.80418866e+01  3.96191969e-03 
 8.70963590e+05 -4.80415079e+01  3.96209243e-03 
 8.81048873e+05 -4.80411197e+01  3.96226956e-03 
 8.91250938e+05 -4.80407219e+01  3.96245102e-03 
 9.01571138e+05 -4.80403141e+01  3.96263704e-03 
 9.12010839e+05 -4.80398962e+01  3.96282768e-03 
 9.22571427e+05 -4.80394681e+01  3.96302304e-03 
 9.33254301e+05 -4.80390293e+01  3.96322321e-03 
 9.44060876e+05 -4.80385799e+01  3.96342831e-03 
 9.54992586e+05 -4.80381194e+01  3.96363844e-03 
 9.66050879e+05 -4.80376477e+01  3.96385370e-03 
 9.77237221e+05 -4.80371644e+01  3.96407426e-03 
 9.88553095e+05 -4.80366694e+01  3.96430014e-03 
 1.00000000e+06 -4.80361625e+01  3.96453151e-03 
 1.01157945e+06 -4.80356434e+01  3.96476848e-03 
 1.02329299e+06 -4.80351117e+01  3.96501117e-03 
 1.03514217e+06 -4.80345672e+01  3.96525971e-03 
 1.04712855e+06 -4.80340098e+01  3.96551420e-03 
 1.05925373e+06 -4.80334388e+01  3.96577488e-03 
 1.07151931e+06 -4.80328543e+01  3.96604177e-03 
 1.08392691e+06 -4.80322559e+01  3.96631504e-03 
 1.09647820e+06 -4.80316431e+01  3.96659485e-03 
 1.10917482e+06 -4.80310158e+01  3.96688132e-03 
 1.12201845e+06 -4.80303737e+01  3.96717462e-03 
 1.13501082e+06 -4.80297162e+01  3.96747493e-03 
 1.14815362e+06 -4.80290432e+01  3.96778233e-03 
 1.16144861e+06 -4.80283544e+01  3.96809701e-03 
 1.17489755e+06 -4.80276493e+01  3.96841915e-03 
 1.18850223e+06 -4.80269277e+01  3.96874885e-03 
 1.20226443e+06 -4.80261890e+01  3.96908639e-03 
 1.21618600e+06 -4.80254328e+01  3.96943193e-03 
 1.23026877e+06 -4.80246591e+01  3.96978556e-03 
 1.24451461e+06 -4.80238671e+01  3.97014751e-03 
 1.25892541e+06 -4.80230567e+01  3.97051796e-03 
 1.27350308e+06 -4.80222273e+01  3.97089712e-03 
 1.28824955e+06 -4.80213785e+01  3.97128520e-03 
 1.30316678e+06 -4.80205101e+01  3.97168224e-03 
 1.31825674e+06 -4.80196213e+01  3.97208867e-03 
 1.33352143e+06 -4.80187118e+01  3.97250460e-03 
 1.34896288e+06 -4.80177811e+01  3.97293028e-03 
 1.36458314e+06 -4.80168289e+01  3.97336585e-03 
 1.38038426e+06 -4.80158546e+01  3.97381157e-03 
 1.39636836e+06 -4.80148577e+01  3.97426768e-03 
 1.41253754e+06 -4.80138377e+01  3.97473440e-03 
 1.42889396e+06 -4.80127941e+01  3.97521202e-03 
 1.44543977e+06 -4.80117264e+01  3.97570069e-03 
 1.46217717e+06 -4.80106340e+01  3.97620071e-03 
 1.47910839e+06 -4.80095164e+01  3.97671237e-03 
 1.49623566e+06 -4.80083731e+01  3.97723584e-03 
 1.51356125e+06 -4.80072036e+01  3.97777139e-03 
 1.53108746e+06 -4.80060070e+01  3.97831943e-03 
 1.54881662e+06 -4.80047830e+01  3.97888009e-03 
 1.56675107e+06 -4.80035309e+01  3.97945371e-03 
 1.58489319e+06 -4.80022499e+01  3.98004062e-03 
 1.60324539e+06 -4.80009398e+01  3.98064099e-03 
 1.62181010e+06 -4.79995996e+01  3.98125524e-03 
 1.64058977e+06 -4.79982286e+01  3.98188369e-03 
 1.65958691e+06 -4.79968265e+01  3.98252653e-03 
 1.67880402e+06 -4.79953922e+01  3.98318420e-03 
 1.69824365e+06 -4.79939251e+01  3.98385703e-03 
 1.71790839e+06 -4.79924247e+01  3.98454529e-03 
 1.73780083e+06 -4.79908899e+01  3.98524938e-03 
 1.75792361e+06 -4.79893204e+01  3.98596959e-03 
 1.77827941e+06 -4.79877152e+01  3.98670628e-03 
 1.79887092e+06 -4.79860734e+01  3.98745993e-03 
 1.81970086e+06 -4.79843944e+01  3.98823079e-03 
 1.84077200e+06 -4.79826772e+01  3.98901934e-03 
 1.86208714e+06 -4.79809213e+01  3.98982579e-03 
 1.88364909e+06 -4.79791255e+01  3.99065080e-03 
 1.90546072e+06 -4.79772891e+01  3.99149460e-03 
 1.92752491e+06 -4.79754111e+01  3.99235770e-03 
 1.94984460e+06 -4.79734909e+01  3.99324039e-03 
 1.97242274e+06 -4.79715272e+01  3.99414328e-03 
 1.99526231e+06 -4.79695193e+01  3.99506669e-03 
 2.01836636e+06 -4.79674663e+01  3.99601110e-03 
 2.04173794e+06 -4.79653671e+01  3.99697698e-03 
 2.06538016e+06 -4.79632206e+01  3.99796485e-03 
 2.08929613e+06 -4.79610261e+01  3.99897506e-03 
 2.11348904e+06 -4.79587822e+01  4.00000827e-03 
 2.13796209e+06 -4.79564881e+01  4.00106490e-03 
 2.16271852e+06 -4.79541429e+01  4.00214533e-03 
 2.18776162e+06 -4.79517450e+01  4.00325033e-03 
 2.21309471e+06 -4.79492936e+01  4.00438032e-03 
 2.23872114e+06 -4.79467877e+01  4.00553575e-03 
 2.26464431e+06 -4.79442259e+01  4.00671735e-03 
 2.29086765e+06 -4.79416071e+01  4.00792556e-03 
 2.31739465e+06 -4.79389301e+01  4.00916099e-03 
 2.34422882e+06 -4.79361936e+01  4.01042427e-03 
 2.37137371e+06 -4.79333965e+01  4.01171593e-03 
 2.39883292e+06 -4.79305375e+01  4.01303666e-03 
 2.42661010e+06 -4.79276153e+01  4.01438696e-03 
 2.45470892e+06 -4.79246285e+01  4.01576763e-03 
 2.48313311e+06 -4.79215758e+01  4.01717922e-03 
 2.51188643e+06 -4.79184559e+01  4.01862243e-03 
 2.54097271e+06 -4.79152676e+01  4.02009783e-03 
 2.57039578e+06 -4.79120091e+01  4.02160624e-03 
 2.60015956e+06 -4.79086791e+01  4.02314831e-03 
 2.63026799e+06 -4.79052762e+01  4.02472480e-03 
 2.66072506e+06 -4.79017989e+01  4.02633636e-03 
 2.69153480e+06 -4.78982457e+01  4.02798381e-03 
 2.72270131e+06 -4.78946151e+01  4.02966782e-03 
 2.75422870e+06 -4.78909053e+01  4.03138925e-03 
 2.78612117e+06 -4.78871151e+01  4.03314880e-03 
 2.81838293e+06 -4.78832427e+01  4.03494727e-03 
 2.85101827e+06 -4.78792863e+01  4.03678560e-03 
 2.88403150e+06 -4.78752445e+01  4.03866448e-03 
 2.91742701e+06 -4.78711154e+01  4.04058485e-03 
 2.95120923e+06 -4.78668973e+01  4.04254753e-03 
 2.98538262e+06 -4.78625886e+01  4.04455334e-03 
 3.01995172e+06 -4.78581875e+01  4.04660322e-03 
 3.05492111e+06 -4.78536922e+01  4.04869808e-03 
 3.09029543e+06 -4.78491005e+01  4.05083891e-03 
 3.12607937e+06 -4.78444111e+01  4.05302649e-03 
 3.16227766e+06 -4.78396220e+01  4.05526182e-03 
 3.19889511e+06 -4.78347307e+01  4.05754610e-03 
 3.23593657e+06 -4.78297362e+01  4.05987992e-03 
 3.27340695e+06 -4.78246360e+01  4.06226453e-03 
 3.31131121e+06 -4.78194280e+01  4.06470097e-03 
 3.34965439e+06 -4.78141106e+01  4.06719009e-03 
 3.38844156e+06 -4.78086813e+01  4.06973315e-03 
 3.42767787e+06 -4.78031384e+01  4.07233108e-03 
 3.46736850e+06 -4.77974796e+01  4.07498506e-03 
 3.50751874e+06 -4.77917027e+01  4.07769619e-03 
 3.54813389e+06 -4.77858059e+01  4.08046546e-03 
 3.58921935e+06 -4.77797868e+01  4.08329411e-03 
 3.63078055e+06 -4.77736431e+01  4.08618331e-03 
 3.67282300e+06 -4.77673727e+01  4.08913421e-03 
 3.71535229e+06 -4.77609735e+01  4.09214792e-03 
 3.75837404e+06 -4.77544430e+01  4.09522579e-03 
 3.80189396e+06 -4.77477789e+01  4.09836898e-03 
 3.84591782e+06 -4.77409790e+01  4.10157872e-03 
 3.89045145e+06 -4.77340409e+01  4.10485628e-03 
 3.93550075e+06 -4.77269622e+01  4.10820293e-03 
 3.98107171e+06 -4.77197408e+01  4.11161992e-03 
 4.02717034e+06 -4.77123740e+01  4.11510859e-03 
 4.07380278e+06 -4.77048593e+01  4.11867037e-03 
 4.12097519e+06 -4.76971945e+01  4.12230646e-03 
 4.16869383e+06 -4.76893771e+01  4.12601823e-03 
 4.21696503e+06 -4.76814046e+01  4.12980714e-03 
 4.26579519e+06 -4.76732745e+01  4.13367452e-03 
 4.31519077e+06 -4.76649843e+01  4.13762176e-03 
 4.36515832e+06 -4.76565313e+01  4.14165039e-03 
 4.41570447e+06 -4.76479132e+01  4.14576174e-03 
 4.46683592e+06 -4.76391274e+01  4.14995730e-03 
 4.51855944e+06 -4.76301714e+01  4.15423853e-03 
 4.57088190e+06 -4.76210426e+01  4.15860688e-03 
 4.62381021e+06 -4.76117384e+01  4.16306392e-03 
 4.67735141e+06 -4.76022562e+01  4.16761112e-03 
 4.73151259e+06 -4.75925936e+01  4.17224998e-03 
 4.78630092e+06 -4.75827476e+01  4.17698216e-03 
 4.84172368e+06 -4.75727160e+01  4.18180908e-03 
 4.89778819e+06 -4.75624963e+01  4.18673224e-03 
 4.95450191e+06 -4.75520856e+01  4.19175334e-03 
 5.01187234e+06 -4.75414816e+01  4.19687391e-03 
 5.06990708e+06 -4.75306814e+01  4.20209559e-03 
 5.12861384e+06 -4.75196830e+01  4.20741985e-03 
 5.18800039e+06 -4.75084832e+01  4.21284849e-03 
 5.24807460e+06 -4.74970800e+01  4.21838294e-03 
 5.30884444e+06 -4.74854705e+01  4.22402493e-03 
 5.37031796e+06 -4.74736526e+01  4.22977601e-03 
 5.43250331e+06 -4.74616236e+01  4.23563784e-03 
 5.49540874e+06 -4.74493811e+01  4.24161206e-03 
 5.55904257e+06 -4.74369225e+01  4.24770037e-03 
 5.62341325e+06 -4.74242458e+01  4.25390424e-03 
 5.68852931e+06 -4.74113483e+01  4.26022548e-03 
 5.75439937e+06 -4.73982278e+01  4.26666562e-03 
 5.82103218e+06 -4.73848820e+01  4.27322636e-03 
 5.88843655e+06 -4.73713086e+01  4.27990933e-03 
 5.95662144e+06 -4.73575057e+01  4.28671605e-03 
 6.02559586e+06 -4.73434708e+01  4.29364821e-03 
 6.09536897e+06 -4.73292020e+01  4.30070743e-03 
 6.16595002e+06 -4.73146970e+01  4.30789538e-03 
 6.23734835e+06 -4.72999541e+01  4.31521357e-03 
 6.30957344e+06 -4.72849714e+01  4.32266351e-03 
 6.38263486e+06 -4.72697469e+01  4.33024685e-03 
 6.45654229e+06 -4.72542787e+01  4.33796519e-03 
 6.53130553e+06 -4.72385654e+01  4.34581997e-03 
 6.60693448e+06 -4.72226051e+01  4.35381273e-03 
 6.68343918e+06 -4.72063964e+01  4.36194495e-03 
 6.76082975e+06 -4.71899377e+01  4.37021814e-03 
 6.83911647e+06 -4.71732278e+01  4.37863364e-03 
 6.91830971e+06 -4.71562652e+01  4.38719298e-03 
 6.99841996e+06 -4.71390489e+01  4.39589746e-03 
 7.07945784e+06 -4.71215777e+01  4.40474848e-03 
 7.16143410e+06 -4.71038506e+01  4.41374735e-03 
 7.24435960e+06 -4.70858669e+01  4.42289526e-03 
 7.32824533e+06 -4.70676257e+01  4.43219350e-03 
 7.41310241e+06 -4.70491265e+01  4.44164328e-03 
 7.49894209e+06 -4.70303685e+01  4.45124577e-03 
 7.58577575e+06 -4.70113516e+01  4.46100201e-03 
 7.67361489e+06 -4.69920754e+01  4.47091311e-03 
 7.76247117e+06 -4.69725398e+01  4.48098005e-03 
 7.85235635e+06 -4.69527448e+01  4.49120375e-03 
 7.94328235e+06 -4.69326907e+01  4.50158511e-03 
 8.03526122e+06 -4.69123777e+01  4.51212494e-03 
 8.12830516e+06 -4.68918062e+01  4.52282404e-03 
 8.22242650e+06 -4.68709769e+01  4.53368305e-03 
 8.31763771e+06 -4.68498907e+01  4.54470254e-03 
 8.41395142e+06 -4.68285484e+01  4.55588318e-03 
 8.51138038e+06 -4.68069512e+01  4.56722533e-03 
 8.60993752e+06 -4.67851004e+01  4.57872945e-03 
 8.70963590e+06 -4.67629973e+01  4.59039580e-03 
 8.81048873e+06 -4.67406439e+01  4.60222457e-03 
 8.91250938e+06 -4.67180416e+01  4.61421597e-03 
 9.01571138e+06 -4.66951929e+01  4.62636993e-03 
 9.12010839e+06 -4.66720997e+01  4.63868645e-03 
 9.22571427e+06 -4.66487644e+01  4.65116537e-03 
 9.33254301e+06 -4.66251899e+01  4.66380633e-03 
 9.44060876e+06 -4.66013787e+01  4.67660907e-03 
 9.54992586e+06 -4.65773340e+01  4.68957301e-03 
 9.66050879e+06 -4.65530590e+01  4.70269759e-03 
 9.77237221e+06 -4.65285570e+01  4.71598210e-03 
 9.88553095e+06 -4.65038319e+01  4.72942567e-03 
 1.00000000e+07 -4.64788874e+01  4.74302734e-03 
 1.01157945e+07 -4.64537277e+01  4.75678602e-03 
 1.02329299e+07 -4.64283570e+01  4.77070049e-03 
 1.03514217e+07 -4.64027798e+01  4.78476937e-03 
 1.04712855e+07 -4.63770010e+01  4.79899117e-03 
 1.05925373e+07 -4.63510253e+01  4.81336431e-03 
 1.07151931e+07 -4.63248582e+01  4.82788691e-03 
 1.08392691e+07 -4.62985050e+01  4.84255708e-03 
 1.09647820e+07 -4.62719713e+01  4.85737277e-03 
 1.10917482e+07 -4.62452631e+01  4.87233171e-03 
 1.12201845e+07 -4.62183862e+01  4.88743157e-03 
 1.13501082e+07 -4.61913472e+01  4.90266975e-03 
 1.14815362e+07 -4.61641525e+01  4.91804358e-03 
 1.16144861e+07 -4.61368090e+01  4.93355016e-03 
 1.17489755e+07 -4.61093236e+01  4.94918648e-03 
 1.18850223e+07 -4.60817036e+01  4.96494932e-03 
 1.20226443e+07 -4.60539563e+01  4.98083534e-03 
 1.21618600e+07 -4.60260894e+01  4.99684098e-03 
 1.23026877e+07 -4.59981108e+01  5.01296255e-03 
 1.24451461e+07 -4.59700285e+01  5.02919614e-03 
 1.25892541e+07 -4.59418510e+01  5.04553766e-03 
 1.27350308e+07 -4.59135865e+01  5.06198293e-03 
 1.28824955e+07 -4.58852438e+01  5.07852749e-03 
 1.30316678e+07 -4.58568319e+01  5.09516679e-03 
 1.31825674e+07 -4.58283598e+01  5.11189600e-03 
 1.33352143e+07 -4.57998368e+01  5.12871021e-03 
 1.34896288e+07 -4.57712723e+01  5.14560427e-03 
 1.36458314e+07 -4.57426760e+01  5.16257291e-03 
 1.38038426e+07 -4.57140577e+01  5.17961064e-03 
 1.39636836e+07 -4.56854274e+01  5.19671176e-03 
 1.41253754e+07 -4.56567952e+01  5.21387051e-03 
 1.42889396e+07 -4.56281713e+01  5.23108086e-03 
 1.44543977e+07 -4.55995663e+01  5.24833663e-03 
 1.46217717e+07 -4.55709907e+01  5.26563151e-03 
 1.47910839e+07 -4.55424552e+01  5.28295898e-03 
 1.49623566e+07 -4.55139707e+01  5.30031238e-03 
 1.51356125e+07 -4.54855481e+01  5.31768487e-03 
 1.53108746e+07 -4.54571983e+01  5.33506957e-03 
 1.54881662e+07 -4.54289326e+01  5.35245928e-03 
 1.56675107e+07 -4.54007622e+01  5.36984675e-03 
 1.58489319e+07 -4.53726983e+01  5.38722462e-03 
 1.60324539e+07 -4.53447524e+01  5.40458533e-03 
 1.62181010e+07 -4.53169359e+01  5.42192125e-03 
 1.64058977e+07 -4.52892602e+01  5.43922458e-03 
 1.65958691e+07 -4.52617368e+01  5.45648747e-03 
 1.67880402e+07 -4.52343771e+01  5.47370192e-03 
 1.69824365e+07 -4.52071928e+01  5.49085986e-03 
 1.71790839e+07 -4.51801953e+01  5.50795312e-03 
 1.73780083e+07 -4.51533961e+01  5.52497346e-03 
 1.75792361e+07 -4.51268065e+01  5.54191261e-03 
 1.77827941e+07 -4.51004381e+01  5.55876216e-03 
 1.79887092e+07 -4.50743022e+01  5.57551373e-03 
 1.81970086e+07 -4.50484099e+01  5.59215890e-03 
 1.84077200e+07 -4.50227725e+01  5.60868920e-03 
 1.86208714e+07 -4.49974010e+01  5.62509614e-03 
 1.88364909e+07 -4.49723063e+01  5.64137132e-03 
 1.90546072e+07 -4.49474992e+01  5.65750625e-03 
 1.92752491e+07 -4.49229902e+01  5.67349255e-03 
 1.94984460e+07 -4.48987899e+01  5.68932189e-03 
 1.97242274e+07 -4.48749084e+01  5.70498594e-03 
 1.99526231e+07 -4.48513559e+01  5.72047649e-03 
 2.01836636e+07 -4.48281420e+01  5.73578547e-03 
 2.04173794e+07 -4.48052763e+01  5.75090486e-03 
 2.06538016e+07 -4.47827681e+01  5.76582681e-03 
 2.08929613e+07 -4.47606264e+01  5.78054359e-03 
 2.11348904e+07 -4.47388597e+01  5.79504768e-03 
 2.13796209e+07 -4.47174765e+01  5.80933169e-03 
 2.16271852e+07 -4.46964847e+01  5.82338850e-03 
 2.18776162e+07 -4.46758919e+01  5.83721119e-03 
 2.21309471e+07 -4.46557052e+01  5.85079309e-03 
 2.23872114e+07 -4.46359315e+01  5.86412778e-03 
 2.26464431e+07 -4.46165770e+01  5.87720919e-03 
 2.29086765e+07 -4.45976477e+01  5.89003150e-03 
 2.31739465e+07 -4.45791487e+01  5.90258925e-03 
 2.34422882e+07 -4.45610851e+01  5.91487735e-03 
 2.37137371e+07 -4.45434611e+01  5.92689106e-03 
 2.39883292e+07 -4.45262804e+01  5.93862608e-03 
 2.42661010e+07 -4.45095461e+01  5.95007849e-03 
 2.45470892e+07 -4.44932608e+01  5.96124487e-03 
 2.48313311e+07 -4.44774262e+01  5.97212223e-03 
 2.51188643e+07 -4.44620437e+01  5.98270811e-03 
 2.54097271e+07 -4.44471137e+01  5.99300054e-03 
 2.57039578e+07 -4.44326359e+01  6.00299810e-03 
 2.60015956e+07 -4.44186093e+01  6.01269996e-03 
 2.63026799e+07 -4.44050323e+01  6.02210584e-03 
 2.66072506e+07 -4.43919022e+01  6.03121610e-03 
 2.69153480e+07 -4.43792156e+01  6.04003173e-03 
 2.72270131e+07 -4.43669682e+01  6.04855436e-03 
 2.75422870e+07 -4.43551550e+01  6.05678631e-03 
 2.78612117e+07 -4.43437697e+01  6.06473062e-03 
 2.81838293e+07 -4.43328054e+01  6.07239100e-03 
 2.85101827e+07 -4.43222542e+01  6.07977195e-03 
 2.88403150e+07 -4.43121071e+01  6.08687870e-03 
 2.91742701e+07 -4.43023540e+01  6.09371726e-03 
 2.95120923e+07 -4.42929840e+01  6.10029446e-03 
 2.98538262e+07 -4.42839851e+01  6.10661789e-03 
 3.01995172e+07 -4.42753440e+01  6.11269602e-03 
 3.05492111e+07 -4.42670466e+01  6.11853813e-03 
 3.09029543e+07 -4.42590775e+01  6.12415434e-03 
 3.12607937e+07 -4.42514201e+01  6.12955566e-03 
 3.16227766e+07 -4.42440570e+01  6.13475396e-03 
 3.19889511e+07 -4.42369693e+01  6.13976199e-03 
 3.23593657e+07 -4.42301371e+01  6.14459336e-03 
 3.27340695e+07 -4.42235392e+01  6.14926260e-03 
 3.31131121e+07 -4.42171535e+01  6.15378512e-03 
 3.34965439e+07 -4.42109564e+01  6.15817718e-03 
 3.38844156e+07 -4.42049234e+01  6.16245599e-03 
 3.42767787e+07 -4.41990287e+01  6.16663957e-03 
 3.46736850e+07 -4.41932454e+01  6.17074682e-03 
 3.50751874e+07 -4.41875456e+01  6.17479754e-03 
 3.54813389e+07 -4.41818999e+01  6.17881230e-03 
 3.58921935e+07 -4.41762784e+01  6.18281256e-03 
 3.63078055e+07 -4.41706497e+01  6.18682051e-03 
 3.67282300e+07 -4.41649815e+01  6.19085917e-03 
 3.71535229e+07 -4.41592407e+01  6.19495227e-03 
 3.75837404e+07 -4.41533931e+01  6.19912428e-03 
 3.80189396e+07 -4.41474038e+01  6.20340032e-03 
 3.84591782e+07 -4.41412370e+01  6.20780619e-03 
 3.89045145e+07 -4.41348562e+01  6.21236824e-03 
 3.93550075e+07 -4.41282242e+01  6.21711340e-03 
 3.98107171e+07 -4.41213034e+01  6.22206908e-03 
 4.02717034e+07 -4.41140556e+01  6.22726316e-03 
 4.07380278e+07 -4.41064422e+01  6.23272389e-03 
 4.12097519e+07 -4.40984245e+01  6.23847985e-03 
 4.16869383e+07 -4.40899633e+01  6.24455986e-03 
 4.21696503e+07 -4.40810198e+01  6.25099295e-03 
 4.26579519e+07 -4.40715549e+01  6.25780829e-03 
 4.31519077e+07 -4.40615299e+01  6.26503504e-03 
 4.36515832e+07 -4.40509064e+01  6.27270238e-03 
 4.41570447e+07 -4.40396463e+01  6.28083932e-03 
 4.46683592e+07 -4.40277124e+01  6.28947475e-03 
 4.51855944e+07 -4.40150681e+01  6.29863719e-03 
 4.57088190e+07 -4.40016777e+01  6.30835484e-03 
 4.62381021e+07 -4.39875066e+01  6.31865542e-03 
 4.67735141e+07 -4.39725212e+01  6.32956611e-03 
 4.73151259e+07 -4.39566896e+01  6.34111344e-03 
 4.78630092e+07 -4.39399810e+01  6.35332323e-03 
 4.84172368e+07 -4.39223666e+01  6.36622044e-03 
 4.89778819e+07 -4.39038190e+01  6.37982915e-03 
 4.95450191e+07 -4.38843131e+01  6.39417245e-03 
 5.01187234e+07 -4.38638255e+01  6.40927231e-03 
 5.06990708e+07 -4.38423352e+01  6.42514954e-03 
 5.12861384e+07 -4.38198233e+01  6.44182371e-03 
 5.18800039e+07 -4.37962733e+01  6.45931306e-03 
 5.24807460e+07 -4.37716713e+01  6.47763442e-03 
 5.30884444e+07 -4.37460059e+01  6.49680311e-03 
 5.37031796e+07 -4.37192682e+01  6.51683297e-03 
 5.43250331e+07 -4.36914522e+01  6.53773616e-03 
 5.49540874e+07 -4.36625545e+01  6.55952327e-03 
 5.55904257e+07 -4.36325744e+01  6.58220313e-03 
 5.62341325e+07 -4.36015142e+01  6.60578280e-03 
 5.68852931e+07 -4.35693789e+01  6.63026757e-03 
 5.75439937e+07 -4.35361762e+01  6.65566093e-03 
 5.82103218e+07 -4.35019167e+01  6.68196449e-03 
 5.88843655e+07 -4.34666137e+01  6.70917800e-03 
 5.95662144e+07 -4.34302831e+01  6.73729936e-03 
 6.02559586e+07 -4.33929435e+01  6.76632455e-03 
 6.09536897e+07 -4.33546160e+01  6.79624770e-03 
 6.16595002e+07 -4.33153242e+01  6.82706108e-03 
 6.23734835e+07 -4.32750941e+01  6.85875512e-03 
 6.30957344e+07 -4.32339537e+01  6.89131835e-03 
 6.38263486e+07 -4.31919336e+01  6.92473758e-03 
 6.45654229e+07 -4.31490660e+01  6.95899782e-03 
 6.53130553e+07 -4.31053851e+01  6.99408240e-03 
 6.60693448e+07 -4.30609270e+01  7.02997288e-03 
 6.68343918e+07 -4.30157293e+01  7.06664927e-03 
 6.76082975e+07 -4.29698309e+01  7.10409001e-03 
 6.83911647e+07 -4.29232723e+01  7.14227198e-03 
 6.91830971e+07 -4.28760951e+01  7.18117064e-03 
 6.99841996e+07 -4.28283417e+01  7.22076007e-03 
 7.07945784e+07 -4.27800557e+01  7.26101304e-03 
 7.16143410e+07 -4.27312811e+01  7.30190107e-03 
 7.24435960e+07 -4.26820628e+01  7.34339453e-03 
 7.32824533e+07 -4.26324458e+01  7.38546272e-03 
 7.41310241e+07 -4.25824757e+01  7.42807390e-03 
 7.49894209e+07 -4.25321981e+01  7.47119542e-03 
 7.58577575e+07 -4.24816587e+01  7.51479378e-03 
 7.67361489e+07 -4.24309030e+01  7.55883475e-03 
 7.76247117e+07 -4.23799765e+01  7.60328336e-03 
 7.85235635e+07 -4.23289242e+01  7.64810410e-03 
 7.94328235e+07 -4.22777908e+01  7.69326086e-03 
 8.03526122e+07 -4.22266205e+01  7.73871718e-03 
 8.12830516e+07 -4.21754567e+01  7.78443618e-03 
 8.22242650e+07 -4.21243424e+01  7.83038071e-03 
 8.31763771e+07 -4.20733197e+01  7.87651342e-03 
 8.41395142e+07 -4.20224296e+01  7.92279684e-03 
 8.51138038e+07 -4.19717127e+01  7.96919341e-03 
 8.60993752e+07 -4.19212082e+01  8.01566563e-03 
 8.70963590e+07 -4.18709545e+01  8.06217604e-03 
 8.81048873e+07 -4.18209889e+01  8.10868736e-03 
 8.91250938e+07 -4.17713476e+01  8.15516252e-03 
 9.01571138e+07 -4.17220657e+01  8.20156474e-03 
 9.12010839e+07 -4.16731769e+01  8.24785757e-03 
 9.22571427e+07 -4.16247142e+01  8.29400497e-03 
 9.33254301e+07 -4.15767088e+01  8.33997135e-03 
 9.44060876e+07 -4.15291912e+01  8.38572164e-03 
 9.54992586e+07 -4.14821902e+01  8.43122134e-03 
 9.66050879e+07 -4.14357337e+01  8.47643655e-03 
 9.77237221e+07 -4.13898482e+01  8.52133403e-03 
 9.88553095e+07 -4.13445590e+01  8.56588126e-03 
 1.00000000e+08 -4.12998901e+01  8.61004645e-03 
 1.01157945e+08 -4.12558643e+01  8.65379860e-03 
 1.02329299e+08 -4.12125032e+01  8.69710752e-03 
 1.03514217e+08 -4.11698271e+01  8.73994390e-03 
 1.04712855e+08 -4.11278551e+01  8.78227931e-03 
 1.05925373e+08 -4.10866052e+01  8.82408620e-03 
 1.07151931e+08 -4.10460940e+01  8.86533802e-03 
 1.08392691e+08 -4.10063373e+01  8.90600915e-03 
 1.09647820e+08 -4.09673493e+01  8.94607498e-03 
 1.10917482e+08 -4.09291435e+01  8.98551191e-03 
 1.12201845e+08 -4.08917321e+01  9.02429735e-03 
 1.13501082e+08 -4.08551261e+01  9.06240977e-03 
 1.14815362e+08 -4.08193357e+01  9.09982869e-03 
 1.16144861e+08 -4.07843698e+01  9.13653472e-03 
 1.17489755e+08 -4.07502366e+01  9.17250950e-03 
 1.18850223e+08 -4.07169430e+01  9.20773582e-03 
 1.20226443e+08 -4.06844951e+01  9.24219751e-03 
 1.21618600e+08 -4.06528980e+01  9.27587949e-03 
 1.23026877e+08 -4.06221560e+01  9.30876782e-03 
 1.24451461e+08 -4.05922724e+01  9.34084961e-03 
 1.25892541e+08 -4.05632496e+01  9.37211306e-03 
 1.27350308e+08 -4.05350893e+01  9.40254750e-03 
 1.28824955e+08 -4.05077922e+01  9.43214328e-03 
 1.30316678e+08 -4.04813584e+01  9.46089186e-03 
 1.31825674e+08 -4.04557872e+01  9.48878576e-03 
 1.33352143e+08 -4.04310770e+01  9.51581853e-03 
 1.34896288e+08 -4.04072256e+01  9.54198479e-03 
 1.36458314e+08 -4.03842302e+01  9.56728014e-03 
 1.38038426e+08 -4.03620872e+01  9.59170122e-03 
 1.39636836e+08 -4.03407923e+01  9.61524567e-03 
 1.41253754e+08 -4.03203408e+01  9.63791208e-03 
 1.42889396e+08 -4.03007272e+01  9.65969998e-03 
 1.44543977e+08 -4.02819456e+01  9.68060990e-03 
 1.46217717e+08 -4.02639894e+01  9.70064322e-03 
 1.47910839e+08 -4.02468514e+01  9.71980222e-03 
 1.49623566e+08 -4.02305243e+01  9.73809007e-03 
 1.51356125e+08 -4.02149998e+01  9.75551076e-03 
 1.53108746e+08 -4.02002694e+01  9.77206912e-03 
 1.54881662e+08 -4.01863242e+01  9.78777074e-03 
 1.56675107e+08 -4.01731549e+01  9.80262199e-03 
 1.58489319e+08 -4.01607515e+01  9.81663001e-03 
 1.60324539e+08 -4.01491041e+01  9.82980258e-03 
 1.62181010e+08 -4.01382020e+01  9.84214823e-03 
 1.64058977e+08 -4.01280344e+01  9.85367609e-03 
 1.65958691e+08 -4.01185901e+01  9.86439596e-03 
 1.67880402e+08 -4.01098576e+01  9.87431820e-03 
 1.69824365e+08 -4.01018253e+01  9.88345376e-03 
 1.71790839e+08 -4.00944811e+01  9.89181411e-03 
 1.73780083e+08 -4.00878127e+01  9.89941124e-03 
 1.75792361e+08 -4.00818077e+01  9.90625760e-03 
 1.77827941e+08 -4.00764533e+01  9.91236611e-03 
 1.79887092e+08 -4.00717368e+01  9.91775008e-03 
 1.81970086e+08 -4.00676450e+01  9.92242324e-03 
 1.84077200e+08 -4.00641649e+01  9.92639966e-03 
 1.86208714e+08 -4.00612829e+01  9.92969375e-03 
 1.88364909e+08 -4.00589858e+01  9.93232021e-03 
 1.90546072e+08 -4.00572598e+01  9.93429403e-03 
 1.92752491e+08 -4.00560914e+01  9.93563043e-03 
 1.94984460e+08 -4.00554669e+01  9.93634488e-03 
 1.97242274e+08 -4.00553723e+01  9.93645301e-03 
 1.99526231e+08 -4.00557940e+01  9.93597062e-03 
 2.01836636e+08 -4.00567180e+01  9.93491367e-03 
 2.04173794e+08 -4.00581305e+01  9.93329822e-03 
 2.06538016e+08 -4.00600176e+01  9.93114041e-03 
 2.08929613e+08 -4.00623653e+01  9.92845649e-03 
 2.11348904e+08 -4.00651598e+01  9.92526270e-03 
 2.13796209e+08 -4.00683873e+01  9.92157534e-03 
 2.16271852e+08 -4.00720340e+01  9.91741069e-03 
 2.18776162e+08 -4.00760863e+01  9.91278501e-03 
 2.21309471e+08 -4.00805303e+01  9.90771453e-03 
 2.23872114e+08 -4.00853526e+01  9.90221540e-03 
 2.26464431e+08 -4.00905397e+01  9.89630371e-03 
 2.29086765e+08 -4.00960782e+01  9.88999544e-03 
 2.31739465e+08 -4.01019548e+01  9.88330644e-03 
 2.34422882e+08 -4.01081563e+01  9.87625247e-03 
 2.37137371e+08 -4.01146698e+01  9.86884910e-03 
 2.39883292e+08 -4.01214824e+01  9.86111175e-03 
 2.42661010e+08 -4.01285813e+01  9.85305569e-03 
 2.45470892e+08 -4.01359538e+01  9.84469596e-03 
 2.48313311e+08 -4.01435877e+01  9.83604743e-03 
 2.51188643e+08 -4.01514706e+01  9.82712474e-03 
 2.54097271e+08 -4.01595905e+01  9.81794232e-03 
 2.57039578e+08 -4.01679354e+01  9.80851435e-03 
 2.60015956e+08 -4.01764936e+01  9.79885477e-03 
 2.63026799e+08 -4.01852536e+01  9.78897728e-03 
 2.66072506e+08 -4.01942041e+01  9.77889531e-03 
 2.69153480e+08 -4.02033339e+01  9.76862204e-03 
 2.72270131e+08 -4.02126321e+01  9.75817034e-03 
 2.75422870e+08 -4.02220880e+01  9.74755285e-03 
 2.78612117e+08 -4.02316912e+01  9.73678188e-03 
 2.81838293e+08 -4.02414312e+01  9.72586949e-03 
 2.85101827e+08 -4.02512982e+01  9.71482743e-03 
 2.88403150e+08 -4.02612822e+01  9.70366715e-03 
 2.91742701e+08 -4.02713736e+01  9.69239982e-03 
 2.95120923e+08 -4.02815630e+01  9.68103629e-03 
 2.98538262e+08 -4.02918414e+01  9.66958713e-03 
 3.01995172e+08 -4.03021997e+01  9.65806259e-03 
 3.05492111e+08 -4.03126293e+01  9.64647262e-03 
 3.09029543e+08 -4.03231217e+01  9.63482690e-03 
 3.12607937e+08 -4.03336687e+01  9.62313475e-03 
 3.16227766e+08 -4.03442622e+01  9.61140524e-03 
 3.19889511e+08 -4.03548946e+01  9.59964713e-03 
 3.23593657e+08 -4.03655583e+01  9.58786885e-03 
 3.27340695e+08 -4.03762460e+01  9.57607859e-03 
 3.31131121e+08 -4.03869506e+01  9.56428419e-03 
 3.34965439e+08 -4.03976652e+01  9.55249324e-03 
 3.38844156e+08 -4.04083833e+01  9.54071303e-03 
 3.42767787e+08 -4.04190985e+01  9.52895057e-03 
 3.46736850e+08 -4.04298046e+01  9.51721258e-03 
 3.50751874e+08 -4.04404956e+01  9.50550552e-03 
 3.54813389e+08 -4.04511659e+01  9.49383556e-03 
 3.58921935e+08 -4.04618099e+01  9.48220862e-03 
 3.63078055e+08 -4.04724223e+01  9.47063034e-03 
 3.67282300e+08 -4.04829980e+01  9.45910612e-03 
 3.71535229e+08 -4.04935323e+01  9.44764111e-03 
 3.75837404e+08 -4.05040203e+01  9.43624018e-03 
 3.80189396e+08 -4.05144576e+01  9.42490799e-03 
 3.84591782e+08 -4.05248400e+01  9.41364895e-03 
 3.89045145e+08 -4.05351634e+01  9.40246723e-03 
 3.93550075e+08 -4.05454239e+01  9.39136680e-03 
 3.98107171e+08 -4.05556179e+01  9.38035137e-03 
 4.02717034e+08 -4.05657417e+01  9.36942448e-03 
 4.07380278e+08 -4.05757921e+01  9.35858941e-03 
 4.12097519e+08 -4.05857660e+01  9.34784928e-03 
 4.16869383e+08 -4.05956603e+01  9.33720698e-03 
 4.21696503e+08 -4.06054722e+01  9.32666523e-03 
 4.26579519e+08 -4.06151992e+01  9.31622654e-03 
 4.31519077e+08 -4.06248387e+01  9.30589327e-03 
 4.36515832e+08 -4.06343883e+01  9.29566756e-03 
 4.41570447e+08 -4.06438460e+01  9.28555142e-03 
 4.46683592e+08 -4.06532097e+01  9.27554668e-03 
 4.51855944e+08 -4.06624775e+01  9.26565500e-03 
 4.57088190e+08 -4.06716477e+01  9.25587791e-03 
 4.62381021e+08 -4.06807186e+01  9.24621677e-03 
 4.67735141e+08 -4.06896888e+01  9.23667280e-03 
 4.73151259e+08 -4.06985570e+01  9.22724709e-03 
 4.78630092e+08 -4.07073219e+01  9.21794059e-03 
 4.84172368e+08 -4.07159824e+01  9.20875414e-03 
 4.89778819e+08 -4.07245376e+01  9.19968843e-03 
 4.95450191e+08 -4.07329866e+01  9.19074406e-03 
 5.01187234e+08 -4.07413285e+01  9.18192148e-03 
 5.06990708e+08 -4.07495628e+01  9.17322108e-03 
 5.12861384e+08 -4.07576889e+01  9.16464311e-03 
 5.18800039e+08 -4.07657062e+01  9.15618774e-03 
 5.24807460e+08 -4.07736145e+01  9.14785503e-03 
 5.30884444e+08 -4.07814135e+01  9.13964496e-03 
 5.37031796e+08 -4.07891029e+01  9.13155743e-03 
 5.43250331e+08 -4.07966827e+01  9.12359224e-03 
 5.49540874e+08 -4.08041527e+01  9.11574914e-03 
 5.55904257e+08 -4.08115131e+01  9.10802778e-03 
 5.62341325e+08 -4.08187639e+01  9.10042775e-03 
 5.68852931e+08 -4.08259053e+01  9.09294858e-03 
 5.75439937e+08 -4.08329376e+01  9.08558973e-03 
 5.82103218e+08 -4.08398610e+01  9.07835060e-03 
 5.88843655e+08 -4.08466759e+01  9.07123054e-03 
 5.95662144e+08 -4.08533828e+01  9.06422884e-03 
 6.02559586e+08 -4.08599820e+01  9.05734474e-03 
 6.09536897e+08 -4.08664742e+01  9.05057746e-03 
 6.16595002e+08 -4.08728599e+01  9.04392614e-03 
 6.23734835e+08 -4.08791396e+01  9.03738990e-03 
 6.30957344e+08 -4.08853141e+01  9.03096782e-03 
 6.38263486e+08 -4.08913840e+01  9.02465894e-03 
 6.45654229e+08 -4.08973501e+01  9.01846227e-03 
 6.53130553e+08 -4.09032132e+01  9.01237680e-03 
 6.60693448e+08 -4.09089739e+01  9.00640149e-03 
 6.68343918e+08 -4.09146333e+01  9.00053525e-03 
 6.76082975e+08 -4.09201920e+01  8.99477700e-03 
 6.83911647e+08 -4.09256510e+01  8.98912562e-03 
 6.91830971e+08 -4.09310112e+01  8.98357998e-03 
 6.99841996e+08 -4.09362736e+01  8.97813893e-03 
 7.07945784e+08 -4.09414390e+01  8.97280131e-03 
 7.16143410e+08 -4.09465084e+01  8.96756594e-03 
 7.24435960e+08 -4.09514829e+01  8.96243163e-03 
 7.32824533e+08 -4.09563634e+01  8.95739717e-03 
 7.41310241e+08 -4.09611509e+01  8.95246138e-03 
 7.49894209e+08 -4.09658464e+01  8.94762302e-03 
 7.58577575e+08 -4.09704511e+01  8.94288089e-03 
 7.67361489e+08 -4.09749658e+01  8.93823376e-03 
 7.76247117e+08 -4.09793918e+01  8.93368040e-03 
 7.85235635e+08 -4.09837299e+01  8.92921959e-03 
 7.94328235e+08 -4.09879814e+01  8.92485010e-03 
 8.03526122e+08 -4.09921472e+01  8.92057071e-03 
 8.12830516e+08 -4.09962284e+01  8.91638019e-03 
 8.22242650e+08 -4.10002262e+01  8.91227731e-03 
 8.31763771e+08 -4.10041415e+01  8.90826087e-03 
 8.41395142e+08 -4.10079754e+01  8.90432964e-03 
 8.51138038e+08 -4.10117291e+01  8.90048243e-03 
 8.60993752e+08 -4.10154035e+01  8.89671802e-03 
 8.70963590e+08 -4.10189998e+01  8.89303522e-03 
 8.81048873e+08 -4.10225189e+01  8.88943285e-03 
 8.91250938e+08 -4.10259621e+01  8.88590972e-03 
 9.01571138e+08 -4.10293302e+01  8.88246467e-03 
 9.12010839e+08 -4.10326244e+01  8.87909653e-03 
 9.22571427e+08 -4.10358458e+01  8.87580416e-03 
 9.33254301e+08 -4.10389953e+01  8.87258640e-03 
 9.44060876e+08 -4.10420739e+01  8.86944214e-03 
 9.54992586e+08 -4.10450827e+01  8.86637025e-03 
 9.66050879e+08 -4.10480228e+01  8.86336963e-03 
 9.77237221e+08 -4.10508950e+01  8.86043917e-03 
 9.88553095e+08 -4.10537005e+01  8.85757779e-03 
 1.00000000e+09 -4.10564402e+01  8.85478442e-03 
