 1.00000000e+00 -6.93655649e+01  3.40190165e-04 
 1.01157945e+00 -6.93655668e+01  3.40190093e-04 
 1.02329299e+00 -6.93655686e+01  3.40190019e-04 
 1.03514217e+00 -6.93655706e+01  3.40189944e-04 
 1.04712855e+00 -6.93655725e+01  3.40189866e-04 
 1.05925373e+00 -6.93655746e+01  3.40189787e-04 
 1.07151931e+00 -6.93655766e+01  3.40189706e-04 
 1.08392691e+00 -6.93655787e+01  3.40189624e-04 
 1.09647820e+00 -6.93655809e+01  3.40189539e-04 
 1.10917482e+00 -6.93655831e+01  3.40189452e-04 
 1.12201845e+00 -6.93655854e+01  3.40189363e-04 
 1.13501082e+00 -6.93655877e+01  3.40189273e-04 
 1.14815362e+00 -6.93655900e+01  3.40189184e-04 
 1.16144861e+00 -6.93655924e+01  3.40189089e-04 
 1.17489755e+00 -6.93655949e+01  3.40188992e-04 
 1.18850223e+00 -6.93655974e+01  3.40188892e-04 
 1.20226443e+00 -6.93656000e+01  3.40188790e-04 
 1.21618600e+00 -6.93656027e+01  3.40188686e-04 
 1.23026877e+00 -6.93656056e+01  3.40188570e-04 
 1.24451461e+00 -6.93656084e+01  3.40188461e-04 
 1.25892541e+00 -6.93656113e+01  3.40188350e-04 
 1.27350308e+00 -6.93656142e+01  3.40188235e-04 
 1.28824955e+00 -6.93656172e+01  3.40188118e-04 
 1.30316678e+00 -6.93656202e+01  3.40187999e-04 
 1.31825674e+00 -6.93656234e+01  3.40187876e-04 
 1.33352143e+00 -6.93656266e+01  3.40187751e-04 
 1.34896288e+00 -6.93656298e+01  3.40187623e-04 
 1.36458314e+00 -6.93656332e+01  3.40187491e-04 
 1.38038426e+00 -6.93656366e+01  3.40187357e-04 
 1.39636836e+00 -6.93656401e+01  3.40187220e-04 
 1.41253754e+00 -6.93656437e+01  3.40187079e-04 
 1.42889396e+00 -6.93656474e+01  3.40186935e-04 
 1.44543977e+00 -6.93656512e+01  3.40186788e-04 
 1.46217717e+00 -6.93656550e+01  3.40186637e-04 
 1.47910839e+00 -6.93656589e+01  3.40186483e-04 
 1.49623566e+00 -6.93656630e+01  3.40186325e-04 
 1.51356125e+00 -6.93656671e+01  3.40186164e-04 
 1.53108746e+00 -6.93656713e+01  3.40185998e-04 
 1.54881662e+00 -6.93656756e+01  3.40185829e-04 
 1.56675107e+00 -6.93656800e+01  3.40185656e-04 
 1.58489319e+00 -6.93656846e+01  3.40185479e-04 
 1.60324539e+00 -6.93656892e+01  3.40185298e-04 
 1.62181010e+00 -6.93656938e+01  3.40185117e-04 
 1.64058977e+00 -6.93656987e+01  3.40184927e-04 
 1.65958691e+00 -6.93657036e+01  3.40184733e-04 
 1.67880402e+00 -6.93657087e+01  3.40184535e-04 
 1.69824365e+00 -6.93657139e+01  3.40184331e-04 
 1.71790839e+00 -6.93657192e+01  3.40184123e-04 
 1.73780083e+00 -6.93657246e+01  3.40183911e-04 
 1.75792361e+00 -6.93657302e+01  3.40183693e-04 
 1.77827941e+00 -6.93657359e+01  3.40183470e-04 
 1.79887092e+00 -6.93657417e+01  3.40183242e-04 
 1.81970086e+00 -6.93657477e+01  3.40183008e-04 
 1.84077200e+00 -6.93657537e+01  3.40182770e-04 
 1.86208714e+00 -6.93657600e+01  3.40182525e-04 
 1.88364909e+00 -6.93657664e+01  3.40182275e-04 
 1.90546072e+00 -6.93657729e+01  3.40182019e-04 
 1.92752491e+00 -6.93657796e+01  3.40181757e-04 
 1.94984460e+00 -6.93657864e+01  3.40181489e-04 
 1.97242274e+00 -6.93657934e+01  3.40181215e-04 
 1.99526231e+00 -6.93658005e+01  3.40180939e-04 
 2.01836636e+00 -6.93658078e+01  3.40180652e-04 
 2.04173794e+00 -6.93658152e+01  3.40180363e-04 
 2.06538016e+00 -6.93658229e+01  3.40180062e-04 
 2.08929613e+00 -6.93658307e+01  3.40179754e-04 
 2.11348904e+00 -6.93658388e+01  3.40179440e-04 
 2.13796209e+00 -6.93658472e+01  3.40179108e-04 
 2.16271852e+00 -6.93658556e+01  3.40178779e-04 
 2.18776162e+00 -6.93658643e+01  3.40178441e-04 
 2.21309471e+00 -6.93658731e+01  3.40178096e-04 
 2.23872114e+00 -6.93658821e+01  3.40177743e-04 
 2.26464431e+00 -6.93658913e+01  3.40177381e-04 
 2.29086765e+00 -6.93659008e+01  3.40177012e-04 
 2.31739465e+00 -6.93659103e+01  3.40176638e-04 
 2.34422882e+00 -6.93659202e+01  3.40176250e-04 
 2.37137371e+00 -6.93659303e+01  3.40175854e-04 
 2.39883292e+00 -6.93659407e+01  3.40175448e-04 
 2.42661010e+00 -6.93659513e+01  3.40175033e-04 
 2.45470892e+00 -6.93659621e+01  3.40174609e-04 
 2.48313311e+00 -6.93659732e+01  3.40174174e-04 
 2.51188643e+00 -6.93659846e+01  3.40173730e-04 
 2.54097271e+00 -6.93659962e+01  3.40173275e-04 
 2.57039578e+00 -6.93660081e+01  3.40172809e-04 
 2.60015956e+00 -6.93660202e+01  3.40172332e-04 
 2.63026799e+00 -6.93660326e+01  3.40171849e-04 
 2.66072506e+00 -6.93660453e+01  3.40171350e-04 
 2.69153480e+00 -6.93660584e+01  3.40170840e-04 
 2.72270131e+00 -6.93660717e+01  3.40170318e-04 
 2.75422870e+00 -6.93660853e+01  3.40169783e-04 
 2.78612117e+00 -6.93660995e+01  3.40169227e-04 
 2.81838293e+00 -6.93661138e+01  3.40168667e-04 
 2.85101827e+00 -6.93661285e+01  3.40168094e-04 
 2.88403150e+00 -6.93661433e+01  3.40167513e-04 
 2.91742701e+00 -6.93661586e+01  3.40166913e-04 
 2.95120923e+00 -6.93661743e+01  3.40166299e-04 
 2.98538262e+00 -6.93661903e+01  3.40165671e-04 
 3.01995172e+00 -6.93662068e+01  3.40165028e-04 
 3.05492111e+00 -6.93662235e+01  3.40164370e-04 
 3.09029543e+00 -6.93662406e+01  3.40163702e-04 
 3.12607937e+00 -6.93662582e+01  3.40163013e-04 
 3.16227766e+00 -6.93662762e+01  3.40162309e-04 
 3.19889511e+00 -6.93662946e+01  3.40161588e-04 
 3.23593657e+00 -6.93663134e+01  3.40160850e-04 
 3.27340695e+00 -6.93663330e+01  3.40160086e-04 
 3.31131121e+00 -6.93663526e+01  3.40159317e-04 
 3.34965439e+00 -6.93663728e+01  3.40158527e-04 
 3.38844156e+00 -6.93663934e+01  3.40157718e-04 
 3.42767787e+00 -6.93664146e+01  3.40156890e-04 
 3.46736850e+00 -6.93664362e+01  3.40156043e-04 
 3.50751874e+00 -6.93664582e+01  3.40155180e-04 
 3.54813389e+00 -6.93664809e+01  3.40154293e-04 
 3.58921935e+00 -6.93665039e+01  3.40153390e-04 
 3.63078055e+00 -6.93665279e+01  3.40152452e-04 
 3.67282300e+00 -6.93665522e+01  3.40151502e-04 
 3.71535229e+00 -6.93665769e+01  3.40150533e-04 
 3.75837404e+00 -6.93666023e+01  3.40149538e-04 
 3.80189396e+00 -6.93666283e+01  3.40148520e-04 
 3.84591782e+00 -6.93666549e+01  3.40147478e-04 
 3.89045145e+00 -6.93666820e+01  3.40146416e-04 
 3.93550075e+00 -6.93667099e+01  3.40145324e-04 
 3.98107171e+00 -6.93667386e+01  3.40144199e-04 
 4.02717034e+00 -6.93667678e+01  3.40143056e-04 
 4.07380278e+00 -6.93667976e+01  3.40141891e-04 
 4.12097519e+00 -6.93668281e+01  3.40140695e-04 
 4.16869383e+00 -6.93668594e+01  3.40139470e-04 
 4.21696503e+00 -6.93668913e+01  3.40138222e-04 
 4.26579519e+00 -6.93669242e+01  3.40136931e-04 
 4.31519077e+00 -6.93669580e+01  3.40135610e-04 
 4.36515832e+00 -6.93669922e+01  3.40134267e-04 
 4.41570447e+00 -6.93670272e+01  3.40132898e-04 
 4.46683592e+00 -6.93670631e+01  3.40131493e-04 
 4.51855944e+00 -6.93670998e+01  3.40130054e-04 
 4.57088190e+00 -6.93671375e+01  3.40128578e-04 
 4.62381021e+00 -6.93671760e+01  3.40127072e-04 
 4.67735141e+00 -6.93672152e+01  3.40125535e-04 
 4.73151259e+00 -6.93672554e+01  3.40123962e-04 
 4.78630092e+00 -6.93672966e+01  3.40122349e-04 
 4.84172368e+00 -6.93673387e+01  3.40120702e-04 
 4.89778819e+00 -6.93673821e+01  3.40119003e-04 
 4.95450191e+00 -6.93674262e+01  3.40117274e-04 
 5.01187234e+00 -6.93674713e+01  3.40115509e-04 
 5.06990708e+00 -6.93675175e+01  3.40113698e-04 
 5.12861384e+00 -6.93675647e+01  3.40111850e-04 
 5.18800039e+00 -6.93676134e+01  3.40109945e-04 
 5.24807460e+00 -6.93676628e+01  3.40108010e-04 
 5.30884444e+00 -6.93677135e+01  3.40106025e-04 
 5.37031796e+00 -6.93677653e+01  3.40103998e-04 
 5.43250331e+00 -6.93678186e+01  3.40101910e-04 
 5.49540874e+00 -6.93678729e+01  3.40099783e-04 
 5.55904257e+00 -6.93679283e+01  3.40097616e-04 
 5.62341325e+00 -6.93679854e+01  3.40095380e-04 
 5.68852931e+00 -6.93680435e+01  3.40093105e-04 
 5.75439937e+00 -6.93681029e+01  3.40090778e-04 
 5.82103218e+00 -6.93681638e+01  3.40088391e-04 
 5.88843655e+00 -6.93682263e+01  3.40085945e-04 
 5.95662144e+00 -6.93682901e+01  3.40083446e-04 
 6.02559586e+00 -6.93683556e+01  3.40080885e-04 
 6.09536897e+00 -6.93684226e+01  3.40078260e-04 
 6.16595002e+00 -6.93684909e+01  3.40075587e-04 
 6.23734835e+00 -6.93685607e+01  3.40072852e-04 
 6.30957344e+00 -6.93686322e+01  3.40070053e-04 
 6.38263486e+00 -6.93687056e+01  3.40067180e-04 
 6.45654229e+00 -6.93687804e+01  3.40064250e-04 
 6.53130553e+00 -6.93688570e+01  3.40061251e-04 
 6.60693448e+00 -6.93689358e+01  3.40058169e-04 
 6.68343918e+00 -6.93690160e+01  3.40055028e-04 
 6.76082975e+00 -6.93690981e+01  3.40051815e-04 
 6.83911647e+00 -6.93691824e+01  3.40048513e-04 
 6.91830971e+00 -6.93692684e+01  3.40045148e-04 
 6.99841996e+00 -6.93693564e+01  3.40041700e-04 
 7.07945784e+00 -6.93694464e+01  3.40038177e-04 
 7.16143410e+00 -6.93695385e+01  3.40034571e-04 
 7.24435960e+00 -6.93696330e+01  3.40030872e-04 
 7.32824533e+00 -6.93697297e+01  3.40027088e-04 
 7.41310241e+00 -6.93698287e+01  3.40023211e-04 
 7.49894209e+00 -6.93699297e+01  3.40019258e-04 
 7.58577575e+00 -6.93700332e+01  3.40015208e-04 
 7.67361489e+00 -6.93701389e+01  3.40011068e-04 
 7.76247117e+00 -6.93702474e+01  3.40006823e-04 
 7.85235635e+00 -6.93703581e+01  3.40002489e-04 
 7.94328235e+00 -6.93704716e+01  3.39998044e-04 
 8.03526122e+00 -6.93705876e+01  3.39993505e-04 
 8.12830516e+00 -6.93707062e+01  3.39988861e-04 
 8.22242650e+00 -6.93708279e+01  3.39984099e-04 
 8.31763771e+00 -6.93709521e+01  3.39979236e-04 
 8.41395142e+00 -6.93710795e+01  3.39974251e-04 
 8.51138038e+00 -6.93712098e+01  3.39969150e-04 
 8.60993752e+00 -6.93713432e+01  3.39963931e-04 
 8.70963590e+00 -6.93714794e+01  3.39958599e-04 
 8.81048873e+00 -6.93716188e+01  3.39953143e-04 
 8.91250938e+00 -6.93717617e+01  3.39947551e-04 
 9.01571138e+00 -6.93719075e+01  3.39941843e-04 
 9.12010839e+00 -6.93720571e+01  3.39935989e-04 
 9.22571427e+00 -6.93722100e+01  3.39930003e-04 
 9.33254301e+00 -6.93723663e+01  3.39923887e-04 
 9.44060876e+00 -6.93725268e+01  3.39917606e-04 
 9.54992586e+00 -6.93726907e+01  3.39911193e-04 
 9.66050879e+00 -6.93728584e+01  3.39904631e-04 
 9.77237221e+00 -6.93730299e+01  3.39897917e-04 
 9.88553095e+00 -6.93732056e+01  3.39891042e-04 
 1.00000000e+01 -6.93733851e+01  3.39884021e-04 
 1.01157945e+01 -6.93735688e+01  3.39876832e-04 
 1.02329299e+01 -6.93737570e+01  3.39869467e-04 
 1.03514217e+01 -6.93739497e+01  3.39861927e-04 
 1.04712855e+01 -6.93741466e+01  3.39854220e-04 
 1.05925373e+01 -6.93743481e+01  3.39846340e-04 
 1.07151931e+01 -6.93745543e+01  3.39838271e-04 
 1.08392691e+01 -6.93747653e+01  3.39830016e-04 
 1.09647820e+01 -6.93749811e+01  3.39821573e-04 
 1.10917482e+01 -6.93752020e+01  3.39812929e-04 
 1.12201845e+01 -6.93754283e+01  3.39804076e-04 
 1.13501082e+01 -6.93756595e+01  3.39795031e-04 
 1.14815362e+01 -6.93758962e+01  3.39785772e-04 
 1.16144861e+01 -6.93761384e+01  3.39776297e-04 
 1.17489755e+01 -6.93763860e+01  3.39766612e-04 
 1.18850223e+01 -6.93766396e+01  3.39756693e-04 
 1.20226443e+01 -6.93768993e+01  3.39746534e-04 
 1.21618600e+01 -6.93771646e+01  3.39736158e-04 
 1.23026877e+01 -6.93774365e+01  3.39725524e-04 
 1.24451461e+01 -6.93777142e+01  3.39714660e-04 
 1.25892541e+01 -6.93779988e+01  3.39703531e-04 
 1.27350308e+01 -6.93782900e+01  3.39692140e-04 
 1.28824955e+01 -6.93785876e+01  3.39680502e-04 
 1.30316678e+01 -6.93788924e+01  3.39668581e-04 
 1.31825674e+01 -6.93792040e+01  3.39656398e-04 
 1.33352143e+01 -6.93795234e+01  3.39643909e-04 
 1.34896288e+01 -6.93798496e+01  3.39631153e-04 
 1.36458314e+01 -6.93801835e+01  3.39618097e-04 
 1.38038426e+01 -6.93805255e+01  3.39604725e-04 
 1.39636836e+01 -6.93808753e+01  3.39591048e-04 
 1.41253754e+01 -6.93812329e+01  3.39577067e-04 
 1.42889396e+01 -6.93815991e+01  3.39562753e-04 
 1.44543977e+01 -6.93819737e+01  3.39548108e-04 
 1.46217717e+01 -6.93823573e+01  3.39533115e-04 
 1.47910839e+01 -6.93827492e+01  3.39517792e-04 
 1.49623566e+01 -6.93831506e+01  3.39502106e-04 
 1.51356125e+01 -6.93835611e+01  3.39486061e-04 
 1.53108746e+01 -6.93839813e+01  3.39469635e-04 
 1.54881662e+01 -6.93844112e+01  3.39452834e-04 
 1.56675107e+01 -6.93848510e+01  3.39435648e-04 
 1.58489319e+01 -6.93853015e+01  3.39418043e-04 
 1.60324539e+01 -6.93857617e+01  3.39400062e-04 
 1.62181010e+01 -6.93862327e+01  3.39381655e-04 
 1.64058977e+01 -6.93867151e+01  3.39362810e-04 
 1.65958691e+01 -6.93872083e+01  3.39343538e-04 
 1.67880402e+01 -6.93877128e+01  3.39323829e-04 
 1.69824365e+01 -6.93882295e+01  3.39303646e-04 
 1.71790839e+01 -6.93887577e+01  3.39283011e-04 
 1.73780083e+01 -6.93892986e+01  3.39261886e-04 
 1.75792361e+01 -6.93898515e+01  3.39240290e-04 
 1.77827941e+01 -6.93904174e+01  3.39218187e-04 
 1.79887092e+01 -6.93909967e+01  3.39195564e-04 
 1.81970086e+01 -6.93915891e+01  3.39172433e-04 
 1.84077200e+01 -6.93921954e+01  3.39148758e-04 
 1.86208714e+01 -6.93928155e+01  3.39124546e-04 
 1.88364909e+01 -6.93934502e+01  3.39099767e-04 
 1.90546072e+01 -6.93940993e+01  3.39074425e-04 
 1.92752491e+01 -6.93947637e+01  3.39048489e-04 
 1.94984460e+01 -6.93954433e+01  3.39021965e-04 
 1.97242274e+01 -6.93961389e+01  3.38994815e-04 
 1.99526231e+01 -6.93968502e+01  3.38967053e-04 
 2.01836636e+01 -6.93975782e+01  3.38938647e-04 
 2.04173794e+01 -6.93983227e+01  3.38909596e-04 
 2.06538016e+01 -6.93990849e+01  3.38879858e-04 
 2.08929613e+01 -6.93998645e+01  3.38849444e-04 
 2.11348904e+01 -6.94006622e+01  3.38818325e-04 
 2.13796209e+01 -6.94014779e+01  3.38786508e-04 
 2.16271852e+01 -6.94023129e+01  3.38753942e-04 
 2.18776162e+01 -6.94031671e+01  3.38720626e-04 
 2.21309471e+01 -6.94040408e+01  3.38686558e-04 
 2.23872114e+01 -6.94049350e+01  3.38651693e-04 
 2.26464431e+01 -6.94058498e+01  3.38616027e-04 
 2.29086765e+01 -6.94067856e+01  3.38579547e-04 
 2.31739465e+01 -6.94077429e+01  3.38542234e-04 
 2.34422882e+01 -6.94087226e+01  3.38504050e-04 
 2.37137371e+01 -6.94097246e+01  3.38465004e-04 
 2.39883292e+01 -6.94107497e+01  3.38425062e-04 
 2.42661010e+01 -6.94117985e+01  3.38384199e-04 
 2.45470892e+01 -6.94128717e+01  3.38342391e-04 
 2.48313311e+01 -6.94139693e+01  3.38299639e-04 
 2.51188643e+01 -6.94150921e+01  3.38255912e-04 
 2.54097271e+01 -6.94162412e+01  3.38211165e-04 
 2.57039578e+01 -6.94174166e+01  3.38165399e-04 
 2.60015956e+01 -6.94186189e+01  3.38118595e-04 
 2.63026799e+01 -6.94198492e+01  3.38070707e-04 
 2.66072506e+01 -6.94211073e+01  3.38021743e-04 
 2.69153480e+01 -6.94223948e+01  3.37971642e-04 
 2.72270131e+01 -6.94237116e+01  3.37920406e-04 
 2.75422870e+01 -6.94250587e+01  3.37868004e-04 
 2.78612117e+01 -6.94264370e+01  3.37814394e-04 
 2.81838293e+01 -6.94278465e+01  3.37759579e-04 
 2.85101827e+01 -6.94292888e+01  3.37703500e-04 
 2.88403150e+01 -6.94307640e+01  3.37646149e-04 
 2.91742701e+01 -6.94322731e+01  3.37587492e-04 
 2.95120923e+01 -6.94338166e+01  3.37527504e-04 
 2.98538262e+01 -6.94353959e+01  3.37466142e-04 
 3.01995172e+01 -6.94370110e+01  3.37403395e-04 
 3.05492111e+01 -6.94386634e+01  3.37339217e-04 
 3.09029543e+01 -6.94403537e+01  3.37273573e-04 
 3.12607937e+01 -6.94420825e+01  3.37206452e-04 
 3.16227766e+01 -6.94438508e+01  3.37137809e-04 
 3.19889511e+01 -6.94456600e+01  3.37067592e-04 
 3.23593657e+01 -6.94475099e+01  3.36995811e-04 
 3.27340695e+01 -6.94494026e+01  3.36922388e-04 
 3.31131121e+01 -6.94513384e+01  3.36847307e-04 
 3.34965439e+01 -6.94495400e+01  3.36917060e-04 
 3.38844156e+01 -6.94515654e+01  3.36838504e-04 
 3.42767787e+01 -6.94536368e+01  3.36758184e-04 
 3.46736850e+01 -6.94557556e+01  3.36676048e-04 
 3.50751874e+01 -6.94579223e+01  3.36592073e-04 
 3.54813389e+01 -6.94601389e+01  3.36506188e-04 
 3.58921935e+01 -6.94624056e+01  3.36418384e-04 
 3.63078055e+01 -6.94647240e+01  3.36328600e-04 
 3.67282300e+01 -6.94670950e+01  3.36236803e-04 
 3.71535229e+01 -6.94695205e+01  3.36142927e-04 
 3.75837404e+01 -6.94720004e+01  3.36046967e-04 
 3.80189396e+01 -6.94745369e+01  3.35948846e-04 
 3.84591782e+01 -6.94771310e+01  3.35848529e-04 
 3.89045145e+01 -6.94797838e+01  3.35745970e-04 
 3.93550075e+01 -6.94824970e+01  3.35641110e-04 
 3.98107171e+01 -6.94852715e+01  3.35533917e-04 
 4.02717034e+01 -6.94881093e+01  3.35424310e-04 
 4.07380278e+01 -6.94910107e+01  3.35312286e-04 
 4.12097519e+01 -6.94939779e+01  3.35197759e-04 
 4.16869383e+01 -6.94970121e+01  3.35080684e-04 
 4.21696503e+01 -6.95001147e+01  3.34961017e-04 
 4.26579519e+01 -6.95032877e+01  3.34838675e-04 
 4.31519077e+01 -6.95065321e+01  3.34713629e-04 
 4.36515832e+01 -6.95098498e+01  3.34585805e-04 
 4.41570447e+01 -6.95132418e+01  3.34455167e-04 
 4.46683592e+01 -6.95167105e+01  3.34321630e-04 
 4.51855944e+01 -6.95202566e+01  3.34185167e-04 
 4.57088190e+01 -6.95238830e+01  3.34045674e-04 
 4.62381021e+01 -6.95275906e+01  3.33903115e-04 
 4.67735141e+01 -6.95313810e+01  3.33757436e-04 
 4.73151259e+01 -6.95352567e+01  3.33608545e-04 
 4.78630092e+01 -6.95392189e+01  3.33456398e-04 
 4.84172368e+01 -6.95432702e+01  3.33300902e-04 
 4.89778819e+01 -6.95474117e+01  3.33142020e-04 
 4.95450191e+01 -6.95516456e+01  3.32979669e-04 
 5.01187234e+01 -6.95559739e+01  3.32813784e-04 
 5.06990708e+01 -6.95603987e+01  3.32644284e-04 
 5.12861384e+01 -6.95649221e+01  3.32471096e-04 
 5.18800039e+01 -6.95695458e+01  3.32294159e-04 
 5.24807460e+01 -6.95742725e+01  3.32113381e-04 
 5.30884444e+01 -6.95791039e+01  3.31928702e-04 
 5.37031796e+01 -6.95840424e+01  3.31740031e-04 
 5.43250331e+01 -6.95890906e+01  3.31547281e-04 
 5.49540874e+01 -6.95942500e+01  3.31350399e-04 
 5.55904257e+01 -6.95995234e+01  3.31149293e-04 
 5.62341325e+01 -6.96049133e+01  3.30943864e-04 
 5.68852931e+01 -6.96104215e+01  3.30734062e-04 
 5.75439937e+01 -6.96160515e+01  3.30519759e-04 
 5.82103218e+01 -6.96218050e+01  3.30300894e-04 
 5.88843655e+01 -6.96276847e+01  3.30077379e-04 
 5.95662144e+01 -6.96336933e+01  3.29849122e-04 
 6.02559586e+01 -6.96398336e+01  3.29616028e-04 
 6.09536897e+01 -6.96461078e+01  3.29378017e-04 
 6.16595002e+01 -6.96525192e+01  3.29134980e-04 
 6.23734835e+01 -6.96590702e+01  3.28886836e-04 
 6.30957344e+01 -6.96657638e+01  3.28633485e-04 
 6.38263486e+01 -6.96726030e+01  3.28374822e-04 
 6.45654229e+01 -6.96795903e+01  3.28110771e-04 
 6.53130553e+01 -6.96867291e+01  3.27841210e-04 
 6.60693448e+01 -6.96940222e+01  3.27566054e-04 
 6.68343918e+01 -6.97014729e+01  3.27285191e-04 
 6.76082975e+01 -6.97090840e+01  3.26998528e-04 
 6.83911647e+01 -6.97168588e+01  3.26705961e-04 
 6.91830971e+01 -6.97248008e+01  3.26407372e-04 
 6.99841996e+01 -6.97329129e+01  3.26102668e-04 
 7.07945784e+01 -6.97411988e+01  3.25791734e-04 
 7.16143410e+01 -6.97496617e+01  3.25474460e-04 
 7.24435960e+01 -6.97583044e+01  3.25150763e-04 
 7.32824533e+01 -6.97671318e+01  3.24820486e-04 
 7.41310241e+01 -6.97761459e+01  3.24483564e-04 
 7.49894209e+01 -6.97853517e+01  3.24139843e-04 
 7.58577575e+01 -6.97947517e+01  3.23789243e-04 
 7.67361489e+01 -6.98043500e+01  3.23431636e-04 
 7.76247117e+01 -6.98141506e+01  3.23066905e-04 
 7.85235635e+01 -6.98241570e+01  3.22694936e-04 
 7.94328235e+01 -6.98343731e+01  3.22315613e-04 
 8.03526122e+01 -6.98448026e+01  3.21928828e-04 
 8.12830516e+01 -6.98554498e+01  3.21534449e-04 
 8.22242650e+01 -6.98625403e+01  3.21272079e-04 
 8.31763771e+01 -6.98736345e+01  3.20861991e-04 
 8.41395142e+01 -6.98849588e+01  3.20443939e-04 
 8.51138038e+01 -6.98965168e+01  3.20017819e-04 
 8.60993752e+01 -6.99083128e+01  3.19583507e-04 
 8.70963590e+01 -6.99203513e+01  3.19140876e-04 
 8.81048873e+01 -6.99326361e+01  3.18689823e-04 
 8.91250938e+01 -6.99451720e+01  3.18230207e-04 
 9.01571138e+01 -6.99579633e+01  3.17761908e-04 
 9.12010839e+01 -6.99710146e+01  3.17284802e-04 
 9.22571427e+01 -6.99843298e+01  3.16798786e-04 
 9.33254301e+01 -6.99979143e+01  3.16303711e-04 
 9.44060876e+01 -7.00117719e+01  3.15799477e-04 
 9.54992586e+01 -7.00259078e+01  3.15285945e-04 
 9.66050879e+01 -7.00403262e+01  3.14763011e-04 
 9.77237221e+01 -7.00550321e+01  3.14230542e-04 
 9.88553095e+01 -7.00700301e+01  3.13688425e-04 
 1.00000000e+02 -7.00853252e+01  3.13136533e-04 
 1.01157945e+02 -7.01009221e+01  3.12574751e-04 
 1.02329299e+02 -7.01168256e+01  3.12002964e-04 
 1.03514217e+02 -7.01330409e+01  3.11421044e-04 
 1.04712855e+02 -7.01495726e+01  3.10828886e-04 
 1.05925373e+02 -7.01664256e+01  3.10226376e-04 
 1.07151931e+02 -7.01836052e+01  3.09613395e-04 
 1.08392691e+02 -7.02011165e+01  3.08989824e-04 
 1.09647820e+02 -7.02189642e+01  3.08355564e-04 
 1.10917482e+02 -7.02371538e+01  3.07710494e-04 
 1.12201845e+02 -7.02519115e+01  3.07188126e-04 
 1.13501082e+02 -7.02707996e+01  3.06520848e-04 
 1.14815362e+02 -7.02900447e+01  3.05842452e-04 
 1.16144861e+02 -7.03096518e+01  3.05152835e-04 
 1.17489755e+02 -7.03296264e+01  3.04451895e-04 
 1.18850223e+02 -7.03499738e+01  3.03739524e-04 
 1.20226443e+02 -7.03706989e+01  3.03015647e-04 
 1.21618600e+02 -7.03918069e+01  3.02280170e-04 
 1.23026877e+02 -7.04133035e+01  3.01532983e-04 
 1.24451461e+02 -7.04351932e+01  3.00774035e-04 
 1.25892541e+02 -7.04574816e+01  3.00003222e-04 
 1.27350308e+02 -7.04801741e+01  2.99220466e-04 
 1.28824955e+02 -7.05032756e+01  2.98425699e-04 
 1.30316678e+02 -7.05267913e+01  2.97618850e-04 
 1.31825674e+02 -7.05507268e+01  2.96799838e-04 
 1.33352143e+02 -7.05750869e+01  2.95968612e-04 
 1.34896288e+02 -7.05960985e+01  2.95253515e-04 
 1.36458314e+02 -7.06213234e+01  2.94397306e-04 
 1.38038426e+02 -7.06469887e+01  2.93528697e-04 
 1.39636836e+02 -7.06730992e+01  2.92647649e-04 
 1.41253754e+02 -7.06996598e+01  2.91754127e-04 
 1.42889396e+02 -7.07266758e+01  2.90848087e-04 
 1.44543977e+02 -7.07541523e+01  2.89929487e-04 
 1.46217717e+02 -7.07820943e+01  2.88998298e-04 
 1.47910839e+02 -7.08105063e+01  2.88054515e-04 
 1.49623566e+02 -7.08393932e+01  2.87098113e-04 
 1.51356125e+02 -7.08687605e+01  2.86129065e-04 
 1.53108746e+02 -7.08986124e+01  2.85147378e-04 
 1.54881662e+02 -7.09251753e+01  2.84276680e-04 
 1.56675107e+02 -7.09560104e+01  2.83269282e-04 
 1.58489319e+02 -7.09873442e+01  2.82249245e-04 
 1.60324539e+02 -7.10191810e+01  2.81216597e-04 
 1.62181010e+02 -7.10515257e+01  2.80171345e-04 
 1.64058977e+02 -7.10843827e+01  2.79113514e-04 
 1.65958691e+02 -7.11177558e+01  2.78043156e-04 
 1.67880402e+02 -7.11516492e+01  2.76960312e-04 
 1.69824365e+02 -7.11860676e+01  2.75865010e-04 
 1.71790839e+02 -7.12172360e+01  2.74876873e-04 
 1.73780083e+02 -7.12527155e+01  2.73756364e-04 
 1.75792361e+02 -7.12887314e+01  2.72623589e-04 
 1.77827941e+02 -7.13252874e+01  2.71478618e-04 
 1.79887092e+02 -7.13623875e+01  2.70321523e-04 
 1.81970086e+02 -7.14000354e+01  2.69152382e-04 
 1.84077200e+02 -7.14382341e+01  2.67971307e-04 
 1.86208714e+02 -7.14769869e+01  2.66778393e-04 
 1.88364909e+02 -7.15125188e+01  2.65689297e-04 
 1.90546072e+02 -7.15523896e+01  2.64472499e-04 
 1.92752491e+02 -7.15928242e+01  2.63244188e-04 
 1.94984460e+02 -7.16338255e+01  2.62004485e-04 
 1.97242274e+02 -7.16753960e+01  2.60753533e-04 
 1.99526231e+02 -7.17175381e+01  2.59491474e-04 
 2.01836636e+02 -7.17564765e+01  2.58330791e-04 
 2.04173794e+02 -7.17997700e+01  2.57046385e-04 
 2.06538016e+02 -7.18436421e+01  2.55751326e-04 
 2.08929613e+02 -7.18880955e+01  2.54445763e-04 
 2.11348904e+02 -7.19331322e+01  2.53129868e-04 
 2.13796209e+02 -7.19787537e+01  2.51803822e-04 
 2.16271852e+02 -7.20211835e+01  2.50576780e-04 
 2.18776162e+02 -7.20679797e+01  2.49230399e-04 
 2.21309471e+02 -7.21153657e+01  2.47874421e-04 
 2.23872114e+02 -7.21633423e+01  2.46509059e-04 
 2.26464431e+02 -7.22119114e+01  2.45134496e-04 
 2.29086765e+02 -7.22572950e+01  2.43857013e-04 
 2.31739465e+02 -7.23070508e+01  2.42464109e-04 
 2.34422882e+02 -7.23574010e+01  2.41062663e-04 
 2.37137371e+02 -7.24083465e+01  2.39652892e-04 
 2.39883292e+02 -7.24561099e+01  2.38338666e-04 
 2.42661010e+02 -7.25082470e+01  2.36912323e-04 
 2.45470892e+02 -7.25609802e+01  2.35478354e-04 
 2.48313311e+02 -7.26143094e+01  2.34037003e-04 
 2.51188643e+02 -7.26644566e+01  2.32689706e-04 
 2.54097271e+02 -7.27189772e+01  2.31233705e-04 
 2.57039578e+02 -7.27740937e+01  2.29771052e-04 
 2.60015956e+02 -7.28298045e+01  2.28302032e-04 
 2.63026799e+02 -7.28823312e+01  2.26925572e-04 
 2.66072506e+02 -7.29392295e+01  2.25443920e-04 
 2.69153480e+02 -7.29967200e+01  2.23956670e-04 
 2.72270131e+02 -7.30548019e+01  2.22464085e-04 
 2.75422870e+02 -7.31096950e+01  2.21062587e-04 
 2.78612117e+02 -7.31689555e+01  2.19559497e-04 
 2.81838293e+02 -7.32288032e+01  2.18051883e-04 
 2.85101827e+02 -7.32854579e+01  2.16634243e-04 
 2.88403150e+02 -7.33464752e+01  2.15117748e-04 
 2.91742701e+02 -7.34080746e+01  2.13597551e-04 
 2.95120923e+02 -7.34664756e+01  2.12166212e-04 
 2.98538262e+02 -7.35292333e+01  2.10638782e-04 
 3.01995172e+02 -7.35887888e+01  2.09199459e-04 
 3.05492111e+02 -7.36526963e+01  2.07665897e-04 
 3.09029543e+02 -7.37171752e+01  2.06130018e-04 
 3.12607937e+02 -7.37784447e+01  2.04681111e-04 
 3.16227766e+02 -7.38440593e+01  2.03140743e-04 
 3.19889511e+02 -7.39102378e+01  2.01598877e-04 
 3.23593657e+02 -7.39731986e+01  2.00142845e-04 
 3.27340695e+02 -7.40404966e+01  1.98598137e-04 
 3.31131121e+02 -7.41045711e+01  1.97138498e-04 
 3.34965439e+02 -7.41729768e+01  1.95592032e-04 
 3.38844156e+02 -7.42381539e+01  1.94129844e-04 
 3.42767787e+02 -7.43076556e+01  1.92582678e-04 
 3.46736850e+02 -7.43739220e+01  1.91119015e-04 
 3.50751874e+02 -7.44445069e+01  1.89572202e-04 
 3.54813389e+02 -7.45118501e+01  1.88108099e-04 
 3.58921935e+02 -7.45835053e+01  1.86562664e-04 
 3.63078055e+02 -7.46519119e+01  1.85099141e-04 
 3.67282300e+02 -7.47246237e+01  1.83556096e-04 
 3.71535229e+02 -7.47940805e+01  1.82094142e-04 
 3.75837404e+02 -7.48678354e+01  1.80554465e-04 
 3.80189396e+02 -7.49383282e+01  1.79095054e-04 
 3.84591782e+02 -7.50093336e+01  1.77636956e-04 
 3.89045145e+02 -7.50846267e+01  1.76103776e-04 
 3.93550075e+02 -7.51566467e+01  1.74649629e-04 
 3.98107171e+02 -7.52329471e+01  1.73122153e-04 
 4.02717034e+02 -7.53059673e+01  1.71672858e-04 
 4.07380278e+02 -7.53794828e+01  1.70225987e-04 
 4.12097519e+02 -7.54572677e+01  1.68708365e-04 
 4.16869383e+02 -7.55317615e+01  1.67267638e-04 
 4.21696503e+02 -7.56067392e+01  1.65829978e-04 
 4.26579519e+02 -7.56821976e+01  1.64395573e-04 
 4.31519077e+02 -7.57619110e+01  1.62893761e-04 
 4.36515832e+02 -7.58383191e+01  1.61467100e-04 
 4.41570447e+02 -7.59151969e+01  1.60044279e-04 
 4.46683592e+02 -7.59925414e+01  1.58625473e-04 
 4.51855944e+02 -7.60703484e+01  1.57210874e-04 
 4.57088190e+02 -7.61523928e+01  1.55732897e-04 
 4.62381021e+02 -7.62311149e+01  1.54327833e-04 
 4.67735141e+02 -7.63102894e+01  1.52927479e-04 
 4.73151259e+02 -7.63899128e+01  1.51532001e-04 
 4.78630092e+02 -7.64699825e+01  1.50141543e-04 
 4.84172368e+02 -7.65504947e+01  1.48756264e-04 
 4.89778819e+02 -7.66314465e+01  1.47376308e-04 
 4.95450191e+02 -7.67128347e+01  1.46001819e-04 
 5.01187234e+02 -7.67946563e+01  1.44632930e-04 
 5.06990708e+02 -7.68769081e+01  1.43269780e-04 
 5.12861384e+02 -7.69595874e+01  1.41912494e-04 
 5.18800039e+02 -7.70426913e+01  1.40561194e-04 
 5.24807460e+02 -7.71262172e+01  1.39215997e-04 
 5.30884444e+02 -7.72101619e+01  1.37877025e-04 
 5.37031796e+02 -7.72907450e+01  1.36603791e-04 
 5.43250331e+02 -7.73755201e+01  1.35277011e-04 
 5.49540874e+02 -7.74607072e+01  1.33956761e-04 
 5.55904257e+02 -7.75463032e+01  1.32643154e-04 
 5.62341325e+02 -7.76285278e+01  1.31393418e-04 
 5.68852931e+02 -7.77149353e+01  1.30092792e-04 
 5.75439937e+02 -7.78017455e+01  1.28799069e-04 
 5.82103218e+02 -7.78851783e+01  1.27567806e-04 
 5.88843655e+02 -7.79727878e+01  1.26287571e-04 
 5.95662144e+02 -7.80607946e+01  1.25014466e-04 
 6.02559586e+02 -7.81454185e+01  1.23802403e-04 
 6.09536897e+02 -7.82342144e+01  1.22543218e-04 
 6.16595002e+02 -7.83196243e+01  1.21344134e-04 
 6.23734835e+02 -7.84092037e+01  1.20099117e-04 
 6.30957344e+02 -7.84953943e+01  1.18913260e-04 
 6.38263486e+02 -7.85819737e+01  1.17733841e-04 
 6.45654229e+02 -7.86727194e+01  1.16510222e-04 
 6.53130553e+02 -7.87600735e+01  1.15344349e-04 
 6.60693448e+02 -7.88478136e+01  1.14185070e-04 
 6.68343918e+02 -7.89359398e+01  1.13032416e-04 
 6.76082975e+02 -7.90244509e+01  1.11886439e-04 
 6.83911647e+02 -7.91171251e+01  1.10699012e-04 
 6.91830971e+02 -7.92064057e+01  1.09566986e-04 
 6.99841996e+02 -7.92960705e+01  1.08441740e-04 
 7.07945784e+02 -7.93861202e+01  1.07323293e-04 
 7.16143410e+02 -7.94765551e+01  1.06211672e-04 
 7.24435960e+02 -7.95635965e+01  1.05152639e-04 
 7.32824533e+02 -7.96548022e+01  1.04054267e-04 
 7.41310241e+02 -7.97463942e+01  1.02962787e-04 
 7.49894209e+02 -7.98383736e+01  1.01878213e-04 
 7.58577575e+02 -7.99269630e+01  1.00844415e-04 
 7.67361489e+02 -8.00197202e+01  9.97732208e-05 
 7.76247117e+02 -8.01128681e+01  9.87089647e-05 
 7.85235635e+02 -8.02026479e+01  9.76939350e-05 
 7.94328235e+02 -8.02965819e+01  9.66431113e-05 
 8.03526122e+02 -8.03871330e+01  9.56408329e-05 
 8.12830516e+02 -8.04780816e+01  9.46446176e-05 
 8.22242650e+02 -8.05694299e+01  9.36544684e-05 
 8.31763771e+02 -8.06649586e+01  9.26300871e-05 
 8.41395142e+02 -8.07571133e+01  9.16525038e-05 
 8.51138038e+02 -8.08496752e+01  9.06809869e-05 
 8.60993752e+02 -8.09426471e+01  8.97155336e-05 
 8.70963590e+02 -8.10360321e+01  8.87561378e-05 
 8.81048873e+02 -8.11298329e+01  8.78027974e-05 
 8.91250938e+02 -8.12202756e+01  8.68932863e-05 
 9.01571138e+02 -8.13149196e+01  8.59516110e-05 
 9.12010839e+02 -8.14099906e+01  8.50159610e-05 
 9.22571427e+02 -8.15017147e+01  8.41229060e-05 
 9.33254301e+02 -8.15976521e+01  8.31988641e-05 
 9.44060876e+02 -8.16902511e+01  8.23166042e-05 
 9.54992586e+02 -8.17870727e+01  8.14041165e-05 
 9.66050879e+02 -8.18805647e+01  8.05326083e-05 
 9.77237221e+02 -8.19745109e+01  7.96662643e-05 
 9.88553095e+02 -8.20689172e+01  7.88050667e-05 
 1.00000000e+03 -8.21637882e+01  7.79490076e-05 
 1.01157945e+03 -8.22591298e+01  7.70980703e-05 
 1.02329299e+03 -8.23549482e+01  7.62522368e-05 
 1.03514217e+03 -8.24474710e+01  7.54443032e-05 
 1.04712855e+03 -8.25442615e+01  7.46082622e-05 
 1.05925373e+03 -8.26377697e+01  7.38093726e-05 
 1.07151931e+03 -8.27355588e+01  7.29830583e-05 
 1.08392691e+03 -8.28300801e+01  7.21931508e-05 
 1.09647820e+03 -8.29251186e+01  7.14075393e-05 
 1.10917482e+03 -8.30206822e+01  7.06262085e-05 
 1.12201845e+03 -8.31167792e+01  6.98491358e-05 
 1.13501082e+03 -8.32134176e+01  6.90763083e-05 
 1.14815362e+03 -8.33068276e+01  6.83374267e-05 
 1.16144861e+03 -8.34045741e+01  6.75727035e-05 
 1.17489755e+03 -8.34991105e+01  6.68412365e-05 
 1.18850223e+03 -8.35980022e+01  6.60845430e-05 
 1.20226443e+03 -8.36937023e+01  6.53604274e-05 
 1.21618600e+03 -8.37899988e+01  6.46398081e-05 
 1.23026877e+03 -8.38869024e+01  6.39226662e-05 
 1.24451461e+03 -8.39806452e+01  6.32364875e-05 
 1.25892541e+03 -8.40787948e+01  6.25259442e-05 
 1.27350308e+03 -8.41738058e+01  6.18457287e-05 
 1.28824955e+03 -8.42732460e+01  6.11417271e-05 
 1.30316678e+03 -8.43695710e+01  6.04674215e-05 
 1.31825674e+03 -8.44665718e+01  5.97959006e-05 
 1.33352143e+03 -8.45642602e+01  5.91271562e-05 
 1.34896288e+03 -8.46588712e+01  5.84866087e-05 
 1.36458314e+03 -8.47579745e+01  5.78230873e-05 
 1.38038426e+03 -8.48540272e+01  5.71871745e-05 
 1.39636836e+03 -8.49508220e+01  5.65534236e-05 
 1.41253754e+03 -8.50483730e+01  5.59218266e-05 
 1.42889396e+03 -8.51466956e+01  5.52923719e-05 
 1.44543977e+03 -8.52420259e+01  5.46888390e-05 
 1.46217717e+03 -8.53419371e+01  5.40633741e-05 
 1.47910839e+03 -8.54388875e+01  5.34632831e-05 
 1.49623566e+03 -8.55366731e+01  5.28647698e-05 
 1.51356125e+03 -8.56315322e+01  5.22905719e-05 
 1.53108746e+03 -8.57310381e+01  5.16949472e-05 
 1.54881662e+03 -8.58276526e+01  5.11231221e-05 
 1.56675107e+03 -8.59251729e+01  5.05523506e-05 
 1.58489319e+03 -8.60236168e+01  4.99826363e-05 
 1.60324539e+03 -8.61230039e+01  4.94139764e-05 
 1.62181010e+03 -8.62195757e+01  4.88676228e-05 
 1.64058977e+03 -8.63171311e+01  4.83218379e-05 
 1.65958691e+03 -8.64156907e+01  4.77766247e-05 
 1.67880402e+03 -8.65152757e+01  4.72319868e-05 
 1.69824365e+03 -8.66121295e+01  4.67082421e-05 
 1.71790839e+03 -8.67100534e+01  4.61846155e-05 
 1.73780083e+03 -8.68090702e+01  4.56611127e-05 
 1.75792361e+03 -8.69054615e+01  4.51571917e-05 
 1.77827941e+03 -8.70029568e+01  4.46531563e-05 
 1.79887092e+03 -8.71016175e+01  4.41488227e-05 
 1.81970086e+03 -8.72014688e+01  4.36442024e-05 
 1.84077200e+03 -8.72987581e+01  4.31580781e-05 
 1.86208714e+03 -8.73972911e+01  4.26712581e-05 
 1.88364909e+03 -8.74970941e+01  4.21837606e-05 
 1.90546072e+03 -8.75944183e+01  4.17137356e-05 
 1.92752491e+03 -8.76930694e+01  4.12426471e-05 
 1.94984460e+03 -8.77930772e+01  4.07705097e-05 
 1.97242274e+03 -8.78906934e+01  4.03148762e-05 
 1.99526231e+03 -8.79897270e+01  3.98578302e-05 
 2.01836636e+03 -8.80864312e+01  3.94165345e-05 
 2.04173794e+03 -8.81883959e+01  3.89565247e-05 
 2.06538016e+03 -8.82843175e+01  3.85286795e-05 
 2.08929613e+03 -8.83854263e+01  3.80827838e-05 
 2.11348904e+03 -8.84844806e+01  3.76509526e-05 
 2.13796209e+03 -8.85813752e+01  3.72332751e-05 
 2.16271852e+03 -8.86799250e+01  3.68132154e-05 
 2.18776162e+03 -8.87801674e+01  3.63908021e-05 
 2.21309471e+03 -8.88783624e+01  3.59817167e-05 
 2.23872114e+03 -8.89783271e+01  3.55699820e-05 
 2.26464431e+03 -8.90763237e+01  3.51709269e-05 
 2.29086765e+03 -8.91761714e+01  3.47689384e-05 
 2.31739465e+03 -8.92741334e+01  3.43790069e-05 
 2.34422882e+03 -8.93740319e+01  3.39858709e-05 
 2.37137371e+03 -8.94721688e+01  3.36040453e-05 
 2.39883292e+03 -8.95722943e+01  3.32189030e-05 
 2.42661010e+03 -8.96707130e+01  3.28446280e-05 
 2.45470892e+03 -8.97674715e+01  3.24807781e-05 
 2.48313311e+03 -8.98663971e+01  3.21129455e-05 
 2.51188643e+03 -8.99675391e+01  3.17411783e-05 
 2.54097271e+03 -9.00671698e+01  3.13791743e-05 
 2.57039578e+03 -9.01653410e+01  3.10265115e-05 
 2.60015956e+03 -9.02658852e+01  3.06694326e-05 
 2.63026799e+03 -9.03650955e+01  3.03211190e-05 
 2.66072506e+03 -9.04629918e+01  2.99812966e-05 
 2.69153480e+03 -9.05634271e+01  2.96366183e-05 
 2.72270131e+03 -9.06626817e+01  2.92998850e-05 
 2.75422870e+03 -9.07608158e+01  2.89707148e-05 
 2.78612117e+03 -9.08616679e+01  2.86362804e-05 
 2.81838293e+03 -9.09577441e+01  2.83212746e-05 
 2.85101827e+03 -9.10604440e+01  2.79883824e-05 
 2.88403150e+03 -9.11584979e+01  2.76742020e-05 
 2.91742701e+03 -9.12557512e+01  2.73660703e-05 
 2.95120923e+03 -9.13560505e+01  2.70518814e-05 
 2.98538262e+03 -9.14556882e+01  2.67433365e-05 
 3.01995172e+03 -9.15547362e+01  2.64401058e-05 
 3.05492111e+03 -9.16533048e+01  2.61417563e-05 
 3.09029543e+03 -9.17551742e+01  2.58369527e-05 
 3.12607937e+03 -9.18529017e+01  2.55478828e-05 
 3.16227766e+03 -9.19541226e+01  2.52518890e-05 
 3.19889511e+03 -9.20513613e+01  2.49707701e-05 
 3.23593657e+03 -9.21522572e+01  2.46823860e-05 
 3.27340695e+03 -9.22531165e+01  2.43974352e-05 
 3.31131121e+03 -9.23502470e+01  2.41261293e-05 
 3.34965439e+03 -9.24512944e+01  2.38470839e-05 
 3.38844156e+03 -9.25487934e+01  2.35808974e-05 
 3.42767787e+03 -9.26504293e+01  2.33065792e-05 
 3.46736850e+03 -9.27486674e+01  2.30444651e-05 
 3.50751874e+03 -9.28474194e+01  2.27839505e-05 
 3.54813389e+03 -9.29467855e+01  2.25247887e-05 
 3.58921935e+03 -9.30468676e+01  2.22667392e-05 
 3.63078055e+03 -9.31477694e+01  2.20095686e-05 
 3.67282300e+03 -9.32458193e+01  2.17625125e-05 
 3.71535229e+03 -9.33449053e+01  2.15156630e-05 
 3.75837404e+03 -9.34451386e+01  2.12688041e-05 
 3.80189396e+03 -9.35466521e+01  2.10216788e-05 
 3.84591782e+03 -9.36457472e+01  2.07832107e-05 
 3.89045145e+03 -9.37463414e+01  2.05439018e-05 
 3.93550075e+03 -9.38448150e+01  2.03123068e-05 
 3.98107171e+03 -9.39449973e+01  2.00793725e-05 
 4.02717034e+03 -9.40432769e+01  1.98534578e-05 
 4.07380278e+03 -9.41435620e+01  1.96255528e-05 
 4.12097519e+03 -9.42422097e+01  1.94039218e-05 
 4.16869383e+03 -9.43431352e+01  1.91797632e-05 
 4.21696503e+03 -9.44427007e+01  1.89611628e-05 
 4.26579519e+03 -9.45410869e+01  1.87475990e-05 
 4.31519077e+03 -9.46421469e+01  1.85307353e-05 
 4.36515832e+03 -9.47422891e+01  1.83183158e-05 
 4.41570447e+03 -9.48416683e+01  1.81099223e-05 
 4.46683592e+03 -9.49404422e+01  1.79051469e-05 
 4.51855944e+03 -9.50425690e+01  1.76958549e-05 
 4.57088190e+03 -9.51406211e+01  1.74972157e-05 
 4.62381021e+03 -9.52423426e+01  1.72934988e-05 
 4.67735141e+03 -9.53402269e+01  1.70997065e-05 
 4.73151259e+03 -9.54384760e+01  1.69073756e-05 
 4.78630092e+03 -9.55409628e+01  1.67090539e-05 
 4.84172368e+03 -9.56402422e+01  1.65191573e-05 
 4.89778819e+03 -9.57403207e+01  1.63299165e-05 
 4.95450191e+03 -9.58376320e+01  1.61479873e-05 
 5.01187234e+03 -9.59398938e+01  1.59589866e-05 
 5.06990708e+03 -9.60397917e+01  1.57764910e-05 
 5.12861384e+03 -9.61374958e+01  1.56000219e-05 
 5.18800039e+03 -9.62370357e+01  1.54222668e-05 
 5.24807460e+03 -9.63385908e+01  1.52430004e-05 
 5.30884444e+03 -9.64386447e+01  1.50684217e-05 
 5.37031796e+03 -9.65373876e+01  1.48980908e-05 
 5.43250331e+03 -9.66388694e+01  1.47250416e-05 
 5.49540874e+03 -9.67357536e+01  1.45617080e-05 
 5.55904257e+03 -9.68358230e+01  1.43949065e-05 
 5.62341325e+03 -9.69355867e+01  1.42305166e-05 
 5.68852931e+03 -9.70352647e+01  1.40681427e-05 
 5.75439937e+03 -9.71351553e+01  1.39072811e-05 
 5.82103218e+03 -9.72355095e+01  1.37475252e-05 
 5.88843655e+03 -9.73365826e+01  1.35884798e-05 
 5.95662144e+03 -9.74348956e+01  1.34355429e-05 
 6.02559586e+03 -9.75345151e+01  1.32823294e-05 
 6.09536897e+03 -9.76357724e+01  1.31283873e-05 
 6.16595002e+03 -9.77351347e+01  1.29790608e-05 
 6.23734835e+03 -9.78365653e+01  1.28283777e-05 
 6.30957344e+03 -9.79368658e+01  1.26810937e-05 
 6.38263486e+03 -9.80362536e+01  1.25368180e-05 
 6.45654229e+03 -9.81350229e+01  1.23950663e-05 
 6.53130553e+03 -9.82335670e+01  1.22552351e-05 
 6.60693448e+03 -9.83359359e+01  1.21116470e-05 
 6.68343918e+03 -9.84349629e+01  1.19743475e-05 
 6.76082975e+03 -9.85348085e+01  1.18374886e-05 
 6.83911647e+03 -9.86358425e+01  1.17005930e-05 
 6.91830971e+03 -9.87346104e+01  1.15682984e-05 
 6.99841996e+03 -9.88353519e+01  1.14349009e-05 
 7.07945784e+03 -9.89346123e+01  1.13049693e-05 
 7.16143410e+03 -9.90328528e+01  1.11778264e-05 
 7.24435960e+03 -9.91342497e+01  1.10480979e-05 
 7.32824533e+03 -9.92354500e+01  1.09201222e-05 
 7.41310241e+03 -9.93331103e+01  1.07980289e-05 
 7.49894209e+03 -9.94351111e+01  1.06719663e-05 
 7.58577575e+03 -9.95345955e+01  1.05504316e-05 
 7.67361489e+03 -9.96319077e+01  1.04328897e-05 
 7.76247117e+03 -9.97313042e+01  1.03141820e-05 
 7.85235635e+03 -9.98332719e+01  1.01938069e-05 
 7.94328235e+03 -9.99345341e+01  1.00756551e-05 
 8.03526122e+03 -1.00031824e+02  9.96342877e-06 
 8.12830516e+03 -1.00133219e+02  9.84779564e-06 
 8.22242650e+03 -1.00231720e+02  9.73675001e-06 
 8.31763771e+03 -1.00331615e+02  9.62541040e-06 
 8.41395142e+03 -1.00433501e+02  9.51316373e-06 
 8.51138038e+03 -1.00534119e+02  9.40359833e-06 
 8.60993752e+03 -1.00633989e+02  9.29609526e-06 
 8.70963590e+03 -1.00733957e+02  9.18971695e-06 
 8.81048873e+03 -1.00830701e+02  9.08792941e-06 
 8.91250938e+03 -1.00932443e+02  8.98209921e-06 
 9.01571138e+03 -1.01032215e+02  8.87951530e-06 
 9.12010839e+03 -1.01130750e+02  8.77935260e-06 
 9.22571427e+03 -1.01232445e+02  8.67716246e-06 
 9.33254301e+03 -1.01330471e+02  8.57978556e-06 
 9.44060876e+03 -1.01433054e+02  8.47905210e-06 
 9.54992586e+03 -1.01533273e+02  8.38178179e-06 
 9.66050879e+03 -1.01632095e+02  8.28696044e-06 
 9.77237221e+03 -1.01730153e+02  8.19393196e-06 
 9.88553095e+03 -1.01831982e+02  8.09843141e-06 
 1.00000000e+04 -1.01930854e+02  8.00676867e-06 
 1.01157945e+04 -1.02031341e+02  7.91467232e-06 
 1.02329299e+04 -1.02130493e+02  7.82483799e-06 
 1.03514217e+04 -1.02232937e+02  7.73309137e-06 
 1.04712855e+04 -1.02331827e+02  7.64554833e-06 
 1.05925373e+04 -1.02432147e+02  7.55775204e-06 
 1.07151931e+04 -1.02530872e+02  7.47233609e-06 
 1.08392691e+04 -1.02632708e+02  7.38523971e-06 
 1.09647820e+04 -1.02731071e+02  7.30207808e-06 
 1.10917482e+04 -1.02830695e+02  7.21880385e-06 
 1.12201845e+04 -1.02932419e+02  7.13475496e-06 
 1.13501082e+04 -1.03030024e+02  7.05502859e-06 
 1.14815362e+04 -1.03131936e+02  6.97273590e-06 
 1.16144861e+04 -1.03231701e+02  6.89310575e-06 
 1.17489755e+04 -1.03330378e+02  6.81523942e-06 
 1.18850223e+04 -1.03429122e+02  6.73820043e-06 
 1.20226443e+04 -1.03532678e+02  6.65834190e-06 
 1.21618600e+04 -1.03631184e+02  6.58325669e-06 
 1.23026877e+04 -1.03729497e+02  6.50916335e-06 
 1.24451461e+04 -1.03832600e+02  6.43235481e-06 
 1.25892541e+04 -1.03930435e+02  6.36030927e-06 
 1.27350308e+04 -1.04031666e+02  6.28661273e-06 
 1.28824955e+04 -1.04130349e+02  6.21559258e-06 
 1.30316678e+04 -1.04231469e+02  6.14365110e-06 
 1.31825674e+04 -1.04328828e+02  6.07517252e-06 
 1.33352143e+04 -1.04431304e+02  6.00391869e-06 
 1.34896288e+04 -1.04529232e+02  5.93660852e-06 
 1.36458314e+04 -1.04631520e+02  5.86710672e-06 
 1.38038426e+04 -1.04732160e+02  5.79951917e-06 
 1.39636836e+04 -1.04828702e+02  5.73541550e-06 
 1.41253754e+04 -1.04930621e+02  5.66851010e-06 
 1.42889396e+04 -1.05031821e+02  5.60284952e-06 
 1.44543977e+04 -1.05130157e+02  5.53977560e-06 
 1.46217717e+04 -1.05231017e+02  5.47581999e-06 
 1.47910839e+04 -1.05328786e+02  5.41452924e-06 
 1.49623566e+04 -1.05428949e+02  5.35244897e-06 
 1.51356125e+04 -1.05529347e+02  5.29093786e-06 
 1.53108746e+04 -1.05628358e+02  5.23096868e-06 
 1.54881662e+04 -1.05731379e+02  5.16929155e-06 
 1.56675107e+04 -1.05829322e+02  5.11132999e-06 
 1.58489319e+04 -1.05931554e+02  5.05152282e-06 
 1.60324539e+04 -1.06028692e+02  4.99534395e-06 
 1.62181010e+04 -1.06130603e+02  4.93707655e-06 
 1.64058977e+04 -1.06231740e+02  4.87992347e-06 
 1.65958691e+04 -1.06330366e+02  4.82482625e-06 
 1.67880402e+04 -1.06428978e+02  4.77035915e-06 
 1.69824365e+04 -1.06529757e+02  4.71533086e-06 
 1.71790839e+04 -1.06631139e+02  4.66061285e-06 
 1.73780083e+04 -1.06728151e+02  4.60884855e-06 
 1.75792361e+04 -1.06830627e+02  4.55479294e-06 
 1.77827941e+04 -1.06929926e+02  4.50301812e-06 
 1.79887092e+04 -1.07028405e+02  4.45225212e-06 
 1.81970086e+04 -1.07128913e+02  4.40103008e-06 
 1.84077200e+04 -1.07230234e+02  4.34999027e-06 
 1.86208714e+04 -1.07331198e+02  4.29971913e-06 
 1.88364909e+04 -1.07431135e+02  4.25053152e-06 
 1.90546072e+04 -1.07528845e+02  4.20298431e-06 
 1.92752491e+04 -1.07631312e+02  4.15369286e-06 
 1.94984460e+04 -1.07729970e+02  4.10678050e-06 
 1.97242274e+04 -1.07828165e+02  4.06061456e-06 
 1.99526231e+04 -1.07928785e+02  4.01384637e-06 
 2.01836636e+04 -1.08031545e+02  3.96663969e-06 
 2.04173794e+04 -1.08128113e+02  3.92278379e-06 
 2.06538016e+04 -1.08229760e+02  3.87714472e-06 
 2.08929613e+04 -1.08328276e+02  3.83341839e-06 
 2.11348904e+04 -1.08431135e+02  3.78829022e-06 
 2.13796209e+04 -1.08530746e+02  3.74509372e-06 
 2.16271852e+04 -1.08630608e+02  3.70228281e-06 
 2.18776162e+04 -1.08730925e+02  3.65976957e-06 
 2.21309471e+04 -1.08827793e+02  3.61918150e-06 
 2.23872114e+04 -1.08929103e+02  3.57721327e-06 
 2.26464431e+04 -1.09031483e+02  3.53529639e-06 
 2.29086765e+04 -1.09131237e+02  3.49492728e-06 
 2.31739465e+04 -1.09228997e+02  3.45581233e-06 
 2.34422882e+04 -1.09329138e+02  3.41619855e-06 
 2.37137371e+04 -1.09428718e+02  3.37725698e-06 
 2.39883292e+04 -1.09528161e+02  3.33881186e-06 
 2.42661010e+04 -1.09628533e+02  3.30045136e-06 
 2.45470892e+04 -1.09730866e+02  3.26179515e-06 
 2.48313311e+04 -1.09828815e+02  3.22521923e-06 
 2.51188643e+04 -1.09930876e+02  3.18754415e-06 
 2.54097271e+04 -1.10030950e+02  3.15102968e-06 
 2.57039578e+04 -1.10130551e+02  3.11510341e-06 
 2.60015956e+04 -1.10231200e+02  3.07921473e-06 
 2.63026799e+04 -1.10330860e+02  3.04408654e-06 
 2.66072506e+04 -1.10427545e+02  3.01038981e-06 
 2.69153480e+04 -1.10530831e+02  2.97480463e-06 
 2.72270131e+04 -1.10627642e+02  2.94183222e-06 
 2.75422870e+04 -1.10727805e+02  2.90810293e-06 
 2.78612117e+04 -1.10829930e+02  2.87411075e-06 
 2.81838293e+04 -1.10929044e+02  2.84150083e-06 
 2.85101827e+04 -1.11031221e+02  2.80827062e-06 
 2.88403150e+04 -1.11128498e+02  2.77699513e-06 
 2.91742701e+04 -1.11230781e+02  2.74448556e-06 
 2.95120923e+04 -1.11330249e+02  2.71323574e-06 
 2.98538262e+04 -1.11430337e+02  2.68215067e-06 
 3.01995172e+04 -1.11530244e+02  2.65147675e-06 
 3.05492111e+04 -1.11630351e+02  2.62109314e-06 
 3.09029543e+04 -1.11730069e+02  2.59117387e-06 
 3.12607937e+04 -1.11830061e+02  2.56151525e-06 
 3.16227766e+04 -1.11930497e+02  2.53206676e-06 
 3.19889511e+04 -1.12028046e+02  2.50378881e-06 
 3.23593657e+04 -1.12127509e+02  2.47528138e-06 
 3.27340695e+04 -1.12229620e+02  2.44635235e-06 
 3.31131121e+04 -1.12327926e+02  2.41882094e-06 
 3.34965439e+04 -1.12427689e+02  2.39119815e-06 
 3.38844156e+04 -1.12530297e+02  2.36311655e-06 
 3.42767787e+04 -1.12630098e+02  2.33611976e-06 
 3.46736850e+04 -1.12728909e+02  2.30969455e-06 
 3.50751874e+04 -1.12828951e+02  2.28324464e-06 
 3.54813389e+04 -1.12929058e+02  2.25708068e-06 
 3.58921935e+04 -1.13027840e+02  2.23155703e-06 
 3.63078055e+04 -1.13128252e+02  2.20590804e-06 
 3.67282300e+04 -1.13229719e+02  2.18028881e-06 
 3.71535229e+04 -1.13328050e+02  2.15574549e-06 
 3.75837404e+04 -1.13430635e+02  2.13043469e-06 
 3.80189396e+04 -1.13530056e+02  2.10618829e-06 
 3.84591782e+04 -1.13630597e+02  2.08194926e-06 
 3.89045145e+04 -1.13728892e+02  2.05852154e-06 
 3.93550075e+04 -1.13829599e+02  2.03479203e-06 
 3.98107171e+04 -1.13930464e+02  2.01129971e-06 
 4.02717034e+04 -1.14029137e+02  1.98858033e-06 
 4.07380278e+04 -1.14127357e+02  1.96622014e-06 
 4.12097519e+04 -1.14231098e+02  1.94287600e-06 
 4.16869383e+04 -1.14327606e+02  1.92140855e-06 
 4.21696503e+04 -1.14430848e+02  1.89870557e-06 
 4.26579519e+04 -1.14529092e+02  1.87735056e-06 
 4.31519077e+04 -1.14629291e+02  1.85581819e-06 
 4.36515832e+04 -1.14727719e+02  1.83490701e-06 
 4.41570447e+04 -1.14828647e+02  1.81370927e-06 
 4.46683592e+04 -1.14928887e+02  1.79289834e-06 
 4.51855944e+04 -1.15029364e+02  1.77227782e-06 
 4.57088190e+04 -1.15127965e+02  1.75227296e-06 
 4.62381021e+04 -1.15230067e+02  1.73179562e-06 
 4.67735141e+04 -1.15330420e+02  1.71190236e-06 
 4.73151259e+04 -1.15427963e+02  1.69278513e-06 
 4.78630092e+04 -1.15529400e+02  1.67313127e-06 
 4.84172368e+04 -1.15630707e+02  1.65373018e-06 
 4.89778819e+04 -1.15728100e+02  1.63529085e-06 
 4.95450191e+04 -1.15829899e+02  1.61623708e-06 
 5.01187234e+04 -1.15929472e+02  1.59781467e-06 
 5.06990708e+04 -1.16028115e+02  1.57977148e-06 
 5.12861384e+04 -1.16128075e+02  1.56169507e-06 
 5.18800039e+04 -1.16227728e+02  1.54388021e-06 
 5.24807460e+04 -1.16330321e+02  1.52575196e-06 
 5.30884444e+04 -1.16427621e+02  1.50875577e-06 
 5.37031796e+04 -1.16527524e+02  1.49150180e-06 
 5.43250331e+04 -1.16630762e+02  1.47387929e-06 
 5.49540874e+04 -1.16727237e+02  1.45759937e-06 
 5.55904257e+04 -1.16830098e+02  1.44043975e-06 
 5.62341325e+04 -1.16930396e+02  1.42390227e-06 
 5.68852931e+04 -1.17027360e+02  1.40809522e-06 
 5.75439937e+04 -1.17128274e+02  1.39183036e-06 
 5.82103218e+04 -1.17229657e+02  1.37567913e-06 
 5.88843655e+04 -1.17328858e+02  1.36005693e-06 
 5.95662144e+04 -1.17427737e+02  1.34466213e-06 
 6.02559586e+04 -1.17528292e+02  1.32918489e-06 
 6.09536897e+04 -1.17629895e+02  1.31372731e-06 
 6.16595002e+04 -1.17728644e+02  1.29887632e-06 
 6.23734835e+04 -1.17828933e+02  1.28396553e-06 
 6.30957344e+04 -1.17928158e+02  1.26938132e-06 
 6.38263486e+04 -1.18028773e+02  1.25476194e-06 
 6.45654229e+04 -1.18129240e+02  1.24033221e-06 
 6.53130553e+04 -1.18229688e+02  1.22607099e-06 
 6.60693448e+04 -1.18330763e+02  1.21188626e-06 
 6.68343918e+04 -1.18429848e+02  1.19814006e-06 
 6.76082975e+04 -1.18529134e+02  1.18452239e-06 
 6.83911647e+04 -1.18628178e+02  1.17109222e-06 
 6.91830971e+04 -1.18730737e+02  1.15734576e-06 
 6.99841996e+04 -1.18830156e+02  1.14417433e-06 
 7.07945784e+04 -1.18928658e+02  1.13127214e-06 
 7.16143410e+04 -1.19028778e+02  1.11830719e-06 
 7.24435960e+04 -1.19130870e+02  1.10523973e-06 
 7.32824533e+04 -1.19227906e+02  1.09296104e-06 
 7.41310241e+04 -1.19329807e+02  1.08021368e-06 
 7.49894209e+04 -1.19428023e+02  1.06806793e-06 
 7.58577575e+04 -1.19530644e+02  1.05552323e-06 
 7.67361489e+04 -1.19627294e+02  1.04384331e-06 
 7.76247117e+04 -1.19728126e+02  1.03179570e-06 
 7.85235635e+04 -1.19828955e+02  1.01988742e-06 
 7.94328235e+04 -1.19927301e+02  1.00840496e-06 
 8.03526122e+04 -1.20028394e+02  9.96736372e-07 
 8.12830516e+04 -1.20128347e+02  9.85332121e-07 
 8.22242650e+04 -1.20227429e+02  9.74156096e-07 
 8.31763771e+04 -1.20327939e+02  9.62948526e-07 
 8.41395142e+04 -1.20429151e+02  9.51792899e-07 
 8.51138038e+04 -1.20527909e+02  9.41032385e-07 
 8.60993752e+04 -1.20630329e+02  9.30001288e-07 
 8.70963590e+04 -1.20728186e+02  9.19582556e-07 
 8.81048873e+04 -1.20830122e+02  9.08853577e-07 
 8.91250938e+04 -1.20927526e+02  8.98718514e-07 
 9.01571138e+04 -1.21027901e+02  8.88392622e-07 
 9.12010839e+04 -1.21129221e+02  8.78089874e-07 
 9.22571427e+04 -1.21227170e+02  8.68243379e-07 
 9.33254301e+04 -1.21330303e+02  8.57995178e-07 
 9.44060876e+04 -1.21429767e+02  8.48226144e-07 
 9.54992586e+04 -1.21529892e+02  8.38504529e-07 
 9.66050879e+04 -1.21628971e+02  8.28994083e-07 
 9.77237221e+04 -1.21727365e+02  8.19656198e-07 
 9.88553095e+04 -1.21830410e+02  8.09989723e-07 
 1.00000000e+05 -1.21930613e+02  8.00699160e-07 
 1.01157945e+05 -1.22029564e+02  7.91629210e-07 
 1.02329299e+05 -1.22127208e+02  7.82779820e-07 
 1.03514217e+05 -1.22229253e+02  7.73637228e-07 
 1.04712855e+05 -1.22327752e+02  7.64913634e-07 
 1.05925373e+05 -1.22428704e+02  7.56074907e-07 
 1.07151931e+05 -1.22528596e+02  7.47429443e-07 
 1.08392691e+05 -1.22629915e+02  7.38761496e-07 
 1.09647820e+05 -1.22729461e+02  7.30343148e-07 
 1.10917482e+05 -1.22830347e+02  7.21909339e-07 
 1.12201845e+05 -1.22930345e+02  7.13645866e-07 
 1.13501082e+05 -1.23029727e+02  7.05526986e-07 
 1.14815362e+05 -1.23130463e+02  6.97391809e-07 
 1.16144861e+05 -1.23230139e+02  6.89434528e-07 
 1.17489755e+05 -1.23328714e+02  6.81654455e-07 
 1.18850223e+05 -1.23428107e+02  6.73898744e-07 
 1.20226443e+05 -1.23529650e+02  6.66066356e-07 
 1.21618600e+05 -1.23629728e+02  6.58436027e-07 
 1.23026877e+05 -1.23727516e+02  6.51064808e-07 
 1.24451461e+05 -1.23828231e+02  6.43559116e-07 
 1.25892541e+05 -1.23929186e+02  6.36122428e-07 
 1.27350308e+05 -1.24026814e+02  6.29012528e-07 
 1.28824955e+05 -1.24127335e+02  6.21774966e-07 
 1.30316678e+05 -1.24229724e+02  6.14488575e-07 
 1.31825674e+05 -1.24328270e+02  6.07556228e-07 
 1.33352143e+05 -1.24427384e+02  6.00662903e-07 
 1.34896288e+05 -1.24528105e+02  5.93737855e-07 
 1.36458314e+05 -1.24630147e+02  5.86803424e-07 
 1.38038426e+05 -1.24729790e+02  5.80110167e-07 
 1.39636836e+05 -1.24826993e+02  5.73654424e-07 
 1.41253754e+05 -1.24927996e+02  5.67022365e-07 
 1.42889396e+05 -1.25028746e+02  5.60483339e-07 
 1.44543977e+05 -1.25128427e+02  5.54087883e-07 
 1.46217717e+05 -1.25226507e+02  5.47866351e-07 
 1.47910839e+05 -1.25329972e+02  5.41378993e-07 
 1.49623566e+05 -1.25427380e+02  5.35341622e-07 
 1.51356125e+05 -1.25530009e+02  5.29053470e-07 
 1.53108746e+05 -1.25627460e+02  5.23150905e-07 
 1.54881662e+05 -1.25728069e+02  5.17126184e-07 
 1.56675107e+05 -1.25830090e+02  5.11087805e-07 
 1.58489319e+05 -1.25928286e+02  5.05342358e-07 
 1.60324539e+05 -1.26026421e+02  4.99665031e-07 
 1.62181010e+05 -1.26128536e+02  4.93825150e-07 
 1.64058977e+05 -1.26228897e+02  4.88152101e-07 
 1.65958691e+05 -1.26326439e+02  4.82700847e-07 
 1.67880402e+05 -1.26429251e+02  4.77020929e-07 
 1.69824365e+05 -1.26527765e+02  4.71641242e-07 
 1.71790839e+05 -1.26629058e+02  4.66172956e-07 
 1.73780083e+05 -1.26726810e+02  4.60956006e-07 
 1.75792361e+05 -1.26827868e+02  4.55624023e-07 
 1.77827941e+05 -1.26929586e+02  4.50319419e-07 
 1.79887092e+05 -1.27027826e+02  4.45254885e-07 
 1.81970086e+05 -1.27127750e+02  4.40161952e-07 
 1.84077200e+05 -1.27229659e+02  4.35027859e-07 
 1.86208714e+05 -1.27328716e+02  4.30094789e-07 
 1.88364909e+05 -1.27426605e+02  4.25274907e-07 
 1.90546072e+05 -1.27527143e+02  4.20380795e-07 
 1.92752491e+05 -1.27626796e+02  4.15585329e-07 
 1.94984460e+05 -1.27727914e+02  4.10775296e-07 
 1.97242274e+05 -1.27828910e+02  4.06026629e-07 
 1.99526231e+05 -1.27928105e+02  4.01416084e-07 
 2.01836636e+05 -1.28026798e+02  3.96880811e-07 
 2.04173794e+05 -1.28126598e+02  3.92346773e-07 
 2.06538016e+05 -1.28225671e+02  3.87897043e-07 
 2.08929613e+05 -1.28326023e+02  3.83441251e-07 
 2.11348904e+05 -1.28426122e+02  3.79047750e-07 
 2.13796209e+05 -1.28529420e+02  3.74566552e-07 
 2.16271852e+05 -1.28628482e+02  3.70318904e-07 
 2.18776162e+05 -1.28728630e+02  3.66073678e-07 
 2.21309471e+05 -1.28828574e+02  3.61885582e-07 
 2.23872114e+05 -1.28928930e+02  3.57728456e-07 
 2.26464431e+05 -1.29027716e+02  3.53683015e-07 
 2.29086765e+05 -1.29125534e+02  3.49722289e-07 
 2.31739465e+05 -1.29227926e+02  3.45623835e-07 
 2.34422882e+05 -1.29328509e+02  3.41644599e-07 
 2.37137371e+05 -1.29426994e+02  3.37792716e-07 
 2.39883292e+05 -1.29525846e+02  3.33970178e-07 
 2.42661010e+05 -1.29626860e+02  3.30108705e-07 
 2.45470892e+05 -1.29727729e+02  3.26297361e-07 
 2.48313311e+05 -1.29825552e+02  3.22643121e-07 
 2.51188643e+05 -1.29925475e+02  3.18952686e-07 
 2.54097271e+05 -1.30025184e+02  3.15312218e-07 
 2.57039578e+05 -1.30126631e+02  3.11650939e-07 
 2.60015956e+05 -1.30225092e+02  3.08138104e-07 
 2.63026799e+05 -1.30324921e+02  3.04616864e-07 
 2.66072506e+05 -1.30427644e+02  3.01035554e-07 
 2.69153480e+05 -1.30525246e+02  2.97671817e-07 
 2.72270131e+05 -1.30627290e+02  2.94195159e-07 
 2.75422870e+05 -1.30726022e+02  2.90869983e-07 
 2.78612117e+05 -1.30824859e+02  2.87578912e-07 
 2.81838293e+05 -1.30925730e+02  2.84258531e-07 
 2.85101827e+05 -1.31026343e+02  2.80984821e-07 
 2.88403150e+05 -1.31124646e+02  2.77822680e-07 
 2.91742701e+05 -1.31226365e+02  2.74588108e-07 
 2.95120923e+05 -1.31326202e+02  2.71450045e-07 
 2.98538262e+05 -1.31427614e+02  2.68299138e-07 
 3.01995172e+05 -1.31527325e+02  2.65236792e-07 
 3.05492111e+05 -1.31624969e+02  2.62271759e-07 
 3.09029543e+05 -1.31724614e+02  2.59280175e-07 
 3.12607937e+05 -1.31826020e+02  2.56270737e-07 
 3.16227766e+05 -1.31924889e+02  2.53370196e-07 
 3.19889511e+05 -1.32026237e+02  2.50431050e-07 
 3.23593657e+05 -1.32125269e+02  2.47591960e-07 
 3.27340695e+05 -1.32224416e+02  2.44781839e-07 
 3.31131121e+05 -1.32323543e+02  2.42004165e-07 
 3.34965439e+05 -1.32423503e+02  2.39235066e-07 
 3.38844156e+05 -1.32523333e+02  2.36501206e-07 
 3.42767787e+05 -1.32624648e+02  2.33758609e-07 
 3.46736850e+05 -1.32723874e+02  2.31103391e-07 
 3.50751874e+05 -1.32824814e+02  2.28433237e-07 
 3.54813389e+05 -1.32923644e+02  2.25848794e-07 
 3.58921935e+05 -1.33024533e+02  2.23240688e-07 
 3.63078055e+05 -1.33125314e+02  2.20665423e-07 
 3.67282300e+05 -1.33225598e+02  2.18132370e-07 
 3.71535229e+05 -1.33323233e+02  2.15694142e-07 
 3.75837404e+05 -1.33422353e+02  2.13246714e-07 
 3.80189396e+05 -1.33524184e+02  2.10761272e-07 
 3.84591782e+05 -1.33624775e+02  2.08334529e-07 
 3.89045145e+05 -1.33722126e+02  2.06012550e-07 
 3.93550075e+05 -1.33822977e+02  2.03634401e-07 
 3.98107171e+05 -1.33924689e+02  2.01263741e-07 
 4.02717034e+05 -1.34023665e+02  1.98983357e-07 
 4.07380278e+05 -1.34123530e+02  1.96708671e-07 
 4.12097519e+05 -1.34221277e+02  1.94507417e-07 
 4.16869383e+05 -1.34321837e+02  1.92268495e-07 
 4.21696503e+05 -1.34421383e+02  1.90077554e-07 
 4.26579519e+05 -1.34517969e+02  1.87975638e-07 
 4.31519077e+05 -1.34617135e+02  1.85841739e-07 
 4.36515832e+05 -1.34717273e+02  1.83711493e-07 
 4.41570447e+05 -1.34817743e+02  1.81598743e-07 
 4.46683592e+05 -1.34916044e+02  1.79555133e-07 
 4.51855944e+05 -1.35016944e+02  1.77481387e-07 
 4.57088190e+05 -1.35116385e+02  1.75461068e-07 
 4.62381021e+05 -1.35215920e+02  1.73461869e-07 
 4.67735141e+05 -1.35318205e+02  1.71431148e-07 
 4.73151259e+05 -1.35417136e+02  1.69489657e-07 
 4.78630092e+05 -1.35517995e+02  1.67532960e-07 
 4.84172368e+05 -1.35615427e+02  1.65664194e-07 
 4.89778819e+05 -1.35716815e+02  1.63741680e-07 
 4.95450191e+05 -1.35817277e+02  1.61858742e-07 
 5.01187234e+05 -1.35915431e+02  1.60039972e-07 
 5.06990708e+05 -1.36015614e+02  1.58204676e-07 
 5.12861384e+05 -1.36115328e+02  1.56398866e-07 
 5.18800039e+05 -1.36216277e+02  1.54591699e-07 
 5.24807460e+05 -1.36316586e+02  1.52816663e-07 
 5.30884444e+05 -1.36416037e+02  1.51076932e-07 
 5.37031796e+05 -1.36513699e+02  1.49387775e-07 
 5.43250331e+05 -1.36616074e+02  1.47637377e-07 
 5.49540874e+05 -1.36713315e+02  1.45993737e-07 
 5.55904257e+05 -1.36815751e+02  1.44282099e-07 
 5.62341325e+05 -1.36912951e+02  1.42676495e-07 
 5.68852931e+05 -1.37014355e+02  1.41020501e-07 
 5.75439937e+05 -1.37113178e+02  1.39425150e-07 
 5.82103218e+05 -1.37211530e+02  1.37855310e-07 
 5.88843655e+05 -1.37313388e+02  1.36248139e-07 
 5.95662144e+05 -1.37414167e+02  1.34676449e-07 
 6.02559586e+05 -1.37511821e+02  1.33170774e-07 
 6.09536897e+05 -1.37613802e+02  1.31616370e-07 
 6.16595002e+05 -1.37712984e+02  1.30122028e-07 
 6.23734835e+05 -1.37812455e+02  1.28640358e-07 
 6.30957344e+05 -1.37910971e+02  1.27189549e-07 
 6.38263486e+05 -1.38012552e+02  1.25710742e-07 
 6.45654229e+05 -1.38110318e+02  1.24303716e-07 
 6.53130553e+05 -1.38209362e+02  1.22894345e-07 
 6.60693448e+05 -1.38311251e+02  1.21461165e-07 
 6.68343918e+05 -1.38409671e+02  1.20092662e-07 
 6.76082975e+05 -1.38510441e+02  1.18707448e-07 
 6.83911647e+05 -1.38608099e+02  1.17380261e-07 
 6.91830971e+05 -1.38709059e+02  1.16023791e-07 
 6.99841996e+05 -1.38808392e+02  1.14704488e-07 
 7.07945784e+05 -1.38906383e+02  1.13417709e-07 
 7.16143410e+05 -1.39007039e+02  1.12110960e-07 
 7.24435960e+05 -1.39108366e+02  1.10810703e-07 
 7.32824533e+05 -1.39206425e+02  1.09566742e-07 
 7.41310241e+05 -1.39305424e+02  1.08325025e-07 
 7.49894209e+05 -1.39405670e+02  1.07082007e-07 
 7.58577575e+05 -1.39504956e+02  1.05864949e-07 
 7.67361489e+05 -1.39605547e+02  1.04646007e-07 
 7.76247117e+05 -1.39705180e+02  1.03452504e-07 
 7.85235635e+05 -1.39802846e+02  1.02295777e-07 
 7.94328235e+05 -1.39901658e+02  1.01138635e-07 
 8.03526122e+05 -1.40003807e+02  9.99561809e-08 
 8.12830516e+05 -1.40103040e+02  9.88207224e-08 
 8.22242650e+05 -1.40200371e+02  9.77195505e-08 
 8.31763771e+05 -1.40301361e+02  9.65899470e-08 
 8.41395142e+05 -1.40399735e+02  9.55021700e-08 
 8.51138038e+05 -1.40498319e+02  9.44243569e-08 
 8.60993752e+05 -1.40597883e+02  9.33481807e-08 
 8.70963590e+05 -1.40699251e+02  9.22650984e-08 
 8.81048873e+05 -1.40796946e+02  9.12331561e-08 
 8.91250938e+05 -1.40895519e+02  9.02036335e-08 
 9.01571138e+05 -1.40995777e+02  8.91684397e-08 
 9.12010839e+05 -1.41096132e+02  8.81441344e-08 
 9.22571427e+05 -1.41194438e+02  8.71521534e-08 
 9.33254301e+05 -1.41294103e+02  8.61578453e-08 
 9.44060876e+05 -1.41392902e+02  8.51833814e-08 
 9.54992586e+05 -1.41493948e+02  8.41981636e-08 
 9.66050879e+05 -1.41592742e+02  8.32459104e-08 
 9.77237221e+05 -1.41691879e+02  8.23011825e-08 
 9.88553095e+05 -1.41790316e+02  8.13737285e-08 
 1.00000000e+06 -1.41889656e+02  8.04483572e-08 
 1.01157945e+06 -1.41987477e+02  7.95474313e-08 
 1.02329299e+06 -1.42090500e+02  7.86094912e-08 
 1.03514217e+06 -1.42184630e+02  7.77621909e-08 
 1.04712855e+06 -1.42282761e+02  7.68885971e-08 
 1.05925373e+06 -1.42382573e+02  7.60101108e-08 
 1.07151931e+06 -1.42482844e+02  7.51376861e-08 
 1.08392691e+06 -1.42579005e+02  7.43104291e-08 
 1.09647820e+06 -1.42679738e+02  7.34536025e-08 
 1.10917482e+06 -1.42777232e+02  7.26337369e-08 
 1.12201845e+06 -1.42880690e+02  7.17737272e-08 
 1.13501082e+06 -1.42978723e+02  7.09682063e-08 
 1.14815362e+06 -1.43079736e+02  7.01476645e-08 
 1.16144861e+06 -1.43177222e+02  6.93647657e-08 
 1.17489755e+06 -1.43277210e+02  6.85708473e-08 
 1.18850223e+06 -1.43374379e+02  6.78080155e-08 
 1.20226443e+06 -1.43472993e+02  6.70425267e-08 
 1.21618600e+06 -1.43573119e+02  6.62741294e-08 
 1.23026877e+06 -1.43673782e+02  6.55104958e-08 
 1.24451461e+06 -1.43770030e+02  6.47885825e-08 
 1.25892541e+06 -1.43866114e+02  6.40758400e-08 
 1.27350308e+06 -1.43963721e+02  6.33598201e-08 
 1.28824955e+06 -1.44064141e+02  6.26315221e-08 
 1.30316678e+06 -1.44160884e+02  6.19378042e-08 
 1.31825674e+06 -1.44262301e+02  6.12188227e-08 
 1.33352143e+06 -1.44359604e+02  6.05368465e-08 
 1.34896288e+06 -1.44459156e+02  5.98469773e-08 
 1.36458314e+06 -1.44555930e+02  5.91838895e-08 
 1.38038426e+06 -1.44656274e+02  5.85041009e-08 
 1.39636836e+06 -1.44693911e+02  5.82511401e-08 
 1.41253754e+06 -1.44790663e+02  5.76058824e-08 
 1.42889396e+06 -1.44830454e+02  5.73425863e-08 
 1.44543977e+06 -1.44929833e+02  5.66902456e-08 
 1.46217717e+06 -1.45027580e+02  5.60558559e-08 
 1.47910839e+06 -1.45128475e+02  5.54084833e-08 
 1.49623566e+06 -1.45226372e+02  5.47874881e-08 
 1.51356125e+06 -1.45321604e+02  5.41900801e-08 
 1.53108746e+06 -1.45421417e+02  5.35709230e-08 
 1.54881662e+06 -1.45521191e+02  5.29590820e-08 
 1.56675107e+06 -1.45617357e+02  5.23759758e-08 
 1.58489319e+06 -1.45715015e+02  5.17903962e-08 
 1.60324539e+06 -1.45812891e+02  5.12100793e-08 
 1.62181010e+06 -1.45909410e+02  5.06441776e-08 
 1.64058977e+06 -1.46011397e+02  5.00530071e-08 
 1.65958691e+06 -1.46108565e+02  4.94961893e-08 
 1.67880402e+06 -1.46207046e+02  4.89381647e-08 
 1.69824365e+06 -1.46304534e+02  4.83919677e-08 
 1.71790839e+06 -1.46399371e+02  4.78664747e-08 
 1.73780083e+06 -1.46498463e+02  4.73235012e-08 
 1.75792361e+06 -1.46594782e+02  4.68016231e-08 
 1.77827941e+06 -1.46694882e+02  4.62653564e-08 
 1.79887092e+06 -1.46790433e+02  4.57591943e-08 
 1.81970086e+06 -1.46887956e+02  4.52482906e-08 
 1.84077200e+06 -1.46984012e+02  4.47506575e-08 
 1.86208714e+06 -1.47077456e+02  4.42718017e-08 
 1.88364909e+06 -1.47176615e+02  4.37692652e-08 
 1.90546072e+06 -1.47275782e+02  4.32723899e-08 
 1.92752491e+06 -1.47374070e+02  4.27854895e-08 
 1.94984460e+06 -1.47466756e+02  4.23313591e-08 
 1.97242274e+06 -1.47563498e+02  4.18624918e-08 
 1.99526231e+06 -1.47660678e+02  4.13967343e-08 
 2.01836636e+06 -1.47754240e+02  4.09532140e-08 
 2.04173794e+06 -1.47853247e+02  4.04890574e-08 
 2.06538016e+06 -1.47947926e+02  4.00501092e-08 
 2.08929613e+06 -1.48044806e+02  3.96058823e-08 
 2.11348904e+06 -1.48144396e+02  3.91543655e-08 
 2.13796209e+06 -1.48239486e+02  3.87280569e-08 
 2.16271852e+06 -1.48338128e+02  3.82907272e-08 
 2.18776162e+06 -1.48432088e+02  3.78787450e-08 
 2.21309471e+06 -1.48525578e+02  3.74732267e-08 
 2.23872114e+06 -1.48623899e+02  3.70514357e-08 
 2.26464431e+06 -1.48719419e+02  3.66462104e-08 
 2.29086765e+06 -1.48814182e+02  3.62485738e-08 
 2.31739465e+06 -1.48914010e+02  3.58343487e-08 
 2.34422882e+06 -1.49005296e+02  3.54597104e-08 
 2.37137371e+06 -1.49101535e+02  3.50689882e-08 
 2.39883292e+06 -1.49196537e+02  3.46875109e-08 
 2.42661010e+06 -1.49236018e+02  3.45302014e-08 
 2.45470892e+06 -1.49332825e+02  3.41474856e-08 
 2.48313311e+06 -1.49424854e+02  3.37875958e-08 
 2.51188643e+06 -1.49519448e+02  3.34216261e-08 
 2.54097271e+06 -1.49618506e+02  3.30426376e-08 
 2.57039578e+06 -1.49708855e+02  3.27007168e-08 
 2.60015956e+06 -1.49809433e+02  3.23242404e-08 
 2.63026799e+06 -1.49901640e+02  3.19829120e-08 
 2.66072506e+06 -1.49995370e+02  3.16396364e-08 
 2.69153480e+06 -1.50089877e+02  3.12972476e-08 
 2.72270131e+06 -1.50182192e+02  3.09663775e-08 
 2.75422870e+06 -1.50279246e+02  3.06222922e-08 
 2.78612117e+06 -1.50370992e+02  3.03005436e-08 
 2.81838293e+06 -1.50466629e+02  2.99687460e-08 
 2.85101827e+06 -1.50566756e+02  2.96252632e-08 
 2.88403150e+06 -1.50659088e+02  2.93120114e-08 
 2.91742701e+06 -1.50756443e+02  2.89853019e-08 
 2.95120923e+06 -1.50847278e+02  2.86837629e-08 
 2.98538262e+06 -1.50941619e+02  2.83739005e-08 
 3.01995172e+06 -1.51036995e+02  2.80640448e-08 
 3.05492111e+06 -1.51129571e+02  2.77665201e-08 
 3.09029543e+06 -1.51220732e+02  2.74766267e-08 
 3.12607937e+06 -1.51257351e+02  2.73610290e-08 
 3.16227766e+06 -1.51352982e+02  2.70614413e-08 
 3.19889511e+06 -1.51491166e+02  2.66343241e-08 
 3.23593657e+06 -1.51588749e+02  2.63367727e-08 
 3.27340695e+06 -1.51679588e+02  2.60627709e-08 
 3.31131121e+06 -1.51765636e+02  2.58058506e-08 
 3.34965439e+06 -1.51851621e+02  2.55516491e-08 
 3.38844156e+06 -1.51950884e+02  2.52613049e-08 
 3.42767787e+06 -1.52032342e+02  2.50255085e-08 
 3.46736850e+06 -1.52130333e+02  2.47447666e-08 
 3.50751874e+06 -1.52225097e+02  2.44762645e-08 
 3.54813389e+06 -1.52314464e+02  2.42257260e-08 
 3.58921935e+06 -1.52400111e+02  2.39880214e-08 
 3.63078055e+06 -1.52489414e+02  2.37426567e-08 
 3.67282300e+06 -1.52591183e+02  2.34660976e-08 
 3.71535229e+06 -1.52626243e+02  2.33715674e-08 
 3.75837404e+06 -1.52714500e+02  2.31352940e-08 
 3.80189396e+06 -1.52798936e+02  2.29114833e-08 
 3.84591782e+06 -1.52894579e+02  2.26605807e-08 
 3.89045145e+06 -1.52977519e+02  2.24452291e-08 
 3.93550075e+06 -1.53069287e+02  2.22093386e-08 
 3.98107171e+06 -1.53153148e+02  2.19959444e-08 
 4.02717034e+06 -1.53253953e+02  2.17421440e-08 
 4.07380278e+06 -1.53343346e+02  2.15195272e-08 
 4.12097519e+06 -1.53430992e+02  2.13034717e-08 
 4.16869383e+06 -1.53468488e+02  2.12117063e-08 
 4.21696503e+06 -1.53556325e+02  2.09982822e-08 
 4.26579519e+06 -1.53648842e+02  2.07758076e-08 
 4.31519077e+06 -1.53680231e+02  2.07008637e-08 
 4.36515832e+06 -1.53778588e+02  2.04677737e-08 
 4.41570447e+06 -1.53859795e+02  2.02773052e-08 
 4.46683592e+06 -1.53954194e+02  2.00581236e-08 
 4.51855944e+06 -1.54032677e+02  1.98777012e-08 
 4.57088190e+06 -1.54122959e+02  1.96721598e-08 
 4.62381021e+06 -1.54165452e+02  1.95761555e-08 
 4.67735141e+06 -1.54243426e+02  1.94012059e-08 
 4.73151259e+06 -1.54277845e+02  1.93244775e-08 
 4.78630092e+06 -1.54362353e+02  1.91373735e-08 
 4.84172368e+06 -1.54450194e+02  1.89448112e-08 
 4.89778819e+06 -1.54537023e+02  1.87563724e-08 
 4.95450191e+06 -1.54625288e+02  1.85667365e-08 
 5.01187234e+06 -1.54658171e+02  1.84965806e-08 
 5.06990708e+06 -1.54759011e+02  1.82830842e-08 
 5.12861384e+06 -1.54838344e+02  1.81168548e-08 
 5.18800039e+06 -1.54969574e+02  1.78451941e-08 
 5.24807460e+06 -1.55045881e+02  1.76891091e-08 
 5.30884444e+06 -1.55121953e+02  1.75348612e-08 
 5.37031796e+06 -1.55230355e+02  1.73173823e-08 
 5.43250331e+06 -1.55261061e+02  1.72562709e-08 
 5.49540874e+06 -1.55348934e+02  1.70825741e-08 
 5.55904257e+06 -1.55377716e+02  1.70260625e-08 
 5.62341325e+06 -1.55447918e+02  1.68890063e-08 
 5.68852931e+06 -1.55543642e+02  1.67039011e-08 
 5.75439937e+06 -1.55584100e+02  1.66262773e-08 
 5.82103218e+06 -1.55677052e+02  1.64492997e-08 
 5.88843655e+06 -1.55729618e+02  1.63500498e-08 
 5.95662144e+06 -1.55821948e+02  1.61771728e-08 
 6.02559586e+06 -1.55908567e+02  1.60166486e-08 
 6.09536897e+06 -1.55950219e+02  1.59400270e-08 
 6.16595002e+06 -1.56028130e+02  1.57976876e-08 
 6.23734835e+06 -1.56134975e+02  1.56045506e-08 
 6.30957344e+06 -1.56228275e+02  1.54378302e-08 
 6.38263486e+06 -1.56258081e+02  1.53849454e-08 
 6.45654229e+06 -1.56349677e+02  1.52235568e-08 
 6.53130553e+06 -1.56370665e+02  1.51868161e-08 
 6.60693448e+06 -1.56424021e+02  1.50938130e-08 
 6.68343918e+06 -1.56481188e+02  1.49947980e-08 
 6.76082975e+06 -1.56533146e+02  1.49053686e-08 
 6.83911647e+06 -1.56679110e+02  1.46569796e-08 
 6.91830971e+06 -1.56729228e+02  1.45726529e-08 
 6.99841996e+06 -1.56788700e+02  1.44732146e-08 
 7.07945784e+06 -1.56882048e+02  1.43185022e-08 
 7.16143410e+06 -1.56929336e+02  1.42407612e-08 
 7.24435960e+06 -1.56963669e+02  1.41845817e-08 
 7.32824533e+06 -1.57057969e+02  1.40314181e-08 
 7.41310241e+06 -1.57110946e+02  1.39460981e-08 
 7.49894209e+06 -1.57190187e+02  1.38194471e-08 
 7.58577575e+06 -1.57264989e+02  1.37009457e-08 
 7.67361489e+06 -1.57365175e+02  1.35438220e-08 
 7.76247117e+06 -1.57413438e+02  1.34687753e-08 
 7.85235635e+06 -1.57487832e+02  1.33539084e-08 
 7.94328235e+06 -1.57464348e+02  1.33900619e-08 
 8.03526122e+06 -1.57527807e+02  1.32925910e-08 
 8.12830516e+06 -1.57594062e+02  1.31915829e-08 
 8.22242650e+06 -1.57682239e+02  1.30583421e-08 
 8.31763771e+06 -1.57767656e+02  1.29305563e-08 
 8.41395142e+06 -1.57853618e+02  1.28032169e-08 
 8.51138038e+06 -1.57896963e+02  1.27394840e-08 
 8.60993752e+06 -1.57984632e+02  1.26115474e-08 
 8.70963590e+06 -1.57987639e+02  1.26071835e-08 
 8.81048873e+06 -1.58079605e+02  1.24744028e-08 
 8.91250938e+06 -1.58059220e+02  1.25037135e-08 
 9.01571138e+06 -1.58109543e+02  1.24314797e-08 
 9.12010839e+06 -1.58152297e+02  1.23704404e-08 
 9.22571427e+06 -1.58234221e+02  1.22543129e-08 
 9.33254301e+06 -1.58287785e+02  1.21789759e-08 
 9.44060876e+06 -1.58391698e+02  1.20341416e-08 
 9.54992586e+06 -1.58473287e+02  1.19216309e-08 
 9.66050879e+06 -1.58484968e+02  1.19056084e-08 
 9.77237221e+06 -1.58570440e+02  1.17890278e-08 
 9.88553095e+06 -1.58625939e+02  1.17139419e-08 
 1.00000000e+07 -1.58623487e+02  1.17172489e-08 
 1.01157945e+07 -1.58677272e+02  1.16449166e-08 
 1.02329299e+07 -1.58745933e+02  1.15532284e-08 
 1.03514217e+07 -1.58804614e+02  1.14754392e-08 
 1.04712855e+07 -1.58921278e+02  1.13223380e-08 
 1.05925373e+07 -1.58934042e+02  1.13057111e-08 
 1.07151931e+07 -1.59002939e+02  1.12163887e-08 
 1.08392691e+07 -1.59049453e+02  1.11564835e-08 
 1.09647820e+07 -1.59098295e+02  1.10939256e-08 
 1.10917482e+07 -1.59117210e+02  1.10697936e-08 
 1.12201845e+07 -1.59185846e+02  1.09826639e-08 
 1.13501082e+07 -1.59241809e+02  1.09121306e-08 
 1.14815362e+07 -1.59336313e+02  1.07940478e-08 
 1.16144861e+07 -1.59355427e+02  1.07703212e-08 
 1.17489755e+07 -1.59428262e+02  1.06803845e-08 
 1.18850223e+07 -1.59401871e+02  1.07128846e-08 
 1.20226443e+07 -1.59470198e+02  1.06289434e-08 
 1.21618600e+07 -1.59564579e+02  1.05140749e-08 
 1.23026877e+07 -1.59685496e+02  1.03687215e-08 
 1.24451461e+07 -1.59698788e+02  1.03528666e-08 
 1.25892541e+07 -1.59743514e+02  1.02996940e-08 
 1.27350308e+07 -1.59786903e+02  1.02483710e-08 
 1.28824955e+07 -1.59868663e+02  1.01523567e-08 
 1.30316678e+07 -1.59861556e+02  1.01606671e-08 
 1.31825674e+07 -1.59939982e+02  1.00693373e-08 
 1.33352143e+07 -1.59963975e+02  1.00415616e-08 
 1.34896288e+07 -1.60003524e+02  9.99594416e-09 
 1.36458314e+07 -1.60116125e+02  9.86719543e-09 
 1.38038426e+07 -1.60147583e+02  9.83152423e-09 
 1.39636836e+07 -1.60201427e+02  9.77076662e-09 
 1.41253754e+07 -1.60210783e+02  9.76024804e-09 
 1.42889396e+07 -1.60254578e+02  9.71116010e-09 
 1.44543977e+07 -1.60381475e+02  9.57031525e-09 
 1.46217717e+07 -1.60394754e+02  9.55569498e-09 
 1.47910839e+07 -1.60419109e+02  9.52893903e-09 
 1.49623566e+07 -1.60519746e+02  9.41917101e-09 
 1.51356125e+07 -1.60596568e+02  9.33623084e-09 
 1.53108746e+07 -1.60610044e+02  9.32175756e-09 
 1.54881662e+07 -1.60659500e+02  9.26883228e-09 
 1.56675107e+07 -1.60674130e+02  9.25323283e-09 
 1.58489319e+07 -1.60729155e+02  9.19479880e-09 
 1.60324539e+07 -1.60845810e+02  9.07213492e-09 
 1.62181010e+07 -1.60848205e+02  9.06963407e-09 
 1.64058977e+07 -1.60957251e+02  8.95648208e-09 
 1.65958691e+07 -1.61002503e+02  8.90994171e-09 
 1.67880402e+07 -1.61033760e+02  8.87793567e-09 
 1.69824365e+07 -1.61087656e+02  8.82301871e-09 
 1.71790839e+07 -1.61153111e+02  8.75677972e-09 
 1.73780083e+07 -1.61192923e+02  8.71673532e-09 
 1.75792361e+07 -1.61233340e+02  8.67626901e-09 
 1.77827941e+07 -1.61303188e+02  8.60677786e-09 
 1.79887092e+07 -1.61350930e+02  8.55960100e-09 
 1.81970086e+07 -1.61449811e+02  8.46270985e-09 
 1.84077200e+07 -1.61457735e+02  8.45499281e-09 
 1.86208714e+07 -1.61557876e+02  8.35807379e-09 
 1.88364909e+07 -1.61610516e+02  8.30757382e-09 
 1.90546072e+07 -1.61591694e+02  8.32559497e-09 
 1.92752491e+07 -1.61720341e+02  8.20319294e-09 
 1.94984460e+07 -1.61743754e+02  8.18111124e-09 
 1.97242274e+07 -1.61791969e+02  8.13582432e-09 
 1.99526231e+07 -1.61876920e+02  8.05664101e-09 
 2.01836636e+07 -1.61905774e+02  8.02992150e-09 
 2.04173794e+07 -1.62009286e+02  7.93479522e-09 
 2.06538016e+07 -1.61992838e+02  7.94983514e-09 
 2.08929613e+07 -1.62113044e+02  7.84057281e-09 
 2.11348904e+07 -1.62157525e+02  7.80052390e-09 
 2.13796209e+07 -1.62229860e+02  7.73583135e-09 
 2.16271852e+07 -1.62298880e+02  7.67460454e-09 
 2.18776162e+07 -1.62329582e+02  7.64752503e-09 
 2.21309471e+07 -1.62414899e+02  7.57277471e-09 
 2.23872114e+07 -1.62470218e+02  7.52469805e-09 
 2.26464431e+07 -1.62572987e+02  7.43619301e-09 
 2.29086765e+07 -1.62595104e+02  7.41728186e-09 
 2.31739465e+07 -1.62649383e+02  7.37107562e-09 
 2.34422882e+07 -1.62706289e+02  7.32294155e-09 
 2.37137371e+07 -1.62816767e+02  7.23038912e-09 
 2.39883292e+07 -1.62846349e+02  7.20580562e-09 
 2.42661010e+07 -1.62886684e+02  7.17242107e-09 
 2.45470892e+07 -1.63016647e+02  7.06590229e-09 
 2.48313311e+07 -1.63010880e+02  7.07059594e-09 
 2.51188643e+07 -1.63071749e+02  7.02121924e-09 
 2.54097271e+07 -1.63220796e+02  6.90176582e-09 
 2.57039578e+07 -1.63270317e+02  6.86252834e-09 
 2.60015956e+07 -1.63330997e+02  6.81475326e-09 
 2.63026799e+07 -1.63400242e+02  6.76064167e-09 
 2.66072506e+07 -1.63521362e+02  6.66702219e-09 
 2.69153480e+07 -1.63577377e+02  6.62416519e-09 
 2.72270131e+07 -1.63651496e+02  6.56787971e-09 
 2.75422870e+07 -1.63708363e+02  6.52501972e-09 
 2.78612117e+07 -1.63807571e+02  6.45091700e-09 
 2.81838293e+07 -1.63853801e+02  6.41667371e-09 
 2.85101827e+07 -1.63889187e+02  6.39058556e-09 
 2.88403150e+07 -1.64012224e+02  6.30069970e-09 
 2.91742701e+07 -1.64050659e+02  6.27288075e-09 
 2.95120923e+07 -1.64157614e+02  6.19611243e-09 
 2.98538262e+07 -1.64214607e+02  6.15558964e-09 
 3.01995172e+07 -1.64312677e+02  6.08647931e-09 
 3.05492111e+07 -1.64419177e+02  6.01230715e-09 
 3.09029543e+07 -1.64470322e+02  5.97700881e-09 
 3.12607937e+07 -1.64545687e+02  5.92537252e-09 
 3.16227766e+07 -1.64566780e+02  5.91100031e-09 
 3.19889511e+07 -1.64683855e+02  5.83186208e-09 
 3.23593657e+07 -1.64752544e+02  5.78592480e-09 
 3.27340695e+07 -1.64858179e+02  5.71598463e-09 
 3.31131121e+07 -1.64921335e+02  5.67457396e-09 
 3.34965439e+07 -1.64984846e+02  5.63323295e-09 
 3.38844156e+07 -1.65087022e+02  5.56735459e-09 
 3.42767787e+07 -1.65165160e+02  5.51749596e-09 
 3.46736850e+07 -1.65264933e+02  5.45448019e-09 
 3.50751874e+07 -1.65355087e+02  5.39815880e-09 
 3.54813389e+07 -1.65437077e+02  5.34744293e-09 
 3.58921935e+07 -1.65484635e+02  5.31824415e-09 
 3.63078055e+07 -1.65585512e+02  5.25683582e-09 
 3.67282300e+07 -1.65643683e+02  5.22174705e-09 
 3.71535229e+07 -1.65800912e+02  5.12807522e-09 
 3.75837404e+07 -1.65850681e+02  5.09877615e-09 
 3.80189396e+07 -1.65953345e+02  5.03886517e-09 
 3.84591782e+07 -1.66011767e+02  5.00508739e-09 
 3.89045145e+07 -1.66161745e+02  4.91940700e-09 
 3.93550075e+07 -1.66240757e+02  4.87486015e-09 
 3.98107171e+07 -1.66328397e+02  4.82592038e-09 
 4.02717034e+07 -1.66465724e+02  4.75022100e-09 
 4.07380278e+07 -1.66556935e+02  4.70059923e-09 
 4.12097519e+07 -1.66640393e+02  4.65565013e-09 
 4.16869383e+07 -1.66726093e+02  4.60994064e-09 
 4.21696503e+07 -1.66822957e+02  4.55881681e-09 
 4.26579519e+07 -1.66927244e+02  4.50440876e-09 
 4.31519077e+07 -1.66963305e+02  4.48574669e-09 
 4.36515832e+07 -1.67137883e+02  4.39648777e-09 
 4.41570447e+07 -1.67248944e+02  4.34063013e-09 
 4.46683592e+07 -1.67347177e+02  4.29181639e-09 
 4.51855944e+07 -1.67450161e+02  4.24123130e-09 
 4.57088190e+07 -1.67581375e+02  4.17764210e-09 
 4.62381021e+07 -1.67669293e+02  4.13556981e-09 
 4.67735141e+07 -1.67759726e+02  4.09273588e-09 
 4.73151259e+07 -1.67904329e+02  4.02516387e-09 
 4.78630092e+07 -1.67984310e+02  3.98826931e-09 
 4.84172368e+07 -1.68122095e+02  3.92550237e-09 
 4.89778819e+07 -1.68176294e+02  3.90108391e-09 
 4.95450191e+07 -1.68299578e+02  3.84610448e-09 
 5.01187234e+07 -1.68413119e+02  3.79615610e-09 
 5.06990708e+07 -1.68551081e+02  3.73633620e-09 
 5.12861384e+07 -1.68667776e+02  3.68647415e-09 
 5.18800039e+07 -1.68734564e+02  3.65823685e-09 
 5.24807460e+07 -1.68864910e+02  3.60374868e-09 
 5.30884444e+07 -1.68927140e+02  3.57802198e-09 
 5.37031796e+07 -1.69105349e+02  3.50535950e-09 
 5.43250331e+07 -1.69227055e+02  3.45658516e-09 
 5.49540874e+07 -1.69348833e+02  3.40846111e-09 
 5.55904257e+07 -1.69415552e+02  3.38238009e-09 
 5.62341325e+07 -1.69597943e+02  3.31209546e-09 
 5.68852931e+07 -1.69704103e+02  3.27186122e-09 
 5.75439937e+07 -1.69744535e+02  3.25666631e-09 
 5.82103218e+07 -1.69919156e+02  3.19184794e-09 
 5.88843655e+07 -1.70056763e+02  3.14167923e-09 
 5.95662144e+07 -1.70132668e+02  3.11434426e-09 
 6.02559586e+07 -1.70299759e+02  3.05500580e-09 
 6.09536897e+07 -1.70385447e+02  3.02501582e-09 
 6.16595002e+07 -1.70523908e+02  2.97717659e-09 
 6.23734835e+07 -1.70654313e+02  2.93281295e-09 
 6.30957344e+07 -1.70746986e+02  2.90168805e-09 
 6.38263486e+07 -1.70927546e+02  2.84199109e-09 
 6.45654229e+07 -1.71010835e+02  2.81486934e-09 
 6.53130553e+07 -1.71165601e+02  2.76515788e-09 
 6.60693448e+07 -1.71259524e+02  2.73541860e-09 
 6.68343918e+07 -1.71372611e+02  2.70003530e-09 
 6.76082975e+07 -1.71519802e+02  2.65466594e-09 
 6.83911647e+07 -1.71625953e+02  2.62242050e-09 
 6.91830971e+07 -1.71800391e+02  2.57028016e-09 
 6.99841996e+07 -1.71952525e+02  2.52565349e-09 
 7.07945784e+07 -1.72049330e+02  2.49766116e-09 
 7.16143410e+07 -1.72221477e+02  2.44864682e-09 
 7.24435960e+07 -1.72310087e+02  2.42379360e-09 
 7.32824533e+07 -1.72428439e+02  2.39099149e-09 
 7.41310241e+07 -1.72575631e+02  2.35081506e-09 
 7.49894209e+07 -1.72740781e+02  2.30653986e-09 
 7.58577575e+07 -1.72825631e+02  2.28411749e-09 
 7.67361489e+07 -1.72963571e+02  2.24813023e-09 
 7.76247117e+07 -1.73070714e+02  2.22056902e-09 
 7.85235635e+07 -1.73229777e+02  2.18027437e-09 
 7.94328235e+07 -1.73361730e+02  2.14740281e-09 
 8.03526122e+07 -1.73512910e+02  2.11035002e-09 
 8.12830516e+07 -1.73638378e+02  2.08008505e-09 
 8.22242650e+07 -1.73770207e+02  2.04875324e-09 
 8.31763771e+07 -1.73921991e+02  2.01326277e-09 
 8.41395142e+07 -1.74064044e+02  1.98060470e-09 
 8.51138038e+07 -1.74220157e+02  1.94532498e-09 
 8.60993752e+07 -1.74355187e+02  1.91531692e-09 
 8.70963590e+07 -1.74495066e+02  1.88471943e-09 
 8.81048873e+07 -1.74678520e+02  1.84532972e-09 
 8.91250938e+07 -1.74798108e+02  1.82009731e-09 
 9.01571138e+07 -1.74897640e+02  1.79935977e-09 
 9.12010839e+07 -1.75023934e+02  1.77338610e-09 
 9.22571427e+07 -1.75176168e+02  1.74257540e-09 
 9.33254301e+07 -1.75292898e+02  1.71931360e-09 
 9.44060876e+07 -1.75540974e+02  1.67090318e-09 
 9.54992586e+07 -1.75664219e+02  1.64736193e-09 
 9.66050879e+07 -1.75751336e+02  1.63092200e-09 
 9.77237221e+07 -1.75913798e+02  1.60070059e-09 
 9.88553095e+07 -1.76063165e+02  1.57340950e-09 
 1.00000000e+08 -1.76187557e+02  1.55103703e-09 
 1.01157945e+08 -1.76353507e+02  1.52168459e-09 
 1.02329299e+08 -1.76512513e+02  1.49408165e-09 
 1.03514217e+08 -1.76629525e+02  1.47408922e-09 
 1.04712855e+08 -1.76762774e+02  1.45164800e-09 
 1.05925373e+08 -1.76933074e+02  1.42346332e-09 
 1.07151931e+08 -1.77101246e+02  1.39616801e-09 
 1.08392691e+08 -1.77258565e+02  1.37110822e-09 
 1.09647820e+08 -1.77414490e+02  1.34671432e-09 
 1.10917482e+08 -1.77553960e+02  1.32526274e-09 
 1.12201845e+08 -1.77689264e+02  1.30477846e-09 
 1.13501082e+08 -1.77868884e+02  1.27807344e-09 
 1.14815362e+08 -1.78001987e+02  1.25863748e-09 
 1.16144861e+08 -1.78146870e+02  1.23781715e-09 
 1.17489755e+08 -1.78277943e+02  1.21927828e-09 
 1.18850223e+08 -1.78480725e+02  1.19114256e-09 
 1.20226443e+08 -1.78596193e+02  1.17541259e-09 
 1.21618600e+08 -1.78796073e+02  1.14867282e-09 
 1.23026877e+08 -1.78900596e+02  1.13493290e-09 
 1.24451461e+08 -1.79063779e+02  1.11380978e-09 
 1.25892541e+08 -1.79237704e+02  1.09172888e-09 
 1.27350308e+08 -1.79351326e+02  1.07754079e-09 
 1.28824955e+08 -1.79528972e+02  1.05572641e-09 
 1.30316678e+08 -1.79699927e+02  1.03515082e-09 
 1.31825674e+08 -1.79826832e+02  1.02013676e-09 
 1.33352143e+08 -1.79947792e+02  1.00602881e-09 
 1.34896288e+08 -1.80137603e+02  9.84282707e-10 
 1.36458314e+08 -1.80286548e+02  9.67548124e-10 
 1.38038426e+08 -1.80446802e+02  9.49860622e-10 
 1.39636836e+08 -1.80613616e+02  9.31792519e-10 
 1.41253754e+08 -1.80729922e+02  9.19398774e-10 
 1.42889396e+08 -1.80923324e+02  8.99153459e-10 
 1.44543977e+08 -1.81054921e+02  8.85633275e-10 
 1.46217717e+08 -1.81212045e+02  8.69756613e-10 
 1.47910839e+08 -1.81376852e+02  8.53409377e-10 
 1.49623566e+08 -1.81509444e+02  8.40480764e-10 
 1.51356125e+08 -1.81672014e+02  8.24896224e-10 
 1.53108746e+08 -1.81798454e+02  8.12975207e-10 
 1.54881662e+08 -1.82000113e+02  7.94317883e-10 
 1.56675107e+08 -1.82129693e+02  7.82555890e-10 
 1.58489319e+08 -1.82284404e+02  7.68740607e-10 
 1.60324539e+08 -1.82465284e+02  7.52897437e-10 
 1.62181010e+08 -1.82588704e+02  7.42274913e-10 
 1.64058977e+08 -1.82772927e+02  7.26697513e-10 
 1.65958691e+08 -1.82918328e+02  7.14633837e-10 
 1.67880402e+08 -1.83063392e+02  7.02797787e-10 
 1.69824365e+08 -1.83231326e+02  6.89340371e-10 
 1.71790839e+08 -1.83390961e+02  6.76786919e-10 
 1.73780083e+08 -1.83502399e+02  6.68159353e-10 
 1.75792361e+08 -1.83690212e+02  6.53866943e-10 
 1.77827941e+08 -1.83852100e+02  6.41793049e-10 
 1.79887092e+08 -1.83969717e+02  6.33161021e-10 
 1.81970086e+08 -1.84183745e+02  6.17749988e-10 
 1.84077200e+08 -1.84264826e+02  6.12010227e-10 
 1.86208714e+08 -1.84439020e+02  5.99858752e-10 
 1.88364909e+08 -1.84638611e+02  5.86231878e-10 
 1.90546072e+08 -1.84730001e+02  5.80096099e-10 
 1.92752491e+08 -1.84913226e+02  5.67987395e-10 
 1.94984460e+08 -1.85053900e+02  5.58862548e-10 
 1.97242274e+08 -1.85208259e+02  5.49018599e-10 
 1.99526231e+08 -1.85364442e+02  5.39234759e-10 
 2.01836636e+08 -1.85502133e+02  5.30754081e-10 
 2.04173794e+08 -1.85669402e+02  5.20630825e-10 
 2.06538016e+08 -1.85824086e+02  5.11441176e-10 
 2.08929613e+08 -1.85987055e+02  5.01934719e-10 
 2.11348904e+08 -1.86134867e+02  4.93465346e-10 
 2.13796209e+08 -1.86266400e+02  4.86048913e-10 
 2.16271852e+08 -1.86413021e+02  4.77913098e-10 
 2.18776162e+08 -1.86562989e+02  4.69732412e-10 
 2.21309471e+08 -1.86711555e+02  4.61766292e-10 
 2.23872114e+08 -1.86865444e+02  4.53657177e-10 
 2.26464431e+08 -1.87008975e+02  4.46222295e-10 
 2.29086765e+08 -1.87142255e+02  4.39427531e-10 
 2.31739465e+08 -1.87294491e+02  4.31792856e-10 
 2.34422882e+08 -1.87452603e+02  4.24003895e-10 
 2.37137371e+08 -1.87590859e+02  4.17308307e-10 
 2.39883292e+08 -1.87759895e+02  4.09265592e-10 
 2.42661010e+08 -1.87919283e+02  4.01823977e-10 
 2.45470892e+08 -1.88055475e+02  3.95572634e-10 
 2.48313311e+08 -1.88194487e+02  3.89292166e-10 
 2.51188643e+08 -1.88315491e+02  3.83906495e-10 
 2.54097271e+08 -1.88456468e+02  3.77725745e-10 
 2.57039578e+08 -1.88616876e+02  3.70814087e-10 
 2.60015956e+08 -1.88748125e+02  3.65252984e-10 
 2.63026799e+08 -1.88902410e+02  3.58822359e-10 
 2.66072506e+08 -1.89031337e+02  3.53535585e-10 
 2.69153480e+08 -1.89172834e+02  3.47822999e-10 
 2.72270131e+08 -1.89335430e+02  3.41372476e-10 
 2.75422870e+08 -1.89448608e+02  3.36953225e-10 
 2.78612117e+08 -1.89617878e+02  3.30450270e-10 
 2.81838293e+08 -1.89750983e+02  3.25424944e-10 
 2.85101827e+08 -1.89868835e+02  3.21039333e-10 
 2.88403150e+08 -1.90009331e+02  3.15888223e-10 
 2.91742701e+08 -1.90132105e+02  3.11454618e-10 
 2.95120923e+08 -1.90319820e+02  3.04795799e-10 
 2.98538262e+08 -1.90433634e+02  3.00828021e-10 
 3.01995172e+08 -1.90573586e+02  2.96019751e-10 
 3.05492111e+08 -1.90718007e+02  2.91138505e-10 
 3.09029543e+08 -1.90836924e+02  2.87179729e-10 
 3.12607937e+08 -1.90982710e+02  2.82399864e-10 
 3.16227766e+08 -1.91124807e+02  2.77817534e-10 
 3.19889511e+08 -1.91281146e+02  2.72861764e-10 
 3.23593657e+08 -1.91377979e+02  2.69836735e-10 
 3.27340695e+08 -1.91517055e+02  2.65550568e-10 
 3.31131121e+08 -1.91637590e+02  2.61890953e-10 
 3.34965439e+08 -1.91807525e+02  2.56816982e-10 
 3.38844156e+08 -1.91901406e+02  2.54056145e-10 
 3.42767787e+08 -1.92008433e+02  2.50944877e-10 
 3.46736850e+08 -1.92171649e+02  2.46273411e-10 
 3.50751874e+08 -1.92333432e+02  2.41728808e-10 
 3.54813389e+08 -1.92454937e+02  2.38370859e-10 
 3.58921935e+08 -1.92598340e+02  2.34467694e-10 
 3.63078055e+08 -1.92711180e+02  2.31441388e-10 
 3.67282300e+08 -1.92822438e+02  2.28495733e-10 
 3.71535229e+08 -1.92980744e+02  2.24368962e-10 
 3.75837404e+08 -1.93071597e+02  2.22034342e-10 
 3.80189396e+08 -1.93195125e+02  2.18898991e-10 
 3.84591782e+08 -1.93312912e+02  2.15950602e-10 
 3.89045145e+08 -1.93464165e+02  2.12222654e-10 
 3.93550075e+08 -1.93602447e+02  2.08870760e-10 
 3.98107171e+08 -1.93721968e+02  2.06016296e-10 
 4.02717034e+08 -1.93855930e+02  2.02863301e-10 
 4.07380278e+08 -1.93979533e+02  1.99996943e-10 
 4.12097519e+08 -1.94086037e+02  1.97559610e-10 
 4.16869383e+08 -1.94236247e+02  1.94172467e-10 
 4.21696503e+08 -1.94348683e+02  1.91675160e-10 
 4.26579519e+08 -1.94492197e+02  1.88534207e-10 
 4.31519077e+08 -1.94594998e+02  1.86315969e-10 
 4.36515832e+08 -1.94724324e+02  1.83562435e-10 
 4.41570447e+08 -1.94841197e+02  1.81109050e-10 
 4.46683592e+08 -1.94945797e+02  1.78941119e-10 
 4.51855944e+08 -1.95057848e+02  1.76647548e-10 
 4.57088190e+08 -1.95204914e+02  1.73681801e-10 
 4.62381021e+08 -1.95348177e+02  1.70840624e-10 
 4.67735141e+08 -1.95413515e+02  1.69560325e-10 
 4.73151259e+08 -1.95590713e+02  1.66136238e-10 
 4.78630092e+08 -1.95696242e+02  1.64129969e-10 
 4.84172368e+08 -1.95824616e+02  1.61722042e-10 
 4.89778819e+08 -1.95950068e+02  1.59403034e-10 
 4.95450191e+08 -1.96061963e+02  1.57362726e-10 
 5.01187234e+08 -1.96168098e+02  1.55451572e-10 
 5.06990708e+08 -1.96256114e+02  1.53884290e-10 
 5.12861384e+08 -1.96372272e+02  1.51840066e-10 
 5.18800039e+08 -1.96559223e+02  1.48606852e-10 
 5.24807460e+08 -1.96623364e+02  1.47513503e-10 
 5.30884444e+08 -1.96731014e+02  1.45696559e-10 
 5.37031796e+08 -1.96876283e+02  1.43280090e-10 
 5.43250331e+08 -1.96962448e+02  1.41865770e-10 
 5.49540874e+08 -1.97098842e+02  1.39655459e-10 
 5.55904257e+08 -1.97217036e+02  1.37767944e-10 
 5.62341325e+08 -1.97305728e+02  1.36368356e-10 
 5.68852931e+08 -1.97445394e+02  1.34193139e-10 
 5.75439937e+08 -1.97557415e+02  1.32473573e-10 
 5.82103218e+08 -1.97678398e+02  1.30641178e-10 
 5.88843655e+08 -1.97806402e+02  1.28730037e-10 
 5.95662144e+08 -1.97919817e+02  1.27060086e-10 
 6.02559586e+08 -1.98014355e+02  1.25684658e-10 
 6.09536897e+08 -1.98144551e+02  1.23814764e-10 
 6.16595002e+08 -1.98236892e+02  1.22505453e-10 
 6.23734835e+08 -1.98374950e+02  1.20573670e-10 
 6.30957344e+08 -1.98501647e+02  1.18827689e-10 
 6.38263486e+08 -1.98566699e+02  1.17941060e-10 
 6.45654229e+08 -1.98684257e+02  1.16355564e-10 
 6.53130553e+08 -1.98812727e+02  1.14647249e-10 
 6.60693448e+08 -1.98940569e+02  1.12972191e-10 
 6.68343918e+08 -1.99035582e+02  1.11743145e-10 
 6.76082975e+08 -1.99145238e+02  1.10341304e-10 
 6.83911647e+08 -1.99237325e+02  1.09177651e-10 
 6.91830971e+08 -1.99352261e+02  1.07742470e-10 
 6.99841996e+08 -1.99449002e+02  1.06549133e-10 
 7.07945784e+08 -1.99554777e+02  1.05259460e-10 
 7.16143410e+08 -1.99658586e+02  1.04008952e-10 
 7.24435960e+08 -1.99805655e+02  1.02262702e-10 
 7.32824533e+08 -1.99910528e+02  1.01035410e-10 
 7.41310241e+08 -1.99990722e+02  1.00106875e-10 
 7.49894209e+08 -2.00082274e+02  9.90572569e-11 
 7.58577575e+08 -2.00251621e+02  9.71446642e-11 
 7.67361489e+08 -2.00377350e+02  9.57486098e-11 
 7.76247117e+08 -2.00494352e+02  9.44675005e-11 
 7.85235635e+08 -2.00570467e+02  9.36432852e-11 
 7.94328235e+08 -2.00687767e+02  9.23871714e-11 
 8.03526122e+08 -2.00790473e+02  9.13011714e-11 
 8.12830516e+08 -2.00897975e+02  9.01781310e-11 
 8.22242650e+08 -2.00995395e+02  8.91723547e-11 
 8.31763771e+08 -2.01115736e+02  8.79454170e-11 
 8.41395142e+08 -2.01206078e+02  8.70354376e-11 
 8.51138038e+08 -2.01319341e+02  8.59078746e-11 
 8.60993752e+08 -2.01443620e+02  8.46874388e-11 
 8.70963590e+08 -2.01565827e+02  8.35042680e-11 
 8.81048873e+08 -2.01636419e+02  8.28283549e-11 
 8.91250938e+08 -2.01742657e+02  8.18214425e-11 
 9.01571138e+08 -2.01858173e+02  8.07404813e-11 
 9.12010839e+08 -2.01990344e+02  7.95211766e-11 
 9.22571427e+08 -2.02098124e+02  7.85405293e-11 
 9.33254301e+08 -2.02167245e+02  7.79179873e-11 
 9.44060876e+08 -2.02271397e+02  7.69892594e-11 
 9.54992586e+08 -2.02366878e+02  7.61475770e-11 
 9.66050879e+08 -2.02461589e+02  7.53217753e-11 
 9.77237221e+08 -2.02620521e+02  7.39560906e-11 
 9.88553095e+08 -2.02696093e+02  7.33154215e-11 
 1.00000000e+09 -2.02795277e+02  7.24829959e-11 
