 1.00000000e+00 -1.14601157e+01  2.67297081e-01 
 1.01157945e+00 -1.14601175e+01  2.67297024e-01 
 1.02329299e+00 -1.14601194e+01  2.67296967e-01 
 1.03514217e+00 -1.14601213e+01  2.67296908e-01 
 1.04712855e+00 -1.14601233e+01  2.67296848e-01 
 1.05925373e+00 -1.14601253e+01  2.67296786e-01 
 1.07151931e+00 -1.14601273e+01  2.67296723e-01 
 1.08392691e+00 -1.14601294e+01  2.67296659e-01 
 1.09647820e+00 -1.14601315e+01  2.67296593e-01 
 1.10917482e+00 -1.14601337e+01  2.67296525e-01 
 1.12201845e+00 -1.14601360e+01  2.67296456e-01 
 1.13501082e+00 -1.14601383e+01  2.67296385e-01 
 1.14815362e+00 -1.14601406e+01  2.67296313e-01 
 1.16144861e+00 -1.14601430e+01  2.67296239e-01 
 1.17489755e+00 -1.14601455e+01  2.67296163e-01 
 1.18850223e+00 -1.14601480e+01  2.67296086e-01 
 1.20226443e+00 -1.14601506e+01  2.67296006e-01 
 1.21618600e+00 -1.14601532e+01  2.67295925e-01 
 1.23026877e+00 -1.14601559e+01  2.67295842e-01 
 1.24451461e+00 -1.14601587e+01  2.67295757e-01 
 1.25892541e+00 -1.14601615e+01  2.67295670e-01 
 1.27350308e+00 -1.14601644e+01  2.67295581e-01 
 1.28824955e+00 -1.14601674e+01  2.67295490e-01 
 1.30316678e+00 -1.14601704e+01  2.67295397e-01 
 1.31825674e+00 -1.14601735e+01  2.67295301e-01 
 1.33352143e+00 -1.14601767e+01  2.67295204e-01 
 1.34896288e+00 -1.14601799e+01  2.67295104e-01 
 1.36458314e+00 -1.14601832e+01  2.67295002e-01 
 1.38038426e+00 -1.14601866e+01  2.67294897e-01 
 1.39636836e+00 -1.14601901e+01  2.67294790e-01 
 1.41253754e+00 -1.14601937e+01  2.67294680e-01 
 1.42889396e+00 -1.14601973e+01  2.67294568e-01 
 1.44543977e+00 -1.14602011e+01  2.67294454e-01 
 1.46217717e+00 -1.14602049e+01  2.67294336e-01 
 1.47910839e+00 -1.14602088e+01  2.67294216e-01 
 1.49623566e+00 -1.14602128e+01  2.67294093e-01 
 1.51356125e+00 -1.14602169e+01  2.67293968e-01 
 1.53108746e+00 -1.14602210e+01  2.67293839e-01 
 1.54881662e+00 -1.14602253e+01  2.67293707e-01 
 1.56675107e+00 -1.14602297e+01  2.67293572e-01 
 1.58489319e+00 -1.14602342e+01  2.67293435e-01 
 1.60324539e+00 -1.14602388e+01  2.67293293e-01 
 1.62181010e+00 -1.14602434e+01  2.67293149e-01 
 1.64058977e+00 -1.14602483e+01  2.67293001e-01 
 1.65958691e+00 -1.14602532e+01  2.67292850e-01 
 1.67880402e+00 -1.14602582e+01  2.67292695e-01 
 1.69824365e+00 -1.14602633e+01  2.67292537e-01 
 1.71790839e+00 -1.14602686e+01  2.67292375e-01 
 1.73780083e+00 -1.14602740e+01  2.67292209e-01 
 1.75792361e+00 -1.14602795e+01  2.67292040e-01 
 1.77827941e+00 -1.14602851e+01  2.67291866e-01 
 1.79887092e+00 -1.14602909e+01  2.67291688e-01 
 1.81970086e+00 -1.14602968e+01  2.67291507e-01 
 1.84077200e+00 -1.14603029e+01  2.67291321e-01 
 1.86208714e+00 -1.14603090e+01  2.67291130e-01 
 1.88364909e+00 -1.14603154e+01  2.67290936e-01 
 1.90546072e+00 -1.14603219e+01  2.67290736e-01 
 1.92752491e+00 -1.14603285e+01  2.67290532e-01 
 1.94984460e+00 -1.14603353e+01  2.67290324e-01 
 1.97242274e+00 -1.14603422e+01  2.67290110e-01 
 1.99526231e+00 -1.14603493e+01  2.67289892e-01 
 2.01836636e+00 -1.14603566e+01  2.67289668e-01 
 2.04173794e+00 -1.14603640e+01  2.67289439e-01 
 2.06538016e+00 -1.14603716e+01  2.67289205e-01 
 2.08929613e+00 -1.14603794e+01  2.67288965e-01 
 2.11348904e+00 -1.14603874e+01  2.67288720e-01 
 2.13796209e+00 -1.14603955e+01  2.67288469e-01 
 2.16271852e+00 -1.14604039e+01  2.67288213e-01 
 2.18776162e+00 -1.14604124e+01  2.67287950e-01 
 2.21309471e+00 -1.14604211e+01  2.67287681e-01 
 2.23872114e+00 -1.14604301e+01  2.67287406e-01 
 2.26464431e+00 -1.14604392e+01  2.67287124e-01 
 2.29086765e+00 -1.14604486e+01  2.67286836e-01 
 2.31739465e+00 -1.14604582e+01  2.67286541e-01 
 2.34422882e+00 -1.14604680e+01  2.67286240e-01 
 2.37137371e+00 -1.14604780e+01  2.67285931e-01 
 2.39883292e+00 -1.14604883e+01  2.67285615e-01 
 2.42661010e+00 -1.14604988e+01  2.67285292e-01 
 2.45470892e+00 -1.14605095e+01  2.67284961e-01 
 2.48313311e+00 -1.14605205e+01  2.67284623e-01 
 2.51188643e+00 -1.14605318e+01  2.67284277e-01 
 2.54097271e+00 -1.14605433e+01  2.67283922e-01 
 2.57039578e+00 -1.14605551e+01  2.67283560e-01 
 2.60015956e+00 -1.14605671e+01  2.67283189e-01 
 2.63026799e+00 -1.14605795e+01  2.67282809e-01 
 2.66072506e+00 -1.14605921e+01  2.67282420e-01 
 2.69153480e+00 -1.14606050e+01  2.67282023e-01 
 2.72270131e+00 -1.14606182e+01  2.67281616e-01 
 2.75422870e+00 -1.14606318e+01  2.67281199e-01 
 2.78612117e+00 -1.14606456e+01  2.67280773e-01 
 2.81838293e+00 -1.14606598e+01  2.67280337e-01 
 2.85101827e+00 -1.14606743e+01  2.67279891e-01 
 2.88403150e+00 -1.14606891e+01  2.67279435e-01 
 2.91742701e+00 -1.14607043e+01  2.67278968e-01 
 2.95120923e+00 -1.14607198e+01  2.67278489e-01 
 2.98538262e+00 -1.14607357e+01  2.67278000e-01 
 3.01995172e+00 -1.14607520e+01  2.67277500e-01 
 3.05492111e+00 -1.14607686e+01  2.67276988e-01 
 3.09029543e+00 -1.14607857e+01  2.67276463e-01 
 3.12607937e+00 -1.14608031e+01  2.67275927e-01 
 3.16227766e+00 -1.14608209e+01  2.67275378e-01 
 3.19889511e+00 -1.14608392e+01  2.67274817e-01 
 3.23593657e+00 -1.14608579e+01  2.67274242e-01 
 3.27340695e+00 -1.14608770e+01  2.67273654e-01 
 3.31131121e+00 -1.14608965e+01  2.67273052e-01 
 3.34965439e+00 -1.14609165e+01  2.67272436e-01 
 3.38844156e+00 -1.14609370e+01  2.67271806e-01 
 3.42767787e+00 -1.14609580e+01  2.67271161e-01 
 3.46736850e+00 -1.14609794e+01  2.67270502e-01 
 3.50751874e+00 -1.14610014e+01  2.67269826e-01 
 3.54813389e+00 -1.14610238e+01  2.67269136e-01 
 3.58921935e+00 -1.14610468e+01  2.67268429e-01 
 3.63078055e+00 -1.14610703e+01  2.67267705e-01 
 3.67282300e+00 -1.14610944e+01  2.67266965e-01 
 3.71535229e+00 -1.14611190e+01  2.67266207e-01 
 3.75837404e+00 -1.14611442e+01  2.67265432e-01 
 3.80189396e+00 -1.14611700e+01  2.67264639e-01 
 3.84591782e+00 -1.14611963e+01  2.67263827e-01 
 3.89045145e+00 -1.14612233e+01  2.67262997e-01 
 3.93550075e+00 -1.14612509e+01  2.67262147e-01 
 3.98107171e+00 -1.14612792e+01  2.67261277e-01 
 4.02717034e+00 -1.14613081e+01  2.67260387e-01 
 4.07380278e+00 -1.14613377e+01  2.67259477e-01 
 4.12097519e+00 -1.14613680e+01  2.67258545e-01 
 4.16869383e+00 -1.14613990e+01  2.67257591e-01 
 4.21696503e+00 -1.14614307e+01  2.67256615e-01 
 4.26579519e+00 -1.14614632e+01  2.67255617e-01 
 4.31519077e+00 -1.14614964e+01  2.67254595e-01 
 4.36515832e+00 -1.14615304e+01  2.67253550e-01 
 4.41570447e+00 -1.14615651e+01  2.67252480e-01 
 4.46683592e+00 -1.14616007e+01  2.67251385e-01 
 4.51855944e+00 -1.14616371e+01  2.67250265e-01 
 4.57088190e+00 -1.14616744e+01  2.67249118e-01 
 4.62381021e+00 -1.14617125e+01  2.67247945e-01 
 4.67735141e+00 -1.14617515e+01  2.67246745e-01 
 4.73151259e+00 -1.14617914e+01  2.67245517e-01 
 4.78630092e+00 -1.14618323e+01  2.67244260e-01 
 4.84172368e+00 -1.14618741e+01  2.67242974e-01 
 4.89778819e+00 -1.14619169e+01  2.67241658e-01 
 4.95450191e+00 -1.14619606e+01  2.67240311e-01 
 5.01187234e+00 -1.14620054e+01  2.67238933e-01 
 5.06990708e+00 -1.14620513e+01  2.67237523e-01 
 5.12861384e+00 -1.14620982e+01  2.67236080e-01 
 5.18800039e+00 -1.14621461e+01  2.67234603e-01 
 5.24807460e+00 -1.14621953e+01  2.67233092e-01 
 5.30884444e+00 -1.14622455e+01  2.67231546e-01 
 5.37031796e+00 -1.14622969e+01  2.67229964e-01 
 5.43250331e+00 -1.14623495e+01  2.67228346e-01 
 5.49540874e+00 -1.14624034e+01  2.67226689e-01 
 5.55904257e+00 -1.14624585e+01  2.67224994e-01 
 5.62341325e+00 -1.14625149e+01  2.67223259e-01 
 5.68852931e+00 -1.14625726e+01  2.67221484e-01 
 5.75439937e+00 -1.14626316e+01  2.67219668e-01 
 5.82103218e+00 -1.14626920e+01  2.67217810e-01 
 5.88843655e+00 -1.14627538e+01  2.67215908e-01 
 5.95662144e+00 -1.14628171e+01  2.67213962e-01 
 6.02559586e+00 -1.14628818e+01  2.67211971e-01 
 6.09536897e+00 -1.14629480e+01  2.67209933e-01 
 6.16595002e+00 -1.14630158e+01  2.67207848e-01 
 6.23734835e+00 -1.14630852e+01  2.67205714e-01 
 6.30957344e+00 -1.14631561e+01  2.67203531e-01 
 6.38263486e+00 -1.14632288e+01  2.67201297e-01 
 6.45654229e+00 -1.14633031e+01  2.67199011e-01 
 6.53130553e+00 -1.14633791e+01  2.67196672e-01 
 6.60693448e+00 -1.14634569e+01  2.67194279e-01 
 6.68343918e+00 -1.14635365e+01  2.67191829e-01 
 6.76082975e+00 -1.14636180e+01  2.67189323e-01 
 6.83911647e+00 -1.14637014e+01  2.67186759e-01 
 6.91830971e+00 -1.14637867e+01  2.67184134e-01 
 6.99841996e+00 -1.14638740e+01  2.67181449e-01 
 7.07945784e+00 -1.14639633e+01  2.67178701e-01 
 7.16143410e+00 -1.14640547e+01  2.67175890e-01 
 7.24435960e+00 -1.14641482e+01  2.67173013e-01 
 7.32824533e+00 -1.14642440e+01  2.67170069e-01 
 7.41310241e+00 -1.14643419e+01  2.67167056e-01 
 7.49894209e+00 -1.14644421e+01  2.67163974e-01 
 7.58577575e+00 -1.14645447e+01  2.67160820e-01 
 7.67361489e+00 -1.14646496e+01  2.67157592e-01 
 7.76247117e+00 -1.14647570e+01  2.67154290e-01 
 7.85235635e+00 -1.14648668e+01  2.67150910e-01 
 7.94328235e+00 -1.14649793e+01  2.67147452e-01 
 8.03526122e+00 -1.14650943e+01  2.67143914e-01 
 8.12830516e+00 -1.14652120e+01  2.67140293e-01 
 8.22242650e+00 -1.14653325e+01  2.67136588e-01 
 8.31763771e+00 -1.14654558e+01  2.67132797e-01 
 8.41395142e+00 -1.14655819e+01  2.67128918e-01 
 8.51138038e+00 -1.14657110e+01  2.67124949e-01 
 8.60993752e+00 -1.14658430e+01  2.67120887e-01 
 8.70963590e+00 -1.14659782e+01  2.67116732e-01 
 8.81048873e+00 -1.14661164e+01  2.67112479e-01 
 8.91250938e+00 -1.14662579e+01  2.67108128e-01 
 9.01571138e+00 -1.14664027e+01  2.67103675e-01 
 9.12010839e+00 -1.14665509e+01  2.67099119e-01 
 9.22571427e+00 -1.14667025e+01  2.67094457e-01 
 9.33254301e+00 -1.14668576e+01  2.67089687e-01 
 9.44060876e+00 -1.14670164e+01  2.67084806e-01 
 9.54992586e+00 -1.14671788e+01  2.67079811e-01 
 9.66050879e+00 -1.14673450e+01  2.67074700e-01 
 9.77237221e+00 -1.14675151e+01  2.67069471e-01 
 9.88553095e+00 -1.14676891e+01  2.67064120e-01 
 1.00000000e+01 -1.14678672e+01  2.67058645e-01 
 1.01157945e+01 -1.14680494e+01  2.67053043e-01 
 1.02329299e+01 -1.14682358e+01  2.67047311e-01 
 1.03514217e+01 -1.14684266e+01  2.67041445e-01 
 1.04712855e+01 -1.14686218e+01  2.67035443e-01 
 1.05925373e+01 -1.14688216e+01  2.67029302e-01 
 1.07151931e+01 -1.14690260e+01  2.67023018e-01 
 1.08392691e+01 -1.14692351e+01  2.67016589e-01 
 1.09647820e+01 -1.14694492e+01  2.67010010e-01 
 1.10917482e+01 -1.14696681e+01  2.67003278e-01 
 1.12201845e+01 -1.14698922e+01  2.66996390e-01 
 1.13501082e+01 -1.14701215e+01  2.66989342e-01 
 1.14815362e+01 -1.14703561e+01  2.66982131e-01 
 1.16144861e+01 -1.14705962e+01  2.66974752e-01 
 1.17489755e+01 -1.14708418e+01  2.66967202e-01 
 1.18850223e+01 -1.14710932e+01  2.66959476e-01 
 1.20226443e+01 -1.14713504e+01  2.66951572e-01 
 1.21618600e+01 -1.14716135e+01  2.66943484e-01 
 1.23026877e+01 -1.14718828e+01  2.66935208e-01 
 1.24451461e+01 -1.14721583e+01  2.66926741e-01 
 1.25892541e+01 -1.14724403e+01  2.66918077e-01 
 1.27350308e+01 -1.14727287e+01  2.66909212e-01 
 1.28824955e+01 -1.14730239e+01  2.66900142e-01 
 1.30316678e+01 -1.14733259e+01  2.66890861e-01 
 1.31825674e+01 -1.14736350e+01  2.66881365e-01 
 1.33352143e+01 -1.14739512e+01  2.66871649e-01 
 1.34896288e+01 -1.14742748e+01  2.66861708e-01 
 1.36458314e+01 -1.14746059e+01  2.66851536e-01 
 1.38038426e+01 -1.14749446e+01  2.66841129e-01 
 1.39636836e+01 -1.14752912e+01  2.66830480e-01 
 1.41253754e+01 -1.14756459e+01  2.66819585e-01 
 1.42889396e+01 -1.14760088e+01  2.66808437e-01 
 1.44543977e+01 -1.14763801e+01  2.66797031e-01 
 1.46217717e+01 -1.14767601e+01  2.66785361e-01 
 1.47910839e+01 -1.14771488e+01  2.66773421e-01 
 1.49623566e+01 -1.14775466e+01  2.66761204e-01 
 1.51356125e+01 -1.14779536e+01  2.66748704e-01 
 1.53108746e+01 -1.14783701e+01  2.66735916e-01 
 1.54881662e+01 -1.14787962e+01  2.66722831e-01 
 1.56675107e+01 -1.14792322e+01  2.66709443e-01 
 1.58489319e+01 -1.14796783e+01  2.66695745e-01 
 1.60324539e+01 -1.14801347e+01  2.66681731e-01 
 1.62181010e+01 -1.14806017e+01  2.66667393e-01 
 1.64058977e+01 -1.14810796e+01  2.66652723e-01 
 1.65958691e+01 -1.14815685e+01  2.66637713e-01 
 1.67880402e+01 -1.14820687e+01  2.66622357e-01 
 1.69824365e+01 -1.14825806e+01  2.66606646e-01 
 1.71790839e+01 -1.14831043e+01  2.66590571e-01 
 1.73780083e+01 -1.14836401e+01  2.66574126e-01 
 1.75792361e+01 -1.14841884e+01  2.66557300e-01 
 1.77827941e+01 -1.14847493e+01  2.66540086e-01 
 1.79887092e+01 -1.14853233e+01  2.66522474e-01 
 1.81970086e+01 -1.14859105e+01  2.66504456e-01 
 1.84077200e+01 -1.14865113e+01  2.66486021e-01 
 1.86208714e+01 -1.14871261e+01  2.66467162e-01 
 1.88364909e+01 -1.14877550e+01  2.66447867e-01 
 1.90546072e+01 -1.14883986e+01  2.66428127e-01 
 1.92752491e+01 -1.14890570e+01  2.66407932e-01 
 1.94984460e+01 -1.14897306e+01  2.66387271e-01 
 1.97242274e+01 -1.14904199e+01  2.66366134e-01 
 1.99526231e+01 -1.14911250e+01  2.66344509e-01 
 2.01836636e+01 -1.14918465e+01  2.66322387e-01 
 2.04173794e+01 -1.14925847e+01  2.66299755e-01 
 2.06538016e+01 -1.14933399e+01  2.66276601e-01 
 2.08929613e+01 -1.14941126e+01  2.66252915e-01 
 2.11348904e+01 -1.14949031e+01  2.66228683e-01 
 2.13796209e+01 -1.14957119e+01  2.66203894e-01 
 2.16271852e+01 -1.14965394e+01  2.66178535e-01 
 2.18776162e+01 -1.14973860e+01  2.66152592e-01 
 2.21309471e+01 -1.14982521e+01  2.66126053e-01 
 2.23872114e+01 -1.14991383e+01  2.66098904e-01 
 2.26464431e+01 -1.15000449e+01  2.66071132e-01 
 2.29086765e+01 -1.15009724e+01  2.66042721e-01 
 2.31739465e+01 -1.15019213e+01  2.66013658e-01 
 2.34422882e+01 -1.15028921e+01  2.65983928e-01 
 2.37137371e+01 -1.15038853e+01  2.65953516e-01 
 2.39883292e+01 -1.15049014e+01  2.65922406e-01 
 2.42661010e+01 -1.15059409e+01  2.65890583e-01 
 2.45470892e+01 -1.15070044e+01  2.65858030e-01 
 2.48313311e+01 -1.15080923e+01  2.65824731e-01 
 2.51188643e+01 -1.15092054e+01  2.65790670e-01 
 2.54097271e+01 -1.15103440e+01  2.65755829e-01 
 2.57039578e+01 -1.15115089e+01  2.65720191e-01 
 2.60015956e+01 -1.15127006e+01  2.65683737e-01 
 2.63026799e+01 -1.15139197e+01  2.65646450e-01 
 2.66072506e+01 -1.15151668e+01  2.65608311e-01 
 2.69153480e+01 -1.15164426e+01  2.65569300e-01 
 2.72270131e+01 -1.15177478e+01  2.65529398e-01 
 2.75422870e+01 -1.15190829e+01  2.65488585e-01 
 2.78612117e+01 -1.15204488e+01  2.65446842e-01 
 2.81838293e+01 -1.15218459e+01  2.65404146e-01 
 2.85101827e+01 -1.15232752e+01  2.65360477e-01 
 2.88403150e+01 -1.15247373e+01  2.65315813e-01 
 2.91742701e+01 -1.15262329e+01  2.65270133e-01 
 2.95120923e+01 -1.15277628e+01  2.65223412e-01 
 2.98538262e+01 -1.15293278e+01  2.65175629e-01 
 3.01995172e+01 -1.15309287e+01  2.65126760e-01 
 3.05492111e+01 -1.15325663e+01  2.65076780e-01 
 3.09029543e+01 -1.15342413e+01  2.65025666e-01 
 3.12607937e+01 -1.15359547e+01  2.64973391e-01 
 3.16227766e+01 -1.15377073e+01  2.64919931e-01 
 3.19889511e+01 -1.15395000e+01  2.64865259e-01 
 3.23593657e+01 -1.15413337e+01  2.64809349e-01 
 3.27340695e+01 -1.15432093e+01  2.64752173e-01 
 3.31131121e+01 -1.15451278e+01  2.64693703e-01 
 3.34965439e+01 -1.15470901e+01  2.64633912e-01 
 3.38844156e+01 -1.15490971e+01  2.64572770e-01 
 3.42767787e+01 -1.15511500e+01  2.64510248e-01 
 3.46736850e+01 -1.15532496e+01  2.64446315e-01 
 3.50751874e+01 -1.15553971e+01  2.64380941e-01 
 3.54813389e+01 -1.15575936e+01  2.64314094e-01 
 3.58921935e+01 -1.15598400e+01  2.64245743e-01 
 3.63078055e+01 -1.15621376e+01  2.64175854e-01 
 3.67282300e+01 -1.15644874e+01  2.64104395e-01 
 3.71535229e+01 -1.15668907e+01  2.64031332e-01 
 3.75837404e+01 -1.15693485e+01  2.63956629e-01 
 3.80189396e+01 -1.15718622e+01  2.63880252e-01 
 3.84591782e+01 -1.15744329e+01  2.63802165e-01 
 3.89045145e+01 -1.15770619e+01  2.63722331e-01 
 3.93550075e+01 -1.15797505e+01  2.63640711e-01 
 3.98107171e+01 -1.15825000e+01  2.63557270e-01 
 4.02717034e+01 -1.15853117e+01  2.63471966e-01 
 4.07380278e+01 -1.15881871e+01  2.63384762e-01 
 4.12097519e+01 -1.15911275e+01  2.63295615e-01 
 4.16869383e+01 -1.15941343e+01  2.63204486e-01 
 4.21696503e+01 -1.15972089e+01  2.63111332e-01 
 4.26579519e+01 -1.16003530e+01  2.63016111e-01 
 4.31519077e+01 -1.16035679e+01  2.62918779e-01 
 4.36515832e+01 -1.16068552e+01  2.62819291e-01 
 4.41570447e+01 -1.16102165e+01  2.62717603e-01 
 4.46683592e+01 -1.16136535e+01  2.62613668e-01 
 4.51855944e+01 -1.16171677e+01  2.62507440e-01 
 4.57088190e+01 -1.16207607e+01  2.62398871e-01 
 4.62381021e+01 -1.16244344e+01  2.62287913e-01 
 4.67735141e+01 -1.16281905e+01  2.62174516e-01 
 4.73151259e+01 -1.16320307e+01  2.62058629e-01 
 4.78630092e+01 -1.16359568e+01  2.61940202e-01 
 4.84172368e+01 -1.16399707e+01  2.61819183e-01 
 4.89778819e+01 -1.16440743e+01  2.61695519e-01 
 4.95450191e+01 -1.16482694e+01  2.61569155e-01 
 5.01187234e+01 -1.16525581e+01  2.61440037e-01 
 5.06990708e+01 -1.16569422e+01  2.61308110e-01 
 5.12861384e+01 -1.16614239e+01  2.61173316e-01 
 5.18800039e+01 -1.16660053e+01  2.61035598e-01 
 5.24807460e+01 -1.16706883e+01  2.60894898e-01 
 5.30884444e+01 -1.16754752e+01  2.60751155e-01 
 5.37031796e+01 -1.16803681e+01  2.60604311e-01 
 5.43250331e+01 -1.16853693e+01  2.60454302e-01 
 5.49540874e+01 -1.16904810e+01  2.60301067e-01 
 5.55904257e+01 -1.16957056e+01  2.60144543e-01 
 5.62341325e+01 -1.17010454e+01  2.59984665e-01 
 5.68852931e+01 -1.17065027e+01  2.59821368e-01 
 5.75439937e+01 -1.17120801e+01  2.59654585e-01 
 5.82103218e+01 -1.17177799e+01  2.59484250e-01 
 5.88843655e+01 -1.17236049e+01  2.59310294e-01 
 5.95662144e+01 -1.17295574e+01  2.59132648e-01 
 6.02559586e+01 -1.17356401e+01  2.58951241e-01 
 6.09536897e+01 -1.17418557e+01  2.58766003e-01 
 6.16595002e+01 -1.17482068e+01  2.58576861e-01 
 6.23734835e+01 -1.17546963e+01  2.58383742e-01 
 6.30957344e+01 -1.17613269e+01  2.58186573e-01 
 6.38263486e+01 -1.17681015e+01  2.57985278e-01 
 6.45654229e+01 -1.17750230e+01  2.57779780e-01 
 6.53130553e+01 -1.17820943e+01  2.57570004e-01 
 6.60693448e+01 -1.17893184e+01  2.57355871e-01 
 6.68343918e+01 -1.17966983e+01  2.57137302e-01 
 6.76082975e+01 -1.18042372e+01  2.56914218e-01 
 6.83911647e+01 -1.18119381e+01  2.56686538e-01 
 6.91830971e+01 -1.18198043e+01  2.56454181e-01 
 6.99841996e+01 -1.18278390e+01  2.56217063e-01 
 7.07945784e+01 -1.18360455e+01  2.55975102e-01 
 7.16143410e+01 -1.18444271e+01  2.55728214e-01 
 7.24435960e+01 -1.18529872e+01  2.55476313e-01 
 7.32824533e+01 -1.18617293e+01  2.55219314e-01 
 7.41310241e+01 -1.18706568e+01  2.54957130e-01 
 7.49894209e+01 -1.18797732e+01  2.54689675e-01 
 7.58577575e+01 -1.18890823e+01  2.54416859e-01 
 7.67361489e+01 -1.18985875e+01  2.54138595e-01 
 7.76247117e+01 -1.19082927e+01  2.53854793e-01 
 7.85235635e+01 -1.19182014e+01  2.53565362e-01 
 7.94328235e+01 -1.19283177e+01  2.53270213e-01 
 8.03526122e+01 -1.19386452e+01  2.52969254e-01 
 8.12830516e+01 -1.19491879e+01  2.52662393e-01 
 8.22242650e+01 -1.19599497e+01  2.52349538e-01 
 8.31763771e+01 -1.19709347e+01  2.52030596e-01 
 8.41395142e+01 -1.19821468e+01  2.51705474e-01 
 8.51138038e+01 -1.19935901e+01  2.51374079e-01 
 8.60993752e+01 -1.20052689e+01  2.51036317e-01 
 8.70963590e+01 -1.20171873e+01  2.50692093e-01 
 8.81048873e+01 -1.20293494e+01  2.50341314e-01 
 8.91250938e+01 -1.20417597e+01  2.49983885e-01 
 9.01571138e+01 -1.20544225e+01  2.49619712e-01 
 9.12010839e+01 -1.20673420e+01  2.49248699e-01 
 9.22571427e+01 -1.20805228e+01  2.48870752e-01 
 9.33254301e+01 -1.20939693e+01  2.48485777e-01 
 9.44060876e+01 -1.21076860e+01  2.48093679e-01 
 9.54992586e+01 -1.21216775e+01  2.47694364e-01 
 9.66050879e+01 -1.21359483e+01  2.47287739e-01 
 9.77237221e+01 -1.21505032e+01  2.46873709e-01 
 9.88553095e+01 -1.21653467e+01  2.46452181e-01 
 1.00000000e+02 -1.21804836e+01  2.46023063e-01 
 1.01157945e+02 -1.21959186e+01  2.45586264e-01 
 1.02329299e+02 -1.22116565e+01  2.45141690e-01 
 1.03514217e+02 -1.22277021e+01  2.44689253e-01 
 1.04712855e+02 -1.22440603e+01  2.44228862e-01 
 1.05925373e+02 -1.22607359e+01  2.43760428e-01 
 1.07151931e+02 -1.22777339e+01  2.43283864e-01 
 1.08392691e+02 -1.22950592e+01  2.42799082e-01 
 1.09647820e+02 -1.23127167e+01  2.42305998e-01 
 1.10917482e+02 -1.23307114e+01  2.41804527e-01 
 1.12201845e+02 -1.23490484e+01  2.41294587e-01 
 1.13501082e+02 -1.23677327e+01  2.40776095e-01 
 1.14815362e+02 -1.23867692e+01  2.40248973e-01 
 1.16144861e+02 -1.24061631e+01  2.39713143e-01 
 1.17489755e+02 -1.24259194e+01  2.39168527e-01 
 1.18850223e+02 -1.24460432e+01  2.38615053e-01 
 1.20226443e+02 -1.24665397e+01  2.38052648e-01 
 1.21618600e+02 -1.24874138e+01  2.37481242e-01 
 1.23026877e+02 -1.25086707e+01  2.36900767e-01 
 1.24451461e+02 -1.25303154e+01  2.36311158e-01 
 1.25892541e+02 -1.25523532e+01  2.35712351e-01 
 1.27350308e+02 -1.25747890e+01  2.35104288e-01 
 1.28824955e+02 -1.25976280e+01  2.34486909e-01 
 1.30316678e+02 -1.26208752e+01  2.33860160e-01 
 1.31825674e+02 -1.26445356e+01  2.33223989e-01 
 1.33352143e+02 -1.26686144e+01  2.32578348e-01 
 1.34896288e+02 -1.26931165e+01  2.31923190e-01 
 1.36458314e+02 -1.27180469e+01  2.31258474e-01 
 1.38038426e+02 -1.27434106e+01  2.30584159e-01 
 1.39636836e+02 -1.27692126e+01  2.29900212e-01 
 1.41253754e+02 -1.27954577e+01  2.29206599e-01 
 1.42889396e+02 -1.28221508e+01  2.28503292e-01 
 1.44543977e+02 -1.28492967e+01  2.27790267e-01 
 1.46217717e+02 -1.28769003e+01  2.27067504e-01 
 1.47910839e+02 -1.29049662e+01  2.26334985e-01 
 1.49623566e+02 -1.29334992e+01  2.25592699e-01 
 1.51356125e+02 -1.29625039e+01  2.24840637e-01 
 1.53108746e+02 -1.29919848e+01  2.24078795e-01 
 1.54881662e+02 -1.30219465e+01  2.23307175e-01 
 1.56675107e+02 -1.30523934e+01  2.22525780e-01 
 1.58489319e+02 -1.30833299e+01  2.21734619e-01 
 1.60324539e+02 -1.31147603e+01  2.20933709e-01 
 1.62181010e+02 -1.31466889e+01  2.20123066e-01 
 1.64058977e+02 -1.31791198e+01  2.19302715e-01 
 1.65958691e+02 -1.32120571e+01  2.18472685e-01 
 1.67880402e+02 -1.32455047e+01  2.17633008e-01 
 1.69824365e+02 -1.32794666e+01  2.16783722e-01 
 1.71790839e+02 -1.33139465e+01  2.15924873e-01 
 1.73780083e+02 -1.33489483e+01  2.15056507e-01 
 1.75792361e+02 -1.33844754e+01  2.14178677e-01 
 1.77827941e+02 -1.34205313e+01  2.13291444e-01 
 1.79887092e+02 -1.34571196e+01  2.12394869e-01 
 1.81970086e+02 -1.34942434e+01  2.11489023e-01 
 1.84077200e+02 -1.35319059e+01  2.10573980e-01 
 1.86208714e+02 -1.35701102e+01  2.09649818e-01 
 1.88364909e+02 -1.36088593e+01  2.08716622e-01 
 1.90546072e+02 -1.36481559e+01  2.07774482e-01 
 1.92752491e+02 -1.36880027e+01  2.06823491e-01 
 1.94984460e+02 -1.37284023e+01  2.05863752e-01 
 1.97242274e+02 -1.37693572e+01  2.04895367e-01 
 1.99526231e+02 -1.38108696e+01  2.03918448e-01 
 2.01836636e+02 -1.38529418e+01  2.02933110e-01 
 2.04173794e+02 -1.38955757e+01  2.01939472e-01 
 2.06538016e+02 -1.39387732e+01  2.00937660e-01 
 2.08929613e+02 -1.39825361e+01  1.99927804e-01 
 2.11348904e+02 -1.40268660e+01  1.98910038e-01 
 2.13796209e+02 -1.40717644e+01  1.97884502e-01 
 2.16271852e+02 -1.41172325e+01  1.96851340e-01 
 2.18776162e+02 -1.41632716e+01  1.95810700e-01 
 2.21309471e+02 -1.42098827e+01  1.94762736e-01 
 2.23872114e+02 -1.42570666e+01  1.93707604e-01 
 2.26464431e+02 -1.43048241e+01  1.92645467e-01 
 2.29086765e+02 -1.43531558e+01  1.91576490e-01 
 2.31739465e+02 -1.44020620e+01  1.90500842e-01 
 2.34422882e+02 -1.44515430e+01  1.89418698e-01 
 2.37137371e+02 -1.45015990e+01  1.88330235e-01 
 2.39883292e+02 -1.45522299e+01  1.87235633e-01 
 2.42661010e+02 -1.46034356e+01  1.86135076e-01 
 2.45470892e+02 -1.46552156e+01  1.85028753e-01 
 2.48313311e+02 -1.47075695e+01  1.83916853e-01 
 2.51188643e+02 -1.47604965e+01  1.82799571e-01 
 2.54097271e+02 -1.48139961e+01  1.81677103e-01 
 2.57039578e+02 -1.48680671e+01  1.80549648e-01 
 2.60015956e+02 -1.49227085e+01  1.79417407e-01 
 2.63026799e+02 -1.49779190e+01  1.78280585e-01 
 2.66072506e+02 -1.50336973e+01  1.77139387e-01 
 2.69153480e+02 -1.50900417e+01  1.75994021e-01 
 2.72270131e+02 -1.51469507e+01  1.74844697e-01 
 2.75422870e+02 -1.52044223e+01  1.73691627e-01 
 2.78612117e+02 -1.52624547e+01  1.72535022e-01 
 2.81838293e+02 -1.53210457e+01  1.71375098e-01 
 2.85101827e+02 -1.53801930e+01  1.70212068e-01 
 2.88403150e+02 -1.54398944e+01  1.69046149e-01 
 2.91742701e+02 -1.55001472e+01  1.67877556e-01 
 2.95120923e+02 -1.55609489e+01  1.66706509e-01 
 2.98538262e+02 -1.56222966e+01  1.65533222e-01 
 3.01995172e+02 -1.56841876e+01  1.64357914e-01 
 3.05492111e+02 -1.57466187e+01  1.63180802e-01 
 3.09029543e+02 -1.58095869e+01  1.62002104e-01 
 3.12607937e+02 -1.58730889e+01  1.60822036e-01 
 3.16227766e+02 -1.59371214e+01  1.59640813e-01 
 3.19889511e+02 -1.60016808e+01  1.58458653e-01 
 3.23593657e+02 -1.60667637e+01  1.57275769e-01 
 3.27340695e+02 -1.61323663e+01  1.56092374e-01 
 3.31131121e+02 -1.61984849e+01  1.54908681e-01 
 3.34965439e+02 -1.62651156e+01  1.53724901e-01 
 3.38844156e+02 -1.63322544e+01  1.52541243e-01 
 3.42767787e+02 -1.63998973e+01  1.51357914e-01 
 3.46736850e+02 -1.64680402e+01  1.50175121e-01 
 3.50751874e+02 -1.65366788e+01  1.48993067e-01 
 3.54813389e+02 -1.66058088e+01  1.47811955e-01 
 3.58921935e+02 -1.66754259e+01  1.46631982e-01 
 3.63078055e+02 -1.67455256e+01  1.45453348e-01 
 3.67282300e+02 -1.68161034e+01  1.44276245e-01 
 3.71535229e+02 -1.68871547e+01  1.43100867e-01 
 3.75837404e+02 -1.69586749e+01  1.41927402e-01 
 3.80189396e+02 -1.70306593e+01  1.40756038e-01 
 3.84591782e+02 -1.71031031e+01  1.39586958e-01 
 3.89045145e+02 -1.71760016e+01  1.38420342e-01 
 3.93550075e+02 -1.72493499e+01  1.37256369e-01 
 3.98107171e+02 -1.73231431e+01  1.36095212e-01 
 4.02717034e+02 -1.73973762e+01  1.34937043e-01 
 4.07380278e+02 -1.74720443e+01  1.33782030e-01 
 4.12097519e+02 -1.75471425e+01  1.32630338e-01 
 4.16869383e+02 -1.76226656e+01  1.31482126e-01 
 4.21696503e+02 -1.76986087e+01  1.30337554e-01 
 4.26579519e+02 -1.77749665e+01  1.29196775e-01 
 4.31519077e+02 -1.78517342e+01  1.28059939e-01 
 4.36515832e+02 -1.79289064e+01  1.26927194e-01 
 4.41570447e+02 -1.80064781e+01  1.25798683e-01 
 4.46683592e+02 -1.80844442e+01  1.24674544e-01 
 4.51855944e+02 -1.81627995e+01  1.23554915e-01 
 4.57088190e+02 -1.82415388e+01  1.22439926e-01 
 4.62381021e+02 -1.83206570e+01  1.21329708e-01 
 4.67735141e+02 -1.84001489e+01  1.20224383e-01 
 4.73151259e+02 -1.84800094e+01  1.19124072e-01 
 4.78630092e+02 -1.85602332e+01  1.18028894e-01 
 4.84172368e+02 -1.86408154e+01  1.16938961e-01 
 4.89778819e+02 -1.87217506e+01  1.15854383e-01 
 4.95450191e+02 -1.88030339e+01  1.14775265e-01 
 5.01187234e+02 -1.88846601e+01  1.13701710e-01 
 5.06990708e+02 -1.89666241e+01  1.12633816e-01 
 5.12861384e+02 -1.90489208e+01  1.11571677e-01 
 5.18800039e+02 -1.91315452e+01  1.10515385e-01 
 5.24807460e+02 -1.92144922e+01  1.09465028e-01 
 5.30884444e+02 -1.92977569e+01  1.08420688e-01 
 5.37031796e+02 -1.93813342e+01  1.07382446e-01 
 5.43250331e+02 -1.94652192e+01  1.06350378e-01 
 5.49540874e+02 -1.95494070e+01  1.05324559e-01 
 5.55904257e+02 -1.96338928e+01  1.04305056e-01 
 5.62341325e+02 -1.97186715e+01  1.03291938e-01 
 5.68852931e+02 -1.98037385e+01  1.02285266e-01 
 5.75439937e+02 -1.98890888e+01  1.01285099e-01 
 5.82103218e+02 -1.99747178e+01  1.00291496e-01 
 5.88843655e+02 -2.00606208e+01  9.93045070e-02 
 5.95662144e+02 -2.01467930e+01  9.83241834e-02 
 6.02559586e+02 -2.02332299e+01  9.73505718e-02 
 6.09536897e+02 -2.03199267e+01  9.63837154e-02 
 6.16595002e+02 -2.04068790e+01  9.54236551e-02 
 6.23734835e+02 -2.04940823e+01  9.44704282e-02 
 6.30957344e+02 -2.05815321e+01  9.35240698e-02 
 6.38263486e+02 -2.06692238e+01  9.25846116e-02 
 6.45654229e+02 -2.07571533e+01  9.16520824e-02 
 6.53130553e+02 -2.08453160e+01  9.07265089e-02 
 6.60693448e+02 -2.09337078e+01  8.98079147e-02 
 6.68343918e+02 -2.10223243e+01  8.88963207e-02 
 6.76082975e+02 -2.11111613e+01  8.79917454e-02 
 6.83911647e+02 -2.12002149e+01  8.70942046e-02 
 6.91830971e+02 -2.12894806e+01  8.62037123e-02 
 6.99841996e+02 -2.13789546e+01  8.53202794e-02 
 7.07945784e+02 -2.14686328e+01  8.44439147e-02 
 7.16143410e+02 -2.15585113e+01  8.35746249e-02 
 7.24435960e+02 -2.16485860e+01  8.27124145e-02 
 7.32824533e+02 -2.17388532e+01  8.18572855e-02 
 7.41310241e+02 -2.18293090e+01  8.10092382e-02 
 7.49894209e+02 -2.19199497e+01  8.01682707e-02 
 7.58577575e+02 -2.20107714e+01  7.93343795e-02 
 7.67361489e+02 -2.21017706e+01  7.85075585e-02 
 7.76247117e+02 -2.21929435e+01  7.76878004e-02 
 7.85235635e+02 -2.22842866e+01  7.68750959e-02 
 7.94328235e+02 -2.23757963e+01  7.60694338e-02 
 8.03526122e+02 -2.24674692e+01  7.52708015e-02 
 8.12830516e+02 -2.25593017e+01  7.44791846e-02 
 8.22242650e+02 -2.26512906e+01  7.36945671e-02 
 8.31763771e+02 -2.27434323e+01  7.29169314e-02 
 8.41395142e+02 -2.28357237e+01  7.21462590e-02 
 8.51138038e+02 -2.29281613e+01  7.13825294e-02 
 8.60993752e+02 -2.30207421e+01  7.06257210e-02 
 8.70963590e+02 -2.31134628e+01  6.98758107e-02 
 8.81048873e+02 -2.32063203e+01  6.91327743e-02 
 8.91250938e+02 -2.32993114e+01  6.83965865e-02 
 9.01571138e+02 -2.33924332e+01  6.76672205e-02 
 9.12010839e+02 -2.34856827e+01  6.69446486e-02 
 9.22571427e+02 -2.35790567e+01  6.62288422e-02 
 9.33254301e+02 -2.36725526e+01  6.55197712e-02 
 9.44060876e+02 -2.37661672e+01  6.48174051e-02 
 9.54992586e+02 -2.38598978e+01  6.41217119e-02 
 9.66050879e+02 -2.39537416e+01  6.34326591e-02 
 9.77237221e+02 -2.40476959e+01  6.27502133e-02 
 9.88553095e+02 -2.41417578e+01  6.20743400e-02 
 1.00000000e+03 -2.42359247e+01  6.14050041e-02 
 1.01157945e+03 -2.43301939e+01  6.07421700e-02 
 1.02329299e+03 -2.44245629e+01  6.00858009e-02 
 1.03514217e+03 -2.45190290e+01  5.94358600e-02 
 1.04712855e+03 -2.46135897e+01  5.87923090e-02 
 1.05925373e+03 -2.47082424e+01  5.81551099e-02 
 1.07151931e+03 -2.48029847e+01  5.75242233e-02 
 1.08392691e+03 -2.48978142e+01  5.68996102e-02 
 1.09647820e+03 -2.49927284e+01  5.62812302e-02 
 1.10917482e+03 -2.50877249e+01  5.56690431e-02 
 1.12201845e+03 -2.51828014e+01  5.50630078e-02 
 1.13501082e+03 -2.52779556e+01  5.44630830e-02 
 1.14815362e+03 -2.53731851e+01  5.38692273e-02 
 1.16144861e+03 -2.54684877e+01  5.32813982e-02 
 1.17489755e+03 -2.55638612e+01  5.26995538e-02 
 1.18850223e+03 -2.56593034e+01  5.21236511e-02 
 1.20226443e+03 -2.57548121e+01  5.15536474e-02 
 1.21618600e+03 -2.58503850e+01  5.09894994e-02 
 1.23026877e+03 -2.59460202e+01  5.04311638e-02 
 1.24451461e+03 -2.60417154e+01  4.98785970e-02 
 1.25892541e+03 -2.61374687e+01  4.93317550e-02 
 1.27350308e+03 -2.62332779e+01  4.87905942e-02 
 1.28824955e+03 -2.63291410e+01  4.82550702e-02 
 1.30316678e+03 -2.64250559e+01  4.77251391e-02 
 1.31825674e+03 -2.65210208e+01  4.72007565e-02 
 1.33352143e+03 -2.66170336e+01  4.66818780e-02 
 1.34896288e+03 -2.67130924e+01  4.61684593e-02 
 1.36458314e+03 -2.68091952e+01  4.56604557e-02 
 1.38038426e+03 -2.69053401e+01  4.51578229e-02 
 1.39636836e+03 -2.70015252e+01  4.46605164e-02 
 1.41253754e+03 -2.70977486e+01  4.41684916e-02 
 1.42889396e+03 -2.71940085e+01  4.36817041e-02 
 1.44543977e+03 -2.72903030e+01  4.32001095e-02 
 1.46217717e+03 -2.73866303e+01  4.27236633e-02 
 1.47910839e+03 -2.74829885e+01  4.22523213e-02 
 1.49623566e+03 -2.75793759e+01  4.17860391e-02 
 1.51356125e+03 -2.76757905e+01  4.13247727e-02 
 1.53108746e+03 -2.77722307e+01  4.08684779e-02 
 1.54881662e+03 -2.78686947e+01  4.04171108e-02 
 1.56675107e+03 -2.79651807e+01  3.99706276e-02 
 1.58489319e+03 -2.80616868e+01  3.95289846e-02 
 1.60324539e+03 -2.81582115e+01  3.90921381e-02 
 1.62181010e+03 -2.82547529e+01  3.86600449e-02 
 1.64058977e+03 -2.83513093e+01  3.82326617e-02 
 1.65958691e+03 -2.84478790e+01  3.78099454e-02 
 1.67880402e+03 -2.85444602e+01  3.73918530e-02 
 1.69824365e+03 -2.86410513e+01  3.69783421e-02 
 1.71790839e+03 -2.87376505e+01  3.65693699e-02 
 1.73780083e+03 -2.88342560e+01  3.61648941e-02 
 1.75792361e+03 -2.89308663e+01  3.57648728e-02 
 1.77827941e+03 -2.90274796e+01  3.53692639e-02 
 1.79887092e+03 -2.91240941e+01  3.49780259e-02 
 1.81970086e+03 -2.92207082e+01  3.45911171e-02 
 1.84077200e+03 -2.93173202e+01  3.42084966e-02 
 1.86208714e+03 -2.94139284e+01  3.38301233e-02 
 1.88364909e+03 -2.95105310e+01  3.34559563e-02 
 1.90546072e+03 -2.96071264e+01  3.30859554e-02 
 1.92752491e+03 -2.97037128e+01  3.27200802e-02 
 1.94984460e+03 -2.98002885e+01  3.23582908e-02 
 1.97242274e+03 -2.98968519e+01  3.20005474e-02 
 1.99526231e+03 -2.99934011e+01  3.16468105e-02 
 2.01836636e+03 -3.00899344e+01  3.12970411e-02 
 2.04173794e+03 -3.01864501e+01  3.09512001e-02 
 2.06538016e+03 -3.02829465e+01  3.06092490e-02 
 2.08929613e+03 -3.03794218e+01  3.02711494e-02 
 2.11348904e+03 -3.04758742e+01  2.99368630e-02 
 2.13796209e+03 -3.05723020e+01  2.96063522e-02 
 2.16271852e+03 -3.06687033e+01  2.92795793e-02 
 2.18776162e+03 -3.07650765e+01  2.89565072e-02 
 2.21309471e+03 -3.08614196e+01  2.86370988e-02 
 2.23872114e+03 -3.09577309e+01  2.83213176e-02 
 2.26464431e+03 -3.10540085e+01  2.80091271e-02 
 2.29086765e+03 -3.11502506e+01  2.77004911e-02 
 2.31739465e+03 -3.12464553e+01  2.73953740e-02 
 2.34422882e+03 -3.13426208e+01  2.70937401e-02 
 2.37137371e+03 -3.14387451e+01  2.67955543e-02 
 2.39883292e+03 -3.15348263e+01  2.65007816e-02 
 2.42661010e+03 -3.16308626e+01  2.62093874e-02 
 2.45470892e+03 -3.17268519e+01  2.59213374e-02 
 2.48313311e+03 -3.18227923e+01  2.56365974e-02 
 2.51188643e+03 -3.19186819e+01  2.53551337e-02 
 2.54097271e+03 -3.20145186e+01  2.50769129e-02 
 2.57039578e+03 -3.21103003e+01  2.48019018e-02 
 2.60015956e+03 -3.22060251e+01  2.45300675e-02 
 2.63026799e+03 -3.23016909e+01  2.42613775e-02 
 2.66072506e+03 -3.23972955e+01  2.39957995e-02 
 2.69153480e+03 -3.24928369e+01  2.37333013e-02 
 2.72270131e+03 -3.25883130e+01  2.34738515e-02 
 2.75422870e+03 -3.26837214e+01  2.32174185e-02 
 2.78612117e+03 -3.27790601e+01  2.29639712e-02 
 2.81838293e+03 -3.28743269e+01  2.27134789e-02 
 2.85101827e+03 -3.29695194e+01  2.24659108e-02 
 2.88403150e+03 -3.30646354e+01  2.22212369e-02 
 2.91742701e+03 -3.31596726e+01  2.19794272e-02 
 2.95120923e+03 -3.32546287e+01  2.17404518e-02 
 2.98538262e+03 -3.33495012e+01  2.15042816e-02 
 3.01995172e+03 -3.34442879e+01  2.12708873e-02 
 3.05492111e+03 -3.35389862e+01  2.10402401e-02 
 3.09029543e+03 -3.36335937e+01  2.08123115e-02 
 3.12607937e+03 -3.37281078e+01  2.05870732e-02 
 3.16227766e+03 -3.38225262e+01  2.03644972e-02 
 3.19889511e+03 -3.39168461e+01  2.01445558e-02 
 3.23593657e+03 -3.40110650e+01  1.99272215e-02 
 3.27340695e+03 -3.41051803e+01  1.97124672e-02 
 3.31131121e+03 -3.41991893e+01  1.95002661e-02 
 3.34965439e+03 -3.42930892e+01  1.92905913e-02 
 3.38844156e+03 -3.43868773e+01  1.90834167e-02 
 3.42767787e+03 -3.44805509e+01  1.88787160e-02 
 3.46736850e+03 -3.45741071e+01  1.86764636e-02 
 3.50751874e+03 -3.46675430e+01  1.84766337e-02 
 3.54813389e+03 -3.47608558e+01  1.82792011e-02 
 3.58921935e+03 -3.48540424e+01  1.80841408e-02 
 3.63078055e+03 -3.49470999e+01  1.78914279e-02 
 3.67282300e+03 -3.50400253e+01  1.77010380e-02 
 3.71535229e+03 -3.51328155e+01  1.75129467e-02 
 3.75837404e+03 -3.52254673e+01  1.73271300e-02 
 3.80189396e+03 -3.53179777e+01  1.71435641e-02 
 3.84591782e+03 -3.54103433e+01  1.69622255e-02 
 3.89045145e+03 -3.55025611e+01  1.67830909e-02 
 3.93550075e+03 -3.55946275e+01  1.66061372e-02 
 3.98107171e+03 -3.56865395e+01  1.64313417e-02 
 4.02717034e+03 -3.57782934e+01  1.62586817e-02 
 4.07380278e+03 -3.58698860e+01  1.60881350e-02 
 4.12097519e+03 -3.59613137e+01  1.59196794e-02 
 4.16869383e+03 -3.60525730e+01  1.57532930e-02 
 4.21696503e+03 -3.61436604e+01  1.55889542e-02 
 4.26579519e+03 -3.62345722e+01  1.54266417e-02 
 4.31519077e+03 -3.63253047e+01  1.52663341e-02 
 4.36515832e+03 -3.64158544e+01  1.51080106e-02 
 4.41570447e+03 -3.65062173e+01  1.49516504e-02 
 4.46683592e+03 -3.65963897e+01  1.47972330e-02 
 4.51855944e+03 -3.66863678e+01  1.46447381e-02 
 4.57088190e+03 -3.67761477e+01  1.44941455e-02 
 4.62381021e+03 -3.68657253e+01  1.43454354e-02 
 4.67735141e+03 -3.69550967e+01  1.41985882e-02 
 4.73151259e+03 -3.70442579e+01  1.40535843e-02 
 4.78630092e+03 -3.71332048e+01  1.39104045e-02 
 4.84172368e+03 -3.72219333e+01  1.37690297e-02 
 4.89778819e+03 -3.73104391e+01  1.36294410e-02 
 4.95450191e+03 -3.73987180e+01  1.34916199e-02 
 5.01187234e+03 -3.74867659e+01  1.33555478e-02 
 5.06990708e+03 -3.75745782e+01  1.32212065e-02 
 5.12861384e+03 -3.76621507e+01  1.30885779e-02 
 5.18800039e+03 -3.77494790e+01  1.29576441e-02 
 5.24807460e+03 -3.78365587e+01  1.28283874e-02 
 5.30884444e+03 -3.79233851e+01  1.27007902e-02 
 5.37031796e+03 -3.80099539e+01  1.25748353e-02 
 5.43250331e+03 -3.80962603e+01  1.24505055e-02 
 5.49540874e+03 -3.81822999e+01  1.23277837e-02 
 5.55904257e+03 -3.82680678e+01  1.22066533e-02 
 5.62341325e+03 -3.83535595e+01  1.20870975e-02 
 5.68852931e+03 -3.84387702e+01  1.19690998e-02 
 5.75439937e+03 -3.85236951e+01  1.18526441e-02 
 5.82103218e+03 -3.86083295e+01  1.17377141e-02 
 5.88843655e+03 -3.86926684e+01  1.16242939e-02 
 5.95662144e+03 -3.87767069e+01  1.15123677e-02 
 6.02559586e+03 -3.88604403e+01  1.14019199e-02 
 6.09536897e+03 -3.89438635e+01  1.12929349e-02 
 6.16595002e+03 -3.90269716e+01  1.11853975e-02 
 6.23734835e+03 -3.91097595e+01  1.10792924e-02 
 6.30957344e+03 -3.91922224e+01  1.09746046e-02 
 6.38263486e+03 -3.92743550e+01  1.08713192e-02 
 6.45654229e+03 -3.93561524e+01  1.07694216e-02 
 6.53130553e+03 -3.94376095e+01  1.06688970e-02 
 6.60693448e+03 -3.95187212e+01  1.05697311e-02 
 6.68343918e+03 -3.95994824e+01  1.04719095e-02 
 6.76082975e+03 -3.96798878e+01  1.03754182e-02 
 6.83911647e+03 -3.97599325e+01  1.02802429e-02 
 6.91830971e+03 -3.98396112e+01  1.01863699e-02 
 6.99841996e+03 -3.99189188e+01  1.00937853e-02 
 7.07945784e+03 -3.99978501e+01  1.00024755e-02 
 7.16143410e+03 -4.00764000e+01  9.91242700e-03 
 7.24435960e+03 -4.01545633e+01  9.82362638e-03 
 7.32824533e+03 -4.02323348e+01  9.73606040e-03 
 7.41310241e+03 -4.03097095e+01  9.64971590e-03 
 7.49894209e+03 -4.03866821e+01  9.56457985e-03 
 7.58577575e+03 -4.04632475e+01  9.48063931e-03 
 7.67361489e+03 -4.05394007e+01  9.39788150e-03 
 7.76247117e+03 -4.06151365e+01  9.31629373e-03 
 7.85235635e+03 -4.06904500e+01  9.23586341e-03 
 7.94328235e+03 -4.07653359e+01  9.15657809e-03 
 8.03526122e+03 -4.08397894e+01  9.07842543e-03 
 8.12830516e+03 -4.09138054e+01  9.00139314e-03 
 8.22242650e+03 -4.09873790e+01  8.92546911e-03 
 8.31763771e+03 -4.10605052e+01  8.85064127e-03 
 8.41395142e+03 -4.11331793e+01  8.77689768e-03 
 8.51138038e+03 -4.12053963e+01  8.70422649e-03 
 8.60993752e+03 -4.12771515e+01  8.63261600e-03 
 8.70963590e+03 -4.13484403e+01  8.56205447e-03 
 8.81048873e+03 -4.14192578e+01  8.49253041e-03 
 8.91250938e+03 -4.14895995e+01  8.42403230e-03 
 9.01571138e+03 -4.15594609e+01  8.35654880e-03 
 9.12010839e+03 -4.16288375e+01  8.29006862e-03 
 9.22571427e+03 -4.16977248e+01  8.22458054e-03 
 9.33254301e+03 -4.17661186e+01  8.16007348e-03 
 9.44060876e+03 -4.18340146e+01  8.09653639e-03 
 9.54992586e+03 -4.19014085e+01  8.03395837e-03 
 9.66050879e+03 -4.19682963e+01  7.97232851e-03 
 9.77237221e+03 -4.20346740e+01  7.91163605e-03 
 9.88553095e+03 -4.21005377e+01  7.85187029e-03 
 1.00000000e+04 -4.21658835e+01  7.79302062e-03 
 1.01157945e+04 -4.22307078e+01  7.73507648e-03 
 1.02329299e+04 -4.22950068e+01  7.67802744e-03 
 1.03514217e+04 -4.23587771e+01  7.62186308e-03 
 1.04712855e+04 -4.24220153e+01  7.56657314e-03 
 1.05925373e+04 -4.24847181e+01  7.51214732e-03 
 1.07151931e+04 -4.25468822e+01  7.45857548e-03 
 1.08392691e+04 -4.26085047e+01  7.40584751e-03 
 1.09647820e+04 -4.26695825e+01  7.35395342e-03 
 1.10917482e+04 -4.27301129e+01  7.30288324e-03 
 1.12201845e+04 -4.27900930e+01  7.25262711e-03 
 1.13501082e+04 -4.28495204e+01  7.20317519e-03 
 1.14815362e+04 -4.29083927e+01  7.15451774e-03 
 1.16144861e+04 -4.29667075e+01  7.10664508e-03 
 1.17489755e+04 -4.30244625e+01  7.05954763e-03 
 1.18850223e+04 -4.30816559e+01  7.01321582e-03 
 1.20226443e+04 -4.31382857e+01  6.96764020e-03 
 1.21618600e+04 -4.31943501e+01  6.92281134e-03 
 1.23026877e+04 -4.32498475e+01  6.87871990e-03 
 1.24451461e+04 -4.33047765e+01  6.83535658e-03 
 1.25892541e+04 -4.33591357e+01  6.79271221e-03 
 1.27350308e+04 -4.34129239e+01  6.75077764e-03 
 1.28824955e+04 -4.34661402e+01  6.70954374e-03 
 1.30316678e+04 -4.35187837e+01  6.66900150e-03 
 1.31825674e+04 -4.35708536e+01  6.62914199e-03 
 1.33352143e+04 -4.36223493e+01  6.58995631e-03 
 1.34896288e+04 -4.36732705e+01  6.55143560e-03 
 1.36458314e+04 -4.37236168e+01  6.51357111e-03 
 1.38038426e+04 -4.37733882e+01  6.47635414e-03 
 1.39636836e+04 -4.38225847e+01  6.43977607e-03 
 1.41253754e+04 -4.38712064e+01  6.40382828e-03 
 1.42889396e+04 -4.39192538e+01  6.36850227e-03 
 1.44543977e+04 -4.39667273e+01  6.33378961e-03 
 1.46217717e+04 -4.40136276e+01  6.29968191e-03 
 1.47910839e+04 -4.40599554e+01  6.26617082e-03 
 1.49623566e+04 -4.41057117e+01  6.23324810e-03 
 1.51356125e+04 -4.41508977e+01  6.20090556e-03 
 1.53108746e+04 -4.41955144e+01  6.16913505e-03 
 1.54881662e+04 -4.42395635e+01  6.13792853e-03 
 1.56675107e+04 -4.42830463e+01  6.10727796e-03 
 1.58489319e+04 -4.43259645e+01  6.07717542e-03 
 1.60324539e+04 -4.43683201e+01  6.04761307e-03 
 1.62181010e+04 -4.44101149e+01  6.01858304e-03 
 1.64058977e+04 -4.44513510e+01  5.99007762e-03 
 1.65958691e+04 -4.44920307e+01  5.96208915e-03 
 1.67880402e+04 -4.45321563e+01  5.93460998e-03 
 1.69824365e+04 -4.45717305e+01  5.90763259e-03 
 1.71790839e+04 -4.46107556e+01  5.88114950e-03 
 1.73780083e+04 -4.46492346e+01  5.85515328e-03 
 1.75792361e+04 -4.46871703e+01  5.82963661e-03 
 1.77827941e+04 -4.47245657e+01  5.80459218e-03 
 1.79887092e+04 -4.47614240e+01  5.78001282e-03 
 1.81970086e+04 -4.47977483e+01  5.75589134e-03 
 1.84077200e+04 -4.48335420e+01  5.73222069e-03 
 1.86208714e+04 -4.48688085e+01  5.70899387e-03 
 1.88364909e+04 -4.49035514e+01  5.68620392e-03 
 1.90546072e+04 -4.49377744e+01  5.66384399e-03 
 1.92752491e+04 -4.49714811e+01  5.64190726e-03 
 1.94984460e+04 -4.50046756e+01  5.62038702e-03 
 1.97242274e+04 -4.50373616e+01  5.59927658e-03 
 1.99526231e+04 -4.50695432e+01  5.57856937e-03 
 2.01836636e+04 -4.51012246e+01  5.55825884e-03 
 2.04173794e+04 -4.51324100e+01  5.53833858e-03 
 2.06538016e+04 -4.51631035e+01  5.51880215e-03 
 2.08929613e+04 -4.51933096e+01  5.49964329e-03 
 2.11348904e+04 -4.52230326e+01  5.48085571e-03 
 2.13796209e+04 -4.52522771e+01  5.46243326e-03 
 2.16271852e+04 -4.52810476e+01  5.44436985e-03 
 2.18776162e+04 -4.53093487e+01  5.42665941e-03 
 2.21309471e+04 -4.53371850e+01  5.40929601e-03 
 2.23872114e+04 -4.53645614e+01  5.39227375e-03 
 2.26464431e+04 -4.53914824e+01  5.37558680e-03 
 2.29086765e+04 -4.54179530e+01  5.35922942e-03 
 2.31739465e+04 -4.54439780e+01  5.34319593e-03 
 2.34422882e+04 -4.54695623e+01  5.32748072e-03 
 2.37137371e+04 -4.54947108e+01  5.31207823e-03 
 2.39883292e+04 -4.55194284e+01  5.29698303e-03 
 2.42661010e+04 -4.55437201e+01  5.28218969e-03 
 2.45470892e+04 -4.55675910e+01  5.26769289e-03 
 2.48313311e+04 -4.55910461e+01  5.25348738e-03 
 2.51188643e+04 -4.56140904e+01  5.23956796e-03 
 2.54097271e+04 -4.56367290e+01  5.22592952e-03 
 2.57039578e+04 -4.56589670e+01  5.21256701e-03 
 2.60015956e+04 -4.56808094e+01  5.19947544e-03 
 2.63026799e+04 -4.57022613e+01  5.18664990e-03 
 2.66072506e+04 -4.57233279e+01  5.17408556e-03 
 2.69153480e+04 -4.57440142e+01  5.16177762e-03 
 2.72270131e+04 -4.57643253e+01  5.14972140e-03 
 2.75422870e+04 -4.57842664e+01  5.13791224e-03 
 2.78612117e+04 -4.58038424e+01  5.12634557e-03 
 2.81838293e+04 -4.58230586e+01  5.11501688e-03 
 2.85101827e+04 -4.58419198e+01  5.10392176e-03 
 2.88403150e+04 -4.58604313e+01  5.09305580e-03 
 2.91742701e+04 -4.58785980e+01  5.08241472e-03 
 2.95120923e+04 -4.58964249e+01  5.07199427e-03 
 2.98538262e+04 -4.59139171e+01  5.06179026e-03 
 3.01995172e+04 -4.59310794e+01  5.05179860e-03 
 3.05492111e+04 -4.59479170e+01  5.04201521e-03 
 3.09029543e+04 -4.59644345e+01  5.03243614e-03 
 3.12607937e+04 -4.59806371e+01  5.02305744e-03 
 3.16227766e+04 -4.59965295e+01  5.01387527e-03 
 3.19889511e+04 -4.60121165e+01  5.00488582e-03 
 3.23593657e+04 -4.60274030e+01  4.99608535e-03 
 3.27340695e+04 -4.60423938e+01  4.98747018e-03 
 3.31131121e+04 -4.60570934e+01  4.97903671e-03 
 3.34965439e+04 -4.60715067e+01  4.97078138e-03 
 3.38844156e+04 -4.60856384e+01  4.96270068e-03 
 3.42767787e+04 -4.60994929e+01  4.95479118e-03 
 3.46736850e+04 -4.61130749e+01  4.94704950e-03 
 3.50751874e+04 -4.61263889e+01  4.93947231e-03 
 3.54813389e+04 -4.61394394e+01  4.93205635e-03 
 3.58921935e+04 -4.61522309e+01  4.92479840e-03 
 3.63078055e+04 -4.61647676e+01  4.91769532e-03 
 3.67282300e+04 -4.61770541e+01  4.91074398e-03 
 3.71535229e+04 -4.61890946e+01  4.90394136e-03 
 3.75837404e+04 -4.62008934e+01  4.89728445e-03 
 3.80189396e+04 -4.62124546e+01  4.89077032e-03 
 3.84591782e+04 -4.62237825e+01  4.88439608e-03 
 3.89045145e+04 -4.62348812e+01  4.87815888e-03 
 3.93550075e+04 -4.62457546e+01  4.87205596e-03 
 3.98107171e+04 -4.62564070e+01  4.86608455e-03 
 4.02717034e+04 -4.62668421e+01  4.86024199e-03 
 4.07380278e+04 -4.62770640e+01  4.85452563e-03 
 4.12097519e+04 -4.62870765e+01  4.84893289e-03 
 4.16869383e+04 -4.62968835e+01  4.84346122e-03 
 4.21696503e+04 -4.63064886e+01  4.83810812e-03 
 4.26579519e+04 -4.63158957e+01  4.83287116e-03 
 4.31519077e+04 -4.63251083e+01  4.82774793e-03 
 4.36515832e+04 -4.63341301e+01  4.82273606e-03 
 4.41570447e+04 -4.63429647e+01  4.81783325e-03 
 4.46683592e+04 -4.63516156e+01  4.81303722e-03 
 4.51855944e+04 -4.63600862e+01  4.80834576e-03 
 4.57088190e+04 -4.63683800e+01  4.80375667e-03 
 4.62381021e+04 -4.63765003e+01  4.79926781e-03 
 4.67735141e+04 -4.63844504e+01  4.79487708e-03 
 4.73151259e+04 -4.63922337e+01  4.79058243e-03 
 4.78630092e+04 -4.63998532e+01  4.78638182e-03 
 4.84172368e+04 -4.64073122e+01  4.78227328e-03 
 4.89778819e+04 -4.64146138e+01  4.77825487e-03 
 4.95450191e+04 -4.64217610e+01  4.77432467e-03 
 5.01187234e+04 -4.64287569e+01  4.77048082e-03 
 5.06990708e+04 -4.64356044e+01  4.76672149e-03 
 5.12861384e+04 -4.64423065e+01  4.76304489e-03 
 5.18800039e+04 -4.64488660e+01  4.75944925e-03 
 5.24807460e+04 -4.64552857e+01  4.75593284e-03 
 5.30884444e+04 -4.64615685e+01  4.75249399e-03 
 5.37031796e+04 -4.64677170e+01  4.74913103e-03 
 5.43250331e+04 -4.64737339e+01  4.74584234e-03 
 5.49540874e+04 -4.64796218e+01  4.74262633e-03 
 5.55904257e+04 -4.64853835e+01  4.73948143e-03 
 5.62341325e+04 -4.64910213e+01  4.73640613e-03 
 5.68852931e+04 -4.64965378e+01  4.73339893e-03 
 5.75439937e+04 -4.65019355e+01  4.73045835e-03 
 5.82103218e+04 -4.65072168e+01  4.72758297e-03 
 5.88843655e+04 -4.65123840e+01  4.72477138e-03 
 5.95662144e+04 -4.65174395e+01  4.72202219e-03 
 6.02559586e+04 -4.65223856e+01  4.71933407e-03 
 6.09536897e+04 -4.65272245e+01  4.71670568e-03 
 6.16595002e+04 -4.65319583e+01  4.71413573e-03 
 6.23734835e+04 -4.65365894e+01  4.71162296e-03 
 6.30957344e+04 -4.65411198e+01  4.70916612e-03 
 6.38263486e+04 -4.65455515e+01  4.70676400e-03 
 6.45654229e+04 -4.65498867e+01  4.70441541e-03 
 6.53130553e+04 -4.65541274e+01  4.70211918e-03 
 6.60693448e+04 -4.65582754e+01  4.69987416e-03 
 6.68343918e+04 -4.65623328e+01  4.69767925e-03 
 6.76082975e+04 -4.65663014e+01  4.69553334e-03 
 6.83911647e+04 -4.65701832e+01  4.69343537e-03 
 6.91830971e+04 -4.65739798e+01  4.69138429e-03 
 6.99841996e+04 -4.65776932e+01  4.68937907e-03 
 7.07945784e+04 -4.65813250e+01  4.68741870e-03 
 7.16143410e+04 -4.65848771e+01  4.68550221e-03 
 7.24435960e+04 -4.65883510e+01  4.68362862e-03 
 7.32824533e+04 -4.65917484e+01  4.68179701e-03 
 7.41310241e+04 -4.65950710e+01  4.68000643e-03 
 7.49894209e+04 -4.65983203e+01  4.67825600e-03 
 7.58577575e+04 -4.66014980e+01  4.67654483e-03 
 7.67361489e+04 -4.66046054e+01  4.67487205e-03 
 7.76247117e+04 -4.66076442e+01  4.67323681e-03 
 7.85235635e+04 -4.66106158e+01  4.67163830e-03 
 7.94328235e+04 -4.66135216e+01  4.67007570e-03 
 8.03526122e+04 -4.66163630e+01  4.66854821e-03 
 8.12830516e+04 -4.66191415e+01  4.66705506e-03 
 8.22242650e+04 -4.66218583e+01  4.66559550e-03 
 8.31763771e+04 -4.66245149e+01  4.66416877e-03 
 8.41395142e+04 -4.66271124e+01  4.66277415e-03 
 8.51138038e+04 -4.66296522e+01  4.66141094e-03 
 8.60993752e+04 -4.66321355e+01  4.66007843e-03 
 8.70963590e+04 -4.66345635e+01  4.65877595e-03 
 8.81048873e+04 -4.66369374e+01  4.65750283e-03 
 8.91250938e+04 -4.66392585e+01  4.65625842e-03 
 9.01571138e+04 -4.66415278e+01  4.65504207e-03 
 9.12010839e+04 -4.66437464e+01  4.65385318e-03 
 9.22571427e+04 -4.66459156e+01  4.65269113e-03 
 9.33254301e+04 -4.66480362e+01  4.65155531e-03 
 9.44060876e+04 -4.66501095e+01  4.65044516e-03 
 9.54992586e+04 -4.66521363e+01  4.64936010e-03 
 9.66050879e+04 -4.66541178e+01  4.64829957e-03 
 9.77237221e+04 -4.66560549e+01  4.64726302e-03 
 9.88553095e+04 -4.66579487e+01  4.64624992e-03 
 1.00000000e+05 -4.66597999e+01  4.64525976e-03 
 1.01157945e+05 -4.66616096e+01  4.64429201e-03 
 1.02329299e+05 -4.66633787e+01  4.64334619e-03 
 1.03514217e+05 -4.66651081e+01  4.64242179e-03 
 1.04712855e+05 -4.66667986e+01  4.64151835e-03 
 1.05925373e+05 -4.66684510e+01  4.64063540e-03 
 1.07151931e+05 -4.66700663e+01  4.63977248e-03 
 1.08392691e+05 -4.66716452e+01  4.63892914e-03 
 1.09647820e+05 -4.66731886e+01  4.63810495e-03 
 1.10917482e+05 -4.66746971e+01  4.63729948e-03 
 1.12201845e+05 -4.66761716e+01  4.63651232e-03 
 1.13501082e+05 -4.66776129e+01  4.63574305e-03 
 1.14815362e+05 -4.66790216e+01  4.63499127e-03 
 1.16144861e+05 -4.66803984e+01  4.63425661e-03 
 1.17489755e+05 -4.66817442e+01  4.63353866e-03 
 1.18850223e+05 -4.66830595e+01  4.63283707e-03 
 1.20226443e+05 -4.66843450e+01  4.63215147e-03 
 1.21618600e+05 -4.66856013e+01  4.63148150e-03 
 1.23026877e+05 -4.66868292e+01  4.63082681e-03 
 1.24451461e+05 -4.66880293e+01  4.63018706e-03 
 1.25892541e+05 -4.66892021e+01  4.62956192e-03 
 1.27350308e+05 -4.66903482e+01  4.62895106e-03 
 1.28824955e+05 -4.66914683e+01  4.62835417e-03 
 1.30316678e+05 -4.66925629e+01  4.62777093e-03 
 1.31825674e+05 -4.66936326e+01  4.62720103e-03 
 1.33352143e+05 -4.66946780e+01  4.62664420e-03 
 1.34896288e+05 -4.66956995e+01  4.62610012e-03 
 1.36458314e+05 -4.66966976e+01  4.62556852e-03 
 1.38038426e+05 -4.66976730e+01  4.62504912e-03 
 1.39636836e+05 -4.66986261e+01  4.62454164e-03 
 1.41253754e+05 -4.66995574e+01  4.62404583e-03 
 1.42889396e+05 -4.67004674e+01  4.62356143e-03 
 1.44543977e+05 -4.67013565e+01  4.62308818e-03 
 1.46217717e+05 -4.67022252e+01  4.62262582e-03 
 1.47910839e+05 -4.67030739e+01  4.62217413e-03 
 1.49623566e+05 -4.67039032e+01  4.62173287e-03 
 1.51356125e+05 -4.67047134e+01  4.62130180e-03 
 1.53108746e+05 -4.67055049e+01  4.62088069e-03 
 1.54881662e+05 -4.67062781e+01  4.62046934e-03 
 1.56675107e+05 -4.67070336e+01  4.62006752e-03 
 1.58489319e+05 -4.67077715e+01  4.61967502e-03 
 1.60324539e+05 -4.67084924e+01  4.61929163e-03 
 1.62181010e+05 -4.67091965e+01  4.61891716e-03 
 1.64058977e+05 -4.67098844e+01  4.61855140e-03 
 1.65958691e+05 -4.67105562e+01  4.61819418e-03 
 1.67880402e+05 -4.67112124e+01  4.61784529e-03 
 1.69824365e+05 -4.67118533e+01  4.61750456e-03 
 1.71790839e+05 -4.67124793e+01  4.61717180e-03 
 1.73780083e+05 -4.67130906e+01  4.61684685e-03 
 1.75792361e+05 -4.67136876e+01  4.61652953e-03 
 1.77827941e+05 -4.67142706e+01  4.61621967e-03 
 1.79887092e+05 -4.67148400e+01  4.61591712e-03 
 1.81970086e+05 -4.67153959e+01  4.61562171e-03 
 1.84077200e+05 -4.67159386e+01  4.61533329e-03 
 1.86208714e+05 -4.67164686e+01  4.61505170e-03 
 1.88364909e+05 -4.67169860e+01  4.61477680e-03 
 1.90546072e+05 -4.67174911e+01  4.61450844e-03 
 1.92752491e+05 -4.67179842e+01  4.61424649e-03 
 1.94984460e+05 -4.67184655e+01  4.61399080e-03 
 1.97242274e+05 -4.67189353e+01  4.61374124e-03 
 1.99526231e+05 -4.67193939e+01  4.61349768e-03 
 2.01836636e+05 -4.67198414e+01  4.61326000e-03 
 2.04173794e+05 -4.67202781e+01  4.61302805e-03 
 2.06538016e+05 -4.67207042e+01  4.61280173e-03 
 2.08929613e+05 -4.67211200e+01  4.61258091e-03 
 2.11348904e+05 -4.67215257e+01  4.61236549e-03 
 2.13796209e+05 -4.67219215e+01  4.61215533e-03 
 2.16271852e+05 -4.67223076e+01  4.61195034e-03 
 2.18776162e+05 -4.67226841e+01  4.61175041e-03 
 2.21309471e+05 -4.67230514e+01  4.61155542e-03 
 2.23872114e+05 -4.67234095e+01  4.61136528e-03 
 2.26464431e+05 -4.67237587e+01  4.61117989e-03 
 2.29086765e+05 -4.67240992e+01  4.61099915e-03 
 2.31739465e+05 -4.67244310e+01  4.61082297e-03 
 2.34422882e+05 -4.67247546e+01  4.61065120e-03 
 2.37137371e+05 -4.67250699e+01  4.61048384e-03 
 2.39883292e+05 -4.67253771e+01  4.61032077e-03 
 2.42661010e+05 -4.67256765e+01  4.61016190e-03 
 2.45470892e+05 -4.67259681e+01  4.61000713e-03 
 2.48313311e+05 -4.67262521e+01  4.60985640e-03 
 2.51188643e+05 -4.67265286e+01  4.60970962e-03 
 2.54097271e+05 -4.67267979e+01  4.60956671e-03 
 2.57039578e+05 -4.67270600e+01  4.60942761e-03 
 2.60015956e+05 -4.67273151e+01  4.60929222e-03 
 2.63026799e+05 -4.67275634e+01  4.60916049e-03 
 2.66072506e+05 -4.67278049e+01  4.60903235e-03 
 2.69153480e+05 -4.67280397e+01  4.60890772e-03 
 2.72270131e+05 -4.67282681e+01  4.60878654e-03 
 2.75422870e+05 -4.67284901e+01  4.60866875e-03 
 2.78612117e+05 -4.67287058e+01  4.60855429e-03 
 2.81838293e+05 -4.67289154e+01  4.60844308e-03 
 2.85101827e+05 -4.67291190e+01  4.60833509e-03 
 2.88403150e+05 -4.67293165e+01  4.60823028e-03 
 2.91742701e+05 -4.67295083e+01  4.60812853e-03 
 2.95120923e+05 -4.67296944e+01  4.60802981e-03 
 2.98538262e+05 -4.67298748e+01  4.60793408e-03 
 3.01995172e+05 -4.67300498e+01  4.60784129e-03 
 3.05492111e+05 -4.67302192e+01  4.60775138e-03 
 3.09029543e+05 -4.67303834e+01  4.60766432e-03 
 3.12607937e+05 -4.67305422e+01  4.60758004e-03 
 3.16227766e+05 -4.67306959e+01  4.60749852e-03 
 3.19889511e+05 -4.67308445e+01  4.60741970e-03 
 3.23593657e+05 -4.67309881e+01  4.60734355e-03 
 3.27340695e+05 -4.67311267e+01  4.60727002e-03 
 3.31131121e+05 -4.67312604e+01  4.60719908e-03 
 3.34965439e+05 -4.67313894e+01  4.60713069e-03 
 3.38844156e+05 -4.67315136e+01  4.60706481e-03 
 3.42767787e+05 -4.67316331e+01  4.60700140e-03 
 3.46736850e+05 -4.67317481e+01  4.60694044e-03 
 3.50751874e+05 -4.67318584e+01  4.60688189e-03 
 3.54813389e+05 -4.67319644e+01  4.60682571e-03 
 3.58921935e+05 -4.67320658e+01  4.60677189e-03 
 3.63078055e+05 -4.67321629e+01  4.60672040e-03 
 3.67282300e+05 -4.67322557e+01  4.60667119e-03 
 3.71535229e+05 -4.67323442e+01  4.60662426e-03 
 3.75837404e+05 -4.67324285e+01  4.60657957e-03 
 3.80189396e+05 -4.67325085e+01  4.60653709e-03 
 3.84591782e+05 -4.67325845e+01  4.60649682e-03 
 3.89045145e+05 -4.67326563e+01  4.60645872e-03 
 3.93550075e+05 -4.67327241e+01  4.60642278e-03 
 3.98107171e+05 -4.67327878e+01  4.60638898e-03 
 4.02717034e+05 -4.67328476e+01  4.60635729e-03 
 4.07380278e+05 -4.67329034e+01  4.60632771e-03 
 4.12097519e+05 -4.67329552e+01  4.60630022e-03 
 4.16869383e+05 -4.67330031e+01  4.60627479e-03 
 4.21696503e+05 -4.67330472e+01  4.60625143e-03 
 4.26579519e+05 -4.67330874e+01  4.60623011e-03 
 4.31519077e+05 -4.67331238e+01  4.60621083e-03 
 4.36515832e+05 -4.67331563e+01  4.60619357e-03 
 4.41570447e+05 -4.67331850e+01  4.60617833e-03 
 4.46683592e+05 -4.67332100e+01  4.60616509e-03 
 4.51855944e+05 -4.67332312e+01  4.60615386e-03 
 4.57088190e+05 -4.67332486e+01  4.60614462e-03 
 4.62381021e+05 -4.67332623e+01  4.60613737e-03 
 4.67735141e+05 -4.67332722e+01  4.60613210e-03 
 4.73151259e+05 -4.67332784e+01  4.60612882e-03 
 4.78630092e+05 -4.67332809e+01  4.60612752e-03 
 4.84172368e+05 -4.67332796e+01  4.60612820e-03 
 4.89778819e+05 -4.67332746e+01  4.60613086e-03 
 4.95450191e+05 -4.67332658e+01  4.60613550e-03 
 5.01187234e+05 -4.67332532e+01  4.60614217e-03 
 5.06990708e+05 -4.67332370e+01  4.60615078e-03 
 5.12861384e+05 -4.67332170e+01  4.60616139e-03 
 5.18800039e+05 -4.67331932e+01  4.60617399e-03 
 5.24807460e+05 -4.67331657e+01  4.60618860e-03 
 5.30884444e+05 -4.67331343e+01  4.60620521e-03 
 5.37031796e+05 -4.67330992e+01  4.60622385e-03 
 5.43250331e+05 -4.67330602e+01  4.60624452e-03 
 5.49540874e+05 -4.67330174e+01  4.60626723e-03 
 5.55904257e+05 -4.67329707e+01  4.60629200e-03 
 5.62341325e+05 -4.67329201e+01  4.60631883e-03 
 5.68852931e+05 -4.67328656e+01  4.60634774e-03 
 5.75439937e+05 -4.67328071e+01  4.60637875e-03 
 5.82103218e+05 -4.67327447e+01  4.60641186e-03 
 5.88843655e+05 -4.67326783e+01  4.60644707e-03 
 5.95662144e+05 -4.67326078e+01  4.60648446e-03 
 6.02559586e+05 -4.67325332e+01  4.60652402e-03 
 6.09536897e+05 -4.67324545e+01  4.60656577e-03 
 6.16595002e+05 -4.67323716e+01  4.60660973e-03 
 6.23734835e+05 -4.67322845e+01  4.60665592e-03 
 6.30957344e+05 -4.67321932e+01  4.60670436e-03 
 6.38263486e+05 -4.67320975e+01  4.60675510e-03 
 6.45654229e+05 -4.67319974e+01  4.60680818e-03 
 6.53130553e+05 -4.67318930e+01  4.60686356e-03 
 6.60693448e+05 -4.67317841e+01  4.60692130e-03 
 6.68343918e+05 -4.67316708e+01  4.60698144e-03 
 6.76082975e+05 -4.67315528e+01  4.60704400e-03 
 6.83911647e+05 -4.67314302e+01  4.60710903e-03 
 6.91830971e+05 -4.67313029e+01  4.60717655e-03 
 6.99841996e+05 -4.67311708e+01  4.60724660e-03 
 7.07945784e+05 -4.67310339e+01  4.60731922e-03 
 7.16143410e+05 -4.67308921e+01  4.60739445e-03 
 7.24435960e+05 -4.67307453e+01  4.60747231e-03 
 7.32824533e+05 -4.67305935e+01  4.60755287e-03 
 7.41310241e+05 -4.67304365e+01  4.60763615e-03 
 7.49894209e+05 -4.67302742e+01  4.60772220e-03 
 7.58577575e+05 -4.67301067e+01  4.60781107e-03 
 7.67361489e+05 -4.67299337e+01  4.60790284e-03 
 7.76247117e+05 -4.67297553e+01  4.60799748e-03 
 7.85235635e+05 -4.67295714e+01  4.60809508e-03 
 7.94328235e+05 -4.67293818e+01  4.60819565e-03 
 8.03526122e+05 -4.67291864e+01  4.60829933e-03 
 8.12830516e+05 -4.67289852e+01  4.60840608e-03 
 8.22242650e+05 -4.67287779e+01  4.60851605e-03 
 8.31763771e+05 -4.67285646e+01  4.60862925e-03 
 8.41395142e+05 -4.67283450e+01  4.60874575e-03 
 8.51138038e+05 -4.67281191e+01  4.60886559e-03 
 8.60993752e+05 -4.67278869e+01  4.60898885e-03 
 8.70963590e+05 -4.67276479e+01  4.60911563e-03 
 8.81048873e+05 -4.67274024e+01  4.60924591e-03 
 8.91250938e+05 -4.67271501e+01  4.60937981e-03 
 9.01571138e+05 -4.67268908e+01  4.60951739e-03 
 9.12010839e+05 -4.67266245e+01  4.60965872e-03 
 9.22571427e+05 -4.67263510e+01  4.60980388e-03 
 9.33254301e+05 -4.67260701e+01  4.60995295e-03 
 9.44060876e+05 -4.67257818e+01  4.61010600e-03 
 9.54992586e+05 -4.67254857e+01  4.61026316e-03 
 9.66050879e+05 -4.67251819e+01  4.61042441e-03 
 9.77237221e+05 -4.67248701e+01  4.61058989e-03 
 9.88553095e+05 -4.67245502e+01  4.61075969e-03 
 1.00000000e+06 -4.67242221e+01  4.61093389e-03 
 1.01157945e+06 -4.67238856e+01  4.61111254e-03 
 1.02329299e+06 -4.67235403e+01  4.61129582e-03 
 1.03514217e+06 -4.67231863e+01  4.61148378e-03 
 1.04712855e+06 -4.67228232e+01  4.61167656e-03 
 1.05925373e+06 -4.67224510e+01  4.61187418e-03 
 1.07151931e+06 -4.67220694e+01  4.61207677e-03 
 1.08392691e+06 -4.67216783e+01  4.61228446e-03 
 1.09647820e+06 -4.67212774e+01  4.61249734e-03 
 1.10917482e+06 -4.67208666e+01  4.61271548e-03 
 1.12201845e+06 -4.67204455e+01  4.61293913e-03 
 1.13501082e+06 -4.67200141e+01  4.61316827e-03 
 1.14815362e+06 -4.67195720e+01  4.61340306e-03 
 1.16144861e+06 -4.67191191e+01  4.61364363e-03 
 1.17489755e+06 -4.67186551e+01  4.61389009e-03 
 1.18850223e+06 -4.67181797e+01  4.61414262e-03 
 1.20226443e+06 -4.67176928e+01  4.61440127e-03 
 1.21618600e+06 -4.67171941e+01  4.61466621e-03 
 1.23026877e+06 -4.67166835e+01  4.61493752e-03 
 1.24451461e+06 -4.67161604e+01  4.61521546e-03 
 1.25892541e+06 -4.67156246e+01  4.61550014e-03 
 1.27350308e+06 -4.67150761e+01  4.61579164e-03 
 1.28824955e+06 -4.67145144e+01  4.61609014e-03 
 1.30316678e+06 -4.67139392e+01  4.61639581e-03 
 1.31825674e+06 -4.67133504e+01  4.61670879e-03 
 1.33352143e+06 -4.67127474e+01  4.61702929e-03 
 1.34896288e+06 -4.67121302e+01  4.61735735e-03 
 1.36458314e+06 -4.67114984e+01  4.61769327e-03 
 1.38038426e+06 -4.67108515e+01  4.61803717e-03 
 1.39636836e+06 -4.67101893e+01  4.61838927e-03 
 1.41253754e+06 -4.67095115e+01  4.61874967e-03 
 1.42889396e+06 -4.67088177e+01  4.61911864e-03 
 1.44543977e+06 -4.67081077e+01  4.61949623e-03 
 1.46217717e+06 -4.67073809e+01  4.61988278e-03 
 1.47910839e+06 -4.67066371e+01  4.62027842e-03 
 1.49623566e+06 -4.67058757e+01  4.62068341e-03 
 1.51356125e+06 -4.67050967e+01  4.62109788e-03 
 1.53108746e+06 -4.67042994e+01  4.62152206e-03 
 1.54881662e+06 -4.67034836e+01  4.62195614e-03 
 1.56675107e+06 -4.67026486e+01  4.62240046e-03 
 1.58489319e+06 -4.67017943e+01  4.62285512e-03 
 1.60324539e+06 -4.67009201e+01  4.62332044e-03 
 1.62181010e+06 -4.67000256e+01  4.62379657e-03 
 1.64058977e+06 -4.66991105e+01  4.62428374e-03 
 1.65958691e+06 -4.66981740e+01  4.62478234e-03 
 1.67880402e+06 -4.66972160e+01  4.62529248e-03 
 1.69824365e+06 -4.66962358e+01  4.62581446e-03 
 1.71790839e+06 -4.66952330e+01  4.62634856e-03 
 1.73780083e+06 -4.66942071e+01  4.62689503e-03 
 1.75792361e+06 -4.66931574e+01  4.62745420e-03 
 1.77827941e+06 -4.66920837e+01  4.62802625e-03 
 1.79887092e+06 -4.66909854e+01  4.62861152e-03 
 1.81970086e+06 -4.66898618e+01  4.62921031e-03 
 1.84077200e+06 -4.66887124e+01  4.62982290e-03 
 1.86208714e+06 -4.66875367e+01  4.63044965e-03 
 1.88364909e+06 -4.66863342e+01  4.63109075e-03 
 1.90546072e+06 -4.66851041e+01  4.63174663e-03 
 1.92752491e+06 -4.66838460e+01  4.63241759e-03 
 1.94984460e+06 -4.66825590e+01  4.63310400e-03 
 1.97242274e+06 -4.66812428e+01  4.63380611e-03 
 1.99526231e+06 -4.66798966e+01  4.63452436e-03 
 2.01836636e+06 -4.66785199e+01  4.63525901e-03 
 2.04173794e+06 -4.66771118e+01  4.63601047e-03 
 2.06538016e+06 -4.66756718e+01  4.63677916e-03 
 2.08929613e+06 -4.66741991e+01  4.63756536e-03 
 2.11348904e+06 -4.66726932e+01  4.63836946e-03 
 2.13796209e+06 -4.66711531e+01  4.63919198e-03 
 2.16271852e+06 -4.66695783e+01  4.64003315e-03 
 2.18776162e+06 -4.66679679e+01  4.64089355e-03 
 2.21309471e+06 -4.66663211e+01  4.64177353e-03 
 2.23872114e+06 -4.66646373e+01  4.64267341e-03 
 2.26464431e+06 -4.66629155e+01  4.64359380e-03 
 2.29086765e+06 -4.66611551e+01  4.64453503e-03 
 2.31739465e+06 -4.66593552e+01  4.64549759e-03 
 2.34422882e+06 -4.66575148e+01  4.64648199e-03 
 2.37137371e+06 -4.66556334e+01  4.64748856e-03 
 2.39883292e+06 -4.66537097e+01  4.64851796e-03 
 2.42661010e+06 -4.66517431e+01  4.64957057e-03 
 2.45470892e+06 -4.66497326e+01  4.65064691e-03 
 2.48313311e+06 -4.66476772e+01  4.65174759e-03 
 2.51188643e+06 -4.66455760e+01  4.65287301e-03 
 2.54097271e+06 -4.66434282e+01  4.65402369e-03 
 2.57039578e+06 -4.66412326e+01  4.65520027e-03 
 2.60015956e+06 -4.66389885e+01  4.65640316e-03 
 2.63026799e+06 -4.66366945e+01  4.65763311e-03 
 2.66072506e+06 -4.66343498e+01  4.65889056e-03 
 2.69153480e+06 -4.66319533e+01  4.66017615e-03 
 2.72270131e+06 -4.66295039e+01  4.66149050e-03 
 2.75422870e+06 -4.66270006e+01  4.66283415e-03 
 2.78612117e+06 -4.66244422e+01  4.66420781e-03 
 2.81838293e+06 -4.66218276e+01  4.66561201e-03 
 2.85101827e+06 -4.66191558e+01  4.66704741e-03 
 2.88403150e+06 -4.66164252e+01  4.66851478e-03 
 2.91742701e+06 -4.66136351e+01  4.67001468e-03 
 2.95120923e+06 -4.66107839e+01  4.67154790e-03 
 2.98538262e+06 -4.66078707e+01  4.67311498e-03 
 3.01995172e+06 -4.66048941e+01  4.67471670e-03 
 3.05492111e+06 -4.66018528e+01  4.67635378e-03 
 3.09029543e+06 -4.65987455e+01  4.67802700e-03 
 3.12607937e+06 -4.65955710e+01  4.67973706e-03 
 3.16227766e+06 -4.65923279e+01  4.68148468e-03 
 3.19889511e+06 -4.65890148e+01  4.68327070e-03 
 3.23593657e+06 -4.65856304e+01  4.68509585e-03 
 3.27340695e+06 -4.65821732e+01  4.68696099e-03 
 3.31131121e+06 -4.65786419e+01  4.68886690e-03 
 3.34965439e+06 -4.65750351e+01  4.69081436e-03 
 3.38844156e+06 -4.65713512e+01  4.69280425e-03 
 3.42767787e+06 -4.65675887e+01  4.69483752e-03 
 3.46736850e+06 -4.65637463e+01  4.69691485e-03 
 3.50751874e+06 -4.65598223e+01  4.69903723e-03 
 3.54813389e+06 -4.65558151e+01  4.70120558e-03 
 3.58921935e+06 -4.65517233e+01  4.70342078e-03 
 3.63078055e+06 -4.65475453e+01  4.70568376e-03 
 3.67282300e+06 -4.65432795e+01  4.70799536e-03 
 3.71535229e+06 -4.65389241e+01  4.71035671e-03 
 3.75837404e+06 -4.65344775e+01  4.71276869e-03 
 3.80189396e+06 -4.65299382e+01  4.71523228e-03 
 3.84591782e+06 -4.65253044e+01  4.71774846e-03 
 3.89045145e+06 -4.65205743e+01  4.72031831e-03 
 3.93550075e+06 -4.65157463e+01  4.72294281e-03 
 3.98107171e+06 -4.65108185e+01  4.72562305e-03 
 4.02717034e+06 -4.65057895e+01  4.72835992e-03 
 4.07380278e+06 -4.65006570e+01  4.73115469e-03 
 4.12097519e+06 -4.64954196e+01  4.73400837e-03 
 4.16869383e+06 -4.64900752e+01  4.73692206e-03 
 4.21696503e+06 -4.64846222e+01  4.73989687e-03 
 4.26579519e+06 -4.64790586e+01  4.74293388e-03 
 4.31519077e+06 -4.64733824e+01  4.74603436e-03 
 4.36515832e+06 -4.64675921e+01  4.74919929e-03 
 4.41570447e+06 -4.64616854e+01  4.75243002e-03 
 4.46683592e+06 -4.64556607e+01  4.75572756e-03 
 4.51855944e+06 -4.64495157e+01  4.75909325e-03 
 4.57088190e+06 -4.64432488e+01  4.76252820e-03 
 4.62381021e+06 -4.64368580e+01  4.76603362e-03 
 4.67735141e+06 -4.64303411e+01  4.76961086e-03 
 4.73151259e+06 -4.64236962e+01  4.77326108e-03 
 4.78630092e+06 -4.64169215e+01  4.77698550e-03 
 4.84172368e+06 -4.64100150e+01  4.78078543e-03 
 4.89778819e+06 -4.64029745e+01  4.78466214e-03 
 4.95450191e+06 -4.63957981e+01  4.78861692e-03 
 5.01187234e+06 -4.63884837e+01  4.79265110e-03 
 5.06990708e+06 -4.63810296e+01  4.79676587e-03 
 5.12861384e+06 -4.63734333e+01  4.80096271e-03 
 5.18800039e+06 -4.63656932e+01  4.80524282e-03 
 5.24807460e+06 -4.63578071e+01  4.80960761e-03 
 5.30884444e+06 -4.63497730e+01  4.81405838e-03 
 5.37031796e+06 -4.63415890e+01  4.81859638e-03 
 5.43250331e+06 -4.63332529e+01  4.82322314e-03 
 5.49540874e+06 -4.63247629e+01  4.82793989e-03 
 5.55904257e+06 -4.63161169e+01  4.83274805e-03 
 5.62341325e+06 -4.63073129e+01  4.83764899e-03 
 5.68852931e+06 -4.62983493e+01  4.84264392e-03 
 5.75439937e+06 -4.62892237e+01  4.84773439e-03 
 5.82103218e+06 -4.62799344e+01  4.85292166e-03 
 5.88843655e+06 -4.62704793e+01  4.85820724e-03 
 5.95662144e+06 -4.62608568e+01  4.86359226e-03 
 6.02559586e+06 -4.62510650e+01  4.86907819e-03 
 6.09536897e+06 -4.62411020e+01  4.87466643e-03 
 6.16595002e+06 -4.62309659e+01  4.88035828e-03 
 6.23734835e+06 -4.62206550e+01  4.88615512e-03 
 6.30957344e+06 -4.62101677e+01  4.89205818e-03 
 6.38263486e+06 -4.61995022e+01  4.89806892e-03 
 6.45654229e+06 -4.61886569e+01  4.90418852e-03 
 6.53130553e+06 -4.61776302e+01  4.91041833e-03 
 6.60693448e+06 -4.61664202e+01  4.91675977e-03 
 6.68343918e+06 -4.61550260e+01  4.92321387e-03 
 6.76082975e+06 -4.61434455e+01  4.92978211e-03 
 6.83911647e+06 -4.61316779e+01  4.93646550e-03 
 6.91830971e+06 -4.61197213e+01  4.94326547e-03 
 6.99841996e+06 -4.61075749e+01  4.95018299e-03 
 7.07945784e+06 -4.60952372e+01  4.95721937e-03 
 7.16143410e+06 -4.60827070e+01  4.96437578e-03 
 7.24435960e+06 -4.60699834e+01  4.97165322e-03 
 7.32824533e+06 -4.60570654e+01  4.97905277e-03 
 7.41310241e+06 -4.60439519e+01  4.98657557e-03 
 7.49894209e+06 -4.60306424e+01  4.99422245e-03 
 7.58577575e+06 -4.60171357e+01  5.00199456e-03 
 7.67361489e+06 -4.60034314e+01  5.00989275e-03 
 7.76247117e+06 -4.59895289e+01  5.01791792e-03 
 7.85235635e+06 -4.59754278e+01  5.02607091e-03 
 7.94328235e+06 -4.59611275e+01  5.03435256e-03 
 8.03526122e+06 -4.59466281e+01  5.04276346e-03 
 8.12830516e+06 -4.59319291e+01  5.05130447e-03 
 8.22242650e+06 -4.59170307e+01  5.05997610e-03 
 8.31763771e+06 -4.59019329e+01  5.06877899e-03 
 8.41395142e+06 -4.58866359e+01  5.07771363e-03 
 8.51138038e+06 -4.58711400e+01  5.08678055e-03 
 8.60993752e+06 -4.58554457e+01  5.09597999e-03 
 8.70963590e+06 -4.58395535e+01  5.10531242e-03 
 8.81048873e+06 -4.58234644e+01  5.11477791e-03 
 8.91250938e+06 -4.58071790e+01  5.12437673e-03 
 9.01571138e+06 -4.57906984e+01  5.13410894e-03 
 9.12010839e+06 -4.57740238e+01  5.14397455e-03 
 9.22571427e+06 -4.57571564e+01  5.15397346e-03 
 9.33254301e+06 -4.57400979e+01  5.16410551e-03 
 9.44060876e+06 -4.57228496e+01  5.17437049e-03 
 9.54992586e+06 -4.57054136e+01  5.18476790e-03 
 9.66050879e+06 -4.56877916e+01  5.19529747e-03 
 9.77237221e+06 -4.56699861e+01  5.20595845e-03 
 9.88553095e+06 -4.56519989e+01  5.21675037e-03 
 1.00000000e+07 -4.56338328e+01  5.22767237e-03 
 1.01157945e+07 -4.56154904e+01  5.23872354e-03 
 1.02329299e+07 -4.55969745e+01  5.24990292e-03 
 1.03514217e+07 -4.55782882e+01  5.26120941e-03 
 1.04712855e+07 -4.55594347e+01  5.27264177e-03 
 1.05925373e+07 -4.55404172e+01  5.28419873e-03 
 1.07151931e+07 -4.55212395e+01  5.29587868e-03 
 1.08392691e+07 -4.55019051e+01  5.30768014e-03 
 1.09647820e+07 -4.54824184e+01  5.31960126e-03 
 1.10917482e+07 -4.54627832e+01  5.33164029e-03 
 1.12201845e+07 -4.54430040e+01  5.34379514e-03 
 1.13501082e+07 -4.54230853e+01  5.35606375e-03 
 1.14815362e+07 -4.54030319e+01  5.36844370e-03 
 1.16144861e+07 -4.53828488e+01  5.38093270e-03 
 1.17489755e+07 -4.53625410e+01  5.39352812e-03 
 1.18850223e+07 -4.53421140e+01  5.40622728e-03 
 1.20226443e+07 -4.53215733e+01  5.41902727e-03 
 1.21618600e+07 -4.53009247e+01  5.43192502e-03 
 1.23026877e+07 -4.52801740e+01  5.44491743e-03 
 1.24451461e+07 -4.52593275e+01  5.45800118e-03 
 1.25892541e+07 -4.52383914e+01  5.47117276e-03 
 1.27350308e+07 -4.52173724e+01  5.48442853e-03 
 1.28824955e+07 -4.51962770e+01  5.49776471e-03 
 1.30316678e+07 -4.51751123e+01  5.51117736e-03 
 1.31825674e+07 -4.51538853e+01  5.52466229e-03 
 1.33352143e+07 -4.51326033e+01  5.53821532e-03 
 1.34896288e+07 -4.51112737e+01  5.55183197e-03 
 1.36458314e+07 -4.50899043e+01  5.56550766e-03 
 1.38038426e+07 -4.50685028e+01  5.57923767e-03 
 1.39636836e+07 -4.50470771e+01  5.59301710e-03 
 1.41253754e+07 -4.50256353e+01  5.60684094e-03 
 1.42889396e+07 -4.50041858e+01  5.62070395e-03 
 1.44543977e+07 -4.49827370e+01  5.63460075e-03 
 1.46217717e+07 -4.49612974e+01  5.64852596e-03 
 1.47910839e+07 -4.49398758e+01  5.66247383e-03 
 1.49623566e+07 -4.49184811e+01  5.67643860e-03 
 1.51356125e+07 -4.48971221e+01  5.69041440e-03 
 1.53108746e+07 -4.48758079e+01  5.70439516e-03 
 1.54881662e+07 -4.48545478e+01  5.71837470e-03 
 1.56675107e+07 -4.48333510e+01  5.73234673e-03 
 1.58489319e+07 -4.48122268e+01  5.74630483e-03 
 1.60324539e+07 -4.47911848e+01  5.76024243e-03 
 1.62181010e+07 -4.47702342e+01  5.77415301e-03 
 1.64058977e+07 -4.47493850e+01  5.78802968e-03 
 1.65958691e+07 -4.47286465e+01  5.80186576e-03 
 1.67880402e+07 -4.47080284e+01  5.81565426e-03 
 1.69824365e+07 -4.46875404e+01  5.82938823e-03 
 1.71790839e+07 -4.46671922e+01  5.84306060e-03 
 1.73780083e+07 -4.46469934e+01  5.85666427e-03 
 1.75792361e+07 -4.46269537e+01  5.87019211e-03 
 1.77827941e+07 -4.46070828e+01  5.88363687e-03 
 1.79887092e+07 -4.45873901e+01  5.89699139e-03 
 1.81970086e+07 -4.45678853e+01  5.91024838e-03 
 1.84077200e+07 -4.45485778e+01  5.92340067e-03 
 1.86208714e+07 -4.45294769e+01  5.93644098e-03 
 1.88364909e+07 -4.45105919e+01  5.94936214e-03 
 1.90546072e+07 -4.44919319e+01  5.96215698e-03 
 1.92752491e+07 -4.44735059e+01  5.97481834e-03 
 1.94984460e+07 -4.44553227e+01  5.98733920e-03 
 1.97242274e+07 -4.44373911e+01  5.99971259e-03 
 1.99526231e+07 -4.44197194e+01  6.01193160e-03 
 2.01836636e+07 -4.44023159e+01  6.02398950e-03 
 2.04173794e+07 -4.43851886e+01  6.03587962e-03 
 2.06538016e+07 -4.43683453e+01  6.04759551e-03 
 2.08929613e+07 -4.43517935e+01  6.05913076e-03 
 2.11348904e+07 -4.43355404e+01  6.07047930e-03 
 2.13796209e+07 -4.43195928e+01  6.08163512e-03 
 2.16271852e+07 -4.43039573e+01  6.09259252e-03 
 2.18776162e+07 -4.42886402e+01  6.10334600e-03 
 2.21309471e+07 -4.42736471e+01  6.11389031e-03 
 2.23872114e+07 -4.42589836e+01  6.12422050e-03 
 2.26464431e+07 -4.42446546e+01  6.13433189e-03 
 2.29086765e+07 -4.42306646e+01  6.14422016e-03 
 2.31739465e+07 -4.42170177e+01  6.15388128e-03 
 2.34422882e+07 -4.42037175e+01  6.16331163e-03 
 2.37137371e+07 -4.41907669e+01  6.17250791e-03 
 2.39883292e+07 -4.41781685e+01  6.18146731e-03 
 2.42661010e+07 -4.41659241e+01  6.19018738e-03 
 2.45470892e+07 -4.41540351e+01  6.19866611e-03 
 2.48313311e+07 -4.41425022e+01  6.20690201e-03 
 2.51188643e+07 -4.41313254e+01  6.21489406e-03 
 2.54097271e+07 -4.41205041e+01  6.22264172e-03 
 2.57039578e+07 -4.41100368e+01  6.23014504e-03 
 2.60015956e+07 -4.40999217e+01  6.23740460e-03 
 2.63026799e+07 -4.40901557e+01  6.24442155e-03 
 2.66072506e+07 -4.40807354e+01  6.25119765e-03 
 2.69153480e+07 -4.40716563e+01  6.25773528e-03 
 2.72270131e+07 -4.40629131e+01  6.26403745e-03 
 2.75422870e+07 -4.40544998e+01  6.27010784e-03 
 2.78612117e+07 -4.40464094e+01  6.27595080e-03 
 2.81838293e+07 -4.40386340e+01  6.28157138e-03 
 2.85101827e+07 -4.40311648e+01  6.28697535e-03 
 2.88403150e+07 -4.40239922e+01  6.29216920e-03 
 2.91742701e+07 -4.40171052e+01  6.29716017e-03 
 2.95120923e+07 -4.40104923e+01  6.30195627e-03 
 2.98538262e+07 -4.40041407e+01  6.30656628e-03 
 3.01995172e+07 -4.39980367e+01  6.31099975e-03 
 3.05492111e+07 -4.39921656e+01  6.31526705e-03 
 3.09029543e+07 -4.39865115e+01  6.31937935e-03 
 3.12607937e+07 -4.39810575e+01  6.32334863e-03 
 3.16227766e+07 -4.39757856e+01  6.32718770e-03 
 3.19889511e+07 -4.39706770e+01  6.33091018e-03 
 3.23593657e+07 -4.39657113e+01  6.33453053e-03 
 3.27340695e+07 -4.39608676e+01  6.33806402e-03 
 3.31131121e+07 -4.39561234e+01  6.34152677e-03 
 3.34965439e+07 -4.39514555e+01  6.34493569e-03 
 3.38844156e+07 -4.39468395e+01  6.34830852e-03 
 3.42767787e+07 -4.39422500e+01  6.35166379e-03 
 3.46736850e+07 -4.39376604e+01  6.35502084e-03 
 3.50751874e+07 -4.39330434e+01  6.35839976e-03 
 3.54813389e+07 -4.39283705e+01  6.36182140e-03 
 3.58921935e+07 -4.39236124e+01  6.36530736e-03 
 3.63078055e+07 -4.39187388e+01  6.36887993e-03 
 3.67282300e+07 -4.39137185e+01  6.37256209e-03 
 3.71535229e+07 -4.39085196e+01  6.37637749e-03 
 3.75837404e+07 -4.39031095e+01  6.38035032e-03 
 3.80189396e+07 -4.38974548e+01  6.38450545e-03 
 3.84591782e+07 -4.38915214e+01  6.38886821e-03 
 3.89045145e+07 -4.38852749e+01  6.39346445e-03 
 3.93550075e+07 -4.38786803e+01  6.39832045e-03 
 3.98107171e+07 -4.38717021e+01  6.40346287e-03 
 4.02717034e+07 -4.38643047e+01  6.40891874e-03 
 4.07380278e+07 -4.38564523e+01  6.41471531e-03 
 4.12097519e+07 -4.38481088e+01  6.42088008e-03 
 4.16869383e+07 -4.38392385e+01  6.42744067e-03 
 4.21696503e+07 -4.38298054e+01  6.43442480e-03 
 4.26579519e+07 -4.38197741e+01  6.44186018e-03 
 4.31519077e+07 -4.38091095e+01  6.44977443e-03 
 4.36515832e+07 -4.37977768e+01  6.45819508e-03 
 4.41570447e+07 -4.37857422e+01  6.46714936e-03 
 4.46683592e+07 -4.37729723e+01  6.47666423e-03 
 4.51855944e+07 -4.37594350e+01  6.48676628e-03 
 4.57088190e+07 -4.37450988e+01  6.49748159e-03 
 4.62381021e+07 -4.37299338e+01  6.50883570e-03 
 4.67735141e+07 -4.37139112e+01  6.52085349e-03 
 4.73151259e+07 -4.36970035e+01  6.53355913e-03 
 4.78630092e+07 -4.36791851e+01  6.54697596e-03 
 4.84172368e+07 -4.36604319e+01  6.56112644e-03 
 4.89778819e+07 -4.36407216e+01  6.57603201e-03 
 4.95450191e+07 -4.36200340e+01  6.59171311e-03 
 5.01187234e+07 -4.35983509e+01  6.60818898e-03 
 5.06990708e+07 -4.35756561e+01  6.62547766e-03 
 5.12861384e+07 -4.35519358e+01  6.64359590e-03 
 5.18800039e+07 -4.35271785e+01  6.66255907e-03 
 5.24807460e+07 -4.35013751e+01  6.68238116e-03 
 5.30884444e+07 -4.34745189e+01  6.70307460e-03 
 5.37031796e+07 -4.34466058e+01  6.72465035e-03 
 5.43250331e+07 -4.34176343e+01  6.74711769e-03 
 5.49540874e+07 -4.33876053e+01  6.77048429e-03 
 5.55904257e+07 -4.33565225e+01  6.79475613e-03 
 5.62341325e+07 -4.33243921e+01  6.81993749e-03 
 5.68852931e+07 -4.32912230e+01  6.84603086e-03 
 5.75439937e+07 -4.32570264e+01  6.87303694e-03 
 5.82103218e+07 -4.32218164e+01  6.90095473e-03 
 5.88843655e+07 -4.31856094e+01  6.92978130e-03 
 5.95662144e+07 -4.31484243e+01  6.95951198e-03 
 6.02559586e+07 -4.31102821e+01  6.99014032e-03 
 6.09536897e+07 -4.30712066e+01  7.02165800e-03 
 6.16595002e+07 -4.30312232e+01  7.05405498e-03 
 6.23734835e+07 -4.29903598e+01  7.08731944e-03 
 6.30957344e+07 -4.29486463e+01  7.12143779e-03 
 6.38263486e+07 -4.29061141e+01  7.15639483e-03 
 6.45654229e+07 -4.28627968e+01  7.19217356e-03 
 6.53130553e+07 -4.28187293e+01  7.22875549e-03 
 6.60693448e+07 -4.27739481e+01  7.26612047e-03 
 6.68343918e+07 -4.27284912e+01  7.30424686e-03 
 6.76082975e+07 -4.26823975e+01  7.34311155e-03 
 6.83911647e+07 -4.26357073e+01  7.38269002e-03 
 6.91830971e+07 -4.25884618e+01  7.42295643e-03 
 6.99841996e+07 -4.25407028e+01  7.46388360e-03 
 7.07945784e+07 -4.24924732e+01  7.50544319e-03 
 7.16143410e+07 -4.24438159e+01  7.54760573e-03 
 7.24435960e+07 -4.23947747e+01  7.59034064e-03 
 7.32824533e+07 -4.23453934e+01  7.63361640e-03 
 7.41310241e+07 -4.22957160e+01  7.67740055e-03 
 7.49894209e+07 -4.22457867e+01  7.72165980e-03 
 7.58577575e+07 -4.21956496e+01  7.76636007e-03 
 7.67361489e+07 -4.21453484e+01  7.81146664e-03 
 7.76247117e+07 -4.20949267e+01  7.85694417e-03 
 7.85235635e+07 -4.20444277e+01  7.90275680e-03 
 7.94328235e+07 -4.19938941e+01  7.94886819e-03 
 8.03526122e+07 -4.19433681e+01  7.99524167e-03 
 8.12830516e+07 -4.18928912e+01  8.04184023e-03 
 8.22242650e+07 -4.18425042e+01  8.08862668e-03 
 8.31763771e+07 -4.17922471e+01  8.13556364e-03 
 8.41395142e+07 -4.17421591e+01  8.18261367e-03 
 8.51138038e+07 -4.16922784e+01  8.22973933e-03 
 8.60993752e+07 -4.16426425e+01  8.27690321e-03 
 8.70963590e+07 -4.15932875e+01  8.32406807e-03 
 8.81048873e+07 -4.15442489e+01  8.37119682e-03 
 8.91250938e+07 -4.14955609e+01  8.41825264e-03 
 9.01571138e+07 -4.14472565e+01  8.46519902e-03 
 9.12010839e+07 -4.13993679e+01  8.51199985e-03 
 9.22571427e+07 -4.13519257e+01  8.55861941e-03 
 9.33254301e+07 -4.13049598e+01  8.60502247e-03 
 9.44060876e+07 -4.12584987e+01  8.65117438e-03 
 9.54992586e+07 -4.12125697e+01  8.69704098e-03 
 9.66050879e+07 -4.11671989e+01  8.74258881e-03 
 9.77237221e+07 -4.11224114e+01  8.78778509e-03 
 9.88553095e+07 -4.10782310e+01  8.83259774e-03 
 1.00000000e+08 -4.10346801e+01  8.87699542e-03 
 1.01157945e+08 -4.09917802e+01  8.92094761e-03 
 1.02329299e+08 -4.09495516e+01  8.96442462e-03 
 1.03514217e+08 -4.09080133e+01  9.00739758e-03 
 1.04712855e+08 -4.08671833e+01  9.04983858e-03 
 1.05925373e+08 -4.08270784e+01  9.09172060e-03 
 1.07151931e+08 -4.07877141e+01  9.13301756e-03 
 1.08392691e+08 -4.07491052e+01  9.17370436e-03 
 1.09647820e+08 -4.07112650e+01  9.21375689e-03 
 1.10917482e+08 -4.06742060e+01  9.25315206e-03 
 1.12201845e+08 -4.06379395e+01  9.29186781e-03 
 1.13501082e+08 -4.06024759e+01  9.32988312e-03 
 1.14815362e+08 -4.05678245e+01  9.36717801e-03 
 1.16144861e+08 -4.05339936e+01  9.40373362e-03 
 1.17489755e+08 -4.05009907e+01  9.43953210e-03 
 1.18850223e+08 -4.04688220e+01  9.47455674e-03 
 1.20226443e+08 -4.04374932e+01  9.50879187e-03 
 1.21618600e+08 -4.04070088e+01  9.54222297e-03 
 1.23026877e+08 -4.03773726e+01  9.57483653e-03 
 1.24451461e+08 -4.03485876e+01  9.60662022e-03 
 1.25892541e+08 -4.03206556e+01  9.63756273e-03 
 1.27350308e+08 -4.02935781e+01  9.66765386e-03 
 1.28824955e+08 -4.02673556e+01  9.69688449e-03 
 1.30316678e+08 -4.02419876e+01  9.72524656e-03 
 1.31825674e+08 -4.02174732e+01  9.75273307e-03 
 1.33352143e+08 -4.01938108e+01  9.77933806e-03 
 1.34896288e+08 -4.01709979e+01  9.80505663e-03 
 1.36458314e+08 -4.01490314e+01  9.82988488e-03 
 1.38038426e+08 -4.01279076e+01  9.85381992e-03 
 1.39636836e+08 -4.01076222e+01  9.87685985e-03 
 1.41253754e+08 -4.00881702e+01  9.89900373e-03 
 1.42889396e+08 -4.00695463e+01  9.92025160e-03 
 1.44543977e+08 -4.00517442e+01  9.94060439e-03 
 1.46217717e+08 -4.00347574e+01  9.96006399e-03 
 1.47910839e+08 -4.00185789e+01  9.97863313e-03 
 1.49623566e+08 -4.00032010e+01  9.99631543e-03 
 1.51356125e+08 -3.99886156e+01  1.00131153e-02 
 1.53108746e+08 -3.99748143e+01  1.00290381e-02 
 1.54881662e+08 -3.99617882e+01  1.00440899e-02 
 1.56675107e+08 -3.99495279e+01  1.00582773e-02 
 1.58489319e+08 -3.99380236e+01  1.00716081e-02 
 1.60324539e+08 -3.99272654e+01  1.00840904e-02 
 1.62181010e+08 -3.99172426e+01  1.00957333e-02 
 1.64058977e+08 -3.99079447e+01  1.01065462e-02 
 1.65958691e+08 -3.98993604e+01  1.01165394e-02 
 1.67880402e+08 -3.98914785e+01  1.01257238e-02 
 1.69824365e+08 -3.98842872e+01  1.01341106e-02 
 1.71790839e+08 -3.98777747e+01  1.01417118e-02 
 1.73780083e+08 -3.98719289e+01  1.01485397e-02 
 1.75792361e+08 -3.98667373e+01  1.01546073e-02 
 1.77827941e+08 -3.98621875e+01  1.01599279e-02 
 1.79887092e+08 -3.98582666e+01  1.01645152e-02 
 1.81970086e+08 -3.98549618e+01  1.01683833e-02 
 1.84077200e+08 -3.98522600e+01  1.01715468e-02 
 1.86208714e+08 -3.98501479e+01  1.01740204e-02 
 1.88364909e+08 -3.98486123e+01  1.01758192e-02 
 1.90546072e+08 -3.98476398e+01  1.01769587e-02 
 1.92752491e+08 -3.98472167e+01  1.01774544e-02 
 1.94984460e+08 -3.98473295e+01  1.01773222e-02 
 1.97242274e+08 -3.98479646e+01  1.01765782e-02 
 1.99526231e+08 -3.98491081e+01  1.01752384e-02 
 2.01836636e+08 -3.98507465e+01  1.01733193e-02 
 2.04173794e+08 -3.98528659e+01  1.01708372e-02 
 2.06538016e+08 -3.98554526e+01  1.01678088e-02 
 2.08929613e+08 -3.98584927e+01  1.01642506e-02 
 2.11348904e+08 -3.98619727e+01  1.01601792e-02 
 2.13796209e+08 -3.98658786e+01  1.01556113e-02 
 2.16271852e+08 -3.98701970e+01  1.01505634e-02 
 2.18776162e+08 -3.98749141e+01  1.01450524e-02 
 2.21309471e+08 -3.98800165e+01  1.01390946e-02 
 2.23872114e+08 -3.98854906e+01  1.01327066e-02 
 2.26464431e+08 -3.98913231e+01  1.01259049e-02 
 2.29086765e+08 -3.98975007e+01  1.01187057e-02 
 2.31739465e+08 -3.99040102e+01  1.01111252e-02 
 2.34422882e+08 -3.99108386e+01  1.01031796e-02 
 2.37137371e+08 -3.99179728e+01  1.00948846e-02 
 2.39883292e+08 -3.99254002e+01  1.00862560e-02 
 2.42661010e+08 -3.99331081e+01  1.00773095e-02 
 2.45470892e+08 -3.99410839e+01  1.00680603e-02 
 2.48313311e+08 -3.99493153e+01  1.00585235e-02 
 2.51188643e+08 -3.99577901e+01  1.00487143e-02 
 2.54097271e+08 -3.99664962e+01  1.00386471e-02 
 2.57039578e+08 -3.99754220e+01  1.00283366e-02 
 2.60015956e+08 -3.99845556e+01  1.00177969e-02 
 2.63026799e+08 -3.99938856e+01  1.00070419e-02 
 2.66072506e+08 -4.00034008e+01  9.99608542e-03 
 2.69153480e+08 -4.00130901e+01  9.98494082e-03 
 2.72270131e+08 -4.00229426e+01  9.97362123e-03 
 2.75422870e+08 -4.00329476e+01  9.96213952e-03 
 2.78612117e+08 -4.00430947e+01  9.95050825e-03 
 2.81838293e+08 -4.00533737e+01  9.93873967e-03 
 2.85101827e+08 -4.00637745e+01  9.92684577e-03 
 2.88403150e+08 -4.00742874e+01  9.91483820e-03 
 2.91742701e+08 -4.00849027e+01  9.90272834e-03 
 2.95120923e+08 -4.00956111e+01  9.89052724e-03 
 2.98538262e+08 -4.01064036e+01  9.87824563e-03 
 3.01995172e+08 -4.01172711e+01  9.86589398e-03 
 3.05492111e+08 -4.01282051e+01  9.85348240e-03 
 3.09029543e+08 -4.01391971e+01  9.84102071e-03 
 3.12607937e+08 -4.01502389e+01  9.82851844e-03 
 3.16227766e+08 -4.01613225e+01  9.81598478e-03 
 3.19889511e+08 -4.01724402e+01  9.80342864e-03 
 3.23593657e+08 -4.01835844e+01  9.79085860e-03 
 3.27340695e+08 -4.01947480e+01  9.77828296e-03 
 3.31131121e+08 -4.02059238e+01  9.76570971e-03 
 3.34965439e+08 -4.02171050e+01  9.75314655e-03 
 3.38844156e+08 -4.02282850e+01  9.74060089e-03 
 3.42767787e+08 -4.02394575e+01  9.72807982e-03 
 3.46736850e+08 -4.02506163e+01  9.71559018e-03 
 3.50751874e+08 -4.02617554e+01  9.70313851e-03 
 3.54813389e+08 -4.02728692e+01  9.69073107e-03 
 3.58921935e+08 -4.02839521e+01  9.67837386e-03 
 3.63078055e+08 -4.02949989e+01  9.66607260e-03 
 3.67282300e+08 -4.03060046e+01  9.65383274e-03 
 3.71535229e+08 -4.03169642e+01  9.64165949e-03 
 3.75837404e+08 -4.03278731e+01  9.62955778e-03 
 3.80189396e+08 -4.03387269e+01  9.61753233e-03 
 3.84591782e+08 -4.03495213e+01  9.60558756e-03 
 3.89045145e+08 -4.03602522e+01  9.59372772e-03 
 3.93550075e+08 -4.03709159e+01  9.58195676e-03 
 3.98107171e+08 -4.03815085e+01  9.57027846e-03 
 4.02717034e+08 -4.03920267e+01  9.55869635e-03 
 4.07380278e+08 -4.04024671e+01  9.54721373e-03 
 4.12097519e+08 -4.04128266e+01  9.53583374e-03 
 4.16869383e+08 -4.04231022e+01  9.52455926e-03 
 4.21696503e+08 -4.04332912e+01  9.51339302e-03 
 4.26579519e+08 -4.04433909e+01  9.50233753e-03 
 4.31519077e+08 -4.04533989e+01  9.49139511e-03 
 4.36515832e+08 -4.04633129e+01  9.48056791e-03 
 4.41570447e+08 -4.04731307e+01  9.46985792e-03 
 4.46683592e+08 -4.04828504e+01  9.45926694e-03 
 4.51855944e+08 -4.04924700e+01  9.44879661e-03 
 4.57088190e+08 -4.05019879e+01  9.43844842e-03 
 4.62381021e+08 -4.05114024e+01  9.42822369e-03 
 4.67735141e+08 -4.05207123e+01  9.41812362e-03 
 4.73151259e+08 -4.05299160e+01  9.40814924e-03 
 4.78630092e+08 -4.05390126e+01  9.39830147e-03 
 4.84172368e+08 -4.05480008e+01  9.38858108e-03 
 4.89778819e+08 -4.05568797e+01  9.37898872e-03 
 4.95450191e+08 -4.05656486e+01  9.36952493e-03 
 5.01187234e+08 -4.05743066e+01  9.36019012e-03 
 5.06990708e+08 -4.05828532e+01  9.35098459e-03 
 5.12861384e+08 -4.05912878e+01  9.34190854e-03 
 5.18800039e+08 -4.05996100e+01  9.33296208e-03 
 5.24807460e+08 -4.06078195e+01  9.32414519e-03 
 5.30884444e+08 -4.06159160e+01  9.31545779e-03 
 5.37031796e+08 -4.06238993e+01  9.30689969e-03 
 5.43250331e+08 -4.06317695e+01  9.29847064e-03 
 5.49540874e+08 -4.06395265e+01  9.29017029e-03 
 5.55904257e+08 -4.06471704e+01  9.28199822e-03 
 5.62341325e+08 -4.06547013e+01  9.27395393e-03 
 5.68852931e+08 -4.06621195e+01  9.26603688e-03 
 5.75439937e+08 -4.06694253e+01  9.25824644e-03 
 5.82103218e+08 -4.06766189e+01  9.25058192e-03 
 5.88843655e+08 -4.06837009e+01  9.24304259e-03 
 5.95662144e+08 -4.06906717e+01  9.23562765e-03 
 6.02559586e+08 -4.06975318e+01  9.22833626e-03 
 6.09536897e+08 -4.07042818e+01  9.22116753e-03 
 6.16595002e+08 -4.07109222e+01  9.21412052e-03 
 6.23734835e+08 -4.07174539e+01  9.20719426e-03 
 6.30957344e+08 -4.07238774e+01  9.20038772e-03 
 6.38263486e+08 -4.07301936e+01  9.19369987e-03 
 6.45654229e+08 -4.07364031e+01  9.18712962e-03 
 6.53130553e+08 -4.07425069e+01  9.18067585e-03 
 6.60693448e+08 -4.07485058e+01  9.17433743e-03 
 6.68343918e+08 -4.07544007e+01  9.16811318e-03 
 6.76082975e+08 -4.07601924e+01  9.16200191e-03 
 6.83911647e+08 -4.07658820e+01  9.15600243e-03 
 6.91830971e+08 -4.07714704e+01  9.15011348e-03 
 6.99841996e+08 -4.07769585e+01  9.14433384e-03 
 7.07945784e+08 -4.07823475e+01  9.13866223e-03 
 7.16143410e+08 -4.07876382e+01  9.13309738e-03 
 7.24435960e+08 -4.07928318e+01  9.12763801e-03 
 7.32824533e+08 -4.07979294e+01  9.12228282e-03 
 7.41310241e+08 -4.08029319e+01  9.11703049e-03 
 7.49894209e+08 -4.08078404e+01  9.11187973e-03 
 7.58577575e+08 -4.08126562e+01  9.10682921e-03 
 7.67361489e+08 -4.08173802e+01  9.10187762e-03 
 7.76247117e+08 -4.08220135e+01  9.09702363e-03 
 7.85235635e+08 -4.08265574e+01  9.09226592e-03 
 7.94328235e+08 -4.08310129e+01  9.08760317e-03 
 8.03526122e+08 -4.08353812e+01  9.08303404e-03 
 8.12830516e+08 -4.08396633e+01  9.07855723e-03 
 8.22242650e+08 -4.08438604e+01  9.07417141e-03 
 8.31763771e+08 -4.08479737e+01  9.06987527e-03 
 8.41395142e+08 -4.08520043e+01  9.06566750e-03 
 8.51138038e+08 -4.08559532e+01  9.06154680e-03 
 8.60993752e+08 -4.08598218e+01  9.05751188e-03 
 8.70963590e+08 -4.08636109e+01  9.05356144e-03 
 8.81048873e+08 -4.08673219e+01  9.04969420e-03 
 8.91250938e+08 -4.08709558e+01  9.04590890e-03 
 9.01571138e+08 -4.08745137e+01  9.04220427e-03 
 9.12010839e+08 -4.08779968e+01  9.03857906e-03 
 9.22571427e+08 -4.08814061e+01  9.03503203e-03 
 9.33254301e+08 -4.08847427e+01  9.03156194e-03 
 9.44060876e+08 -4.08880078e+01  9.02816758e-03 
 9.54992586e+08 -4.08912023e+01  9.02484773e-03 
 9.66050879e+08 -4.08943275e+01  9.02160121e-03 
 9.77237221e+08 -4.08973843e+01  9.01842683e-03 
 9.88553095e+08 -4.09003738e+01  9.01532342e-03 
 1.00000000e+09 -4.09032970e+01  9.01228982e-03 
