 1.00000000e+00 -1.54122937e+01  1.69584173e-01 
 1.01157945e+00 -1.54122955e+01  1.69584137e-01 
 1.02329299e+00 -1.54122974e+01  1.69584100e-01 
 1.03514217e+00 -1.54122993e+01  1.69584063e-01 
 1.04712855e+00 -1.54123012e+01  1.69584025e-01 
 1.05925373e+00 -1.54123032e+01  1.69583986e-01 
 1.07151931e+00 -1.54123053e+01  1.69583946e-01 
 1.08392691e+00 -1.54123074e+01  1.69583905e-01 
 1.09647820e+00 -1.54123095e+01  1.69583863e-01 
 1.10917482e+00 -1.54123117e+01  1.69583820e-01 
 1.12201845e+00 -1.54123140e+01  1.69583776e-01 
 1.13501082e+00 -1.54123163e+01  1.69583731e-01 
 1.14815362e+00 -1.54123186e+01  1.69583685e-01 
 1.16144861e+00 -1.54123210e+01  1.69583638e-01 
 1.17489755e+00 -1.54123235e+01  1.69583590e-01 
 1.18850223e+00 -1.54123260e+01  1.69583541e-01 
 1.20226443e+00 -1.54123286e+01  1.69583491e-01 
 1.21618600e+00 -1.54123312e+01  1.69583439e-01 
 1.23026877e+00 -1.54123339e+01  1.69583387e-01 
 1.24451461e+00 -1.54123367e+01  1.69583333e-01 
 1.25892541e+00 -1.54123395e+01  1.69583277e-01 
 1.27350308e+00 -1.54123424e+01  1.69583221e-01 
 1.28824955e+00 -1.54123454e+01  1.69583163e-01 
 1.30316678e+00 -1.54123484e+01  1.69583104e-01 
 1.31825674e+00 -1.54123515e+01  1.69583043e-01 
 1.33352143e+00 -1.54123547e+01  1.69582981e-01 
 1.34896288e+00 -1.54123579e+01  1.69582918e-01 
 1.36458314e+00 -1.54123612e+01  1.69582853e-01 
 1.38038426e+00 -1.54123646e+01  1.69582787e-01 
 1.39636836e+00 -1.54123681e+01  1.69582719e-01 
 1.41253754e+00 -1.54123717e+01  1.69582649e-01 
 1.42889396e+00 -1.54123753e+01  1.69582578e-01 
 1.44543977e+00 -1.54123791e+01  1.69582505e-01 
 1.46217717e+00 -1.54123829e+01  1.69582431e-01 
 1.47910839e+00 -1.54123868e+01  1.69582355e-01 
 1.49623566e+00 -1.54123908e+01  1.69582277e-01 
 1.51356125e+00 -1.54123949e+01  1.69582197e-01 
 1.53108746e+00 -1.54123990e+01  1.69582115e-01 
 1.54881662e+00 -1.54124033e+01  1.69582032e-01 
 1.56675107e+00 -1.54124077e+01  1.69581946e-01 
 1.58489319e+00 -1.54124122e+01  1.69581859e-01 
 1.60324539e+00 -1.54124168e+01  1.69581769e-01 
 1.62181010e+00 -1.54124215e+01  1.69581677e-01 
 1.64058977e+00 -1.54124263e+01  1.69581584e-01 
 1.65958691e+00 -1.54124312e+01  1.69581488e-01 
 1.67880402e+00 -1.54124362e+01  1.69581390e-01 
 1.69824365e+00 -1.54124414e+01  1.69581289e-01 
 1.71790839e+00 -1.54124466e+01  1.69581186e-01 
 1.73780083e+00 -1.54124520e+01  1.69581081e-01 
 1.75792361e+00 -1.54124575e+01  1.69580973e-01 
 1.77827941e+00 -1.54124632e+01  1.69580863e-01 
 1.79887092e+00 -1.54124689e+01  1.69580751e-01 
 1.81970086e+00 -1.54124748e+01  1.69580635e-01 
 1.84077200e+00 -1.54124809e+01  1.69580517e-01 
 1.86208714e+00 -1.54124871e+01  1.69580396e-01 
 1.88364909e+00 -1.54124934e+01  1.69580273e-01 
 1.90546072e+00 -1.54124999e+01  1.69580146e-01 
 1.92752491e+00 -1.54125065e+01  1.69580017e-01 
 1.94984460e+00 -1.54125133e+01  1.69579884e-01 
 1.97242274e+00 -1.54125202e+01  1.69579749e-01 
 1.99526231e+00 -1.54125273e+01  1.69579610e-01 
 2.01836636e+00 -1.54125346e+01  1.69579468e-01 
 2.04173794e+00 -1.54125421e+01  1.69579323e-01 
 2.06538016e+00 -1.54125497e+01  1.69579174e-01 
 2.08929613e+00 -1.54125575e+01  1.69579022e-01 
 2.11348904e+00 -1.54125654e+01  1.69578867e-01 
 2.13796209e+00 -1.54125736e+01  1.69578708e-01 
 2.16271852e+00 -1.54125819e+01  1.69578545e-01 
 2.18776162e+00 -1.54125905e+01  1.69578378e-01 
 2.21309471e+00 -1.54125992e+01  1.69578207e-01 
 2.23872114e+00 -1.54126081e+01  1.69578033e-01 
 2.26464431e+00 -1.54126173e+01  1.69577854e-01 
 2.29086765e+00 -1.54126267e+01  1.69577671e-01 
 2.31739465e+00 -1.54126362e+01  1.69577484e-01 
 2.34422882e+00 -1.54126461e+01  1.69577293e-01 
 2.37137371e+00 -1.54126561e+01  1.69577097e-01 
 2.39883292e+00 -1.54126664e+01  1.69576896e-01 
 2.42661010e+00 -1.54126769e+01  1.69576691e-01 
 2.45470892e+00 -1.54126876e+01  1.69576481e-01 
 2.48313311e+00 -1.54126986e+01  1.69576267e-01 
 2.51188643e+00 -1.54127099e+01  1.69576047e-01 
 2.54097271e+00 -1.54127214e+01  1.69575822e-01 
 2.57039578e+00 -1.54127332e+01  1.69575592e-01 
 2.60015956e+00 -1.54127452e+01  1.69575356e-01 
 2.63026799e+00 -1.54127576e+01  1.69575115e-01 
 2.66072506e+00 -1.54127702e+01  1.69574869e-01 
 2.69153480e+00 -1.54127831e+01  1.69574616e-01 
 2.72270131e+00 -1.54127964e+01  1.69574358e-01 
 2.75422870e+00 -1.54128099e+01  1.69574094e-01 
 2.78612117e+00 -1.54128237e+01  1.69573823e-01 
 2.81838293e+00 -1.54128379e+01  1.69573547e-01 
 2.85101827e+00 -1.54128524e+01  1.69573264e-01 
 2.88403150e+00 -1.54128673e+01  1.69572974e-01 
 2.91742701e+00 -1.54128824e+01  1.69572677e-01 
 2.95120923e+00 -1.54128980e+01  1.69572374e-01 
 2.98538262e+00 -1.54129139e+01  1.69572064e-01 
 3.01995172e+00 -1.54129302e+01  1.69571746e-01 
 3.05492111e+00 -1.54129468e+01  1.69571421e-01 
 3.09029543e+00 -1.54129639e+01  1.69571088e-01 
 3.12607937e+00 -1.54129813e+01  1.69570748e-01 
 3.16227766e+00 -1.54129991e+01  1.69570400e-01 
 3.19889511e+00 -1.54130174e+01  1.69570043e-01 
 3.23593657e+00 -1.54130361e+01  1.69569679e-01 
 3.27340695e+00 -1.54130552e+01  1.69569305e-01 
 3.31131121e+00 -1.54130747e+01  1.69568923e-01 
 3.34965439e+00 -1.54130948e+01  1.69568533e-01 
 3.38844156e+00 -1.54131152e+01  1.69568133e-01 
 3.42767787e+00 -1.54131362e+01  1.69567724e-01 
 3.46736850e+00 -1.54131577e+01  1.69567305e-01 
 3.50751874e+00 -1.54131796e+01  1.69566876e-01 
 3.54813389e+00 -1.54132021e+01  1.69566438e-01 
 3.58921935e+00 -1.54132250e+01  1.69565989e-01 
 3.63078055e+00 -1.54132486e+01  1.69565530e-01 
 3.67282300e+00 -1.54132726e+01  1.69565060e-01 
 3.71535229e+00 -1.54132973e+01  1.69564580e-01 
 3.75837404e+00 -1.54133225e+01  1.69564088e-01 
 3.80189396e+00 -1.54133482e+01  1.69563584e-01 
 3.84591782e+00 -1.54133746e+01  1.69563069e-01 
 3.89045145e+00 -1.54134016e+01  1.69562542e-01 
 3.93550075e+00 -1.54134293e+01  1.69562003e-01 
 3.98107171e+00 -1.54134575e+01  1.69561451e-01 
 4.02717034e+00 -1.54134865e+01  1.69560886e-01 
 4.07380278e+00 -1.54135161e+01  1.69560308e-01 
 4.12097519e+00 -1.54135464e+01  1.69559717e-01 
 4.16869383e+00 -1.54135774e+01  1.69559111e-01 
 4.21696503e+00 -1.54136091e+01  1.69558492e-01 
 4.26579519e+00 -1.54136415e+01  1.69557858e-01 
 4.31519077e+00 -1.54136748e+01  1.69557210e-01 
 4.36515832e+00 -1.54137088e+01  1.69556547e-01 
 4.41570447e+00 -1.54137435e+01  1.69555868e-01 
 4.46683592e+00 -1.54137791e+01  1.69555173e-01 
 4.51855944e+00 -1.54138155e+01  1.69554462e-01 
 4.57088190e+00 -1.54138528e+01  1.69553734e-01 
 4.62381021e+00 -1.54138909e+01  1.69552990e-01 
 4.67735141e+00 -1.54139300e+01  1.69552228e-01 
 4.73151259e+00 -1.54139699e+01  1.69551449e-01 
 4.78630092e+00 -1.54140108e+01  1.69550651e-01 
 4.84172368e+00 -1.54140526e+01  1.69549835e-01 
 4.89778819e+00 -1.54140954e+01  1.69549000e-01 
 4.95450191e+00 -1.54141392e+01  1.69548145e-01 
 5.01187234e+00 -1.54141840e+01  1.69547270e-01 
 5.06990708e+00 -1.54142298e+01  1.69546376e-01 
 5.12861384e+00 -1.54142767e+01  1.69545460e-01 
 5.18800039e+00 -1.54143247e+01  1.69544523e-01 
 5.24807460e+00 -1.54143738e+01  1.69543564e-01 
 5.30884444e+00 -1.54144241e+01  1.69542583e-01 
 5.37031796e+00 -1.54144755e+01  1.69541579e-01 
 5.43250331e+00 -1.54145282e+01  1.69540551e-01 
 5.49540874e+00 -1.54145820e+01  1.69539500e-01 
 5.55904257e+00 -1.54146372e+01  1.69538424e-01 
 5.62341325e+00 -1.54146935e+01  1.69537323e-01 
 5.68852931e+00 -1.54147513e+01  1.69536197e-01 
 5.75439937e+00 -1.54148103e+01  1.69535044e-01 
 5.82103218e+00 -1.54148707e+01  1.69533865e-01 
 5.88843655e+00 -1.54149326e+01  1.69532658e-01 
 5.95662144e+00 -1.54149958e+01  1.69531423e-01 
 6.02559586e+00 -1.54150606e+01  1.69530159e-01 
 6.09536897e+00 -1.54151268e+01  1.69528866e-01 
 6.16595002e+00 -1.54151946e+01  1.69527543e-01 
 6.23734835e+00 -1.54152640e+01  1.69526189e-01 
 6.30957344e+00 -1.54153350e+01  1.69524804e-01 
 6.38263486e+00 -1.54154076e+01  1.69523386e-01 
 6.45654229e+00 -1.54154820e+01  1.69521935e-01 
 6.53130553e+00 -1.54155580e+01  1.69520451e-01 
 6.60693448e+00 -1.54156359e+01  1.69518931e-01 
 6.68343918e+00 -1.54157155e+01  1.69517377e-01 
 6.76082975e+00 -1.54157970e+01  1.69515787e-01 
 6.83911647e+00 -1.54158804e+01  1.69514159e-01 
 6.91830971e+00 -1.54159657e+01  1.69512494e-01 
 6.99841996e+00 -1.54160531e+01  1.69510790e-01 
 7.07945784e+00 -1.54161424e+01  1.69509046e-01 
 7.16143410e+00 -1.54162339e+01  1.69507261e-01 
 7.24435960e+00 -1.54163274e+01  1.69505436e-01 
 7.32824533e+00 -1.54164232e+01  1.69503567e-01 
 7.41310241e+00 -1.54165211e+01  1.69501655e-01 
 7.49894209e+00 -1.54166214e+01  1.69499699e-01 
 7.58577575e+00 -1.54167239e+01  1.69497698e-01 
 7.67361489e+00 -1.54168289e+01  1.69495649e-01 
 7.76247117e+00 -1.54169363e+01  1.69493553e-01 
 7.85235635e+00 -1.54170462e+01  1.69491409e-01 
 7.94328235e+00 -1.54171587e+01  1.69489214e-01 
 8.03526122e+00 -1.54172738e+01  1.69486969e-01 
 8.12830516e+00 -1.54173915e+01  1.69484671e-01 
 8.22242650e+00 -1.54175120e+01  1.69482320e-01 
 8.31763771e+00 -1.54176353e+01  1.69479914e-01 
 8.41395142e+00 -1.54177615e+01  1.69477452e-01 
 8.51138038e+00 -1.54178906e+01  1.69474933e-01 
 8.60993752e+00 -1.54180227e+01  1.69472355e-01 
 8.70963590e+00 -1.54181579e+01  1.69469718e-01 
 8.81048873e+00 -1.54182962e+01  1.69467019e-01 
 8.91250938e+00 -1.54184377e+01  1.69464258e-01 
 9.01571138e+00 -1.54185826e+01  1.69461432e-01 
 9.12010839e+00 -1.54187308e+01  1.69458540e-01 
 9.22571427e+00 -1.54188824e+01  1.69455582e-01 
 9.33254301e+00 -1.54190376e+01  1.69452554e-01 
 9.44060876e+00 -1.54191964e+01  1.69449457e-01 
 9.54992586e+00 -1.54193589e+01  1.69446287e-01 
 9.66050879e+00 -1.54195251e+01  1.69443044e-01 
 9.77237221e+00 -1.54196952e+01  1.69439725e-01 
 9.88553095e+00 -1.54198693e+01  1.69436329e-01 
 1.00000000e+01 -1.54200474e+01  1.69432855e-01 
 1.01157945e+01 -1.54202297e+01  1.69429299e-01 
 1.02329299e+01 -1.54204162e+01  1.69425661e-01 
 1.03514217e+01 -1.54206070e+01  1.69421939e-01 
 1.04712855e+01 -1.54208023e+01  1.69418130e-01 
 1.05925373e+01 -1.54210021e+01  1.69414233e-01 
 1.07151931e+01 -1.54212066e+01  1.69410245e-01 
 1.08392691e+01 -1.54214158e+01  1.69406164e-01 
 1.09647820e+01 -1.54216299e+01  1.69401989e-01 
 1.10917482e+01 -1.54218489e+01  1.69397717e-01 
 1.12201845e+01 -1.54220731e+01  1.69393346e-01 
 1.13501082e+01 -1.54223024e+01  1.69388873e-01 
 1.14815362e+01 -1.54225371e+01  1.69384296e-01 
 1.16144861e+01 -1.54227773e+01  1.69379613e-01 
 1.17489755e+01 -1.54230230e+01  1.69374822e-01 
 1.18850223e+01 -1.54232744e+01  1.69369919e-01 
 1.20226443e+01 -1.54235317e+01  1.69364903e-01 
 1.21618600e+01 -1.54237949e+01  1.69359770e-01 
 1.23026877e+01 -1.54240643e+01  1.69354518e-01 
 1.24451461e+01 -1.54243399e+01  1.69349144e-01 
 1.25892541e+01 -1.54246219e+01  1.69343646e-01 
 1.27350308e+01 -1.54249104e+01  1.69338020e-01 
 1.28824955e+01 -1.54252057e+01  1.69332264e-01 
 1.30316678e+01 -1.54255078e+01  1.69326374e-01 
 1.31825674e+01 -1.54258170e+01  1.69320348e-01 
 1.33352143e+01 -1.54261333e+01  1.69314182e-01 
 1.34896288e+01 -1.54264570e+01  1.69307872e-01 
 1.36458314e+01 -1.54267881e+01  1.69301417e-01 
 1.38038426e+01 -1.54271270e+01  1.69294812e-01 
 1.39636836e+01 -1.54274737e+01  1.69288055e-01 
 1.41253754e+01 -1.54278285e+01  1.69281140e-01 
 1.42889396e+01 -1.54281915e+01  1.69274065e-01 
 1.44543977e+01 -1.54285629e+01  1.69266827e-01 
 1.46217717e+01 -1.54289430e+01  1.69259421e-01 
 1.47910839e+01 -1.54293319e+01  1.69251843e-01 
 1.49623566e+01 -1.54297298e+01  1.69244090e-01 
 1.51356125e+01 -1.54301369e+01  1.69236157e-01 
 1.53108746e+01 -1.54305535e+01  1.69228041e-01 
 1.54881662e+01 -1.54309797e+01  1.69219737e-01 
 1.56675107e+01 -1.54314158e+01  1.69211241e-01 
 1.58489319e+01 -1.54318620e+01  1.69202548e-01 
 1.60324539e+01 -1.54323186e+01  1.69193654e-01 
 1.62181010e+01 -1.54327858e+01  1.69184555e-01 
 1.64058977e+01 -1.54332637e+01  1.69175244e-01 
 1.65958691e+01 -1.54337528e+01  1.69165719e-01 
 1.67880402e+01 -1.54342532e+01  1.69155974e-01 
 1.69824365e+01 -1.54347652e+01  1.69146003e-01 
 1.71790839e+01 -1.54352891e+01  1.69135802e-01 
 1.73780083e+01 -1.54358251e+01  1.69125365e-01 
 1.75792361e+01 -1.54363735e+01  1.69114687e-01 
 1.77827941e+01 -1.54369346e+01  1.69103762e-01 
 1.79887092e+01 -1.54375087e+01  1.69092585e-01 
 1.81970086e+01 -1.54380961e+01  1.69081150e-01 
 1.84077200e+01 -1.54386971e+01  1.69069451e-01 
 1.86208714e+01 -1.54393121e+01  1.69057482e-01 
 1.88364909e+01 -1.54399412e+01  1.69045237e-01 
 1.90546072e+01 -1.54405849e+01  1.69032710e-01 
 1.92752491e+01 -1.54412435e+01  1.69019893e-01 
 1.94984460e+01 -1.54419174e+01  1.69006781e-01 
 1.97242274e+01 -1.54426068e+01  1.68993367e-01 
 1.99526231e+01 -1.54433122e+01  1.68979643e-01 
 2.01836636e+01 -1.54440339e+01  1.68965604e-01 
 2.04173794e+01 -1.54447723e+01  1.68951241e-01 
 2.06538016e+01 -1.54455277e+01  1.68936547e-01 
 2.08929613e+01 -1.54463006e+01  1.68921515e-01 
 2.11348904e+01 -1.54470914e+01  1.68906137e-01 
 2.13796209e+01 -1.54479005e+01  1.68890405e-01 
 2.16271852e+01 -1.54487282e+01  1.68874311e-01 
 2.18776162e+01 -1.54495750e+01  1.68857847e-01 
 2.21309471e+01 -1.54504414e+01  1.68841005e-01 
 2.23872114e+01 -1.54513278e+01  1.68823775e-01 
 2.26464431e+01 -1.54522347e+01  1.68806150e-01 
 2.29086765e+01 -1.54531625e+01  1.68788120e-01 
 2.31739465e+01 -1.54541117e+01  1.68769675e-01 
 2.34422882e+01 -1.54550828e+01  1.68750808e-01 
 2.37137371e+01 -1.54560763e+01  1.68731507e-01 
 2.39883292e+01 -1.54570927e+01  1.68711764e-01 
 2.42661010e+01 -1.54581325e+01  1.68691568e-01 
 2.45470892e+01 -1.54591963e+01  1.68670909e-01 
 2.48313311e+01 -1.54602846e+01  1.68649777e-01 
 2.51188643e+01 -1.54613979e+01  1.68628161e-01 
 2.54097271e+01 -1.54625369e+01  1.68606050e-01 
 2.57039578e+01 -1.54637021e+01  1.68583433e-01 
 2.60015956e+01 -1.54648942e+01  1.68560298e-01 
 2.63026799e+01 -1.54661137e+01  1.68536635e-01 
 2.66072506e+01 -1.54673612e+01  1.68512430e-01 
 2.69153480e+01 -1.54686374e+01  1.68487673e-01 
 2.72270131e+01 -1.54699429e+01  1.68462350e-01 
 2.75422870e+01 -1.54712785e+01  1.68436449e-01 
 2.78612117e+01 -1.54726447e+01  1.68409957e-01 
 2.81838293e+01 -1.54740423e+01  1.68382861e-01 
 2.85101827e+01 -1.54754720e+01  1.68355148e-01 
 2.88403150e+01 -1.54769345e+01  1.68326803e-01 
 2.91742701e+01 -1.54784306e+01  1.68297812e-01 
 2.95120923e+01 -1.54799610e+01  1.68268162e-01 
 2.98538262e+01 -1.54815264e+01  1.68237838e-01 
 3.01995172e+01 -1.54831278e+01  1.68206824e-01 
 3.05492111e+01 -1.54847658e+01  1.68175105e-01 
 3.09029543e+01 -1.54864414e+01  1.68142666e-01 
 3.12607937e+01 -1.54881553e+01  1.68109491e-01 
 3.16227766e+01 -1.54899085e+01  1.68075564e-01 
 3.19889511e+01 -1.54917017e+01  1.68040867e-01 
 3.23593657e+01 -1.54935360e+01  1.68005385e-01 
 3.27340695e+01 -1.54954121e+01  1.67969099e-01 
 3.31131121e+01 -1.54973312e+01  1.67931993e-01 
 3.34965439e+01 -1.54992940e+01  1.67894047e-01 
 3.38844156e+01 -1.55013017e+01  1.67855244e-01 
 3.42767787e+01 -1.55033552e+01  1.67815566e-01 
 3.46736850e+01 -1.55054555e+01  1.67774992e-01 
 3.50751874e+01 -1.55076036e+01  1.67733504e-01 
 3.54813389e+01 -1.55098007e+01  1.67691081e-01 
 3.58921935e+01 -1.55120478e+01  1.67647703e-01 
 3.63078055e+01 -1.55143461e+01  1.67603350e-01 
 3.67282300e+01 -1.55166967e+01  1.67558000e-01 
 3.71535229e+01 -1.55191006e+01  1.67511631e-01 
 3.75837404e+01 -1.55215592e+01  1.67464223e-01 
 3.80189396e+01 -1.55240737e+01  1.67415752e-01 
 3.84591782e+01 -1.55266451e+01  1.67366195e-01 
 3.89045145e+01 -1.55292750e+01  1.67315530e-01 
 3.93550075e+01 -1.55319644e+01  1.67263732e-01 
 3.98107171e+01 -1.55347147e+01  1.67210777e-01 
 4.02717034e+01 -1.55375273e+01  1.67156641e-01 
 4.07380278e+01 -1.55404035e+01  1.67101298e-01 
 4.12097519e+01 -1.55433448e+01  1.67044723e-01 
 4.16869383e+01 -1.55463525e+01  1.66986889e-01 
 4.21696503e+01 -1.55494281e+01  1.66927771e-01 
 4.26579519e+01 -1.55525731e+01  1.66867341e-01 
 4.31519077e+01 -1.55557890e+01  1.66805570e-01 
 4.36515832e+01 -1.55590773e+01  1.66742432e-01 
 4.41570447e+01 -1.55624397e+01  1.66677898e-01 
 4.46683592e+01 -1.55658777e+01  1.66611938e-01 
 4.51855944e+01 -1.55693929e+01  1.66544522e-01 
 4.57088190e+01 -1.55729871e+01  1.66475621e-01 
 4.62381021e+01 -1.55766620e+01  1.66405203e-01 
 4.67735141e+01 -1.55804192e+01  1.66333237e-01 
 4.73151259e+01 -1.55842606e+01  1.66259692e-01 
 4.78630092e+01 -1.55881879e+01  1.66184535e-01 
 4.84172368e+01 -1.55922030e+01  1.66107732e-01 
 4.89778819e+01 -1.55963079e+01  1.66029250e-01 
 4.95450191e+01 -1.56005043e+01  1.65949056e-01 
 5.01187234e+01 -1.56047943e+01  1.65867114e-01 
 5.06990708e+01 -1.56091798e+01  1.65783388e-01 
 5.12861384e+01 -1.56136629e+01  1.65697843e-01 
 5.18800039e+01 -1.56182456e+01  1.65610443e-01 
 5.24807460e+01 -1.56229301e+01  1.65521150e-01 
 5.30884444e+01 -1.56277185e+01  1.65429926e-01 
 5.37031796e+01 -1.56326129e+01  1.65336734e-01 
 5.43250331e+01 -1.56376157e+01  1.65241534e-01 
 5.49540874e+01 -1.56427290e+01  1.65144286e-01 
 5.55904257e+01 -1.56479552e+01  1.65044950e-01 
 5.62341325e+01 -1.56532966e+01  1.64943486e-01 
 5.68852931e+01 -1.56587557e+01  1.64839852e-01 
 5.75439937e+01 -1.56643348e+01  1.64734006e-01 
 5.82103218e+01 -1.56700365e+01  1.64625906e-01 
 5.88843655e+01 -1.56758632e+01  1.64515507e-01 
 5.95662144e+01 -1.56818176e+01  1.64402767e-01 
 6.02559586e+01 -1.56879022e+01  1.64287640e-01 
 6.09536897e+01 -1.56941197e+01  1.64170081e-01 
 6.16595002e+01 -1.57004729e+01  1.64050045e-01 
 6.23734835e+01 -1.57069645e+01  1.63927486e-01 
 6.30957344e+01 -1.57135972e+01  1.63802355e-01 
 6.38263486e+01 -1.57203739e+01  1.63674606e-01 
 6.45654229e+01 -1.57272976e+01  1.63544190e-01 
 6.53130553e+01 -1.57343711e+01  1.63411058e-01 
 6.60693448e+01 -1.57415975e+01  1.63275162e-01 
 6.68343918e+01 -1.57489798e+01  1.63136450e-01 
 6.76082975e+01 -1.57565211e+01  1.62994873e-01 
 6.83911647e+01 -1.57642245e+01  1.62850379e-01 
 6.91830971e+01 -1.57720932e+01  1.62702917e-01 
 6.99841996e+01 -1.57801305e+01  1.62552433e-01 
 7.07945784e+01 -1.57883396e+01  1.62398876e-01 
 7.16143410e+01 -1.57967239e+01  1.62242191e-01 
 7.24435960e+01 -1.58052868e+01  1.62082326e-01 
 7.32824533e+01 -1.58140317e+01  1.61919225e-01 
 7.41310241e+01 -1.58229621e+01  1.61752833e-01 
 7.49894209e+01 -1.58320815e+01  1.61583096e-01 
 7.58577575e+01 -1.58413936e+01  1.61409956e-01 
 7.67361489e+01 -1.58509019e+01  1.61233359e-01 
 7.76247117e+01 -1.58606103e+01  1.61053247e-01 
 7.85235635e+01 -1.58705223e+01  1.60869564e-01 
 7.94328235e+01 -1.58806419e+01  1.60682250e-01 
 8.03526122e+01 -1.58909728e+01  1.60491250e-01 
 8.12830516e+01 -1.59015190e+01  1.60296504e-01 
 8.22242650e+01 -1.59122844e+01  1.60097953e-01 
 8.31763771e+01 -1.59232730e+01  1.59895540e-01 
 8.41395142e+01 -1.59344888e+01  1.59689205e-01 
 8.51138038e+01 -1.59459360e+01  1.59478888e-01 
 8.60993752e+01 -1.59576187e+01  1.59264530e-01 
 8.70963590e+01 -1.59695411e+01  1.59046072e-01 
 8.81048873e+01 -1.59817073e+01  1.58823453e-01 
 8.91250938e+01 -1.59941218e+01  1.58596613e-01 
 9.01571138e+01 -1.60067888e+01  1.58365494e-01 
 9.12010839e+01 -1.60197128e+01  1.58130033e-01 
 9.22571427e+01 -1.60328981e+01  1.57890172e-01 
 9.33254301e+01 -1.60463491e+01  1.57645850e-01 
 9.44060876e+01 -1.60600706e+01  1.57397008e-01 
 9.54992586e+01 -1.60740669e+01  1.57143585e-01 
 9.66050879e+01 -1.60883426e+01  1.56885523e-01 
 9.77237221e+01 -1.61029025e+01  1.56622761e-01 
 9.88553095e+01 -1.61177512e+01  1.56355241e-01 
 1.00000000e+02 -1.61328933e+01  1.56082903e-01 
 1.01157945e+02 -1.61483337e+01  1.55805690e-01 
 1.02329299e+02 -1.61640771e+01  1.55523544e-01 
 1.03514217e+02 -1.61801284e+01  1.55236406e-01 
 1.04712855e+02 -1.61964924e+01  1.54944220e-01 
 1.05925373e+02 -1.62131739e+01  1.54646930e-01 
 1.07151931e+02 -1.62301780e+01  1.54344480e-01 
 1.08392691e+02 -1.62475095e+01  1.54036814e-01 
 1.09647820e+02 -1.62651733e+01  1.53723879e-01 
 1.10917482e+02 -1.62831746e+01  1.53405621e-01 
 1.12201845e+02 -1.63015182e+01  1.53081987e-01 
 1.13501082e+02 -1.63202092e+01  1.52752926e-01 
 1.14815362e+02 -1.63392527e+01  1.52418388e-01 
 1.16144861e+02 -1.63586537e+01  1.52078323e-01 
 1.17489755e+02 -1.63784173e+01  1.51732682e-01 
 1.18850223e+02 -1.63985486e+01  1.51381418e-01 
 1.20226443e+02 -1.64190527e+01  1.51024486e-01 
 1.21618600e+02 -1.64399346e+01  1.50661842e-01 
 1.23026877e+02 -1.64611994e+01  1.50293441e-01 
 1.24451461e+02 -1.64828524e+01  1.49919243e-01 
 1.25892541e+02 -1.65048985e+01  1.49539207e-01 
 1.27350308e+02 -1.65273429e+01  1.49153296e-01 
 1.28824955e+02 -1.65501906e+01  1.48761473e-01 
 1.30316678e+02 -1.65734467e+01  1.48363703e-01 
 1.31825674e+02 -1.65971164e+01  1.47959952e-01 
 1.33352143e+02 -1.66212045e+01  1.47550190e-01 
 1.34896288e+02 -1.66457162e+01  1.47134389e-01 
 1.36458314e+02 -1.66706565e+01  1.46712520e-01 
 1.38038426e+02 -1.66960302e+01  1.46284559e-01 
 1.39636836e+02 -1.67218425e+01  1.45850484e-01 
 1.41253754e+02 -1.67480981e+01  1.45410275e-01 
 1.42889396e+02 -1.67748020e+01  1.44963912e-01 
 1.44543977e+02 -1.68019589e+01  1.44511382e-01 
 1.46217717e+02 -1.68295738e+01  1.44052670e-01 
 1.47910839e+02 -1.68576513e+01  1.43587766e-01 
 1.49623566e+02 -1.68861960e+01  1.43116662e-01 
 1.51356125e+02 -1.69152128e+01  1.42639353e-01 
 1.53108746e+02 -1.69447061e+01  1.42155837e-01 
 1.54881662e+02 -1.69746804e+01  1.41666113e-01 
 1.56675107e+02 -1.70051403e+01  1.41170185e-01 
 1.58489319e+02 -1.70360901e+01  1.40668060e-01 
 1.60324539e+02 -1.70675341e+01  1.40159744e-01 
 1.62181010e+02 -1.70994765e+01  1.39645252e-01 
 1.64058977e+02 -1.71319216e+01  1.39124597e-01 
 1.65958691e+02 -1.71648734e+01  1.38597798e-01 
 1.67880402e+02 -1.71983359e+01  1.38064875e-01 
 1.69824365e+02 -1.72323130e+01  1.37525854e-01 
 1.71790839e+02 -1.72668085e+01  1.36980760e-01 
 1.73780083e+02 -1.73018262e+01  1.36429627e-01 
 1.75792361e+02 -1.73373696e+01  1.35872486e-01 
 1.77827941e+02 -1.73734422e+01  1.35309375e-01 
 1.79887092e+02 -1.74100475e+01  1.34740335e-01 
 1.81970086e+02 -1.74471888e+01  1.34165409e-01 
 1.84077200e+02 -1.74848692e+01  1.33584645e-01 
 1.86208714e+02 -1.75230918e+01  1.32998092e-01 
 1.88364909e+02 -1.75618596e+01  1.32405803e-01 
 1.90546072e+02 -1.76011753e+01  1.31807837e-01 
 1.92752491e+02 -1.76410418e+01  1.31204253e-01 
 1.94984460e+02 -1.76814615e+01  1.30595113e-01 
 1.97242274e+02 -1.77224369e+01  1.29980486e-01 
 1.99526231e+02 -1.77639703e+01  1.29360440e-01 
 2.01836636e+02 -1.78060639e+01  1.28735049e-01 
 2.04173794e+02 -1.78487198e+01  1.28104389e-01 
 2.06538016e+02 -1.78919398e+01  1.27468539e-01 
 2.08929613e+02 -1.79357257e+01  1.26827582e-01 
 2.11348904e+02 -1.79800792e+01  1.26181603e-01 
 2.13796209e+02 -1.80250017e+01  1.25530690e-01 
 2.16271852e+02 -1.80704945e+01  1.24874935e-01 
 2.18776162e+02 -1.81165589e+01  1.24214432e-01 
 2.21309471e+02 -1.81631958e+01  1.23549278e-01 
 2.23872114e+02 -1.82104061e+01  1.22879573e-01 
 2.26464431e+02 -1.82581907e+01  1.22205419e-01 
 2.29086765e+02 -1.83065500e+01  1.21526922e-01 
 2.31739465e+02 -1.83554846e+01  1.20844189e-01 
 2.34422882e+02 -1.84049946e+01  1.20157330e-01 
 2.37137371e+02 -1.84550803e+01  1.19466458e-01 
 2.39883292e+02 -1.85057415e+01  1.18771686e-01 
 2.42661010e+02 -1.85569782e+01  1.18073133e-01 
 2.45470892e+02 -1.86087900e+01  1.17370917e-01 
 2.48313311e+02 -1.86611764e+01  1.16665160e-01 
 2.51188643e+02 -1.87141368e+01  1.15955983e-01 
 2.54097271e+02 -1.87676704e+01  1.15243511e-01 
 2.57039578e+02 -1.88217762e+01  1.14527871e-01 
 2.60015956e+02 -1.88764533e+01  1.13809191e-01 
 2.63026799e+02 -1.89317003e+01  1.13087599e-01 
 2.66072506e+02 -1.89875159e+01  1.12363227e-01 
 2.69153480e+02 -1.90438986e+01  1.11636207e-01 
 2.72270131e+02 -1.91008466e+01  1.10906671e-01 
 2.75422870e+02 -1.91583583e+01  1.10174753e-01 
 2.78612117e+02 -1.92164316e+01  1.09440589e-01 
 2.81838293e+02 -1.92750645e+01  1.08704313e-01 
 2.85101827e+02 -1.93342547e+01  1.07966063e-01 
 2.88403150e+02 -1.93939999e+01  1.07225975e-01 
 2.91742701e+02 -1.94542976e+01  1.06484187e-01 
 2.95120923e+02 -1.95151452e+01  1.05740836e-01 
 2.98538262e+02 -1.95765400e+01  1.04996060e-01 
 3.01995172e+02 -1.96384790e+01  1.04249996e-01 
 3.05492111e+02 -1.97009594e+01  1.03502784e-01 
 3.09029543e+02 -1.97639779e+01  1.02754560e-01 
 3.12607937e+02 -1.98275315e+01  1.02005462e-01 
 3.16227766e+02 -1.98916166e+01  1.01255627e-01 
 3.19889511e+02 -1.99562301e+01  1.00505192e-01 
 3.23593657e+02 -2.00213681e+01  9.97542925e-02 
 3.27340695e+02 -2.00870273e+01  9.90030643e-02 
 3.31131121e+02 -2.01532037e+01  9.82516419e-02 
 3.34965439e+02 -2.02198935e+01  9.75001590e-02 
 3.38844156e+02 -2.02870929e+01  9.67487484e-02 
 3.42767787e+02 -2.03547978e+01  9.59975418e-02 
 3.46736850e+02 -2.04230040e+01  9.52466696e-02 
 3.50751874e+02 -2.04917075e+01  9.44962612e-02 
 3.54813389e+02 -2.05609039e+01  9.37464445e-02 
 3.58921935e+02 -2.06305889e+01  9.29973460e-02 
 3.63078055e+02 -2.07007581e+01  9.22490907e-02 
 3.67282300e+02 -2.07714070e+01  9.15018022e-02 
 3.71535229e+02 -2.08425311e+01  9.07556022e-02 
 3.75837404e+02 -2.09141258e+01  9.00106108e-02 
 3.80189396e+02 -2.09861864e+01  8.92669463e-02 
 3.84591782e+02 -2.10587083e+01  8.85247252e-02 
 3.89045145e+02 -2.11316865e+01  8.77840622e-02 
 3.93550075e+02 -2.12051164e+01  8.70450698e-02 
 3.98107171e+02 -2.12789932e+01  8.63078587e-02 
 4.02717034e+02 -2.13533118e+01  8.55725374e-02 
 4.07380278e+02 -2.14280674e+01  8.48392125e-02 
 4.12097519e+02 -2.15032551e+01  8.41079882e-02 
 4.16869383e+02 -2.15788698e+01  8.33789666e-02 
 4.21696503e+02 -2.16549066e+01  8.26522478e-02 
 4.26579519e+02 -2.17313604e+01  8.19279294e-02 
 4.31519077e+02 -2.18082262e+01  8.12061069e-02 
 4.36515832e+02 -2.18854989e+01  8.04868733e-02 
 4.41570447e+02 -2.19631734e+01  7.97703195e-02 
 4.46683592e+02 -2.20412446e+01  7.90565339e-02 
 4.51855944e+02 -2.21197075e+01  7.83456026e-02 
 4.57088190e+02 -2.21985569e+01  7.76376093e-02 
 4.62381021e+02 -2.22777878e+01  7.69326355e-02 
 4.67735141e+02 -2.23573950e+01  7.62307601e-02 
 4.73151259e+02 -2.24373734e+01  7.55320597e-02 
 4.78630092e+02 -2.25177180e+01  7.48366085e-02 
 4.84172368e+02 -2.25984237e+01  7.41444783e-02 
 4.89778819e+02 -2.26794854e+01  7.34557386e-02 
 4.95450191e+02 -2.27608980e+01  7.27704564e-02 
 5.01187234e+02 -2.28426566e+01  7.20886964e-02 
 5.06990708e+02 -2.29247560e+01  7.14105210e-02 
 5.12861384e+02 -2.30071913e+01  7.07359901e-02 
 5.18800039e+02 -2.30899575e+01  7.00651615e-02 
 5.24807460e+02 -2.31730496e+01  6.93980904e-02 
 5.30884444e+02 -2.32564627e+01  6.87348300e-02 
 5.37031796e+02 -2.33401920e+01  6.80754309e-02 
 5.43250331e+02 -2.34242325e+01  6.74199418e-02 
 5.49540874e+02 -2.35085794e+01  6.67684091e-02 
 5.55904257e+02 -2.35932279e+01  6.61208767e-02 
 5.62341325e+02 -2.36781733e+01  6.54773866e-02 
 5.68852931e+02 -2.37634107e+01  6.48379787e-02 
 5.75439937e+02 -2.38489354e+01  6.42026906e-02 
 5.82103218e+02 -2.39347429e+01  6.35715579e-02 
 5.88843655e+02 -2.40208285e+01  6.29446142e-02 
 5.95662144e+02 -2.41071876e+01  6.23218909e-02 
 6.02559586e+02 -2.41938156e+01  6.17034176e-02 
 6.09536897e+02 -2.42807081e+01  6.10892220e-02 
 6.16595002e+02 -2.43678606e+01  6.04793296e-02 
 6.23734835e+02 -2.44552687e+01  5.98737642e-02 
 6.30957344e+02 -2.45429281e+01  5.92725478e-02 
 6.38263486e+02 -2.46308344e+01  5.86757004e-02 
 6.45654229e+02 -2.47189832e+01  5.80832405e-02 
 6.53130553e+02 -2.48073706e+01  5.74951845e-02 
 6.60693448e+02 -2.48959921e+01  5.69115475e-02 
 6.68343918e+02 -2.49848438e+01  5.63323427e-02 
 6.76082975e+02 -2.50739214e+01  5.57575816e-02 
 6.83911647e+02 -2.51632211e+01  5.51872744e-02 
 6.91830971e+02 -2.52527388e+01  5.46214295e-02 
 6.99841996e+02 -2.53424705e+01  5.40600539e-02 
 7.07945784e+02 -2.54324125e+01  5.35031531e-02 
 7.16143410e+02 -2.55225608e+01  5.29507311e-02 
 7.24435960e+02 -2.56129117e+01  5.24027908e-02 
 7.32824533e+02 -2.57034614e+01  5.18593333e-02 
 7.41310241e+02 -2.57942063e+01  5.13203587e-02 
 7.49894209e+02 -2.58851428e+01  5.07858657e-02 
 7.58577575e+02 -2.59762672e+01  5.02558518e-02 
 7.67361489e+02 -2.60675761e+01  4.97303132e-02 
 7.76247117e+02 -2.61590659e+01  4.92092451e-02 
 7.85235635e+02 -2.62507333e+01  4.86926414e-02 
 7.94328235e+02 -2.63425749e+01  4.81804950e-02 
 8.03526122e+02 -2.64345872e+01  4.76727976e-02 
 8.12830516e+02 -2.65267672e+01  4.71695401e-02 
 8.22242650e+02 -2.66191114e+01  4.66707121e-02 
 8.31763771e+02 -2.67116169e+01  4.61763026e-02 
 8.41395142e+02 -2.68042804e+01  4.56862994e-02 
 8.51138038e+02 -2.68970988e+01  4.52006895e-02 
 8.60993752e+02 -2.69900692e+01  4.47194589e-02 
 8.70963590e+02 -2.70831885e+01  4.42425931e-02 
 8.81048873e+02 -2.71764539e+01  4.37700764e-02 
 8.91250938e+02 -2.72698624e+01  4.33018926e-02 
 9.01571138e+02 -2.73634113e+01  4.28380247e-02 
 9.12010839e+02 -2.74570976e+01  4.23784550e-02 
 9.22571427e+02 -2.75509188e+01  4.19231650e-02 
 9.33254301e+02 -2.76448720e+01  4.14721357e-02 
 9.44060876e+02 -2.77389547e+01  4.10253473e-02 
 9.54992586e+02 -2.78331642e+01  4.05827797e-02 
 9.66050879e+02 -2.79274980e+01  4.01444119e-02 
 9.77237221e+02 -2.80219536e+01  3.97102226e-02 
 9.88553095e+02 -2.81165284e+01  3.92801898e-02 
 1.00000000e+03 -2.82112202e+01  3.88542911e-02 
 1.01157945e+03 -2.83060264e+01  3.84325037e-02 
 1.02329299e+03 -2.84009449e+01  3.80148042e-02 
 1.03514217e+03 -2.84959731e+01  3.76011688e-02 
 1.04712855e+03 -2.85911090e+01  3.71915734e-02 
 1.05925373e+03 -2.86863502e+01  3.67859935e-02 
 1.07151931e+03 -2.87816947e+01  3.63844041e-02 
 1.08392691e+03 -2.88771402e+01  3.59867801e-02 
 1.09647820e+03 -2.89726847e+01  3.55930959e-02 
 1.10917482e+03 -2.90683262e+01  3.52033256e-02 
 1.12201845e+03 -2.91640625e+01  3.48174431e-02 
 1.13501082e+03 -2.92598918e+01  3.44354221e-02 
 1.14815362e+03 -2.93558120e+01  3.40572360e-02 
 1.16144861e+03 -2.94518214e+01  3.36828578e-02 
 1.17489755e+03 -2.95479179e+01  3.33122605e-02 
 1.18850223e+03 -2.96440998e+01  3.29454169e-02 
 1.20226443e+03 -2.97403653e+01  3.25822996e-02 
 1.21618600e+03 -2.98367127e+01  3.22228810e-02 
 1.23026877e+03 -2.99331401e+01  3.18671333e-02 
 1.24451461e+03 -3.00296458e+01  3.15150288e-02 
 1.25892541e+03 -3.01262284e+01  3.11665394e-02 
 1.27350308e+03 -3.02228860e+01  3.08216371e-02 
 1.28824955e+03 -3.03196171e+01  3.04802937e-02 
 1.30316678e+03 -3.04164201e+01  3.01424810e-02 
 1.31825674e+03 -3.05132935e+01  2.98081707e-02 
 1.33352143e+03 -3.06102358e+01  2.94773345e-02 
 1.34896288e+03 -3.07072455e+01  2.91499440e-02 
 1.36458314e+03 -3.08043212e+01  2.88259707e-02 
 1.38038426e+03 -3.09014614e+01  2.85053862e-02 
 1.39636836e+03 -3.09986648e+01  2.81881621e-02 
 1.41253754e+03 -3.10959300e+01  2.78742699e-02 
 1.42889396e+03 -3.11932556e+01  2.75636812e-02 
 1.44543977e+03 -3.12906404e+01  2.72563677e-02 
 1.46217717e+03 -3.13880831e+01  2.69523008e-02 
 1.47910839e+03 -3.14855824e+01  2.66514523e-02 
 1.49623566e+03 -3.15831371e+01  2.63537939e-02 
 1.51356125e+03 -3.16807460e+01  2.60592973e-02 
 1.53108746e+03 -3.17784079e+01  2.57679344e-02 
 1.54881662e+03 -3.18761216e+01  2.54796770e-02 
 1.56675107e+03 -3.19738861e+01  2.51944971e-02 
 1.58489319e+03 -3.20717002e+01  2.49123668e-02 
 1.60324539e+03 -3.21695629e+01  2.46332581e-02 
 1.62181010e+03 -3.22674730e+01  2.43571433e-02 
 1.64058977e+03 -3.23654295e+01  2.40839947e-02 
 1.65958691e+03 -3.24634315e+01  2.38137848e-02 
 1.67880402e+03 -3.25614779e+01  2.35464861e-02 
 1.69824365e+03 -3.26595677e+01  2.32820713e-02 
 1.71790839e+03 -3.27577000e+01  2.30205130e-02 
 1.73780083e+03 -3.28558739e+01  2.27617844e-02 
 1.75792361e+03 -3.29540884e+01  2.25058582e-02 
 1.77827941e+03 -3.30523427e+01  2.22527079e-02 
 1.79887092e+03 -3.31506358e+01  2.20023065e-02 
 1.81970086e+03 -3.32489669e+01  2.17546277e-02 
 1.84077200e+03 -3.33473352e+01  2.15096450e-02 
 1.86208714e+03 -3.34457398e+01  2.12673320e-02 
 1.88364909e+03 -3.35441799e+01  2.10276628e-02 
 1.90546072e+03 -3.36426548e+01  2.07906114e-02 
 1.92752491e+03 -3.37411636e+01  2.05561519e-02 
 1.94984460e+03 -3.38397057e+01  2.03242587e-02 
 1.97242274e+03 -3.39382802e+01  2.00949064e-02 
 1.99526231e+03 -3.40368865e+01  1.98680696e-02 
 2.01836636e+03 -3.41355239e+01  1.96437232e-02 
 2.04173794e+03 -3.42341915e+01  1.94218423e-02 
 2.06538016e+03 -3.43328889e+01  1.92024019e-02 
 2.08929613e+03 -3.44316150e+01  1.89853780e-02 
 2.11348904e+03 -3.45303698e+01  1.87707451e-02 
 2.13796209e+03 -3.46291522e+01  1.85584795e-02 
 2.16271852e+03 -3.47279617e+01  1.83485570e-02 
 2.18776162e+03 -3.48267977e+01  1.81409536e-02 
 2.21309471e+03 -3.49256596e+01  1.79356458e-02 
 2.23872114e+03 -3.50245469e+01  1.77326098e-02 
 2.26464431e+03 -3.51234588e+01  1.75318223e-02 
 2.29086765e+03 -3.52223949e+01  1.73332601e-02 
 2.31739465e+03 -3.53213547e+01  1.71369001e-02 
 2.34422882e+03 -3.54203376e+01  1.69427195e-02 
 2.37137371e+03 -3.55193430e+01  1.67506957e-02 
 2.39883292e+03 -3.56183705e+01  1.65608062e-02 
 2.42661010e+03 -3.57174196e+01  1.63730286e-02 
 2.45470892e+03 -3.58164897e+01  1.61873410e-02 
 2.48313311e+03 -3.59155804e+01  1.60037212e-02 
 2.51188643e+03 -3.60146913e+01  1.58221477e-02 
 2.54097271e+03 -3.61138218e+01  1.56425989e-02 
 2.57039578e+03 -3.62129715e+01  1.54650534e-02 
 2.60015956e+03 -3.63121400e+01  1.52894899e-02 
 2.63026799e+03 -3.64113269e+01  1.51158876e-02 
 2.66072506e+03 -3.65105317e+01  1.49442256e-02 
 2.69153480e+03 -3.66097540e+01  1.47744833e-02 
 2.72270131e+03 -3.67089934e+01  1.46066402e-02 
 2.75422870e+03 -3.68082495e+01  1.44406761e-02 
 2.78612117e+03 -3.69075219e+01  1.42765708e-02 
 2.81838293e+03 -3.70068103e+01  1.41143046e-02 
 2.85101827e+03 -3.71061143e+01  1.39538576e-02 
 2.88403150e+03 -3.72054335e+01  1.37952103e-02 
 2.91742701e+03 -3.73047675e+01  1.36383435e-02 
 2.95120923e+03 -3.74041161e+01  1.34832378e-02 
 2.98538262e+03 -3.75034789e+01  1.33298744e-02 
 3.01995172e+03 -3.76028555e+01  1.31782343e-02 
 3.05492111e+03 -3.77022456e+01  1.30282990e-02 
 3.09029543e+03 -3.78016490e+01  1.28800501e-02 
 3.12607937e+03 -3.79010652e+01  1.27334691e-02 
 3.16227766e+03 -3.80004940e+01  1.25885381e-02 
 3.19889511e+03 -3.80999352e+01  1.24452390e-02 
 3.23593657e+03 -3.81993883e+01  1.23035542e-02 
 3.27340695e+03 -3.82988531e+01  1.21634659e-02 
 3.31131121e+03 -3.83983294e+01  1.20249569e-02 
 3.34965439e+03 -3.84978169e+01  1.18880099e-02 
 3.38844156e+03 -3.85973152e+01  1.17526077e-02 
 3.42767787e+03 -3.86968242e+01  1.16187335e-02 
 3.46736850e+03 -3.87963435e+01  1.14863706e-02 
 3.50751874e+03 -3.88958730e+01  1.13555023e-02 
 3.54813389e+03 -3.89954124e+01  1.12261123e-02 
 3.58921935e+03 -3.90949614e+01  1.10981843e-02 
 3.63078055e+03 -3.91945197e+01  1.09717022e-02 
 3.67282300e+03 -3.92940873e+01  1.08466502e-02 
 3.71535229e+03 -3.93936638e+01  1.07230124e-02 
 3.75837404e+03 -3.94932491e+01  1.06007733e-02 
 3.80189396e+03 -3.95928428e+01  1.04799174e-02 
 3.84591782e+03 -3.96924448e+01  1.03604295e-02 
 3.89045145e+03 -3.97920549e+01  1.02422944e-02 
 3.93550075e+03 -3.98916729e+01  1.01254971e-02 
 3.98107171e+03 -3.99912986e+01  1.00100229e-02 
 4.02717034e+03 -4.00909317e+01  9.89585705e-03 
 4.07380278e+03 -4.01905722e+01  9.78298508e-03 
 4.12097519e+03 -4.02902197e+01  9.67139262e-03 
 4.16869383e+03 -4.03898742e+01  9.56106546e-03 
 4.21696503e+03 -4.04895354e+01  9.45198954e-03 
 4.26579519e+03 -4.05892031e+01  9.34415094e-03 
 4.31519077e+03 -4.06888772e+01  9.23753590e-03 
 4.36515832e+03 -4.07885575e+01  9.13213079e-03 
 4.41570447e+03 -4.08882439e+01  9.02792212e-03 
 4.46683592e+03 -4.09879362e+01  8.92489657e-03 
 4.51855944e+03 -4.10876341e+01  8.82304092e-03 
 4.57088190e+03 -4.11873376e+01  8.72234213e-03 
 4.62381021e+03 -4.12870466e+01  8.62278727e-03 
 4.67735141e+03 -4.13867605e+01  8.52436376e-03 
 4.73151259e+03 -4.14864798e+01  8.42705855e-03 
 4.78630092e+03 -4.15862040e+01  8.33085932e-03 
 4.84172368e+03 -4.16859330e+01  8.23575371e-03 
 4.89778819e+03 -4.17856667e+01  8.14172946e-03 
 4.95450191e+03 -4.18854048e+01  8.04877446e-03 
 5.01187234e+03 -4.19851474e+01  7.95687672e-03 
 5.06990708e+03 -4.20848942e+01  7.86602439e-03 
 5.12861384e+03 -4.21846451e+01  7.77620574e-03 
 5.18800039e+03 -4.22844001e+01  7.68740917e-03 
 5.24807460e+03 -4.23841588e+01  7.59962319e-03 
 5.30884444e+03 -4.24839213e+01  7.51283646e-03 
 5.37031796e+03 -4.25836874e+01  7.42703775e-03 
 5.43250331e+03 -4.26834569e+01  7.34221594e-03 
 5.49540874e+03 -4.27832298e+01  7.25836006e-03 
 5.55904257e+03 -4.28830060e+01  7.17545922e-03 
 5.62341325e+03 -4.29827852e+01  7.09350269e-03 
 5.68852931e+03 -4.30825675e+01  7.01247983e-03 
 5.75439937e+03 -4.31823526e+01  6.93238011e-03 
 5.82103218e+03 -4.32821406e+01  6.85319315e-03 
 5.88843655e+03 -4.33819311e+01  6.77490864e-03 
 5.95662144e+03 -4.34817243e+01  6.69751642e-03 
 6.02559586e+03 -4.35815198e+01  6.62100642e-03 
 6.09536897e+03 -4.36813177e+01  6.54536868e-03 
 6.16595002e+03 -4.37811178e+01  6.47059337e-03 
 6.23734835e+03 -4.38809199e+01  6.39667089e-03 
 6.30957344e+03 -4.39807241e+01  6.32359131e-03 
 6.38263486e+03 -4.40805303e+01  6.25134527e-03 
 6.45654229e+03 -4.41803383e+01  6.17992333e-03 
 6.53130553e+03 -4.42801479e+01  6.10931620e-03 
 6.60693448e+03 -4.43799592e+01  6.03951465e-03 
 6.68343918e+03 -4.44797720e+01  5.97050958e-03 
 6.76082975e+03 -4.45795862e+01  5.90229198e-03 
 6.83911647e+03 -4.46794017e+01  5.83485293e-03 
 6.91830971e+03 -4.47792184e+01  5.76818364e-03 
 6.99841996e+03 -4.48790363e+01  5.70227537e-03 
 7.07945784e+03 -4.49788551e+01  5.63711953e-03 
 7.16143410e+03 -4.50786749e+01  5.57270758e-03 
 7.24435960e+03 -4.51784955e+01  5.50903110e-03 
 7.32824533e+03 -4.52783169e+01  5.44608177e-03 
 7.41310241e+03 -4.53781388e+01  5.38385133e-03 
 7.49894209e+03 -4.54779611e+01  5.32233177e-03 
 7.58577575e+03 -4.55777841e+01  5.26151477e-03 
 7.67361489e+03 -4.56776075e+01  5.20139250e-03 
 7.76247117e+03 -4.57774310e+01  5.14195709e-03 
 7.85235635e+03 -4.58772548e+01  5.08320073e-03 
 7.94328235e+03 -4.59770786e+01  5.02511572e-03 
 8.03526122e+03 -4.60769025e+01  4.96769446e-03 
 8.12830516e+03 -4.61767262e+01  4.91092940e-03 
 8.22242650e+03 -4.62765497e+01  4.85481310e-03 
 8.31763771e+03 -4.63763729e+01  4.79933819e-03 
 8.41395142e+03 -4.64761957e+01  4.74449740e-03 
 8.51138038e+03 -4.65760181e+01  4.69028352e-03 
 8.60993752e+03 -4.66758396e+01  4.63668954e-03 
 8.70963590e+03 -4.67756607e+01  4.58370820e-03 
 8.81048873e+03 -4.68754811e+01  4.53133266e-03 
 8.91250938e+03 -4.69753005e+01  4.47955603e-03 
 9.01571138e+03 -4.70751191e+01  4.42837150e-03 
 9.12010839e+03 -4.71749365e+01  4.37777235e-03 
 9.22571427e+03 -4.72747528e+01  4.32775193e-03 
 9.33254301e+03 -4.73745679e+01  4.27830365e-03 
 9.44060876e+03 -4.74743816e+01  4.22942102e-03 
 9.54992586e+03 -4.75741937e+01  4.18109770e-03 
 9.66050879e+03 -4.76740044e+01  4.13332713e-03 
 9.77237221e+03 -4.77738135e+01  4.08610313e-03 
 9.88553095e+03 -4.78736209e+01  4.03941948e-03 
 1.00000000e+04 -4.79734264e+01  3.99327005e-03 
 1.01157945e+04 -4.80732300e+01  3.94764874e-03 
 1.02329299e+04 -4.81730315e+01  3.90254956e-03 
 1.03514217e+04 -4.82728308e+01  3.85796656e-03 
 1.04712855e+04 -4.83726277e+01  3.81389396e-03 
 1.05925373e+04 -4.84724224e+01  3.77032578e-03 
 1.07151931e+04 -4.85722147e+01  3.72725637e-03 
 1.08392691e+04 -4.86720044e+01  3.68468004e-03 
 1.09647820e+04 -4.87717913e+01  3.64259120e-03 
 1.10917482e+04 -4.88715755e+01  3.60098429e-03 
 1.12201845e+04 -4.89713565e+01  3.55985391e-03 
 1.13501082e+04 -4.90711347e+01  3.51919446e-03 
 1.14815362e+04 -4.91709097e+01  3.47900068e-03 
 1.16144861e+04 -4.92706815e+01  3.43926727e-03 
 1.17489755e+04 -4.93704498e+01  3.39998897e-03 
 1.18850223e+04 -4.94702147e+01  3.36116062e-03 
 1.20226443e+04 -4.95699757e+01  3.32277716e-03 
 1.21618600e+04 -4.96697331e+01  3.28483338e-03 
 1.23026877e+04 -4.97694866e+01  3.24732434e-03 
 1.24451461e+04 -4.98692361e+01  3.21024511e-03 
 1.25892541e+04 -4.99689815e+01  3.17359078e-03 
 1.27350308e+04 -5.00687223e+01  3.13735659e-03 
 1.28824955e+04 -5.01684590e+01  3.10153761e-03 
 1.30316678e+04 -5.02681910e+01  3.06612918e-03 
 1.31825674e+04 -5.03679184e+01  3.03112664e-03 
 1.33352143e+04 -5.04676407e+01  2.99652542e-03 
 1.34896288e+04 -5.05673582e+01  2.96232083e-03 
 1.36458314e+04 -5.06670705e+01  2.92850840e-03 
 1.38038426e+04 -5.07667776e+01  2.89508369e-03 
 1.39636836e+04 -5.08664789e+01  2.86204233e-03 
 1.41253754e+04 -5.09661749e+01  2.82937983e-03 
 1.42889396e+04 -5.10658651e+01  2.79709195e-03 
 1.44543977e+04 -5.11655494e+01  2.76517441e-03 
 1.46217717e+04 -5.12652274e+01  2.73362306e-03 
 1.47910839e+04 -5.13648993e+01  2.70243362e-03 
 1.49623566e+04 -5.14645648e+01  2.67160201e-03 
 1.51356125e+04 -5.15642234e+01  2.64112423e-03 
 1.53108746e+04 -5.16638755e+01  2.61099612e-03 
 1.54881662e+04 -5.17635203e+01  2.58121383e-03 
 1.56675107e+04 -5.18631582e+01  2.55177329e-03 
 1.58489319e+04 -5.19627888e+01  2.52267069e-03 
 1.60324539e+04 -5.20624116e+01  2.49390222e-03 
 1.62181010e+04 -5.21620268e+01  2.46546396e-03 
 1.64058977e+04 -5.22616341e+01  2.43735222e-03 
 1.65958691e+04 -5.23612331e+01  2.40956334e-03 
 1.67880402e+04 -5.24608238e+01  2.38209352e-03 
 1.69824365e+04 -5.25604060e+01  2.35493920e-03 
 1.71790839e+04 -5.26599792e+01  2.32809683e-03 
 1.73780083e+04 -5.27595436e+01  2.30156276e-03 
 1.75792361e+04 -5.28590985e+01  2.27533358e-03 
 1.77827941e+04 -5.29586441e+01  2.24940572e-03 
 1.79887092e+04 -5.30581798e+01  2.22377585e-03 
 1.81970086e+04 -5.31577057e+01  2.19844049e-03 
 1.84077200e+04 -5.32572215e+01  2.17339632e-03 
 1.86208714e+04 -5.33567265e+01  2.14864009e-03 
 1.88364909e+04 -5.34562210e+01  2.12416843e-03 
 1.90546072e+04 -5.35557043e+01  2.09997818e-03 
 1.92752491e+04 -5.36551766e+01  2.07606606e-03 
 1.94984460e+04 -5.37546371e+01  2.05242900e-03 
 1.97242274e+04 -5.38540860e+01  2.02906378e-03 
 1.99526231e+04 -5.39535226e+01  2.00596739e-03 
 2.01836636e+04 -5.40529470e+01  1.98313668e-03 
 2.04173794e+04 -5.41523585e+01  1.96056874e-03 
 2.06538016e+04 -5.42517572e+01  1.93826047e-03 
 2.08929613e+04 -5.43511424e+01  1.91620902e-03 
 2.11348904e+04 -5.44505139e+01  1.89441143e-03 
 2.13796209e+04 -5.45498717e+01  1.87286476e-03 
 2.16271852e+04 -5.46492149e+01  1.85156625e-03 
 2.18776162e+04 -5.47485437e+01  1.83051299e-03 
 2.21309471e+04 -5.48478573e+01  1.80970229e-03 
 2.23872114e+04 -5.49471555e+01  1.78913134e-03 
 2.26464431e+04 -5.50464383e+01  1.76879738e-03 
 2.29086765e+04 -5.51457047e+01  1.74869780e-03 
 2.31739465e+04 -5.52449547e+01  1.72882990e-03 
 2.34422882e+04 -5.53441878e+01  1.70919105e-03 
 2.37137371e+04 -5.54434038e+01  1.68977861e-03 
 2.39883292e+04 -5.55426020e+01  1.67059008e-03 
 2.42661010e+04 -5.56417821e+01  1.65162289e-03 
 2.45470892e+04 -5.57409437e+01  1.63287452e-03 
 2.48313311e+04 -5.58400866e+01  1.61434246e-03 
 2.51188643e+04 -5.59392099e+01  1.59602433e-03 
 2.54097271e+04 -5.60383133e+01  1.57791765e-03 
 2.57039578e+04 -5.61373965e+01  1.56002004e-03 
 2.60015956e+04 -5.62364588e+01  1.54232912e-03 
 2.63026799e+04 -5.63354999e+01  1.52484255e-03 
 2.66072506e+04 -5.64345193e+01  1.50755802e-03 
 2.69153480e+04 -5.65335164e+01  1.49047323e-03 
 2.72270131e+04 -5.66324907e+01  1.47358592e-03 
 2.75422870e+04 -5.67314418e+01  1.45689386e-03 
 2.78612117e+04 -5.68303689e+01  1.44039483e-03 
 2.81838293e+04 -5.69292719e+01  1.42408661e-03 
 2.85101827e+04 -5.70281496e+01  1.40796715e-03 
 2.88403150e+04 -5.71270021e+01  1.39203417e-03 
 2.91742701e+04 -5.72258280e+01  1.37628570e-03 
 2.95120923e+04 -5.73246273e+01  1.36071958e-03 
 2.98538262e+04 -5.74233996e+01  1.34533369e-03 
 3.01995172e+04 -5.75221436e+01  1.33012612e-03 
 3.05492111e+04 -5.76208593e+01  1.31509472e-03 
 3.09029543e+04 -5.77195454e+01  1.30023763e-03 
 3.12607937e+04 -5.78182017e+01  1.28555279e-03 
 3.16227766e+04 -5.79168274e+01  1.27103827e-03 
 3.19889511e+04 -5.80154216e+01  1.25669220e-03 
 3.23593657e+04 -5.81139840e+01  1.24251260e-03 
 3.27340695e+04 -5.82125136e+01  1.22849763e-03 
 3.31131121e+04 -5.83110094e+01  1.21464545e-03 
 3.34965439e+04 -5.84094712e+01  1.20095418e-03 
 3.38844156e+04 -5.85078978e+01  1.18742206e-03 
 3.42767787e+04 -5.86062886e+01  1.17404723e-03 
 3.46736850e+04 -5.87046427e+01  1.16082798e-03 
 3.50751874e+04 -5.88029592e+01  1.14776253e-03 
 3.54813389e+04 -5.89012375e+01  1.13484912e-03 
 3.58921935e+04 -5.89994764e+01  1.12208609e-03 
 3.63078055e+04 -5.90976753e+01  1.10947172e-03 
 3.67282300e+04 -5.91958331e+01  1.09700434e-03 
 3.71535229e+04 -5.92939489e+01  1.08468230e-03 
 3.75837404e+04 -5.93920219e+01  1.07250396e-03 
 3.80189396e+04 -5.94900510e+01  1.06046771e-03 
 3.84591782e+04 -5.95880355e+01  1.04857192e-03 
 3.89045145e+04 -5.96859740e+01  1.03681507e-03 
 3.93550075e+04 -5.97838653e+01  1.02519560e-03 
 3.98107171e+04 -5.98817090e+01  1.01371192e-03 
 4.02717034e+04 -5.99795036e+01  1.00236252e-03 
 4.07380278e+04 -6.00772481e+01  9.91145911e-04 
 4.12097519e+04 -6.01749414e+01  9.80060594e-04 
 4.16869383e+04 -6.02725824e+01  9.69105101e-04 
 4.21696503e+04 -6.03701696e+01  9.58278001e-04 
 4.26579519e+04 -6.04677023e+01  9.47577811e-04 
 4.31519077e+04 -6.05651789e+01  9.37003157e-04 
 4.36515832e+04 -6.06625983e+01  9.26552612e-04 
 4.41570447e+04 -6.07599595e+01  9.16224767e-04 
 4.46683592e+04 -6.08572609e+01  9.06018274e-04 
 4.51855944e+04 -6.09545010e+01  8.95931798e-04 
 4.57088190e+04 -6.10516789e+01  8.85963958e-04 
 4.62381021e+04 -6.11487928e+01  8.76113472e-04 
 4.67735141e+04 -6.12458415e+01  8.66379011e-04 
 4.73151259e+04 -6.13428236e+01  8.56759282e-04 
 4.78630092e+04 -6.14397376e+01  8.47253007e-04 
 4.84172368e+04 -6.15365820e+01  8.37858922e-04 
 4.89778819e+04 -6.16333551e+01  8.28575801e-04 
 4.95450191e+04 -6.17300557e+01  8.19402368e-04 
 5.01187234e+04 -6.18266820e+01  8.10337426e-04 
 5.06990708e+04 -6.19232323e+01  8.01379788e-04 
 5.12861384e+04 -6.20197052e+01  7.92528225e-04 
 5.18800039e+04 -6.21160987e+01  7.83781599e-04 
 5.24807460e+04 -6.22124115e+01  7.75138707e-04 
 5.30884444e+04 -6.23086414e+01  7.66598439e-04 
 5.37031796e+04 -6.24047868e+01  7.58159638e-04 
 5.43250331e+04 -6.25008459e+01  7.49821183e-04 
 5.49540874e+04 -6.25968168e+01  7.41581964e-04 
 5.55904257e+04 -6.26926977e+01  7.33440884e-04 
 5.62341325e+04 -6.27884866e+01  7.25396859e-04 
 5.68852931e+04 -6.28841815e+01  7.17448819e-04 
 5.75439937e+04 -6.29797805e+01  7.09595704e-04 
 5.82103218e+04 -6.30752812e+01  7.01836484e-04 
 5.88843655e+04 -6.31706818e+01  6.94170110e-04 
 5.95662144e+04 -6.32659804e+01  6.86595543e-04 
 6.02559586e+04 -6.33611744e+01  6.79111806e-04 
 6.09536897e+04 -6.34562618e+01  6.71717884e-04 
 6.16595002e+04 -6.35512403e+01  6.64412792e-04 
 6.23734835e+04 -6.36461077e+01  6.57195553e-04 
 6.30957344e+04 -6.37408614e+01  6.50065222e-04 
 6.38263486e+04 -6.38354996e+01  6.43020799e-04 
 6.45654229e+04 -6.39300191e+01  6.36061404e-04 
 6.53130553e+04 -6.40244179e+01  6.29186077e-04 
 6.60693448e+04 -6.41186937e+01  6.22393885e-04 
 6.68343918e+04 -6.42128434e+01  6.15683949e-04 
 6.76082975e+04 -6.43068645e+01  6.09055370e-04 
 6.83911647e+04 -6.44007547e+01  6.02507234e-04 
 6.91830971e+04 -6.44945112e+01  5.96038677e-04 
 6.99841996e+04 -6.45881309e+01  5.89648848e-04 
 7.07945784e+04 -6.46816116e+01  5.83336862e-04 
 7.16143410e+04 -6.47749499e+01  5.77101900e-04 
 7.24435960e+04 -6.48681434e+01  5.70943101e-04 
 7.32824533e+04 -6.49611886e+01  5.64859675e-04 
 7.41310241e+04 -6.50540830e+01  5.58850768e-04 
 7.49894209e+04 -6.51468232e+01  5.52915597e-04 
 7.58577575e+04 -6.52394065e+01  5.47053340e-04 
 7.67361489e+04 -6.53318295e+01  5.41263233e-04 
 7.76247117e+04 -6.54240890e+01  5.35544483e-04 
 7.85235635e+04 -6.55161817e+01  5.29896334e-04 
 7.94328235e+04 -6.56081049e+01  5.24317987e-04 
 8.03526122e+04 -6.56998544e+01  5.18808738e-04 
 8.12830516e+04 -6.57914274e+01  5.13367808e-04 
 8.22242650e+04 -6.58828199e+01  5.07994496e-04 
 8.31763771e+04 -6.59740289e+01  5.02688041e-04 
 8.41395142e+04 -6.60650508e+01  4.97447737e-04 
 8.51138038e+04 -6.61558817e+01  4.92272886e-04 
 8.60993752e+04 -6.62465183e+01  4.87162762e-04 
 8.70963590e+04 -6.63369566e+01  4.82116696e-04 
 8.81048873e+04 -6.64271927e+01  4.77134002e-04 
 8.91250938e+04 -6.65172232e+01  4.72213979e-04 
 9.01571138e+04 -6.66070439e+01  4.67355981e-04 
 9.12010839e+04 -6.66966510e+01  4.62559335e-04 
 9.22571427e+04 -6.67860405e+01  4.57823386e-04 
 9.33254301e+04 -6.68752085e+01  4.53147487e-04 
 9.44060876e+04 -6.69641505e+01  4.48531009e-04 
 9.54992586e+04 -6.70528628e+01  4.43973309e-04 
 9.66050879e+04 -6.71413407e+01  4.39473774e-04 
 9.77237221e+04 -6.72295806e+01  4.35031764e-04 
 9.88553095e+04 -6.73175777e+01  4.30646690e-04 
 1.00000000e+05 -6.74053279e+01  4.26317936e-04 
 1.01157945e+05 -6.74928265e+01  4.22044917e-04 
 1.02329299e+05 -6.75800693e+01  4.17827031e-04 
 1.03514217e+05 -6.76670520e+01  4.13663687e-04 
 1.04712855e+05 -6.77537695e+01  4.09554334e-04 
 1.05925373e+05 -6.78402175e+01  4.05498383e-04 
 1.07151931e+05 -6.79263913e+01  4.01495271e-04 
 1.08392691e+05 -6.80122863e+01  3.97544439e-04 
 1.09647820e+05 -6.80978976e+01  3.93645345e-04 
 1.10917482e+05 -6.81832203e+01  3.89797442e-04 
 1.12201845e+05 -6.82682498e+01  3.86000182e-04 
 1.13501082e+05 -6.83529814e+01  3.82253023e-04 
 1.14815362e+05 -6.84374097e+01  3.78555462e-04 
 1.16144861e+05 -6.85215299e+01  3.74906961e-04 
 1.17489755e+05 -6.86053374e+01  3.71306995e-04 
 1.18850223e+05 -6.86888265e+01  3.67755077e-04 
 1.20226443e+05 -6.87719923e+01  3.64250694e-04 
 1.21618600e+05 -6.88548298e+01  3.60793337e-04 
 1.23026877e+05 -6.89373342e+01  3.57382505e-04 
 1.24451461e+05 -6.90194997e+01  3.54017732e-04 
 1.25892541e+05 -6.91013214e+01  3.50698517e-04 
 1.27350308e+05 -6.91827943e+01  3.47424375e-04 
 1.28824955e+05 -6.92639123e+01  3.44194862e-04 
 1.30316678e+05 -6.93446708e+01  3.41009485e-04 
 1.31825674e+05 -6.94250646e+01  3.37867774e-04 
 1.33352143e+05 -6.95050878e+01  3.34769290e-04 
 1.34896288e+05 -6.95847355e+01  3.31713558e-04 
 1.36458314e+05 -6.96640020e+01  3.28700150e-04 
 1.38038426e+05 -6.97428818e+01  3.25728611e-04 
 1.39636836e+05 -6.98213703e+01  3.22798482e-04 
 1.41253754e+05 -6.98994611e+01  3.19909359e-04 
 1.42889396e+05 -6.99771493e+01  3.17060790e-04 
 1.44543977e+05 -7.00544292e+01  3.14252354e-04 
 1.46217717e+05 -7.01312957e+01  3.11483620e-04 
 1.47910839e+05 -7.02077432e+01  3.08754177e-04 
 1.49623566e+05 -7.02837663e+01  3.06063601e-04 
 1.51356125e+05 -7.03593594e+01  3.03411495e-04 
 1.53108746e+05 -7.04345175e+01  3.00797432e-04 
 1.54881662e+05 -7.05092348e+01  2.98221028e-04 
 1.56675107e+05 -7.05835061e+01  2.95681869e-04 
 1.58489319e+05 -7.06573258e+01  2.93179574e-04 
 1.60324539e+05 -7.07306891e+01  2.90713732e-04 
 1.62181010e+05 -7.08035901e+01  2.88283971e-04 
 1.64058977e+05 -7.08760239e+01  2.85889896e-04 
 1.65958691e+05 -7.09479848e+01  2.83531136e-04 
 1.67880402e+05 -7.10194681e+01  2.81207303e-04 
 1.69824365e+05 -7.10904683e+01  2.78918028e-04 
 1.71790839e+05 -7.11609803e+01  2.76662940e-04 
 1.73780083e+05 -7.12309989e+01  2.74441670e-04 
 1.75792361e+05 -7.13005192e+01  2.72253856e-04 
 1.77827941e+05 -7.13695362e+01  2.70099134e-04 
 1.79887092e+05 -7.14380449e+01  2.67977144e-04 
 1.81970086e+05 -7.15060403e+01  2.65887539e-04 
 1.84077200e+05 -7.15735176e+01  2.63829964e-04 
 1.86208714e+05 -7.16404722e+01  2.61804069e-04 
 1.88364909e+05 -7.17068993e+01  2.59809504e-04 
 1.90546072e+05 -7.17727940e+01  2.57845942e-04 
 1.92752491e+05 -7.18381523e+01  2.55913022e-04 
 1.94984460e+05 -7.19029692e+01  2.54010423e-04 
 1.97242274e+05 -7.19672404e+01  2.52137811e-04 
 1.99526231e+05 -7.20309619e+01  2.50294846e-04 
 2.01836636e+05 -7.20941290e+01  2.48481208e-04 
 2.04173794e+05 -7.21567377e+01  2.46696571e-04 
 2.06538016e+05 -7.22187843e+01  2.44940605e-04 
 2.08929613e+05 -7.22802646e+01  2.43212993e-04 
 2.11348904e+05 -7.23411745e+01  2.41513423e-04 
 2.13796209e+05 -7.24015107e+01  2.39841575e-04 
 2.16271852e+05 -7.24612691e+01  2.38197142e-04 
 2.18776162e+05 -7.25204464e+01  2.36579810e-04 
 2.21309471e+05 -7.25790391e+01  2.34989277e-04 
 2.23872114e+05 -7.26370439e+01  2.33425234e-04 
 2.26464431e+05 -7.26944576e+01  2.31887384e-04 
 2.29086765e+05 -7.27512773e+01  2.30375419e-04 
 2.31739465e+05 -7.28074995e+01  2.28889055e-04 
 2.34422882e+05 -7.28631216e+01  2.27427994e-04 
 2.37137371e+05 -7.29181410e+01  2.25991940e-04 
 2.39883292e+05 -7.29725549e+01  2.24580609e-04 
 2.42661010e+05 -7.30263609e+01  2.23193713e-04 
 2.45470892e+05 -7.30795566e+01  2.21830965e-04 
 2.48313311e+05 -7.31321397e+01  2.20492092e-04 
 2.51188643e+05 -7.31841082e+01  2.19176805e-04 
 2.54097271e+05 -7.32354600e+01  2.17884834e-04 
 2.57039578e+05 -7.32861933e+01  2.16615902e-04 
 2.60015956e+05 -7.33363062e+01  2.15369744e-04 
 2.63026799e+05 -7.33857974e+01  2.14146082e-04 
 2.66072506e+05 -7.34346652e+01  2.12944652e-04 
 2.69153480e+05 -7.34829083e+01  2.11765196e-04 
 2.72270131e+05 -7.35305257e+01  2.10607443e-04 
 2.75422870e+05 -7.35775158e+01  2.09471146e-04 
 2.78612117e+05 -7.36238782e+01  2.08356037e-04 
 2.81838293e+05 -7.36696120e+01  2.07261865e-04 
 2.85101827e+05 -7.37147160e+01  2.06188387e-04 
 2.88403150e+05 -7.37591900e+01  2.05135346e-04 
 2.91742701e+05 -7.38030337e+01  2.04102495e-04 
 2.95120923e+05 -7.38462465e+01  2.03089595e-04 
 2.98538262e+05 -7.38888284e+01  2.02096400e-04 
 3.01995172e+05 -7.39307789e+01  2.01122682e-04 
 3.05492111e+05 -7.39720988e+01  2.00168188e-04 
 3.09029543e+05 -7.40127877e+01  1.99232698e-04 
 3.12607937e+05 -7.40528457e+01  1.98315981e-04 
 3.16227766e+05 -7.40922740e+01  1.97417796e-04 
 3.19889511e+05 -7.41310721e+01  1.96537937e-04 
 3.23593657e+05 -7.41692413e+01  1.95676168e-04 
 3.27340695e+05 -7.42067820e+01  1.94832275e-04 
 3.31131121e+05 -7.42436952e+01  1.94006035e-04 
 3.34965439e+05 -7.42799816e+01  1.93197240e-04 
 3.38844156e+05 -7.43156423e+01  1.92405678e-04 
 3.42767787e+05 -7.43506785e+01  1.91631136e-04 
 3.46736850e+05 -7.43850913e+01  1.90873411e-04 
 3.50751874e+05 -7.44188821e+01  1.90132298e-04 
 3.54813389e+05 -7.44520521e+01  1.89407598e-04 
 3.58921935e+05 -7.44846027e+01  1.88699115e-04 
 3.63078055e+05 -7.45165357e+01  1.88006653e-04 
 3.67282300e+05 -7.45478524e+01  1.87330020e-04 
 3.71535229e+05 -7.45785547e+01  1.86669028e-04 
 3.75837404e+05 -7.46086438e+01  1.86023500e-04 
 3.80189396e+05 -7.46381224e+01  1.85393235e-04 
 3.84591782e+05 -7.46669916e+01  1.84778067e-04 
 3.89045145e+05 -7.46952537e+01  1.84177815e-04 
 3.93550075e+05 -7.47229105e+01  1.83592304e-04 
 3.98107171e+05 -7.47499642e+01  1.83021364e-04 
 4.02717034e+05 -7.47764165e+01  1.82464833e-04 
 4.07380278e+05 -7.48022695e+01  1.81922545e-04 
 4.12097519e+05 -7.48275256e+01  1.81394335e-04 
 4.16869383e+05 -7.48521867e+01  1.80880048e-04 
 4.21696503e+05 -7.48762552e+01  1.80379526e-04 
 4.26579519e+05 -7.48997330e+01  1.79892620e-04 
 4.31519077e+05 -7.49226225e+01  1.79419183e-04 
 4.36515832e+05 -7.49449259e+01  1.78959067e-04 
 4.41570447e+05 -7.49666453e+01  1.78512131e-04 
 4.46683592e+05 -7.49877830e+01  1.78078239e-04 
 4.51855944e+05 -7.50083414e+01  1.77657247e-04 
 4.57088190e+05 -7.50283224e+01  1.77249035e-04 
 4.62381021e+05 -7.50477285e+01  1.76853466e-04 
 4.67735141e+05 -7.50665618e+01  1.76470416e-04 
 4.73151259e+05 -7.50848244e+01  1.76099767e-04 
 4.78630092e+05 -7.51025185e+01  1.75741397e-04 
 4.84172368e+05 -7.51196465e+01  1.75395188e-04 
 4.89778819e+05 -7.51362104e+01  1.75061030e-04 
 4.95450191e+05 -7.51522122e+01  1.74738817e-04 
 5.01187234e+05 -7.51676539e+01  1.74428442e-04 
 5.06990708e+05 -7.51825380e+01  1.74129800e-04 
 5.12861384e+05 -7.51968659e+01  1.73842799e-04 
 5.18800039e+05 -7.52106399e+01  1.73567339e-04 
 5.24807460e+05 -7.52238619e+01  1.73303329e-04 
 5.30884444e+05 -7.52365336e+01  1.73050684e-04 
 5.37031796e+05 -7.52486570e+01  1.72809316e-04 
 5.43250331e+05 -7.52602336e+01  1.72579148e-04 
 5.49540874e+05 -7.52712655e+01  1.72360095e-04 
 5.55904257e+05 -7.52817538e+01  1.72152095e-04 
 5.62341325e+05 -7.52917005e+01  1.71955066e-04 
 5.68852931e+05 -7.53011071e+01  1.71768945e-04 
 5.75439937e+05 -7.53099747e+01  1.71593670e-04 
 5.82103218e+05 -7.53183050e+01  1.71429180e-04 
 5.88843655e+05 -7.53260993e+01  1.71275418e-04 
 5.95662144e+05 -7.53333585e+01  1.71132334e-04 
 6.02559586e+05 -7.53400842e+01  1.70999875e-04 
 6.09536897e+05 -7.53462772e+01  1.70877995e-04 
 6.16595002e+05 -7.53519386e+01  1.70766655e-04 
 6.23734835e+05 -7.53570694e+01  1.70665811e-04 
 6.30957344e+05 -7.53616705e+01  1.70575431e-04 
 6.38263486e+05 -7.53657421e+01  1.70495490e-04 
 6.45654229e+05 -7.53692857e+01  1.70425948e-04 
 6.53130553e+05 -7.53723011e+01  1.70366791e-04 
 6.60693448e+05 -7.53747897e+01  1.70317987e-04 
 6.68343918e+05 -7.53767511e+01  1.70279530e-04 
 6.76082975e+05 -7.53781862e+01  1.70251399e-04 
 6.83911647e+05 -7.53790949e+01  1.70233590e-04 
 6.91830971e+05 -7.53794777e+01  1.70226087e-04 
 6.99841996e+05 -7.53793341e+01  1.70228901e-04 
 7.07945784e+05 -7.53786649e+01  1.70242017e-04 
 7.16143410e+05 -7.53774694e+01  1.70265451e-04 
 7.24435960e+05 -7.53757477e+01  1.70299204e-04 
 7.32824533e+05 -7.53734994e+01  1.70343289e-04 
 7.41310241e+05 -7.53707243e+01  1.70397723e-04 
 7.49894209e+05 -7.53674217e+01  1.70462523e-04 
 7.58577575e+05 -7.53635914e+01  1.70537711e-04 
 7.67361489e+05 -7.53592327e+01  1.70623310e-04 
 7.76247117e+05 -7.53543448e+01  1.70719354e-04 
 7.85235635e+05 -7.53489271e+01  1.70825871e-04 
 7.94328235e+05 -7.53429785e+01  1.70942903e-04 
 8.03526122e+05 -7.53364983e+01  1.71070484e-04 
 8.12830516e+05 -7.53294854e+01  1.71208661e-04 
 8.22242650e+05 -7.53219388e+01  1.71357478e-04 
 8.31763771e+05 -7.53138570e+01  1.71516991e-04 
 8.41395142e+05 -7.53052393e+01  1.71687247e-04 
 8.51138038e+05 -7.52960841e+01  1.71868305e-04 
 8.60993752e+05 -7.52863902e+01  1.72060226e-04 
 8.70963590e+05 -7.52761560e+01  1.72263077e-04 
 8.81048873e+05 -7.52653800e+01  1.72476925e-04 
 8.91250938e+05 -7.52540607e+01  1.72701841e-04 
 9.01571138e+05 -7.52421966e+01  1.72937897e-04 
 9.12010839e+05 -7.52297857e+01  1.73185175e-04 
 9.22571427e+05 -7.52168266e+01  1.73443756e-04 
 9.33254301e+05 -7.52033174e+01  1.73713723e-04 
 9.44060876e+05 -7.51892562e+01  1.73995170e-04 
 9.54992586e+05 -7.51746412e+01  1.74288182e-04 
 9.66050879e+05 -7.51594705e+01  1.74592858e-04 
 9.77237221e+05 -7.51437420e+01  1.74909299e-04 
 9.88553095e+05 -7.51274537e+01  1.75237608e-04 
 1.00000000e+06 -7.51106037e+01  1.75577885e-04 
 1.01157945e+06 -7.50931902e+01  1.75930238e-04 
 1.02329299e+06 -7.50752109e+01  1.76294780e-04 
 1.03514217e+06 -7.50566635e+01  1.76671634e-04 
 1.04712855e+06 -7.50375461e+01  1.77060911e-04 
 1.05925373e+06 -7.50178565e+01  1.77462737e-04 
 1.07151931e+06 -7.49975926e+01  1.77877234e-04 
 1.08392691e+06 -7.49767523e+01  1.78304534e-04 
 1.09647820e+06 -7.49553332e+01  1.78744768e-04 
 1.10917482e+06 -7.49333334e+01  1.79198070e-04 
 1.12201845e+06 -7.49107505e+01  1.79664583e-04 
 1.13501082e+06 -7.48875826e+01  1.80144443e-04 
 1.14815362e+06 -7.48638278e+01  1.80637789e-04 
 1.16144861e+06 -7.48394836e+01  1.81144779e-04 
 1.17489755e+06 -7.48145480e+01  1.81665559e-04 
 1.18850223e+06 -7.47890190e+01  1.82200284e-04 
 1.20226443e+06 -7.47628946e+01  1.82749109e-04 
 1.21618600e+06 -7.47361727e+01  1.83312198e-04 
 1.23026877e+06 -7.47088515e+01  1.83889709e-04 
 1.24451461e+06 -7.46809288e+01  1.84481815e-04 
 1.25892541e+06 -7.46524030e+01  1.85088676e-04 
 1.27350308e+06 -7.46232722e+01  1.85710470e-04 
 1.28824955e+06 -7.45935347e+01  1.86347368e-04 
 1.30316678e+06 -7.45631888e+01  1.86999550e-04 
 1.31825674e+06 -7.45322328e+01  1.87667194e-04 
 1.33352143e+06 -7.45006650e+01  1.88350488e-04 
 1.34896288e+06 -7.44684841e+01  1.89049614e-04 
 1.36458314e+06 -7.44356886e+01  1.89764761e-04 
 1.38038426e+06 -7.44022773e+01  1.90496121e-04 
 1.39636836e+06 -7.43682486e+01  1.91243890e-04 
 1.41253754e+06 -7.43336016e+01  1.92008264e-04 
 1.42889396e+06 -7.42983351e+01  1.92789441e-04 
 1.44543977e+06 -7.42624478e+01  1.93587634e-04 
 1.46217717e+06 -7.42259395e+01  1.94403029e-04 
 1.47910839e+06 -7.41888088e+01  1.95235846e-04 
 1.49623566e+06 -7.41510553e+01  1.96086293e-04 
 1.51356125e+06 -7.41126783e+01  1.96954581e-04 
 1.53108746e+06 -7.40736773e+01  1.97840927e-04 
 1.54881662e+06 -7.40340515e+01  1.98745555e-04 
 1.56675107e+06 -7.39938014e+01  1.99668672e-04 
 1.58489319e+06 -7.39529266e+01  2.00610506e-04 
 1.60324539e+06 -7.39114267e+01  2.01571285e-04 
 1.62181010e+06 -7.38693022e+01  2.02551232e-04 
 1.64058977e+06 -7.38265531e+01  2.03550581e-04 
 1.65958691e+06 -7.37831797e+01  2.04569561e-04 
 1.67880402e+06 -7.37391827e+01  2.05608406e-04 
 1.69824365e+06 -7.36945625e+01  2.06667353e-04 
 1.71790839e+06 -7.36493193e+01  2.07746652e-04 
 1.73780083e+06 -7.36034550e+01  2.08846523e-04 
 1.75792361e+06 -7.35569700e+01  2.09967222e-04 
 1.77827941e+06 -7.35098653e+01  2.11108992e-04 
 1.79887092e+06 -7.34621423e+01  2.12272084e-04 
 1.81970086e+06 -7.34138024e+01  2.13456743e-04 
 1.84077200e+06 -7.33648470e+01  2.14663225e-04 
 1.86208714e+06 -7.33152777e+01  2.15891784e-04 
 1.88364909e+06 -7.32650965e+01  2.17142671e-04 
 1.90546072e+06 -7.32143052e+01  2.18416147e-04 
 1.92752491e+06 -7.31629057e+01  2.19712474e-04 
 1.94984460e+06 -7.31109003e+01  2.21031914e-04 
 1.97242274e+06 -7.30582913e+01  2.22374730e-04 
 1.99526231e+06 -7.30050812e+01  2.23741189e-04 
 2.01836636e+06 -7.29512722e+01  2.25131565e-04 
 2.04173794e+06 -7.28968676e+01  2.26546117e-04 
 2.06538016e+06 -7.28418699e+01  2.27985121e-04 
 2.08929613e+06 -7.27862819e+01  2.29448860e-04 
 2.11348904e+06 -7.27301072e+01  2.30937597e-04 
 2.13796209e+06 -7.26733485e+01  2.32451620e-04 
 2.16271852e+06 -7.26160093e+01  2.33991207e-04 
 2.18776162e+06 -7.25580932e+01  2.35556635e-04 
 2.21309471e+06 -7.24996035e+01  2.37148196e-04 
 2.23872114e+06 -7.24405441e+01  2.38766172e-04 
 2.26464431e+06 -7.23809188e+01  2.40410848e-04 
 2.29086765e+06 -7.23207315e+01  2.42082517e-04 
 2.31739465e+06 -7.22599861e+01  2.43781471e-04 
 2.34422882e+06 -7.21986868e+01  2.45508006e-04 
 2.37137371e+06 -7.21368380e+01  2.47262411e-04 
 2.39883292e+06 -7.20744439e+01  2.49044988e-04 
 2.42661010e+06 -7.20115090e+01  2.50856032e-04 
 2.45470892e+06 -7.19480379e+01  2.52695848e-04 
 2.48313311e+06 -7.18840351e+01  2.54564738e-04 
 2.51188643e+06 -7.18195055e+01  2.56463005e-04 
 2.54097271e+06 -7.17544538e+01  2.58390957e-04 
 2.57039578e+06 -7.16888848e+01  2.60348909e-04 
 2.60015956e+06 -7.16228037e+01  2.62337160e-04 
 2.63026799e+06 -7.15562155e+01  2.64356032e-04 
 2.66072506e+06 -7.14891254e+01  2.66405832e-04 
 2.69153480e+06 -7.14215386e+01  2.68486882e-04 
 2.72270131e+06 -7.13534603e+01  2.70599497e-04 
 2.75422870e+06 -7.12848960e+01  2.72743997e-04 
 2.78612117e+06 -7.12158508e+01  2.74920711e-04 
 2.81838293e+06 -7.11463305e+01  2.77129956e-04 
 2.85101827e+06 -7.10763407e+01  2.79372056e-04 
 2.88403150e+06 -7.10058868e+01  2.81647343e-04 
 2.91742701e+06 -7.09349745e+01  2.83956148e-04 
 2.95120923e+06 -7.08636095e+01  2.86298799e-04 
 2.98538262e+06 -7.07917975e+01  2.88675633e-04 
 3.01995172e+06 -7.07195442e+01  2.91086986e-04 
 3.05492111e+06 -7.06468557e+01  2.93533190e-04 
 3.09029543e+06 -7.05737376e+01  2.96014591e-04 
 3.12607937e+06 -7.05001960e+01  2.98531525e-04 
 3.16227766e+06 -7.04262366e+01  3.01084343e-04 
 3.19889511e+06 -7.03518654e+01  3.03673386e-04 
 3.23593657e+06 -7.02770885e+01  3.06298997e-04 
 3.27340695e+06 -7.02019118e+01  3.08961531e-04 
 3.31131121e+06 -7.01263413e+01  3.11661342e-04 
 3.34965439e+06 -7.00503831e+01  3.14398774e-04 
 3.38844156e+06 -6.99740432e+01  3.17174189e-04 
 3.42767787e+06 -6.98973278e+01  3.19987941e-04 
 3.46736850e+06 -6.98202427e+01  3.22840391e-04 
 3.50751874e+06 -6.97427940e+01  3.25731904e-04 
 3.54813389e+06 -6.96649881e+01  3.28662834e-04 
 3.58921935e+06 -6.95868308e+01  3.31633551e-04 
 3.63078055e+06 -6.95083282e+01  3.34644423e-04 
 3.67282300e+06 -6.94294864e+01  3.37695816e-04 
 3.71535229e+06 -6.93503116e+01  3.40788098e-04 
 3.75837404e+06 -6.92708098e+01  3.43921644e-04 
 3.80189396e+06 -6.91909870e+01  3.47096832e-04 
 3.84591782e+06 -6.91108493e+01  3.50314032e-04 
 3.89045145e+06 -6.90304028e+01  3.53573625e-04 
 3.93550075e+06 -6.89496535e+01  3.56875986e-04 
 3.98107171e+06 -6.88686074e+01  3.60221502e-04 
 4.02717034e+06 -6.87872704e+01  3.63610553e-04 
 4.07380278e+06 -6.87056488e+01  3.67043521e-04 
 4.12097519e+06 -6.86237483e+01  3.70520794e-04 
 4.16869383e+06 -6.85415749e+01  3.74042760e-04 
 4.21696503e+06 -6.84591347e+01  3.77609809e-04 
 4.26579519e+06 -6.83764334e+01  3.81222328e-04 
 4.31519077e+06 -6.82934770e+01  3.84880714e-04 
 4.36515832e+06 -6.82102714e+01  3.88585358e-04 
 4.41570447e+06 -6.81268224e+01  3.92336651e-04 
 4.46683592e+06 -6.80431358e+01  3.96134997e-04 
 4.51855944e+06 -6.79592174e+01  3.99980786e-04 
 4.57088190e+06 -6.78750731e+01  4.03874418e-04 
 4.62381021e+06 -6.77907085e+01  4.07816293e-04 
 4.67735141e+06 -6.77061294e+01  4.11806814e-04 
 4.73151259e+06 -6.76213415e+01  4.15846378e-04 
 4.78630092e+06 -6.75363505e+01  4.19935389e-04 
 4.84172368e+06 -6.74511620e+01  4.24074248e-04 
 4.89778819e+06 -6.73657816e+01  4.28263361e-04 
 4.95450191e+06 -6.72802149e+01  4.32503130e-04 
 5.01187234e+06 -6.71944675e+01  4.36793960e-04 
 5.06990708e+06 -6.71085449e+01  4.41136257e-04 
 5.12861384e+06 -6.70224527e+01  4.45530423e-04 
 5.18800039e+06 -6.69361962e+01  4.49976869e-04 
 5.24807460e+06 -6.68497810e+01  4.54475995e-04 
 5.30884444e+06 -6.67632125e+01  4.59028206e-04 
 5.37031796e+06 -6.66764962e+01  4.63633907e-04 
 5.43250331e+06 -6.65896373e+01  4.68293507e-04 
 5.49540874e+06 -6.65026412e+01  4.73007404e-04 
 5.55904257e+06 -6.64155133e+01  4.77776005e-04 
 5.62341325e+06 -6.63282589e+01  4.82599710e-04 
 5.68852931e+06 -6.62408831e+01  4.87478925e-04 
 5.75439937e+06 -6.61533914e+01  4.92414043e-04 
 5.82103218e+06 -6.60657889e+01  4.97405467e-04 
 5.88843655e+06 -6.59780808e+01  5.02453598e-04 
 5.95662144e+06 -6.58902723e+01  5.07558826e-04 
 6.02559586e+06 -6.58023686e+01  5.12721548e-04 
 6.09536897e+06 -6.57143748e+01  5.17942156e-04 
 6.16595002e+06 -6.56262960e+01  5.23221041e-04 
 6.23734835e+06 -6.55381373e+01  5.28558588e-04 
 6.30957344e+06 -6.54499039e+01  5.33955183e-04 
 6.38263486e+06 -6.53616007e+01  5.39411207e-04 
 6.45654229e+06 -6.52732328e+01  5.44927042e-04 
 6.53130553e+06 -6.51848053e+01  5.50503057e-04 
 6.60693448e+06 -6.50963231e+01  5.56139632e-04 
 6.68343918e+06 -6.50077913e+01  5.61837130e-04 
 6.76082975e+06 -6.49192147e+01  5.67595918e-04 
 6.83911647e+06 -6.48305985e+01  5.73416353e-04 
 6.91830971e+06 -6.47419475e+01  5.79298793e-04 
 6.99841996e+06 -6.46532667e+01  5.85243587e-04 
 7.07945784e+06 -6.45645610e+01  5.91251081e-04 
 7.16143410e+06 -6.44758354e+01  5.97321615e-04 
 7.24435960e+06 -6.43870947e+01  6.03455523e-04 
 7.32824533e+06 -6.42983438e+01  6.09653134e-04 
 7.41310241e+06 -6.42095876e+01  6.15914770e-04 
 7.49894209e+06 -6.41208311e+01  6.22240745e-04 
 7.58577575e+06 -6.40320790e+01  6.28631369e-04 
 7.67361489e+06 -6.39433363e+01  6.35086944e-04 
 7.76247117e+06 -6.38546078e+01  6.41607760e-04 
 7.85235635e+06 -6.37658984e+01  6.48194108e-04 
 7.94328235e+06 -6.36772130e+01  6.54846261e-04 
 8.03526122e+06 -6.35885563e+01  6.61564492e-04 
 8.12830516e+06 -6.34999332e+01  6.68349058e-04 
 8.22242650e+06 -6.34113486e+01  6.75200210e-04 
 8.31763771e+06 -6.33228074e+01  6.82118190e-04 
 8.41395142e+06 -6.32343143e+01  6.89103229e-04 
 8.51138038e+06 -6.31458742e+01  6.96155547e-04 
 8.60993752e+06 -6.30574920e+01  7.03275354e-04 
 8.70963590e+06 -6.29691726e+01  7.10462847e-04 
 8.81048873e+06 -6.28809206e+01  7.17718216e-04 
 8.91250938e+06 -6.27927411e+01  7.25041632e-04 
 9.01571138e+06 -6.27046389e+01  7.32433258e-04 
 9.12010839e+06 -6.26166187e+01  7.39893246e-04 
 9.22571427e+06 -6.25286856e+01  7.47421730e-04 
 9.33254301e+06 -6.24408443e+01  7.55018834e-04 
 9.44060876e+06 -6.23530997e+01  7.62684665e-04 
 9.54992586e+06 -6.22654567e+01  7.70419319e-04 
 9.66050879e+06 -6.21779202e+01  7.78222875e-04 
 9.77237221e+06 -6.20904950e+01  7.86095396e-04 
 9.88553095e+06 -6.20031860e+01  7.94036929e-04 
 1.00000000e+07 -6.19159981e+01  8.02047509e-04 
 1.01157945e+07 -6.18289363e+01  8.10127148e-04 
 1.02329299e+07 -6.17420053e+01  8.18275849e-04 
 1.03514217e+07 -6.16552102e+01  8.26493586e-04 
 1.04712855e+07 -6.15685559e+01  8.34780329e-04 
 1.05925373e+07 -6.14820471e+01  8.43136020e-04 
 1.07151931e+07 -6.13956890e+01  8.51560583e-04 
 1.08392691e+07 -6.13094863e+01  8.60053929e-04 
 1.09647820e+07 -6.12234441e+01  8.68615941e-04 
 1.10917482e+07 -6.11375672e+01  8.77246492e-04 
 1.12201845e+07 -6.10518606e+01  8.85945424e-04 
 1.13501082e+07 -6.09663292e+01  8.94712568e-04 
 1.14815362e+07 -6.08809780e+01  9.03547727e-04 
 1.16144861e+07 -6.07958120e+01  9.12450684e-04 
 1.17489755e+07 -6.07108359e+01  9.21421205e-04 
 1.18850223e+07 -6.06260549e+01  9.30459028e-04 
 1.20226443e+07 -6.05414738e+01  9.39563869e-04 
 1.21618600e+07 -6.04570976e+01  9.48735427e-04 
 1.23026877e+07 -6.03729313e+01  9.57973369e-04 
 1.24451461e+07 -6.02889797e+01  9.67277347e-04 
 1.25892541e+07 -6.02052477e+01  9.76646984e-04 
 1.27350308e+07 -6.01217404e+01  9.86081879e-04 
 1.28824955e+07 -6.00384627e+01  9.95581609e-04 
 1.30316678e+07 -5.99554194e+01  1.00514573e-03 
 1.31825674e+07 -5.98726155e+01  1.01477376e-03 
 1.33352143e+07 -5.97900558e+01  1.02446520e-03 
 1.34896288e+07 -5.97077452e+01  1.03421954e-03 
 1.36458314e+07 -5.96256887e+01  1.04403622e-03 
 1.38038426e+07 -5.95438910e+01  1.05391467e-03 
 1.39636836e+07 -5.94623571e+01  1.06385428e-03 
 1.41253754e+07 -5.93810917e+01  1.07385444e-03 
 1.42889396e+07 -5.93000996e+01  1.08391449e-03 
 1.44543977e+07 -5.92193856e+01  1.09403374e-03 
 1.46217717e+07 -5.91389546e+01  1.10421151e-03 
 1.47910839e+07 -5.90588111e+01  1.11444706e-03 
 1.49623566e+07 -5.89789600e+01  1.12473963e-03 
 1.51356125e+07 -5.88994059e+01  1.13508845e-03 
 1.53108746e+07 -5.88201535e+01  1.14549269e-03 
 1.54881662e+07 -5.87412074e+01  1.15595154e-03 
 1.56675107e+07 -5.86625722e+01  1.16646413e-03 
 1.58489319e+07 -5.85842525e+01  1.17702958e-03 
 1.60324539e+07 -5.85062527e+01  1.18764697e-03 
 1.62181010e+07 -5.84285774e+01  1.19831537e-03 
 1.64058977e+07 -5.83512310e+01  1.20903382e-03 
 1.65958691e+07 -5.82742179e+01  1.21980134e-03 
 1.67880402e+07 -5.81975424e+01  1.23061692e-03 
 1.69824365e+07 -5.81212089e+01  1.24147951e-03 
 1.71790839e+07 -5.80452215e+01  1.25238807e-03 
 1.73780083e+07 -5.79695846e+01  1.26334151e-03 
 1.75792361e+07 -5.78943023e+01  1.27433873e-03 
 1.77827941e+07 -5.78193787e+01  1.28537860e-03 
 1.79887092e+07 -5.77448178e+01  1.29645997e-03 
 1.81970086e+07 -5.76706235e+01  1.30758167e-03 
 1.84077200e+07 -5.75967999e+01  1.31874250e-03 
 1.86208714e+07 -5.75233508e+01  1.32994126e-03 
 1.88364909e+07 -5.74502800e+01  1.34117670e-03 
 1.90546072e+07 -5.73775912e+01  1.35244758e-03 
 1.92752491e+07 -5.73052881e+01  1.36375261e-03 
 1.94984460e+07 -5.72333743e+01  1.37509051e-03 
 1.97242274e+07 -5.71618533e+01  1.38645997e-03 
 1.99526231e+07 -5.70907286e+01  1.39785966e-03 
 2.01836636e+07 -5.70200035e+01  1.40928823e-03 
 2.04173794e+07 -5.69496814e+01  1.42074432e-03 
 2.06538016e+07 -5.68797656e+01  1.43222656e-03 
 2.08929613e+07 -5.68102591e+01  1.44373355e-03 
 2.11348904e+07 -5.67411650e+01  1.45526388e-03 
 2.13796209e+07 -5.66724864e+01  1.46681614e-03 
 2.16271852e+07 -5.66042261e+01  1.47838890e-03 
 2.18776162e+07 -5.65363871e+01  1.48998070e-03 
 2.21309471e+07 -5.64689721e+01  1.50159010e-03 
 2.23872114e+07 -5.64019837e+01  1.51321562e-03 
 2.26464431e+07 -5.63354246e+01  1.52485578e-03 
 2.29086765e+07 -5.62692973e+01  1.53650909e-03 
 2.31739465e+07 -5.62036042e+01  1.54817407e-03 
 2.34422882e+07 -5.61383477e+01  1.55984919e-03 
 2.37137371e+07 -5.60735301e+01  1.57153296e-03 
 2.39883292e+07 -5.60091536e+01  1.58322384e-03 
 2.42661010e+07 -5.59452202e+01  1.59492032e-03 
 2.45470892e+07 -5.58817320e+01  1.60662085e-03 
 2.48313311e+07 -5.58186911e+01  1.61832389e-03 
 2.51188643e+07 -5.57560992e+01  1.63002791e-03 
 2.54097271e+07 -5.56939581e+01  1.64173136e-03 
 2.57039578e+07 -5.56322697e+01  1.65343268e-03 
 2.60015956e+07 -5.55710355e+01  1.66513031e-03 
 2.63026799e+07 -5.55102571e+01  1.67682271e-03 
 2.66072506e+07 -5.54499360e+01  1.68850829e-03 
 2.69153480e+07 -5.53900738e+01  1.70018551e-03 
 2.72270131e+07 -5.53306716e+01  1.71185280e-03 
 2.75422870e+07 -5.52717310e+01  1.72350858e-03 
 2.78612117e+07 -5.52132530e+01  1.73515129e-03 
 2.81838293e+07 -5.51552390e+01  1.74677936e-03 
 2.85101827e+07 -5.50976899e+01  1.75839121e-03 
 2.88403150e+07 -5.50406069e+01  1.76998528e-03 
 2.91742701e+07 -5.49839910e+01  1.78155998e-03 
 2.95120923e+07 -5.49278432e+01  1.79311376e-03 
 2.98538262e+07 -5.48721643e+01  1.80464502e-03 
 3.01995172e+07 -5.48169552e+01  1.81615219e-03 
 3.05492111e+07 -5.47622168e+01  1.82763371e-03 
 3.09029543e+07 -5.47079499e+01  1.83908798e-03 
 3.12607937e+07 -5.46541551e+01  1.85051344e-03 
 3.16227766e+07 -5.46008333e+01  1.86190850e-03 
 3.19889511e+07 -5.45479851e+01  1.87327158e-03 
 3.23593657e+07 -5.44956112e+01  1.88460111e-03 
 3.27340695e+07 -5.44437121e+01  1.89589549e-03 
 3.31131121e+07 -5.43922887e+01  1.90715314e-03 
 3.34965439e+07 -5.43413413e+01  1.91837247e-03 
 3.38844156e+07 -5.42908707e+01  1.92955189e-03 
 3.42767787e+07 -5.42408775e+01  1.94068981e-03 
 3.46736850e+07 -5.41913622e+01  1.95178462e-03 
 3.50751874e+07 -5.41423253e+01  1.96283473e-03 
 3.54813389e+07 -5.40937676e+01  1.97383852e-03 
 3.58921935e+07 -5.40456896e+01  1.98479438e-03 
 3.63078055e+07 -5.39980918e+01  1.99570070e-03 
 3.67282300e+07 -5.39509750e+01  2.00655585e-03 
 3.71535229e+07 -5.39043397e+01  2.01735819e-03 
 3.75837404e+07 -5.38581866e+01  2.02810610e-03 
 3.80189396e+07 -5.38125164e+01  2.03879791e-03 
 3.84591782e+07 -5.37673298e+01  2.04943198e-03 
 3.89045145e+07 -5.37226276e+01  2.06000663e-03 
 3.93550075e+07 -5.36784105e+01  2.07052020e-03 
 3.98107171e+07 -5.36346794e+01  2.08097100e-03 
 4.02717034e+07 -5.35914351e+01  2.09135733e-03 
 4.07380278e+07 -5.35486786e+01  2.10167748e-03 
 4.12097519e+07 -5.35064108e+01  2.11192972e-03 
 4.16869383e+07 -5.34646326e+01  2.12211233e-03 
 4.21696503e+07 -5.34233453e+01  2.13222355e-03 
 4.26579519e+07 -5.33825499e+01  2.14226161e-03 
 4.31519077e+07 -5.33422476e+01  2.15222475e-03 
 4.36515832e+07 -5.33024396e+01  2.16211116e-03 
 4.41570447e+07 -5.32631274e+01  2.17191903e-03 
 4.46683592e+07 -5.32243122e+01  2.18164653e-03 
 4.51855944e+07 -5.31859956e+01  2.19129183e-03 
 4.57088190e+07 -5.31481791e+01  2.20085304e-03 
 4.62381021e+07 -5.31108643e+01  2.21032830e-03 
 4.67735141e+07 -5.30740530e+01  2.21971569e-03 
 4.73151259e+07 -5.30377468e+01  2.22901330e-03 
 4.78630092e+07 -5.30019477e+01  2.23821919e-03 
 4.84172368e+07 -5.29666576e+01  2.24733140e-03 
 4.89778819e+07 -5.29318786e+01  2.25634794e-03 
 4.95450191e+07 -5.28976128e+01  2.26526680e-03 
 5.01187234e+07 -5.28638624e+01  2.27408598e-03 
 5.06990708e+07 -5.28306297e+01  2.28280342e-03 
 5.12861384e+07 -5.27979171e+01  2.29141706e-03 
 5.18800039e+07 -5.27657272e+01  2.29992481e-03 
 5.24807460e+07 -5.27340625e+01  2.30832456e-03 
 5.30884444e+07 -5.27029258e+01  2.31661419e-03 
 5.37031796e+07 -5.26723197e+01  2.32479153e-03 
 5.43250331e+07 -5.26422472e+01  2.33285443e-03 
 5.49540874e+07 -5.26127113e+01  2.34080068e-03 
 5.55904257e+07 -5.25837150e+01  2.34862807e-03 
 5.62341325e+07 -5.25552616e+01  2.35633438e-03 
 5.68852931e+07 -5.25273542e+01  2.36391735e-03 
 5.75439937e+07 -5.24999964e+01  2.37137470e-03 
 5.82103218e+07 -5.24731914e+01  2.37870415e-03 
 5.88843655e+07 -5.24469429e+01  2.38590339e-03 
 5.95662144e+07 -5.24212546e+01  2.39297010e-03 
 6.02559586e+07 -5.23961301e+01  2.39990193e-03 
 6.09536897e+07 -5.23715734e+01  2.40669653e-03 
 6.16595002e+07 -5.23475883e+01  2.41335153e-03 
 6.23734835e+07 -5.23241788e+01  2.41986456e-03 
 6.30957344e+07 -5.23013492e+01  2.42623320e-03 
 6.38263486e+07 -5.22791035e+01  2.43245507e-03 
 6.45654229e+07 -5.22574460e+01  2.43852775e-03 
 6.53130553e+07 -5.22363810e+01  2.44444882e-03 
 6.60693448e+07 -5.22159131e+01  2.45021585e-03 
 6.68343918e+07 -5.21960467e+01  2.45582641e-03 
 6.76082975e+07 -5.21767863e+01  2.46127808e-03 
 6.83911647e+07 -5.21581367e+01  2.46656841e-03 
 6.91830971e+07 -5.21401025e+01  2.47169499e-03 
 6.99841996e+07 -5.21226884e+01  2.47665538e-03 
 7.07945784e+07 -5.21058994e+01  2.48144716e-03 
 7.16143410e+07 -5.20897402e+01  2.48606792e-03 
 7.24435960e+07 -5.20742159e+01  2.49051525e-03 
 7.32824533e+07 -5.20593313e+01  2.49478678e-03 
 7.41310241e+07 -5.20450916e+01  2.49888012e-03 
 7.49894209e+07 -5.20315017e+01  2.50279292e-03 
 7.58577575e+07 -5.20185667e+01  2.50652284e-03 
 7.67361489e+07 -5.20062917e+01  2.51006758e-03 
 7.76247117e+07 -5.19946819e+01  2.51342485e-03 
 7.85235635e+07 -5.19837424e+01  2.51659239e-03 
 7.94328235e+07 -5.19734784e+01  2.51956798e-03 
 8.03526122e+07 -5.19638950e+01  2.52234944e-03 
 8.12830516e+07 -5.19549973e+01  2.52493460e-03 
 8.22242650e+07 -5.19467906e+01  2.52732138e-03 
 8.31763771e+07 -5.19392799e+01  2.52950769e-03 
 8.41395142e+07 -5.19324704e+01  2.53149153e-03 
 8.51138038e+07 -5.19263672e+01  2.53327093e-03 
 8.60993752e+07 -5.19209753e+01  2.53484398e-03 
 8.70963590e+07 -5.19162998e+01  2.53620883e-03 
 8.81048873e+07 -5.19123456e+01  2.53736368e-03 
 8.91250938e+07 -5.19091177e+01  2.53830680e-03 
 9.01571138e+07 -5.19066210e+01  2.53903654e-03 
 9.12010839e+07 -5.19048602e+01  2.53955131e-03 
 9.22571427e+07 -5.19038401e+01  2.53984958e-03 
 9.33254301e+07 -5.19035653e+01  2.53992992e-03 
 9.44060876e+07 -5.19040405e+01  2.53979096e-03 
 9.54992586e+07 -5.19052702e+01  2.53943143e-03 
 9.66050879e+07 -5.19072587e+01  2.53885014e-03 
 9.77237221e+07 -5.19100102e+01  2.53804599e-03 
 9.88553095e+07 -5.19135291e+01  2.53701797e-03 
 1.00000000e+08 -5.19178194e+01  2.53576515e-03 
 1.01157945e+08 -5.19228850e+01  2.53428673e-03 
 1.02329299e+08 -5.19287297e+01  2.53258198e-03 
 1.03514217e+08 -5.19353573e+01  2.53065030e-03 
 1.04712855e+08 -5.19427712e+01  2.52849116e-03 
 1.05925373e+08 -5.19509749e+01  2.52610417e-03 
 1.07151931e+08 -5.19599715e+01  2.52348904e-03 
 1.08392691e+08 -5.19697643e+01  2.52064558e-03 
 1.09647820e+08 -5.19803561e+01  2.51757372e-03 
 1.10917482e+08 -5.19917496e+01  2.51427351e-03 
 1.12201845e+08 -5.20039475e+01  2.51074512e-03 
 1.13501082e+08 -5.20169521e+01  2.50698881e-03 
 1.14815362e+08 -5.20307657e+01  2.50300500e-03 
 1.16144861e+08 -5.20453902e+01  2.49879420e-03 
 1.17489755e+08 -5.20608276e+01  2.49435704e-03 
 1.18850223e+08 -5.20770795e+01  2.48969430e-03 
 1.20226443e+08 -5.20941473e+01  2.48480686e-03 
 1.21618600e+08 -5.21120322e+01  2.47969571e-03 
 1.23026877e+08 -5.21307353e+01  2.47436200e-03 
 1.24451461e+08 -5.21502573e+01  2.46880696e-03 
 1.25892541e+08 -5.21705990e+01  2.46303198e-03 
 1.27350308e+08 -5.21917606e+01  2.45703855e-03 
 1.28824955e+08 -5.22137423e+01  2.45082828e-03 
 1.30316678e+08 -5.22365441e+01  2.44440291e-03 
 1.31825674e+08 -5.22601658e+01  2.43776430e-03 
 1.33352143e+08 -5.22846067e+01  2.43091440e-03 
 1.34896288e+08 -5.23098661e+01  2.42385533e-03 
 1.36458314e+08 -5.23359432e+01  2.41658926e-03 
 1.38038426e+08 -5.23628366e+01  2.40911854e-03 
 1.39636836e+08 -5.23905451e+01  2.40144557e-03 
 1.41253754e+08 -5.24190668e+01  2.39357290e-03 
 1.42889396e+08 -5.24484001e+01  2.38550317e-03 
 1.44543977e+08 -5.24785426e+01  2.37723912e-03 
 1.46217717e+08 -5.25094922e+01  2.36878361e-03 
 1.47910839e+08 -5.25412463e+01  2.36013958e-03 
 1.49623566e+08 -5.25738019e+01  2.35131007e-03 
 1.51356125e+08 -5.26071562e+01  2.34229822e-03 
 1.53108746e+08 -5.26413059e+01  2.33310726e-03 
 1.54881662e+08 -5.26762475e+01  2.32374049e-03 
 1.56675107e+08 -5.27119773e+01  2.31420131e-03 
 1.58489319e+08 -5.27484914e+01  2.30449319e-03 
 1.60324539e+08 -5.27857857e+01  2.29461969e-03 
 1.62181010e+08 -5.28238558e+01  2.28458442e-03 
 1.64058977e+08 -5.28626971e+01  2.27439108e-03 
 1.65958691e+08 -5.29023050e+01  2.26404341e-03 
 1.67880402e+08 -5.29426744e+01  2.25354524e-03 
 1.69824365e+08 -5.29838001e+01  2.24290043e-03 
 1.71790839e+08 -5.30256768e+01  2.23211292e-03 
 1.73780083e+08 -5.30682989e+01  2.22118666e-03 
 1.75792361e+08 -5.31116606e+01  2.21012569e-03 
 1.77827941e+08 -5.31557559e+01  2.19893405e-03 
 1.79887092e+08 -5.32005788e+01  2.18761585e-03 
 1.81970086e+08 -5.32461228e+01  2.17617521e-03 
 1.84077200e+08 -5.32923816e+01  2.16461628e-03 
 1.86208714e+08 -5.33393483e+01  2.15294325e-03 
 1.88364909e+08 -5.33870163e+01  2.14116032e-03 
 1.90546072e+08 -5.34353784e+01  2.12927170e-03 
 1.92752491e+08 -5.34844274e+01  2.11728163e-03 
 1.94984460e+08 -5.35341562e+01  2.10519433e-03 
 1.97242274e+08 -5.35845571e+01  2.09301405e-03 
 1.99526231e+08 -5.36356226e+01  2.08074505e-03 
 2.01836636e+08 -5.36873449e+01  2.06839155e-03 
 2.04173794e+08 -5.37397161e+01  2.05595779e-03 
 2.06538016e+08 -5.37927282e+01  2.04344800e-03 
 2.08929613e+08 -5.38463730e+01  2.03086638e-03 
 2.11348904e+08 -5.39006422e+01  2.01821714e-03 
 2.13796209e+08 -5.39555275e+01  2.00550444e-03 
 2.16271852e+08 -5.40110202e+01  1.99273244e-03 
 2.18776162e+08 -5.40671118e+01  1.97990526e-03 
 2.21309471e+08 -5.41237936e+01  1.96702699e-03 
 2.23872114e+08 -5.41810567e+01  1.95410171e-03 
 2.26464431e+08 -5.42388922e+01  1.94113344e-03 
 2.29086765e+08 -5.42972910e+01  1.92812617e-03 
 2.31739465e+08 -5.43562442e+01  1.91508384e-03 
 2.34422882e+08 -5.44157424e+01  1.90201037e-03 
 2.37137371e+08 -5.44757764e+01  1.88890963e-03 
 2.39883292e+08 -5.45363369e+01  1.87578542e-03 
 2.42661010e+08 -5.45974145e+01  1.86264151e-03 
 2.45470892e+08 -5.46589996e+01  1.84948162e-03 
 2.48313311e+08 -5.47210828e+01  1.83630941e-03 
 2.51188643e+08 -5.47836545e+01  1.82312849e-03 
 2.54097271e+08 -5.48467049e+01  1.80994240e-03 
 2.57039578e+08 -5.49102244e+01  1.79675465e-03 
 2.60015956e+08 -5.49742033e+01  1.78356866e-03 
 2.63026799e+08 -5.50386318e+01  1.77038782e-03 
 2.66072506e+08 -5.51034999e+01  1.75721542e-03 
 2.69153480e+08 -5.51687979e+01  1.74405471e-03 
 2.72270131e+08 -5.52345158e+01  1.73090889e-03 
 2.75422870e+08 -5.53006437e+01  1.71778108e-03 
 2.78612117e+08 -5.53671716e+01  1.70467432e-03 
 2.81838293e+08 -5.54340896e+01  1.69159160e-03 
 2.85101827e+08 -5.55013876e+01  1.67853585e-03 
 2.88403150e+08 -5.55690555e+01  1.66550992e-03 
 2.91742701e+08 -5.56370834e+01  1.65251660e-03 
 2.95120923e+08 -5.57054611e+01  1.63955860e-03 
 2.98538262e+08 -5.57741786e+01  1.62663858e-03 
 3.01995172e+08 -5.58432258e+01  1.61375912e-03 
 3.05492111e+08 -5.59125925e+01  1.60092274e-03 
 3.09029543e+08 -5.59822687e+01  1.58813188e-03 
 3.12607937e+08 -5.60522442e+01  1.57538893e-03 
 3.16227766e+08 -5.61225090e+01  1.56269618e-03 
 3.19889511e+08 -5.61930528e+01  1.55005589e-03 
 3.23593657e+08 -5.62638656e+01  1.53747024e-03 
 3.27340695e+08 -5.63349373e+01  1.52494132e-03 
 3.31131121e+08 -5.64062577e+01  1.51247120e-03 
 3.34965439e+08 -5.64778168e+01  1.50006183e-03 
 3.38844156e+08 -5.65496044e+01  1.48771514e-03 
 3.42767787e+08 -5.66216103e+01  1.47543297e-03 
 3.46736850e+08 -5.66938246e+01  1.46321710e-03 
 3.50751874e+08 -5.67662372e+01  1.45106926e-03 
 3.54813389e+08 -5.68388379e+01  1.43899110e-03 
 3.58921935e+08 -5.69116166e+01  1.42698421e-03 
 3.63078055e+08 -5.69845635e+01  1.41505013e-03 
 3.67282300e+08 -5.70576683e+01  1.40319034e-03 
 3.71535229e+08 -5.71309211e+01  1.39140624e-03 
 3.75837404e+08 -5.72043118e+01  1.37969919e-03 
 3.80189396e+08 -5.72778305e+01  1.36807049e-03 
 3.84591782e+08 -5.73514672e+01  1.35652138e-03 
 3.89045145e+08 -5.74252118e+01  1.34505304e-03 
 3.93550075e+08 -5.74990545e+01  1.33366661e-03 
 3.98107171e+08 -5.75729852e+01  1.32236315e-03 
 4.02717034e+08 -5.76469941e+01  1.31114370e-03 
 4.07380278e+08 -5.77210713e+01  1.30000922e-03 
 4.12097519e+08 -5.77952069e+01  1.28896064e-03 
 4.16869383e+08 -5.78693909e+01  1.27799882e-03 
 4.21696503e+08 -5.79436136e+01  1.26712459e-03 
 4.26579519e+08 -5.80178651e+01  1.25633872e-03 
 4.31519077e+08 -5.80921356e+01  1.24564193e-03 
 4.36515832e+08 -5.81664153e+01  1.23503491e-03 
 4.41570447e+08 -5.82406944e+01  1.22451830e-03 
 4.46683592e+08 -5.83149632e+01  1.21409268e-03 
 4.51855944e+08 -5.83892119e+01  1.20375861e-03 
 4.57088190e+08 -5.84634308e+01  1.19351659e-03 
 4.62381021e+08 -5.85376102e+01  1.18336710e-03 
 4.67735141e+08 -5.86117404e+01  1.17331056e-03 
 4.73151259e+08 -5.86858119e+01  1.16334736e-03 
 4.78630092e+08 -5.87598148e+01  1.15347785e-03 
 4.84172368e+08 -5.88337398e+01  1.14370234e-03 
 4.89778819e+08 -5.89075771e+01  1.13402112e-03 
 4.95450191e+08 -5.89813173e+01  1.12443443e-03 
 5.01187234e+08 -5.90549507e+01  1.11494249e-03 
 5.06990708e+08 -5.91284679e+01  1.10554546e-03 
 5.12861384e+08 -5.92018594e+01  1.09624349e-03 
 5.18800039e+08 -5.92751158e+01  1.08703671e-03 
 5.24807460e+08 -5.93482276e+01  1.07792519e-03 
 5.30884444e+08 -5.94211854e+01  1.06890899e-03 
 5.37031796e+08 -5.94939800e+01  1.05998813e-03 
 5.43250331e+08 -5.95666018e+01  1.05116262e-03 
 5.49540874e+08 -5.96390418e+01  1.04243242e-03 
 5.55904257e+08 -5.97112905e+01  1.03379750e-03 
 5.62341325e+08 -5.97833388e+01  1.02525775e-03 
 5.68852931e+08 -5.98551774e+01  1.01681309e-03 
 5.75439937e+08 -5.99267973e+01  1.00846339e-03 
 5.82103218e+08 -5.99981892e+01  1.00020850e-03 
 5.88843655e+08 -6.00693442e+01  9.92048239e-04 
 5.95662144e+08 -6.01402532e+01  9.83982425e-04 
 6.02559586e+08 -6.02109071e+01  9.76010843e-04 
 6.09536897e+08 -6.02812972e+01  9.68133259e-04 
 6.16595002e+08 -6.03514144e+01  9.60349421e-04 
 6.23734835e+08 -6.04212500e+01  9.52659058e-04 
 6.30957344e+08 -6.04907951e+01  9.45061881e-04 
 6.38263486e+08 -6.05600410e+01  9.37557583e-04 
 6.45654229e+08 -6.06289790e+01  9.30145843e-04 
 6.53130553e+08 -6.06976005e+01  9.22826320e-04 
 6.60693448e+08 -6.07658970e+01  9.15598661e-04 
 6.68343918e+08 -6.08338599e+01  9.08462495e-04 
 6.76082975e+08 -6.09014809e+01  9.01417439e-04 
 6.83911647e+08 -6.09687515e+01  8.94463095e-04 
 6.91830971e+08 -6.10356634e+01  8.87599052e-04 
 6.99841996e+08 -6.11022085e+01  8.80824884e-04 
 7.07945784e+08 -6.11683786e+01  8.74140157e-04 
 7.16143410e+08 -6.12341656e+01  8.67544422e-04 
 7.24435960e+08 -6.12995615e+01  8.61037218e-04 
 7.32824533e+08 -6.13645585e+01  8.54618075e-04 
 7.41310241e+08 -6.14291488e+01  8.48286512e-04 
 7.49894209e+08 -6.14933245e+01  8.42042038e-04 
 7.58577575e+08 -6.15570782e+01  8.35884152e-04 
 7.67361489e+08 -6.16204022e+01  8.29812342e-04 
 7.76247117e+08 -6.16832892e+01  8.23826091e-04 
 7.85235635e+08 -6.17457317e+01  8.17924870e-04 
 7.94328235e+08 -6.18077227e+01  8.12108145e-04 
 8.03526122e+08 -6.18692549e+01  8.06375370e-04 
 8.12830516e+08 -6.19303214e+01  8.00725996e-04 
 8.22242650e+08 -6.19909154e+01  7.95159464e-04 
 8.31763771e+08 -6.20510299e+01  7.89675210e-04 
 8.41395142e+08 -6.21106585e+01  7.84272663e-04 
 8.51138038e+08 -6.21697945e+01  7.78951245e-04 
 8.60993752e+08 -6.22284316e+01  7.73710374e-04 
 8.70963590e+08 -6.22865636e+01  7.68549461e-04 
 8.81048873e+08 -6.23441842e+01  7.63467912e-04 
 8.91250938e+08 -6.24012876e+01  7.58465128e-04 
 9.01571138e+08 -6.24578679e+01  7.53540506e-04 
 9.12010839e+08 -6.25139195e+01  7.48693439e-04 
 9.22571427e+08 -6.25694366e+01  7.43923315e-04 
 9.33254301e+08 -6.26244140e+01  7.39229517e-04 
 9.44060876e+08 -6.26788464e+01  7.34611426e-04 
 9.54992586e+08 -6.27327288e+01  7.30068419e-04 
 9.66050879e+08 -6.27860561e+01  7.25599871e-04 
 9.77237221e+08 -6.28388236e+01  7.21205151e-04 
 9.88553095e+08 -6.28910268e+01  7.16883628e-04 
 1.00000000e+09 -6.29426611e+01  7.12634667e-04 
