 1.00000000e+00 -1.67959537e+01  1.44611327e-01 
 1.01157945e+00 -1.67959553e+01  1.44611301e-01 
 1.02329299e+00 -1.67959570e+01  1.44611274e-01 
 1.03514217e+00 -1.67959587e+01  1.44611246e-01 
 1.04712855e+00 -1.67959604e+01  1.44611217e-01 
 1.05925373e+00 -1.67959621e+01  1.44611188e-01 
 1.07151931e+00 -1.67959639e+01  1.44611158e-01 
 1.08392691e+00 -1.67959658e+01  1.44611127e-01 
 1.09647820e+00 -1.67959676e+01  1.44611096e-01 
 1.10917482e+00 -1.67959696e+01  1.44611064e-01 
 1.12201845e+00 -1.67959715e+01  1.44611031e-01 
 1.13501082e+00 -1.67959736e+01  1.44610998e-01 
 1.14815362e+00 -1.67959756e+01  1.44610963e-01 
 1.16144861e+00 -1.67959777e+01  1.44610928e-01 
 1.17489755e+00 -1.67959799e+01  1.44610892e-01 
 1.18850223e+00 -1.67959821e+01  1.44610855e-01 
 1.20226443e+00 -1.67959844e+01  1.44610818e-01 
 1.21618600e+00 -1.67959867e+01  1.44610779e-01 
 1.23026877e+00 -1.67959890e+01  1.44610740e-01 
 1.24451461e+00 -1.67959915e+01  1.44610699e-01 
 1.25892541e+00 -1.67959939e+01  1.44610658e-01 
 1.27350308e+00 -1.67959965e+01  1.44610616e-01 
 1.28824955e+00 -1.67959991e+01  1.44610573e-01 
 1.30316678e+00 -1.67960017e+01  1.44610528e-01 
 1.31825674e+00 -1.67960045e+01  1.44610483e-01 
 1.33352143e+00 -1.67960072e+01  1.44610437e-01 
 1.34896288e+00 -1.67960101e+01  1.44610389e-01 
 1.36458314e+00 -1.67960130e+01  1.44610341e-01 
 1.38038426e+00 -1.67960160e+01  1.44610291e-01 
 1.39636836e+00 -1.67960190e+01  1.44610240e-01 
 1.41253754e+00 -1.67960222e+01  1.44610188e-01 
 1.42889396e+00 -1.67960254e+01  1.44610135e-01 
 1.44543977e+00 -1.67960286e+01  1.44610081e-01 
 1.46217717e+00 -1.67960320e+01  1.44610025e-01 
 1.47910839e+00 -1.67960354e+01  1.44609968e-01 
 1.49623566e+00 -1.67960389e+01  1.44609910e-01 
 1.51356125e+00 -1.67960425e+01  1.44609850e-01 
 1.53108746e+00 -1.67960461e+01  1.44609789e-01 
 1.54881662e+00 -1.67960499e+01  1.44609727e-01 
 1.56675107e+00 -1.67960537e+01  1.44609663e-01 
 1.58489319e+00 -1.67960577e+01  1.44609597e-01 
 1.60324539e+00 -1.67960617e+01  1.44609530e-01 
 1.62181010e+00 -1.67960658e+01  1.44609462e-01 
 1.64058977e+00 -1.67960700e+01  1.44609392e-01 
 1.65958691e+00 -1.67960743e+01  1.44609320e-01 
 1.67880402e+00 -1.67960787e+01  1.44609247e-01 
 1.69824365e+00 -1.67960832e+01  1.44609171e-01 
 1.71790839e+00 -1.67960879e+01  1.44609095e-01 
 1.73780083e+00 -1.67960926e+01  1.44609016e-01 
 1.75792361e+00 -1.67960974e+01  1.44608935e-01 
 1.77827941e+00 -1.67961024e+01  1.44608853e-01 
 1.79887092e+00 -1.67961074e+01  1.44608769e-01 
 1.81970086e+00 -1.67961126e+01  1.44608682e-01 
 1.84077200e+00 -1.67961179e+01  1.44608594e-01 
 1.86208714e+00 -1.67961233e+01  1.44608504e-01 
 1.88364909e+00 -1.67961289e+01  1.44608411e-01 
 1.90546072e+00 -1.67961346e+01  1.44608317e-01 
 1.92752491e+00 -1.67961404e+01  1.44608220e-01 
 1.94984460e+00 -1.67961463e+01  1.44608121e-01 
 1.97242274e+00 -1.67961524e+01  1.44608020e-01 
 1.99526231e+00 -1.67961587e+01  1.44607916e-01 
 2.01836636e+00 -1.67961650e+01  1.44607810e-01 
 2.04173794e+00 -1.67961715e+01  1.44607701e-01 
 2.06538016e+00 -1.67961782e+01  1.44607590e-01 
 2.08929613e+00 -1.67961851e+01  1.44607476e-01 
 2.11348904e+00 -1.67961920e+01  1.44607360e-01 
 2.13796209e+00 -1.67961992e+01  1.44607241e-01 
 2.16271852e+00 -1.67962065e+01  1.44607119e-01 
 2.18776162e+00 -1.67962140e+01  1.44606995e-01 
 2.21309471e+00 -1.67962217e+01  1.44606867e-01 
 2.23872114e+00 -1.67962295e+01  1.44606736e-01 
 2.26464431e+00 -1.67962375e+01  1.44606603e-01 
 2.29086765e+00 -1.67962457e+01  1.44606466e-01 
 2.31739465e+00 -1.67962541e+01  1.44606326e-01 
 2.34422882e+00 -1.67962627e+01  1.44606183e-01 
 2.37137371e+00 -1.67962715e+01  1.44606037e-01 
 2.39883292e+00 -1.67962805e+01  1.44605887e-01 
 2.42661010e+00 -1.67962898e+01  1.44605733e-01 
 2.45470892e+00 -1.67962992e+01  1.44605576e-01 
 2.48313311e+00 -1.67963088e+01  1.44605416e-01 
 2.51188643e+00 -1.67963187e+01  1.44605251e-01 
 2.54097271e+00 -1.67963288e+01  1.44605083e-01 
 2.57039578e+00 -1.67963391e+01  1.44604911e-01 
 2.60015956e+00 -1.67963497e+01  1.44604735e-01 
 2.63026799e+00 -1.67963605e+01  1.44604555e-01 
 2.66072506e+00 -1.67963716e+01  1.44604371e-01 
 2.69153480e+00 -1.67963829e+01  1.44604182e-01 
 2.72270131e+00 -1.67963945e+01  1.44603989e-01 
 2.75422870e+00 -1.67964064e+01  1.44603791e-01 
 2.78612117e+00 -1.67964186e+01  1.44603589e-01 
 2.81838293e+00 -1.67964310e+01  1.44603382e-01 
 2.85101827e+00 -1.67964437e+01  1.44603170e-01 
 2.88403150e+00 -1.67964567e+01  1.44602954e-01 
 2.91742701e+00 -1.67964700e+01  1.44602732e-01 
 2.95120923e+00 -1.67964837e+01  1.44602505e-01 
 2.98538262e+00 -1.67964976e+01  1.44602273e-01 
 3.01995172e+00 -1.67965119e+01  1.44602036e-01 
 3.05492111e+00 -1.67965265e+01  1.44601793e-01 
 3.09029543e+00 -1.67965414e+01  1.44601544e-01 
 3.12607937e+00 -1.67965567e+01  1.44601289e-01 
 3.16227766e+00 -1.67965723e+01  1.44601029e-01 
 3.19889511e+00 -1.67965883e+01  1.44600762e-01 
 3.23593657e+00 -1.67966047e+01  1.44600490e-01 
 3.27340695e+00 -1.67966215e+01  1.44600211e-01 
 3.31131121e+00 -1.67966386e+01  1.44599925e-01 
 3.34965439e+00 -1.67966562e+01  1.44599633e-01 
 3.38844156e+00 -1.67966742e+01  1.44599334e-01 
 3.42767787e+00 -1.67966925e+01  1.44599028e-01 
 3.46736850e+00 -1.67967113e+01  1.44598715e-01 
 3.50751874e+00 -1.67967306e+01  1.44598394e-01 
 3.54813389e+00 -1.67967503e+01  1.44598066e-01 
 3.58921935e+00 -1.67967704e+01  1.44597731e-01 
 3.63078055e+00 -1.67967911e+01  1.44597388e-01 
 3.67282300e+00 -1.67968122e+01  1.44597036e-01 
 3.71535229e+00 -1.67968338e+01  1.44596677e-01 
 3.75837404e+00 -1.67968559e+01  1.44596309e-01 
 3.80189396e+00 -1.67968785e+01  1.44595933e-01 
 3.84591782e+00 -1.67969016e+01  1.44595547e-01 
 3.89045145e+00 -1.67969253e+01  1.44595153e-01 
 3.93550075e+00 -1.67969495e+01  1.44594750e-01 
 3.98107171e+00 -1.67969743e+01  1.44594337e-01 
 4.02717034e+00 -1.67969997e+01  1.44593915e-01 
 4.07380278e+00 -1.67970256e+01  1.44593483e-01 
 4.12097519e+00 -1.67970522e+01  1.44593040e-01 
 4.16869383e+00 -1.67970794e+01  1.44592588e-01 
 4.21696503e+00 -1.67971072e+01  1.44592125e-01 
 4.26579519e+00 -1.67971357e+01  1.44591651e-01 
 4.31519077e+00 -1.67971648e+01  1.44591166e-01 
 4.36515832e+00 -1.67971946e+01  1.44590670e-01 
 4.41570447e+00 -1.67972251e+01  1.44590162e-01 
 4.46683592e+00 -1.67972563e+01  1.44589643e-01 
 4.51855944e+00 -1.67972882e+01  1.44589111e-01 
 4.57088190e+00 -1.67973209e+01  1.44588567e-01 
 4.62381021e+00 -1.67973544e+01  1.44588010e-01 
 4.67735141e+00 -1.67973886e+01  1.44587441e-01 
 4.73151259e+00 -1.67974236e+01  1.44586858e-01 
 4.78630092e+00 -1.67974594e+01  1.44586261e-01 
 4.84172368e+00 -1.67974961e+01  1.44585651e-01 
 4.89778819e+00 -1.67975336e+01  1.44585027e-01 
 4.95450191e+00 -1.67975720e+01  1.44584387e-01 
 5.01187234e+00 -1.67976113e+01  1.44583733e-01 
 5.06990708e+00 -1.67976515e+01  1.44583064e-01 
 5.12861384e+00 -1.67976926e+01  1.44582379e-01 
 5.18800039e+00 -1.67977347e+01  1.44581679e-01 
 5.24807460e+00 -1.67977778e+01  1.44580962e-01 
 5.30884444e+00 -1.67978219e+01  1.44580228e-01 
 5.37031796e+00 -1.67978670e+01  1.44579477e-01 
 5.43250331e+00 -1.67979132e+01  1.44578709e-01 
 5.49540874e+00 -1.67979604e+01  1.44577923e-01 
 5.55904257e+00 -1.67980087e+01  1.44577118e-01 
 5.62341325e+00 -1.67980582e+01  1.44576295e-01 
 5.68852931e+00 -1.67981088e+01  1.44575453e-01 
 5.75439937e+00 -1.67981606e+01  1.44574591e-01 
 5.82103218e+00 -1.67982136e+01  1.44573709e-01 
 5.88843655e+00 -1.67982678e+01  1.44572806e-01 
 5.95662144e+00 -1.67983233e+01  1.44571883e-01 
 6.02559586e+00 -1.67983800e+01  1.44570938e-01 
 6.09536897e+00 -1.67984381e+01  1.44569971e-01 
 6.16595002e+00 -1.67984976e+01  1.44568981e-01 
 6.23734835e+00 -1.67985584e+01  1.44567969e-01 
 6.30957344e+00 -1.67986207e+01  1.44566932e-01 
 6.38263486e+00 -1.67986844e+01  1.44565872e-01 
 6.45654229e+00 -1.67987496e+01  1.44564787e-01 
 6.53130553e+00 -1.67988163e+01  1.44563677e-01 
 6.60693448e+00 -1.67988845e+01  1.44562541e-01 
 6.68343918e+00 -1.67989544e+01  1.44561379e-01 
 6.76082975e+00 -1.67990258e+01  1.44560189e-01 
 6.83911647e+00 -1.67990990e+01  1.44558972e-01 
 6.91830971e+00 -1.67991738e+01  1.44557727e-01 
 6.99841996e+00 -1.67992504e+01  1.44556452e-01 
 7.07945784e+00 -1.67993287e+01  1.44555148e-01 
 7.16143410e+00 -1.67994089e+01  1.44553814e-01 
 7.24435960e+00 -1.67994910e+01  1.44552448e-01 
 7.32824533e+00 -1.67995749e+01  1.44551051e-01 
 7.41310241e+00 -1.67996608e+01  1.44549621e-01 
 7.49894209e+00 -1.67997487e+01  1.44548158e-01 
 7.58577575e+00 -1.67998387e+01  1.44546661e-01 
 7.67361489e+00 -1.67999308e+01  1.44545129e-01 
 7.76247117e+00 -1.68000249e+01  1.44543562e-01 
 7.85235635e+00 -1.68001213e+01  1.44541958e-01 
 7.94328235e+00 -1.68002200e+01  1.44540317e-01 
 8.03526122e+00 -1.68003209e+01  1.44538637e-01 
 8.12830516e+00 -1.68004242e+01  1.44536919e-01 
 8.22242650e+00 -1.68005298e+01  1.44535160e-01 
 8.31763771e+00 -1.68006380e+01  1.44533361e-01 
 8.41395142e+00 -1.68007486e+01  1.44531520e-01 
 8.51138038e+00 -1.68008618e+01  1.44529636e-01 
 8.60993752e+00 -1.68009777e+01  1.44527708e-01 
 8.70963590e+00 -1.68010962e+01  1.44525735e-01 
 8.81048873e+00 -1.68012175e+01  1.44523717e-01 
 8.91250938e+00 -1.68013417e+01  1.44521652e-01 
 9.01571138e+00 -1.68014687e+01  1.44519538e-01 
 9.12010839e+00 -1.68015987e+01  1.44517376e-01 
 9.22571427e+00 -1.68017317e+01  1.44515163e-01 
 9.33254301e+00 -1.68018678e+01  1.44512898e-01 
 9.44060876e+00 -1.68020070e+01  1.44510582e-01 
 9.54992586e+00 -1.68021495e+01  1.44508211e-01 
 9.66050879e+00 -1.68022953e+01  1.44505785e-01 
 9.77237221e+00 -1.68024445e+01  1.44503303e-01 
 9.88553095e+00 -1.68025972e+01  1.44500763e-01 
 1.00000000e+01 -1.68027534e+01  1.44498164e-01 
 1.01157945e+01 -1.68029133e+01  1.44495504e-01 
 1.02329299e+01 -1.68030769e+01  1.44492783e-01 
 1.03514217e+01 -1.68032442e+01  1.44489999e-01 
 1.04712855e+01 -1.68034155e+01  1.44487150e-01 
 1.05925373e+01 -1.68035908e+01  1.44484235e-01 
 1.07151931e+01 -1.68037701e+01  1.44481252e-01 
 1.08392691e+01 -1.68039536e+01  1.44478199e-01 
 1.09647820e+01 -1.68041414e+01  1.44475076e-01 
 1.10917482e+01 -1.68043335e+01  1.44471881e-01 
 1.12201845e+01 -1.68045301e+01  1.44468611e-01 
 1.13501082e+01 -1.68047312e+01  1.44465265e-01 
 1.14815362e+01 -1.68049371e+01  1.44461841e-01 
 1.16144861e+01 -1.68051477e+01  1.44458338e-01 
 1.17489755e+01 -1.68053632e+01  1.44454754e-01 
 1.18850223e+01 -1.68055838e+01  1.44451086e-01 
 1.20226443e+01 -1.68058094e+01  1.44447334e-01 
 1.21618600e+01 -1.68060403e+01  1.44443494e-01 
 1.23026877e+01 -1.68062766e+01  1.44439565e-01 
 1.24451461e+01 -1.68065183e+01  1.44435545e-01 
 1.25892541e+01 -1.68067657e+01  1.44431431e-01 
 1.27350308e+01 -1.68070188e+01  1.44427222e-01 
 1.28824955e+01 -1.68072778e+01  1.44422916e-01 
 1.30316678e+01 -1.68075428e+01  1.44418509e-01 
 1.31825674e+01 -1.68078140e+01  1.44414001e-01 
 1.33352143e+01 -1.68080915e+01  1.44409387e-01 
 1.34896288e+01 -1.68083754e+01  1.44404667e-01 
 1.36458314e+01 -1.68086659e+01  1.44399837e-01 
 1.38038426e+01 -1.68089632e+01  1.44394896e-01 
 1.39636836e+01 -1.68092673e+01  1.44389839e-01 
 1.41253754e+01 -1.68095786e+01  1.44384666e-01 
 1.42889396e+01 -1.68098970e+01  1.44379372e-01 
 1.44543977e+01 -1.68102228e+01  1.44373956e-01 
 1.46217717e+01 -1.68105563e+01  1.44368415e-01 
 1.47910839e+01 -1.68108974e+01  1.44362744e-01 
 1.49623566e+01 -1.68112465e+01  1.44356943e-01 
 1.51356125e+01 -1.68116036e+01  1.44351007e-01 
 1.53108746e+01 -1.68119691e+01  1.44344934e-01 
 1.54881662e+01 -1.68123430e+01  1.44338720e-01 
 1.56675107e+01 -1.68127256e+01  1.44332362e-01 
 1.58489319e+01 -1.68131171e+01  1.44325856e-01 
 1.60324539e+01 -1.68135177e+01  1.44319201e-01 
 1.62181010e+01 -1.68139276e+01  1.44312391e-01 
 1.64058977e+01 -1.68143470e+01  1.44305423e-01 
 1.65958691e+01 -1.68147761e+01  1.44298294e-01 
 1.67880402e+01 -1.68152151e+01  1.44291001e-01 
 1.69824365e+01 -1.68156643e+01  1.44283538e-01 
 1.71790839e+01 -1.68161240e+01  1.44275903e-01 
 1.73780083e+01 -1.68165943e+01  1.44268091e-01 
 1.75792361e+01 -1.68170755e+01  1.44260099e-01 
 1.77827941e+01 -1.68175679e+01  1.44251922e-01 
 1.79887092e+01 -1.68180716e+01  1.44243555e-01 
 1.81970086e+01 -1.68185871e+01  1.44234996e-01 
 1.84077200e+01 -1.68191145e+01  1.44226239e-01 
 1.86208714e+01 -1.68196541e+01  1.44217279e-01 
 1.88364909e+01 -1.68202062e+01  1.44208112e-01 
 1.90546072e+01 -1.68207711e+01  1.44198734e-01 
 1.92752491e+01 -1.68213490e+01  1.44189139e-01 
 1.94984460e+01 -1.68219404e+01  1.44179323e-01 
 1.97242274e+01 -1.68225454e+01  1.44169280e-01 
 1.99526231e+01 -1.68231645e+01  1.44159005e-01 
 2.01836636e+01 -1.68237979e+01  1.44148493e-01 
 2.04173794e+01 -1.68244459e+01  1.44137739e-01 
 2.06538016e+01 -1.68251090e+01  1.44126736e-01 
 2.08929613e+01 -1.68257873e+01  1.44115480e-01 
 2.11348904e+01 -1.68264814e+01  1.44103965e-01 
 2.13796209e+01 -1.68271915e+01  1.44092184e-01 
 2.16271852e+01 -1.68279181e+01  1.44080132e-01 
 2.18776162e+01 -1.68286614e+01  1.44067802e-01 
 2.21309471e+01 -1.68294219e+01  1.44055188e-01 
 2.23872114e+01 -1.68302000e+01  1.44042284e-01 
 2.26464431e+01 -1.68309961e+01  1.44029083e-01 
 2.29086765e+01 -1.68318106e+01  1.44015578e-01 
 2.31739465e+01 -1.68326438e+01  1.44001763e-01 
 2.34422882e+01 -1.68334964e+01  1.43987630e-01 
 2.37137371e+01 -1.68343686e+01  1.43973171e-01 
 2.39883292e+01 -1.68352609e+01  1.43958381e-01 
 2.42661010e+01 -1.68361739e+01  1.43943251e-01 
 2.45470892e+01 -1.68371079e+01  1.43927773e-01 
 2.48313311e+01 -1.68380634e+01  1.43911940e-01 
 2.51188643e+01 -1.68390410e+01  1.43895744e-01 
 2.54097271e+01 -1.68400412e+01  1.43879176e-01 
 2.57039578e+01 -1.68410644e+01  1.43862228e-01 
 2.60015956e+01 -1.68421111e+01  1.43844892e-01 
 2.63026799e+01 -1.68431820e+01  1.43827158e-01 
 2.66072506e+01 -1.68442776e+01  1.43809018e-01 
 2.69153480e+01 -1.68453984e+01  1.43790462e-01 
 2.72270131e+01 -1.68465450e+01  1.43771482e-01 
 2.75422870e+01 -1.68477180e+01  1.43752067e-01 
 2.78612117e+01 -1.68489180e+01  1.43732208e-01 
 2.81838293e+01 -1.68501457e+01  1.43711895e-01 
 2.85101827e+01 -1.68514015e+01  1.43691118e-01 
 2.88403150e+01 -1.68526862e+01  1.43669867e-01 
 2.91742701e+01 -1.68540005e+01  1.43648130e-01 
 2.95120923e+01 -1.68553449e+01  1.43625897e-01 
 2.98538262e+01 -1.68567203e+01  1.43603156e-01 
 3.01995172e+01 -1.68581272e+01  1.43579897e-01 
 3.05492111e+01 -1.68595664e+01  1.43556109e-01 
 3.09029543e+01 -1.68610387e+01  1.43531778e-01 
 3.12607937e+01 -1.68625447e+01  1.43506893e-01 
 3.16227766e+01 -1.68640853e+01  1.43481442e-01 
 3.19889511e+01 -1.68656612e+01  1.43455413e-01 
 3.23593657e+01 -1.68672732e+01  1.43428791e-01 
 3.27340695e+01 -1.68689222e+01  1.43401565e-01 
 3.31131121e+01 -1.68706089e+01  1.43373721e-01 
 3.34965439e+01 -1.68723342e+01  1.43345245e-01 
 3.38844156e+01 -1.68740990e+01  1.43316123e-01 
 3.42767787e+01 -1.68759041e+01  1.43286341e-01 
 3.46736850e+01 -1.68777506e+01  1.43255885e-01 
 3.50751874e+01 -1.68796392e+01  1.43224739e-01 
 3.54813389e+01 -1.68815710e+01  1.43192889e-01 
 3.58921935e+01 -1.68835468e+01  1.43160319e-01 
 3.63078055e+01 -1.68855678e+01  1.43127014e-01 
 3.67282300e+01 -1.68876349e+01  1.43092957e-01 
 3.71535229e+01 -1.68897491e+01  1.43058131e-01 
 3.75837404e+01 -1.68919114e+01  1.43022521e-01 
 3.80189396e+01 -1.68941231e+01  1.42986109e-01 
 3.84591782e+01 -1.68963850e+01  1.42948877e-01 
 3.89045145e+01 -1.68986985e+01  1.42910808e-01 
 3.93550075e+01 -1.69010646e+01  1.42871884e-01 
 3.98107171e+01 -1.69034844e+01  1.42832086e-01 
 4.02717034e+01 -1.69059592e+01  1.42791396e-01 
 4.07380278e+01 -1.69084902e+01  1.42749794e-01 
 4.12097519e+01 -1.69110786e+01  1.42707260e-01 
 4.16869383e+01 -1.69137258e+01  1.42663775e-01 
 4.21696503e+01 -1.69164329e+01  1.42619318e-01 
 4.26579519e+01 -1.69192013e+01  1.42573869e-01 
 4.31519077e+01 -1.69220324e+01  1.42527406e-01 
 4.36515832e+01 -1.69249275e+01  1.42479907e-01 
 4.41570447e+01 -1.69278881e+01  1.42431352e-01 
 4.46683592e+01 -1.69309155e+01  1.42381717e-01 
 4.51855944e+01 -1.69340113e+01  1.42330979e-01 
 4.57088190e+01 -1.69371769e+01  1.42279115e-01 
 4.62381021e+01 -1.69404138e+01  1.42226103e-01 
 4.67735141e+01 -1.69437237e+01  1.42171916e-01 
 4.73151259e+01 -1.69471080e+01  1.42116532e-01 
 4.78630092e+01 -1.69505684e+01  1.42059924e-01 
 4.84172368e+01 -1.69541066e+01  1.42002068e-01 
 4.89778819e+01 -1.69577242e+01  1.41942937e-01 
 4.95450191e+01 -1.69614230e+01  1.41882506e-01 
 5.01187234e+01 -1.69652047e+01  1.41820746e-01 
 5.06990708e+01 -1.69690710e+01  1.41757632e-01 
 5.12861384e+01 -1.69730239e+01  1.41693134e-01 
 5.18800039e+01 -1.69770651e+01  1.41627225e-01 
 5.24807460e+01 -1.69811965e+01  1.41559876e-01 
 5.30884444e+01 -1.69854201e+01  1.41491058e-01 
 5.37031796e+01 -1.69897378e+01  1.41420741e-01 
 5.43250331e+01 -1.69941517e+01  1.41348894e-01 
 5.49540874e+01 -1.69986638e+01  1.41275486e-01 
 5.55904257e+01 -1.70032761e+01  1.41200488e-01 
 5.62341325e+01 -1.70079907e+01  1.41123865e-01 
 5.68852931e+01 -1.70128099e+01  1.41045587e-01 
 5.75439937e+01 -1.70177359e+01  1.40965620e-01 
 5.82103218e+01 -1.70227707e+01  1.40883932e-01 
 5.88843655e+01 -1.70279169e+01  1.40800487e-01 
 5.95662144e+01 -1.70331766e+01  1.40715252e-01 
 6.02559586e+01 -1.70385522e+01  1.40628191e-01 
 6.09536897e+01 -1.70440461e+01  1.40539270e-01 
 6.16595002e+01 -1.70496608e+01  1.40448452e-01 
 6.23734835e+01 -1.70553989e+01  1.40355701e-01 
 6.30957344e+01 -1.70612627e+01  1.40260979e-01 
 6.38263486e+01 -1.70672549e+01  1.40164249e-01 
 6.45654229e+01 -1.70733782e+01  1.40065472e-01 
 6.53130553e+01 -1.70796352e+01  1.39964611e-01 
 6.60693448e+01 -1.70860285e+01  1.39861626e-01 
 6.68343918e+01 -1.70925611e+01  1.39756477e-01 
 6.76082975e+01 -1.70992357e+01  1.39649123e-01 
 6.83911647e+01 -1.71060552e+01  1.39539525e-01 
 6.91830971e+01 -1.71130224e+01  1.39427641e-01 
 6.99841996e+01 -1.71201404e+01  1.39313428e-01 
 7.07945784e+01 -1.71274121e+01  1.39196846e-01 
 7.16143410e+01 -1.71348406e+01  1.39077850e-01 
 7.24435960e+01 -1.71424290e+01  1.38956398e-01 
 7.32824533e+01 -1.71501805e+01  1.38832446e-01 
 7.41310241e+01 -1.71580982e+01  1.38705949e-01 
 7.49894209e+01 -1.71661855e+01  1.38576863e-01 
 7.58577575e+01 -1.71744455e+01  1.38445143e-01 
 7.67361489e+01 -1.71828818e+01  1.38310742e-01 
 7.76247117e+01 -1.71914976e+01  1.38173616e-01 
 7.85235635e+01 -1.72002964e+01  1.38033716e-01 
 7.94328235e+01 -1.72092817e+01  1.37890997e-01 
 8.03526122e+01 -1.72184572e+01  1.37745411e-01 
 8.12830516e+01 -1.72278263e+01  1.37596910e-01 
 8.22242650e+01 -1.72373929e+01  1.37445446e-01 
 8.31763771e+01 -1.72471604e+01  1.37290971e-01 
 8.41395142e+01 -1.72571329e+01  1.37133436e-01 
 8.51138038e+01 -1.72673139e+01  1.36972791e-01 
 8.60993752e+01 -1.72777074e+01  1.36808987e-01 
 8.70963590e+01 -1.72883174e+01  1.36641975e-01 
 8.81048873e+01 -1.72991477e+01  1.36471704e-01 
 8.91250938e+01 -1.73102024e+01  1.36298125e-01 
 9.01571138e+01 -1.73214855e+01  1.36121186e-01 
 9.12010839e+01 -1.73330012e+01  1.35940837e-01 
 9.22571427e+01 -1.73447536e+01  1.35757027e-01 
 9.33254301e+01 -1.73567469e+01  1.35569706e-01 
 9.44060876e+01 -1.73689854e+01  1.35378821e-01 
 9.54992586e+01 -1.73814734e+01  1.35184323e-01 
 9.66050879e+01 -1.73942152e+01  1.34986160e-01 
 9.77237221e+01 -1.74072151e+01  1.34784280e-01 
 9.88553095e+01 -1.74204778e+01  1.34578633e-01 
 1.00000000e+02 -1.74340075e+01  1.34369166e-01 
 1.01157945e+02 -1.74478089e+01  1.34155831e-01 
 1.02329299e+02 -1.74618866e+01  1.33938574e-01 
 1.03514217e+02 -1.74762450e+01  1.33717346e-01 
 1.04712855e+02 -1.74908890e+01  1.33492096e-01 
 1.05925373e+02 -1.75058231e+01  1.33262773e-01 
 1.07151931e+02 -1.75210520e+01  1.33029329e-01 
 1.08392691e+02 -1.75365806e+01  1.32791712e-01 
 1.09647820e+02 -1.75524137e+01  1.32549873e-01 
 1.10917482e+02 -1.75685560e+01  1.32303764e-01 
 1.12201845e+02 -1.75850124e+01  1.32053336e-01 
 1.13501082e+02 -1.76017879e+01  1.31798542e-01 
 1.14815362e+02 -1.76188873e+01  1.31539333e-01 
 1.16144861e+02 -1.76363155e+01  1.31275664e-01 
 1.17489755e+02 -1.76540776e+01  1.31007488e-01 
 1.18850223e+02 -1.76721786e+01  1.30734759e-01 
 1.20226443e+02 -1.76906234e+01  1.30457434e-01 
 1.21618600e+02 -1.77094171e+01  1.30175467e-01 
 1.23026877e+02 -1.77285647e+01  1.29888818e-01 
 1.24451461e+02 -1.77480713e+01  1.29597443e-01 
 1.25892541e+02 -1.77679421e+01  1.29301302e-01 
 1.27350308e+02 -1.77881819e+01  1.29000354e-01 
 1.28824955e+02 -1.78087961e+01  1.28694562e-01 
 1.30316678e+02 -1.78297896e+01  1.28383888e-01 
 1.31825674e+02 -1.78511675e+01  1.28068294e-01 
 1.33352143e+02 -1.78729350e+01  1.27747747e-01 
 1.34896288e+02 -1.78950972e+01  1.27422212e-01 
 1.36458314e+02 -1.79176591e+01  1.27091658e-01 
 1.38038426e+02 -1.79406259e+01  1.26756053e-01 
 1.39636836e+02 -1.79640025e+01  1.26415368e-01 
 1.41253754e+02 -1.79877942e+01  1.26069576e-01 
 1.42889396e+02 -1.80120058e+01  1.25718651e-01 
 1.44543977e+02 -1.80366424e+01  1.25362568e-01 
 1.46217717e+02 -1.80617091e+01  1.25001305e-01 
 1.47910839e+02 -1.80872107e+01  1.24634842e-01 
 1.49623566e+02 -1.81131522e+01  1.24263159e-01 
 1.51356125e+02 -1.81395385e+01  1.23886240e-01 
 1.53108746e+02 -1.81663745e+01  1.23504071e-01 
 1.54881662e+02 -1.81936651e+01  1.23116638e-01 
 1.56675107e+02 -1.82214149e+01  1.22723931e-01 
 1.58489319e+02 -1.82496286e+01  1.22325942e-01 
 1.60324539e+02 -1.82783111e+01  1.21922664e-01 
 1.62181010e+02 -1.83074669e+01  1.21514095e-01 
 1.64058977e+02 -1.83371005e+01  1.21100232e-01 
 1.65958691e+02 -1.83672165e+01  1.20681076e-01 
 1.67880402e+02 -1.83978194e+01  1.20256631e-01 
 1.69824365e+02 -1.84289134e+01  1.19826902e-01 
 1.71790839e+02 -1.84605029e+01  1.19391898e-01 
 1.73780083e+02 -1.84925920e+01  1.18951630e-01 
 1.75792361e+02 -1.85251850e+01  1.18506112e-01 
 1.77827941e+02 -1.85582859e+01  1.18055358e-01 
 1.79887092e+02 -1.85918987e+01  1.17599389e-01 
 1.81970086e+02 -1.86260271e+01  1.17138226e-01 
 1.84077200e+02 -1.86606751e+01  1.16671893e-01 
 1.86208714e+02 -1.86958463e+01  1.16200417e-01 
 1.88364909e+02 -1.87315443e+01  1.15723827e-01 
 1.90546072e+02 -1.87677725e+01  1.15242156e-01 
 1.92752491e+02 -1.88045343e+01  1.14755440e-01 
 1.94984460e+02 -1.88418331e+01  1.14263716e-01 
 1.97242274e+02 -1.88796719e+01  1.13767026e-01 
 1.99526231e+02 -1.89180538e+01  1.13265412e-01 
 2.01836636e+02 -1.89569817e+01  1.12758922e-01 
 2.04173794e+02 -1.89964584e+01  1.12247604e-01 
 2.06538016e+02 -1.90364865e+01  1.11731511e-01 
 2.08929613e+02 -1.90770686e+01  1.11210698e-01 
 2.11348904e+02 -1.91182072e+01  1.10685222e-01 
 2.13796209e+02 -1.91599043e+01  1.10155144e-01 
 2.16271852e+02 -1.92021624e+01  1.09620526e-01 
 2.18776162e+02 -1.92449832e+01  1.09081435e-01 
 2.21309471e+02 -1.92883687e+01  1.08537938e-01 
 2.23872114e+02 -1.93323206e+01  1.07990107e-01 
 2.26464431e+02 -1.93768405e+01  1.07438015e-01 
 2.29086765e+02 -1.94219298e+01  1.06881739e-01 
 2.31739465e+02 -1.94675898e+01  1.06321357e-01 
 2.34422882e+02 -1.95138216e+01  1.05756950e-01 
 2.37137371e+02 -1.95606263e+01  1.05188602e-01 
 2.39883292e+02 -1.96080047e+01  1.04616399e-01 
 2.42661010e+02 -1.96559574e+01  1.04040427e-01 
 2.45470892e+02 -1.97044851e+01  1.03460779e-01 
 2.48313311e+02 -1.97535881e+01  1.02877546e-01 
 2.51188643e+02 -1.98032666e+01  1.02290822e-01 
 2.54097271e+02 -1.98535208e+01  1.01700704e-01 
 2.57039578e+02 -1.99043505e+01  1.01107291e-01 
 2.60015956e+02 -1.99557556e+01  1.00510682e-01 
 2.63026799e+02 -2.00077356e+01  9.99109801e-02 
 2.66072506e+02 -2.00602901e+01  9.93082880e-02 
 2.69153480e+02 -2.01134183e+01  9.87027113e-02 
 2.72270131e+02 -2.01671195e+01  9.80943565e-02 
 2.75422870e+02 -2.02213927e+01  9.74833317e-02 
 2.78612117e+02 -2.02762367e+01  9.68697464e-02 
 2.81838293e+02 -2.03316503e+01  9.62537112e-02 
 2.85101827e+02 -2.03876321e+01  9.56353377e-02 
 2.88403150e+02 -2.04441804e+01  9.50147389e-02 
 2.91742701e+02 -2.05012936e+01  9.43920282e-02 
 2.95120923e+02 -2.05589699e+01  9.37673202e-02 
 2.98538262e+02 -2.06172072e+01  9.31407303e-02 
 3.01995172e+02 -2.06760035e+01  9.25123741e-02 
 3.05492111e+02 -2.07353564e+01  9.18823683e-02 
 3.09029543e+02 -2.07952636e+01  9.12508296e-02 
 3.12607937e+02 -2.08557225e+01  9.06178751e-02 
 3.16227766e+02 -2.09167306e+01  8.99836224e-02 
 3.19889511e+02 -2.09782849e+01  8.93481889e-02 
 3.23593657e+02 -2.10403827e+01  8.87116922e-02 
 3.27340695e+02 -2.11030209e+01  8.80742501e-02 
 3.31131121e+02 -2.11661964e+01  8.74359796e-02 
 3.34965439e+02 -2.12299059e+01  8.67969982e-02 
 3.38844156e+02 -2.12941460e+01  8.61574224e-02 
 3.42767787e+02 -2.13589134e+01  8.55173689e-02 
 3.46736850e+02 -2.14242044e+01  8.48769534e-02 
 3.50751874e+02 -2.14900153e+01  8.42362912e-02 
 3.54813389e+02 -2.15563423e+01  8.35954968e-02 
 3.58921935e+02 -2.16231817e+01  8.29546841e-02 
 3.63078055e+02 -2.16905295e+01  8.23139660e-02 
 3.67282300e+02 -2.17583815e+01  8.16734545e-02 
 3.71535229e+02 -2.18267337e+01  8.10332607e-02 
 3.75837404e+02 -2.18955819e+01  8.03934943e-02 
 3.80189396e+02 -2.19649217e+01  7.97542643e-02 
 3.84591782e+02 -2.20347489e+01  7.91156780e-02 
 3.89045145e+02 -2.21050590e+01  7.84778418e-02 
 3.93550075e+02 -2.21758474e+01  7.78408605e-02 
 3.98107171e+02 -2.22471097e+01  7.72048375e-02 
 4.02717034e+02 -2.23188413e+01  7.65698749e-02 
 4.07380278e+02 -2.23910373e+01  7.59360730e-02 
 4.12097519e+02 -2.24636932e+01  7.53035309e-02 
 4.16869383e+02 -2.25368041e+01  7.46723455e-02 
 4.21696503e+02 -2.26103653e+01  7.40426127e-02 
 4.26579519e+02 -2.26843718e+01  7.34144260e-02 
 4.31519077e+02 -2.27588189e+01  7.27878777e-02 
 4.36515832e+02 -2.28337014e+01  7.21630579e-02 
 4.41570447e+02 -2.29090146e+01  7.15400552e-02 
 4.46683592e+02 -2.29847533e+01  7.09189560e-02 
 4.51855944e+02 -2.30609127e+01  7.02998450e-02 
 4.57088190e+02 -2.31374875e+01  6.96828050e-02 
 4.62381021e+02 -2.32144729e+01  6.90679167e-02 
 4.67735141e+02 -2.32918636e+01  6.84552591e-02 
 4.73151259e+02 -2.33696547e+01  6.78449088e-02 
 4.78630092e+02 -2.34478411e+01  6.72369408e-02 
 4.84172368e+02 -2.35264176e+01  6.66314279e-02 
 4.89778819e+02 -2.36053791e+01  6.60284410e-02 
 4.95450191e+02 -2.36847206e+01  6.54280488e-02 
 5.01187234e+02 -2.37644370e+01  6.48303180e-02 
 5.06990708e+02 -2.38445230e+01  6.42353134e-02 
 5.12861384e+02 -2.39249738e+01  6.36430977e-02 
 5.18800039e+02 -2.40057841e+01  6.30537315e-02 
 5.24807460e+02 -2.40869490e+01  6.24672735e-02 
 5.30884444e+02 -2.41684633e+01  6.18837802e-02 
 5.37031796e+02 -2.42503221e+01  6.13033062e-02 
 5.43250331e+02 -2.43325202e+01  6.07259040e-02 
 5.49540874e+02 -2.44150528e+01  6.01516244e-02 
 5.55904257e+02 -2.44979148e+01  5.95805158e-02 
 5.62341325e+02 -2.45811014e+01  5.90126248e-02 
 5.68852931e+02 -2.46646075e+01  5.84479962e-02 
 5.75439937e+02 -2.47484282e+01  5.78866728e-02 
 5.82103218e+02 -2.48325588e+01  5.73286952e-02 
 5.88843655e+02 -2.49169944e+01  5.67741026e-02 
 5.95662144e+02 -2.50017302e+01  5.62229319e-02 
 6.02559586e+02 -2.50867614e+01  5.56752185e-02 
 6.09536897e+02 -2.51720833e+01  5.51309956e-02 
 6.16595002e+02 -2.52576912e+01  5.45902949e-02 
 6.23734835e+02 -2.53435804e+01  5.40531463e-02 
 6.30957344e+02 -2.54297464e+01  5.35195778e-02 
 6.38263486e+02 -2.55161846e+01  5.29896158e-02 
 6.45654229e+02 -2.56028904e+01  5.24632850e-02 
 6.53130553e+02 -2.56898593e+01  5.19406085e-02 
 6.60693448e+02 -2.57770870e+01  5.14216076e-02 
 6.68343918e+02 -2.58645690e+01  5.09063022e-02 
 6.76082975e+02 -2.59523009e+01  5.03947106e-02 
 6.83911647e+02 -2.60402785e+01  4.98868493e-02 
 6.91830971e+02 -2.61284975e+01  4.93827337e-02 
 6.99841996e+02 -2.62169536e+01  4.88823774e-02 
 7.07945784e+02 -2.63056428e+01  4.83857928e-02 
 7.16143410e+02 -2.63945609e+01  4.78929907e-02 
 7.24435960e+02 -2.64837038e+01  4.74039806e-02 
 7.32824533e+02 -2.65730675e+01  4.69187708e-02 
 7.41310241e+02 -2.66626481e+01  4.64373680e-02 
 7.49894209e+02 -2.67524416e+01  4.59597779e-02 
 7.58577575e+02 -2.68424441e+01  4.54860048e-02 
 7.67361489e+02 -2.69326520e+01  4.50160518e-02 
 7.76247117e+02 -2.70230613e+01  4.45499208e-02 
 7.85235635e+02 -2.71136683e+01  4.40876127e-02 
 7.94328235e+02 -2.72044695e+01  4.36291272e-02 
 8.03526122e+02 -2.72954612e+01  4.31744628e-02 
 8.12830516e+02 -2.73866397e+01  4.27236170e-02 
 8.22242650e+02 -2.74780017e+01  4.22765864e-02 
 8.31763771e+02 -2.75695437e+01  4.18333666e-02 
 8.41395142e+02 -2.76612621e+01  4.13939521e-02 
 8.51138038e+02 -2.77531538e+01  4.09583365e-02 
 8.60993752e+02 -2.78452153e+01  4.05265126e-02 
 8.70963590e+02 -2.79374435e+01  4.00984722e-02 
 8.81048873e+02 -2.80298350e+01  3.96742065e-02 
 8.91250938e+02 -2.81223868e+01  3.92537056e-02 
 9.01571138e+02 -2.82150957e+01  3.88369589e-02 
 9.12010839e+02 -2.83079587e+01  3.84239552e-02 
 9.22571427e+02 -2.84009727e+01  3.80146824e-02 
 9.33254301e+02 -2.84941348e+01  3.76091277e-02 
 9.44060876e+02 -2.85874421e+01  3.72072777e-02 
 9.54992586e+02 -2.86808917e+01  3.68091184e-02 
 9.66050879e+02 -2.87744808e+01  3.64146351e-02 
 9.77237221e+02 -2.88682066e+01  3.60238124e-02 
 9.88553095e+02 -2.89620663e+01  3.56366346e-02 
 1.00000000e+03 -2.90560574e+01  3.52530851e-02 
 1.01157945e+03 -2.91501772e+01  3.48731471e-02 
 1.02329299e+03 -2.92444230e+01  3.44968031e-02 
 1.03514217e+03 -2.93387924e+01  3.41240352e-02 
 1.04712855e+03 -2.94332828e+01  3.37548251e-02 
 1.05925373e+03 -2.95278918e+01  3.33891538e-02 
 1.07151931e+03 -2.96226169e+01  3.30270022e-02 
 1.08392691e+03 -2.97174558e+01  3.26683506e-02 
 1.09647820e+03 -2.98124063e+01  3.23131790e-02 
 1.10917482e+03 -2.99074659e+01  3.19614672e-02 
 1.12201845e+03 -3.00026324e+01  3.16131943e-02 
 1.13501082e+03 -3.00979037e+01  3.12683394e-02 
 1.14815362e+03 -3.01932775e+01  3.09268811e-02 
 1.16144861e+03 -3.02887518e+01  3.05887979e-02 
 1.17489755e+03 -3.03843245e+01  3.02540679e-02 
 1.18850223e+03 -3.04799934e+01  2.99226690e-02 
 1.20226443e+03 -3.05757567e+01  2.95945788e-02 
 1.21618600e+03 -3.06716124e+01  2.92697749e-02 
 1.23026877e+03 -3.07675584e+01  2.89482343e-02 
 1.24451461e+03 -3.08635930e+01  2.86299343e-02 
 1.25892541e+03 -3.09597142e+01  2.83148516e-02 
 1.27350308e+03 -3.10559203e+01  2.80029630e-02 
 1.28824955e+03 -3.11522094e+01  2.76942451e-02 
 1.30316678e+03 -3.12485798e+01  2.73886743e-02 
 1.31825674e+03 -3.13450297e+01  2.70862270e-02 
 1.33352143e+03 -3.14415576e+01  2.67868793e-02 
 1.34896288e+03 -3.15381616e+01  2.64906075e-02 
 1.36458314e+03 -3.16348403e+01  2.61973875e-02 
 1.38038426e+03 -3.17315920e+01  2.59071952e-02 
 1.39636836e+03 -3.18284152e+01  2.56200067e-02 
 1.41253754e+03 -3.19253083e+01  2.53357978e-02 
 1.42889396e+03 -3.20222698e+01  2.50545443e-02 
 1.44543977e+03 -3.21192984e+01  2.47762219e-02 
 1.46217717e+03 -3.22163924e+01  2.45008065e-02 
 1.47910839e+03 -3.23135505e+01  2.42282738e-02 
 1.49623566e+03 -3.24107714e+01  2.39585995e-02 
 1.51356125e+03 -3.25080537e+01  2.36917594e-02 
 1.53108746e+03 -3.26053961e+01  2.34277293e-02 
 1.54881662e+03 -3.27027972e+01  2.31664848e-02 
 1.56675107e+03 -3.28002558e+01  2.29080020e-02 
 1.58489319e+03 -3.28977706e+01  2.26522564e-02 
 1.60324539e+03 -3.29953405e+01  2.23992242e-02 
 1.62181010e+03 -3.30929641e+01  2.21488811e-02 
 1.64058977e+03 -3.31906405e+01  2.19012033e-02 
 1.65958691e+03 -3.32883683e+01  2.16561666e-02 
 1.67880402e+03 -3.33861466e+01  2.14137473e-02 
 1.69824365e+03 -3.34839741e+01  2.11739214e-02 
 1.71790839e+03 -3.35818498e+01  2.09366654e-02 
 1.73780083e+03 -3.36797726e+01  2.07019554e-02 
 1.75792361e+03 -3.37777416e+01  2.04697680e-02 
 1.77827941e+03 -3.38757556e+01  2.02400797e-02 
 1.79887092e+03 -3.39738138e+01  2.00128670e-02 
 1.81970086e+03 -3.40719151e+01  1.97881067e-02 
 1.84077200e+03 -3.41700586e+01  1.95657757e-02 
 1.86208714e+03 -3.42682434e+01  1.93458507e-02 
 1.88364909e+03 -3.43664685e+01  1.91283089e-02 
 1.90546072e+03 -3.44647330e+01  1.89131275e-02 
 1.92752491e+03 -3.45630361e+01  1.87002836e-02 
 1.94984460e+03 -3.46613770e+01  1.84897547e-02 
 1.97242274e+03 -3.47597548e+01  1.82815183e-02 
 1.99526231e+03 -3.48581686e+01  1.80755521e-02 
 2.01836636e+03 -3.49566177e+01  1.78718338e-02 
 2.04173794e+03 -3.50551012e+01  1.76703413e-02 
 2.06538016e+03 -3.51536185e+01  1.74710527e-02 
 2.08929613e+03 -3.52521688e+01  1.72739462e-02 
 2.11348904e+03 -3.53507512e+01  1.70790000e-02 
 2.13796209e+03 -3.54493652e+01  1.68861926e-02 
 2.16271852e+03 -3.55480098e+01  1.66955031e-02 
 2.18776162e+03 -3.56466847e+01  1.65069093e-02 
 2.21309471e+03 -3.57453890e+01  1.63203906e-02 
 2.23872114e+03 -3.58441222e+01  1.61359259e-02 
 2.26464431e+03 -3.59428834e+01  1.59534946e-02 
 2.29086765e+03 -3.60416722e+01  1.57730759e-02 
 2.31739465e+03 -3.61404878e+01  1.55946492e-02 
 2.34422882e+03 -3.62393297e+01  1.54181944e-02 
 2.37137371e+03 -3.63381973e+01  1.52436910e-02 
 2.39883292e+03 -3.64370899e+01  1.50711192e-02 
 2.42661010e+03 -3.65360071e+01  1.49004589e-02 
 2.45470892e+03 -3.66349483e+01  1.47316904e-02 
 2.48313311e+03 -3.67339129e+01  1.45647943e-02 
 2.51188643e+03 -3.68329004e+01  1.43997509e-02 
 2.54097271e+03 -3.69319103e+01  1.42365410e-02 
 2.57039578e+03 -3.70309421e+01  1.40751456e-02 
 2.60015956e+03 -3.71299952e+01  1.39155457e-02 
 2.63026799e+03 -3.72290692e+01  1.37577224e-02 
 2.66072506e+03 -3.73281636e+01  1.36016571e-02 
 2.69153480e+03 -3.74272779e+01  1.34473313e-02 
 2.72270131e+03 -3.75264117e+01  1.32947267e-02 
 2.75422870e+03 -3.76255646e+01  1.31438251e-02 
 2.78612117e+03 -3.77247360e+01  1.29946085e-02 
 2.81838293e+03 -3.78239256e+01  1.28470590e-02 
 2.85101827e+03 -3.79231330e+01  1.27011590e-02 
 2.88403150e+03 -3.80223576e+01  1.25568908e-02 
 2.91742701e+03 -3.81215992e+01  1.24142372e-02 
 2.95120923e+03 -3.82208574e+01  1.22731808e-02 
 2.98538262e+03 -3.83201317e+01  1.21337045e-02 
 3.01995172e+03 -3.84194218e+01  1.19957916e-02 
 3.05492111e+03 -3.85187272e+01  1.18594251e-02 
 3.09029543e+03 -3.86180478e+01  1.17245886e-02 
 3.12607937e+03 -3.87173830e+01  1.15912654e-02 
 3.16227766e+03 -3.88167326e+01  1.14594394e-02 
 3.19889511e+03 -3.89160961e+01  1.13290943e-02 
 3.23593657e+03 -3.90154734e+01  1.12002143e-02 
 3.27340695e+03 -3.91148640e+01  1.10727833e-02 
 3.31131121e+03 -3.92142676e+01  1.09467858e-02 
 3.34965439e+03 -3.93136840e+01  1.08222061e-02 
 3.38844156e+03 -3.94131128e+01  1.06990289e-02 
 3.42767787e+03 -3.95125537e+01  1.05772389e-02 
 3.46736850e+03 -3.96120064e+01  1.04568211e-02 
 3.50751874e+03 -3.97114707e+01  1.03377604e-02 
 3.54813389e+03 -3.98109463e+01  1.02200421e-02 
 3.58921935e+03 -3.99104328e+01  1.01036515e-02 
 3.63078055e+03 -4.00099301e+01  9.98857412e-03 
 3.67282300e+03 -4.01094378e+01  9.87479550e-03 
 3.71535229e+03 -4.02089557e+01  9.76230146e-03 
 3.75837404e+03 -4.03084836e+01  9.65107789e-03 
 3.80189396e+03 -4.04080212e+01  9.54111086e-03 
 3.84591782e+03 -4.05075682e+01  9.43238654e-03 
 3.89045145e+03 -4.06071245e+01  9.32489128e-03 
 3.93550075e+03 -4.07066897e+01  9.21861153e-03 
 3.98107171e+03 -4.08062637e+01  9.11353391e-03 
 4.02717034e+03 -4.09058463e+01  9.00964514e-03 
 4.07380278e+03 -4.10054372e+01  8.90693211e-03 
 4.12097519e+03 -4.11050361e+01  8.80538183e-03 
 4.16869383e+03 -4.12046430e+01  8.70498143e-03 
 4.21696503e+03 -4.13042576e+01  8.60571820e-03 
 4.26579519e+03 -4.14038796e+01  8.50757953e-03 
 4.31519077e+03 -4.15035090e+01  8.41055298e-03 
 4.36515832e+03 -4.16031454e+01  8.31462618e-03 
 4.41570447e+03 -4.17027888e+01  8.21978696e-03 
 4.46683592e+03 -4.18024388e+01  8.12602321e-03 
 4.51855944e+03 -4.19020954e+01  8.03332300e-03 
 4.57088190e+03 -4.20017584e+01  7.94167448e-03 
 4.62381021e+03 -4.21014275e+01  7.85106596e-03 
 4.67735141e+03 -4.22011026e+01  7.76148585e-03 
 4.73151259e+03 -4.23007835e+01  7.67292270e-03 
 4.78630092e+03 -4.24004702e+01  7.58536516e-03 
 4.84172368e+03 -4.25001620e+01  7.49880221e-03 
 4.89778819e+03 -4.25998595e+01  7.41322236e-03 
 4.95450191e+03 -4.26995621e+01  7.32861481e-03 
 5.01187234e+03 -4.27992697e+01  7.24496871e-03 
 5.06990708e+03 -4.28989822e+01  7.16227331e-03 
 5.12861384e+03 -4.29986994e+01  7.08051796e-03 
 5.18800039e+03 -4.30984212e+01  6.99969215e-03 
 5.24807460e+03 -4.31981474e+01  6.91978547e-03 
 5.30884444e+03 -4.32978779e+01  6.84078761e-03 
 5.37031796e+03 -4.33976125e+01  6.76268840e-03 
 5.43250331e+03 -4.34973511e+01  6.68547774e-03 
 5.49540874e+03 -4.35970935e+01  6.60914569e-03 
 5.55904257e+03 -4.36968397e+01  6.53368236e-03 
 5.62341325e+03 -4.37965894e+01  6.45907801e-03 
 5.68852931e+03 -4.38963426e+01  6.38532298e-03 
 5.75439937e+03 -4.39960991e+01  6.31240774e-03 
 5.82103218e+03 -4.40958588e+01  6.24032284e-03 
 5.88843655e+03 -4.41956216e+01  6.16905893e-03 
 5.95662144e+03 -4.42953873e+01  6.09860679e-03 
 6.02559586e+03 -4.43951559e+01  6.02895727e-03 
 6.09536897e+03 -4.44949271e+01  5.96010134e-03 
 6.16595002e+03 -4.45947009e+01  5.89203006e-03 
 6.23734835e+03 -4.46944772e+01  5.82473458e-03 
 6.30957344e+03 -4.47942558e+01  5.75820617e-03 
 6.38263486e+03 -4.48940366e+01  5.69243617e-03 
 6.45654229e+03 -4.49938195e+01  5.62741603e-03 
 6.53130553e+03 -4.50936042e+01  5.56313744e-03 
 6.60693448e+03 -4.51933910e+01  5.49959172e-03 
 6.68343918e+03 -4.52931796e+01  5.43677077e-03 
 6.76082975e+03 -4.53929698e+01  5.37466638e-03 
 6.83911647e+03 -4.54927615e+01  5.31327047e-03 
 6.91830971e+03 -4.55925547e+01  5.25257503e-03 
 6.99841996e+03 -4.56923492e+01  5.19257215e-03 
 7.07945784e+03 -4.57921449e+01  5.13325400e-03 
 7.16143410e+03 -4.58919417e+01  5.07461283e-03 
 7.24435960e+03 -4.59917395e+01  5.01664099e-03 
 7.32824533e+03 -4.60915383e+01  4.95933091e-03 
 7.41310241e+03 -4.61913377e+01  4.90267509e-03 
 7.49894209e+03 -4.62911379e+01  4.84666613e-03 
 7.58577575e+03 -4.63909387e+01  4.79129672e-03 
 7.67361489e+03 -4.64907399e+01  4.73655960e-03 
 7.76247117e+03 -4.65905414e+01  4.68244762e-03 
 7.85235635e+03 -4.66903430e+01  4.62895382e-03 
 7.94328235e+03 -4.67901450e+01  4.57607095e-03 
 8.03526122e+03 -4.68899471e+01  4.52379220e-03 
 8.12830516e+03 -4.69897490e+01  4.47211074e-03 
 8.22242650e+03 -4.70895508e+01  4.42101978e-03 
 8.31763771e+03 -4.71893524e+01  4.37051264e-03 
 8.41395142e+03 -4.72891536e+01  4.32058270e-03 
 8.51138038e+03 -4.73889543e+01  4.27122340e-03 
 8.60993752e+03 -4.74887544e+01  4.22242828e-03 
 8.70963590e+03 -4.75885538e+01  4.17419093e-03 
 8.81048873e+03 -4.76883524e+01  4.12650502e-03 
 8.91250938e+03 -4.77881499e+01  4.07936441e-03 
 9.01571138e+03 -4.78879467e+01  4.03276269e-03 
 9.12010839e+03 -4.79877423e+01  3.98669384e-03 
 9.22571427e+03 -4.80875367e+01  3.94115183e-03 
 9.33254301e+03 -4.81873298e+01  3.89613066e-03 
 9.44060876e+03 -4.82871214e+01  3.85162442e-03 
 9.54992586e+03 -4.83869115e+01  3.80762726e-03 
 9.66050879e+03 -4.84866999e+01  3.76413340e-03 
 9.77237221e+03 -4.85864865e+01  3.72113713e-03 
 9.88553095e+03 -4.86862713e+01  3.67863279e-03 
 1.00000000e+04 -4.87860538e+01  3.63661488e-03 
 1.01157945e+04 -4.88858344e+01  3.59507768e-03 
 1.02329299e+04 -4.89856128e+01  3.55401584e-03 
 1.03514217e+04 -4.90853889e+01  3.51342393e-03 
 1.04712855e+04 -4.91851625e+01  3.47329663e-03 
 1.05925373e+04 -4.92849335e+01  3.43362866e-03 
 1.07151931e+04 -4.93847018e+01  3.39441478e-03 
 1.08392691e+04 -4.94844671e+01  3.35564993e-03 
 1.09647820e+04 -4.95842296e+01  3.31732881e-03 
 1.10917482e+04 -4.96839890e+01  3.27944649e-03 
 1.12201845e+04 -4.97837453e+01  3.24199795e-03 
 1.13501082e+04 -4.98834982e+01  3.20497828e-03 
 1.14815362e+04 -4.99832476e+01  3.16838259e-03 
 1.16144861e+04 -5.00829935e+01  3.13220606e-03 
 1.17489755e+04 -5.01827354e+01  3.09644401e-03 
 1.18850223e+04 -5.02824736e+01  3.06109155e-03 
 1.20226443e+04 -5.03822079e+01  3.02614411e-03 
 1.21618600e+04 -5.04819380e+01  2.99159707e-03 
 1.23026877e+04 -5.05816638e+01  2.95744590e-03 
 1.24451461e+04 -5.06813850e+01  2.92368615e-03 
 1.25892541e+04 -5.07811018e+01  2.89031322e-03 
 1.27350308e+04 -5.08808139e+01  2.85732279e-03 
 1.28824955e+04 -5.09805211e+01  2.82471050e-03 
 1.30316678e+04 -5.10802233e+01  2.79247206e-03 
 1.31825674e+04 -5.11799200e+01  2.76060327e-03 
 1.33352143e+04 -5.12796117e+01  2.72909979e-03 
 1.34896288e+04 -5.13792978e+01  2.69795753e-03 
 1.36458314e+04 -5.14789783e+01  2.66717239e-03 
 1.38038426e+04 -5.15786529e+01  2.63674030e-03 
 1.39636836e+04 -5.16783212e+01  2.60665731e-03 
 1.41253754e+04 -5.17779836e+01  2.57691930e-03 
 1.42889396e+04 -5.18776397e+01  2.54752243e-03 
 1.44543977e+04 -5.19772891e+01  2.51846281e-03 
 1.46217717e+04 -5.20769317e+01  2.48973668e-03 
 1.47910839e+04 -5.21765675e+01  2.46134009e-03 
 1.49623566e+04 -5.22761962e+01  2.43326937e-03 
 1.51356125e+04 -5.23758174e+01  2.40552088e-03 
 1.53108746e+04 -5.24754313e+01  2.37809081e-03 
 1.54881662e+04 -5.25750375e+01  2.35097562e-03 
 1.56675107e+04 -5.26746358e+01  2.32417171e-03 
 1.58489319e+04 -5.27742257e+01  2.29767562e-03 
 1.60324539e+04 -5.28738075e+01  2.27148370e-03 
 1.62181010e+04 -5.29733808e+01  2.24559257e-03 
 1.64058977e+04 -5.30729450e+01  2.21999886e-03 
 1.65958691e+04 -5.31725004e+01  2.19469906e-03 
 1.67880402e+04 -5.32720466e+01  2.16968990e-03 
 1.69824365e+04 -5.33715831e+01  2.14496813e-03 
 1.71790839e+04 -5.34711101e+01  2.12053036e-03 
 1.73780083e+04 -5.35706271e+01  2.09637341e-03 
 1.75792361e+04 -5.36701337e+01  2.07249416e-03 
 1.77827941e+04 -5.37696300e+01  2.04888932e-03 
 1.79887092e+04 -5.38691153e+01  2.02555590e-03 
 1.81970086e+04 -5.39685899e+01  2.00249069e-03 
 1.84077200e+04 -5.40680531e+01  1.97969070e-03 
 1.86208714e+04 -5.41675046e+01  1.95715297e-03 
 1.88364909e+04 -5.42669444e+01  1.93487441e-03 
 1.90546072e+04 -5.43663718e+01  1.91285218e-03 
 1.92752491e+04 -5.44657868e+01  1.89108331e-03 
 1.94984460e+04 -5.45651892e+01  1.86956487e-03 
 1.97242274e+04 -5.46645784e+01  1.84829412e-03 
 1.99526231e+04 -5.47639544e+01  1.82726814e-03 
 2.01836636e+04 -5.48633167e+01  1.80648420e-03 
 2.04173794e+04 -5.49626649e+01  1.78593955e-03 
 2.06538016e+04 -5.50619983e+01  1.76563157e-03 
 2.08929613e+04 -5.51613174e+01  1.74555738e-03 
 2.11348904e+04 -5.52606215e+01  1.72571441e-03 
 2.13796209e+04 -5.53599101e+01  1.70610005e-03 
 2.16271852e+04 -5.54591824e+01  1.68671179e-03 
 2.18776162e+04 -5.55584390e+01  1.66754688e-03 
 2.21309471e+04 -5.56576790e+01  1.64860287e-03 
 2.23872114e+04 -5.57569015e+01  1.62987735e-03 
 2.26464431e+04 -5.58561072e+01  1.61136765e-03 
 2.29086765e+04 -5.59552950e+01  1.59307143e-03 
 2.31739465e+04 -5.60544642e+01  1.57498633e-03 
 2.34422882e+04 -5.61536152e+01  1.55710980e-03 
 2.37137371e+04 -5.62527471e+01  1.53943956e-03 
 2.39883292e+04 -5.63518591e+01  1.52197334e-03 
 2.42661010e+04 -5.64509515e+01  1.50470868e-03 
 2.45470892e+04 -5.65500234e+01  1.48764336e-03 
 2.48313311e+04 -5.66490740e+01  1.47077521e-03 
 2.51188643e+04 -5.67481035e+01  1.45410184e-03 
 2.54097271e+04 -5.68471112e+01  1.43762111e-03 
 2.57039578e+04 -5.69460959e+01  1.42133092e-03 
 2.60015956e+04 -5.70450582e+01  1.40522896e-03 
 2.63026799e+04 -5.71439965e+01  1.38931325e-03 
 2.66072506e+04 -5.72429112e+01  1.37358153e-03 
 2.69153480e+04 -5.73418008e+01  1.35803187e-03 
 2.72270131e+04 -5.74406657e+01  1.34266205e-03 
 2.75422870e+04 -5.75395049e+01  1.32747012e-03 
 2.78612117e+04 -5.76383172e+01  1.31245414e-03 
 2.81838293e+04 -5.77371031e+01  1.29761197e-03 
 2.85101827e+04 -5.78358612e+01  1.28294176e-03 
 2.88403150e+04 -5.79345910e+01  1.26844152e-03 
 2.91742701e+04 -5.80332920e+01  1.25410934e-03 
 2.95120923e+04 -5.81319634e+01  1.23994331e-03 
 2.98538262e+04 -5.82306046e+01  1.22594156e-03 
 3.01995172e+04 -5.83292147e+01  1.21210227e-03 
 3.05492111e+04 -5.84277934e+01  1.19842353e-03 
 3.09029543e+04 -5.85263398e+01  1.18490358e-03 
 3.12607937e+04 -5.86248529e+01  1.17154063e-03 
 3.16227766e+04 -5.87233324e+01  1.15833287e-03 
 3.19889511e+04 -5.88217772e+01  1.14527858e-03 
 3.23593657e+04 -5.89201867e+01  1.13237602e-03 
 3.27340695e+04 -5.90185598e+01  1.11962351e-03 
 3.31131121e+04 -5.91168961e+01  1.10701931e-03 
 3.34965439e+04 -5.92151945e+01  1.09456177e-03 
 3.38844156e+04 -5.93134540e+01  1.08224927e-03 
 3.42767787e+04 -5.94116741e+01  1.07008012e-03 
 3.46736850e+04 -5.95098535e+01  1.05805276e-03 
 3.50751874e+04 -5.96079917e+01  1.04616555e-03 
 3.54813389e+04 -5.97060874e+01  1.03441696e-03 
 3.58921935e+04 -5.98041399e+01  1.02280538e-03 
 3.63078055e+04 -5.99021480e+01  1.01132932e-03 
 3.67282300e+04 -6.00001110e+01  9.99987216e-04 
 3.71535229e+04 -6.00980275e+01  9.88777608e-04 
 3.75837404e+04 -6.01958967e+01  9.77698984e-04 
 3.80189396e+04 -6.02937175e+01  9.66749875e-04 
 3.84591782e+04 -6.03914890e+01  9.55928804e-04 
 3.89045145e+04 -6.04892098e+01  9.45234385e-04 
 3.93550075e+04 -6.05868785e+01  9.34665200e-04 
 3.98107171e+04 -6.06844947e+01  9.24219796e-04 
 4.02717034e+04 -6.07820567e+01  9.13896812e-04 
 4.07380278e+04 -6.08795636e+01  9.03694879e-04 
 4.12097519e+04 -6.09770139e+01  8.93612643e-04 
 4.16869383e+04 -6.10744065e+01  8.83648764e-04 
 4.21696503e+04 -6.11717401e+01  8.73801922e-04 
 4.26579519e+04 -6.12690133e+01  8.64070809e-04 
 4.31519077e+04 -6.13662249e+01  8.54454133e-04 
 4.36515832e+04 -6.14633735e+01  8.44950617e-04 
 4.41570447e+04 -6.15604576e+01  8.35558999e-04 
 4.46683592e+04 -6.16574756e+01  8.26278055e-04 
 4.51855944e+04 -6.17544266e+01  8.17106507e-04 
 4.57088190e+04 -6.18513086e+01  8.08043181e-04 
 4.62381021e+04 -6.19481203e+01  7.99086851e-04 
 4.67735141e+04 -6.20448604e+01  7.90236305e-04 
 4.73151259e+04 -6.21415269e+01  7.81490411e-04 
 4.78630092e+04 -6.22381184e+01  7.72847984e-04 
 4.84172368e+04 -6.23346333e+01  7.64307876e-04 
 4.89778819e+04 -6.24310699e+01  7.55868952e-04 
 4.95450191e+04 -6.25274264e+01  7.47530089e-04 
 5.01187234e+04 -6.26237013e+01  7.39290179e-04 
 5.06990708e+04 -6.27198926e+01  7.31148126e-04 
 5.12861384e+04 -6.28159986e+01  7.23102847e-04 
 5.18800039e+04 -6.29120172e+01  7.15153289e-04 
 5.24807460e+04 -6.30079470e+01  7.07298358e-04 
 5.30884444e+04 -6.31037856e+01  6.99537046e-04 
 5.37031796e+04 -6.31995318e+01  6.91868263e-04 
 5.43250331e+04 -6.32951826e+01  6.84291063e-04 
 5.49540874e+04 -6.33907365e+01  6.76804399e-04 
 5.55904257e+04 -6.34861915e+01  6.69407273e-04 
 5.62341325e+04 -6.35815455e+01  6.62098683e-04 
 5.68852931e+04 -6.36767961e+01  6.54877690e-04 
 5.75439937e+04 -6.37719410e+01  6.47743330e-04 
 5.82103218e+04 -6.38669785e+01  6.40694617e-04 
 5.88843655e+04 -6.39619060e+01  6.33730630e-04 
 5.95662144e+04 -6.40567213e+01  6.26850438e-04 
 6.02559586e+04 -6.41514218e+01  6.20053139e-04 
 6.09536897e+04 -6.42460055e+01  6.13337794e-04 
 6.16595002e+04 -6.43404695e+01  6.06703537e-04 
 6.23734835e+04 -6.44348117e+01  6.00149451e-04 
 6.30957344e+04 -6.45290291e+01  5.93674706e-04 
 6.38263486e+04 -6.46231198e+01  5.87278374e-04 
 6.45654229e+04 -6.47170804e+01  5.80959662e-04 
 6.53130553e+04 -6.48109091e+01  5.74717662e-04 
 6.60693448e+04 -6.49046025e+01  5.68551585e-04 
 6.68343918e+04 -6.49981578e+01  5.62460605e-04 
 6.76082975e+04 -6.50915724e+01  5.56443890e-04 
 6.83911647e+04 -6.51848435e+01  5.50500633e-04 
 6.91830971e+04 -6.52779684e+01  5.44630024e-04 
 6.99841996e+04 -6.53709436e+01  5.38831303e-04 
 7.07945784e+04 -6.54637662e+01  5.33103691e-04 
 7.16143410e+04 -6.55564337e+01  5.27446376e-04 
 7.24435960e+04 -6.56489420e+01  5.21858668e-04 
 7.32824533e+04 -6.57412889e+01  5.16339745e-04 
 7.41310241e+04 -6.58334708e+01  5.10888893e-04 
 7.49894209e+04 -6.59254842e+01  5.05505391e-04 
 7.58577575e+04 -6.60173260e+01  5.00188498e-04 
 7.67361489e+04 -6.61089928e+01  4.94937500e-04 
 7.76247117e+04 -6.62004810e+01  4.89751698e-04 
 7.85235635e+04 -6.62917875e+01  4.84630367e-04 
 7.94328235e+04 -6.63829084e+01  4.79572841e-04 
 8.03526122e+04 -6.64738403e+01  4.74578421e-04 
 8.12830516e+04 -6.65645795e+01  4.69646431e-04 
 8.22242650e+04 -6.66551223e+01  4.64776204e-04 
 8.31763771e+04 -6.67454648e+01  4.59967089e-04 
 8.41395142e+04 -6.68356036e+01  4.55218410e-04 
 8.51138038e+04 -6.69255345e+01  4.50529545e-04 
 8.60993752e+04 -6.70152534e+01  4.45899855e-04 
 8.70963590e+04 -6.71047571e+01  4.41328675e-04 
 8.81048873e+04 -6.71940406e+01  4.36815427e-04 
 8.91250938e+04 -6.72831007e+01  4.32359461e-04 
 9.01571138e+04 -6.73719326e+01  4.27960188e-04 
 9.12010839e+04 -6.74605322e+01  4.23617008e-04 
 9.22571427e+04 -6.75488958e+01  4.19329301e-04 
 9.33254301e+04 -6.76370187e+01  4.15096492e-04 
 9.44060876e+04 -6.77248963e+01  4.10918018e-04 
 9.54992586e+04 -6.78125250e+01  4.06793261e-04 
 9.66050879e+04 -6.78998995e+01  4.02721696e-04 
 9.77237221e+04 -6.79870157e+01  3.98702737e-04 
 9.88553095e+04 -6.80738690e+01  3.94735830e-04 
 1.00000000e+05 -6.81604550e+01  3.90820425e-04 
 1.01157945e+05 -6.82467688e+01  3.86955977e-04 
 1.02329299e+05 -6.83328057e+01  3.83141958e-04 
 1.03514217e+05 -6.84185611e+01  3.79377828e-04 
 1.04712855e+05 -6.85040299e+01  3.75663070e-04 
 1.05925373e+05 -6.85892081e+01  3.71997135e-04 
 1.07151931e+05 -6.86740896e+01  3.68379557e-04 
 1.08392691e+05 -6.87586703e+01  3.64809790e-04 
 1.09647820e+05 -6.88429449e+01  3.61287348e-04 
 1.10917482e+05 -6.89269088e+01  3.57811717e-04 
 1.12201845e+05 -6.90105563e+01  3.54382431e-04 
 1.13501082e+05 -6.90938828e+01  3.50998985e-04 
 1.14815362e+05 -6.91768830e+01  3.47660899e-04 
 1.16144861e+05 -6.92595519e+01  3.44367696e-04 
 1.17489755e+05 -6.93418840e+01  3.41118913e-04 
 1.18850223e+05 -6.94238743e+01  3.37914076e-04 
 1.20226443e+05 -6.95055174e+01  3.34752732e-04 
 1.21618600e+05 -6.95868081e+01  3.31634417e-04 
 1.23026877e+05 -6.96677409e+01  3.28558686e-04 
 1.24451461e+05 -6.97483108e+01  3.25525085e-04 
 1.25892541e+05 -6.98285124e+01  3.22533165e-04 
 1.27350308e+05 -6.99083399e+01  3.19582511e-04 
 1.28824955e+05 -6.99877880e+01  3.16672683e-04 
 1.30316678e+05 -7.00668514e+01  3.13803243e-04 
 1.31825674e+05 -7.01455249e+01  3.10973769e-04 
 1.33352143e+05 -7.02238028e+01  3.08183840e-04 
 1.34896288e+05 -7.03016795e+01  3.05433048e-04 
 1.36458314e+05 -7.03791496e+01  3.02720981e-04 
 1.38038426e+05 -7.04562077e+01  3.00047225e-04 
 1.39636836e+05 -7.05328482e+01  2.97411384e-04 
 1.41253754e+05 -7.06090659e+01  2.94813051e-04 
 1.42889396e+05 -7.06848547e+01  2.92251846e-04 
 1.44543977e+05 -7.07602100e+01  2.89727355e-04 
 1.46217717e+05 -7.08351259e+01  2.87239197e-04 
 1.47910839e+05 -7.09095967e+01  2.84787003e-04 
 1.49623566e+05 -7.09836171e+01  2.82370386e-04 
 1.51356125e+05 -7.10571820e+01  2.79988954e-04 
 1.53108746e+05 -7.11302856e+01  2.77642356e-04 
 1.54881662e+05 -7.12029228e+01  2.75330208e-04 
 1.56675107e+05 -7.12750880e+01  2.73052150e-04 
 1.58489319e+05 -7.13467762e+01  2.70807814e-04 
 1.60324539e+05 -7.14179816e+01  2.68596852e-04 
 1.62181010e+05 -7.14886995e+01  2.66418896e-04 
 1.64058977e+05 -7.15589244e+01  2.64273600e-04 
 1.65958691e+05 -7.16286513e+01  2.62160607e-04 
 1.67880402e+05 -7.16978748e+01  2.60079584e-04 
 1.69824365e+05 -7.17665901e+01  2.58030174e-04 
 1.71790839e+05 -7.18347921e+01  2.56012043e-04 
 1.73780083e+05 -7.19024758e+01  2.54024855e-04 
 1.75792361e+05 -7.19696364e+01  2.52068269e-04 
 1.77827941e+05 -7.20362689e+01  2.50141965e-04 
 1.79887092e+05 -7.21023685e+01  2.48245609e-04 
 1.81970086e+05 -7.21679310e+01  2.46378864e-04 
 1.84077200e+05 -7.22329510e+01  2.44541430e-04 
 1.86208714e+05 -7.22974246e+01  2.42732971e-04 
 1.88364909e+05 -7.23613468e+01  2.40953180e-04 
 1.90546072e+05 -7.24247136e+01  2.39201731e-04 
 1.92752491e+05 -7.24875206e+01  2.37478320e-04 
 1.94984460e+05 -7.25497634e+01  2.35782641e-04 
 1.97242274e+05 -7.26114385e+01  2.34114373e-04 
 1.99526231e+05 -7.26725411e+01  2.32473228e-04 
 2.01836636e+05 -7.27330672e+01  2.30858909e-04 
 2.04173794e+05 -7.27930136e+01  2.29271103e-04 
 2.06538016e+05 -7.28523763e+01  2.27709519e-04 
 2.08929613e+05 -7.29111515e+01  2.26173868e-04 
 2.11348904e+05 -7.29693361e+01  2.24663850e-04 
 2.13796209e+05 -7.30269262e+01  2.23179186e-04 
 2.16271852e+05 -7.30839190e+01  2.21719581e-04 
 2.18776162e+05 -7.31403108e+01  2.20284765e-04 
 2.21309471e+05 -7.31960989e+01  2.18874443e-04 
 2.23872114e+05 -7.32512802e+01  2.17488347e-04 
 2.26464431e+05 -7.33058517e+01  2.16126199e-04 
 2.29086765e+05 -7.33598109e+01  2.14787723e-04 
 2.31739465e+05 -7.34131555e+01  2.13472642e-04 
 2.34422882e+05 -7.34658822e+01  2.12180706e-04 
 2.37137371e+05 -7.35179894e+01  2.10911630e-04 
 2.39883292e+05 -7.35694746e+01  2.09665160e-04 
 2.42661010e+05 -7.36203356e+01  2.08441034e-04 
 2.45470892e+05 -7.36705706e+01  2.07238993e-04 
 2.48313311e+05 -7.37201777e+01  2.06058776e-04 
 2.51188643e+05 -7.37691552e+01  2.04900133e-04 
 2.54097271e+05 -7.38175016e+01  2.03762810e-04 
 2.57039578e+05 -7.38652150e+01  2.02646568e-04 
 2.60015956e+05 -7.39122946e+01  2.01551144e-04 
 2.63026799e+05 -7.39587391e+01  2.00476303e-04 
 2.66072506e+05 -7.40045472e+01  1.99421803e-04 
 2.69153480e+05 -7.40497181e+01  1.98387404e-04 
 2.72270131e+05 -7.40942509e+01  1.97372870e-04 
 2.75422870e+05 -7.41381449e+01  1.96377965e-04 
 2.78612117e+05 -7.41813992e+01  1.95402467e-04 
 2.81838293e+05 -7.42240139e+01  1.94446130e-04 
 2.85101827e+05 -7.42659882e+01  1.93508742e-04 
 2.88403150e+05 -7.43073224e+01  1.92590065e-04 
 2.91742701e+05 -7.43480157e+01  1.91689892e-04 
 2.95120923e+05 -7.43880682e+01  1.90808004e-04 
 2.98538262e+05 -7.44274807e+01  1.89944169e-04 
 3.01995172e+05 -7.44662529e+01  1.89098182e-04 
 3.05492111e+05 -7.45043850e+01  1.88269838e-04 
 3.09029543e+05 -7.45418777e+01  1.87458921e-04 
 3.12607937e+05 -7.45787313e+01  1.86665233e-04 
 3.16227766e+05 -7.46149465e+01  1.85888564e-04 
 3.19889511e+05 -7.46505243e+01  1.85128714e-04 
 3.23593657e+05 -7.46854651e+01  1.84385491e-04 
 3.27340695e+05 -7.47197702e+01  1.83658694e-04 
 3.31131121e+05 -7.47534401e+01  1.82948138e-04 
 3.34965439e+05 -7.47864764e+01  1.82253627e-04 
 3.38844156e+05 -7.48188799e+01  1.81574981e-04 
 3.42767787e+05 -7.48506518e+01  1.80912015e-04 
 3.46736850e+05 -7.48817937e+01  1.80264545e-04 
 3.50751874e+05 -7.49123067e+01  1.79632397e-04 
 3.54813389e+05 -7.49421923e+01  1.79015396e-04 
 3.58921935e+05 -7.49714523e+01  1.78413366e-04 
 3.63078055e+05 -7.50000876e+01  1.77826148e-04 
 3.67282300e+05 -7.50281004e+01  1.77253565e-04 
 3.71535229e+05 -7.50554922e+01  1.76695460e-04 
 3.75837404e+05 -7.50822645e+01  1.76151673e-04 
 3.80189396e+05 -7.51084193e+01  1.75622047e-04 
 3.84591782e+05 -7.51339582e+01  1.75106428e-04 
 3.89045145e+05 -7.51588830e+01  1.74604667e-04 
 3.93550075e+05 -7.51831958e+01  1.74116613e-04 
 3.98107171e+05 -7.52068982e+01  1.73642125e-04 
 4.02717034e+05 -7.52299920e+01  1.73181062e-04 
 4.07380278e+05 -7.52524794e+01  1.72733284e-04 
 4.12097519e+05 -7.52743621e+01  1.72298658e-04 
 4.16869383e+05 -7.52956423e+01  1.71877049e-04 
 4.21696503e+05 -7.53163213e+01  1.71468336e-04 
 4.26579519e+05 -7.53364017e+01  1.71072387e-04 
 4.31519077e+05 -7.53558853e+01  1.70689079e-04 
 4.36515832e+05 -7.53747738e+01  1.70318298e-04 
 4.41570447e+05 -7.53930692e+01  1.69959929e-04 
 4.46683592e+05 -7.54107733e+01  1.69613859e-04 
 4.51855944e+05 -7.54278883e+01  1.69279975e-04 
 4.57088190e+05 -7.54444158e+01  1.68958175e-04 
 4.62381021e+05 -7.54603576e+01  1.68648360e-04 
 4.67735141e+05 -7.54757155e+01  1.68350428e-04 
 4.73151259e+05 -7.54904915e+01  1.68064281e-04 
 4.78630092e+05 -7.55046872e+01  1.67789832e-04 
 4.84172368e+05 -7.55183042e+01  1.67526993e-04 
 4.89778819e+05 -7.55313442e+01  1.67275674e-04 
 4.95450191e+05 -7.55438089e+01  1.67035797e-04 
 5.01187234e+05 -7.55556999e+01  1.66807282e-04 
 5.06990708e+05 -7.55670184e+01  1.66590058e-04 
 5.12861384e+05 -7.55777663e+01  1.66384047e-04 
 5.18800039e+05 -7.55879447e+01  1.66189187e-04 
 5.24807460e+05 -7.55975551e+01  1.66005412e-04 
 5.30884444e+05 -7.56065988e+01  1.65832658e-04 
 5.37031796e+05 -7.56150769e+01  1.65670871e-04 
 5.43250331e+05 -7.56229907e+01  1.65519995e-04 
 5.49540874e+05 -7.56303410e+01  1.65379985e-04 
 5.55904257e+05 -7.56371293e+01  1.65250786e-04 
 5.62341325e+05 -7.56433562e+01  1.65132361e-04 
 5.68852931e+05 -7.56490228e+01  1.65024666e-04 
 5.75439937e+05 -7.56541297e+01  1.64927667e-04 
 5.82103218e+05 -7.56586779e+01  1.64841328e-04 
 5.88843655e+05 -7.56626679e+01  1.64765623e-04 
 5.95662144e+05 -7.56661002e+01  1.64700528e-04 
 6.02559586e+05 -7.56689756e+01  1.64646013e-04 
 6.09536897e+05 -7.56712941e+01  1.64602071e-04 
 6.16595002e+05 -7.56730564e+01  1.64568679e-04 
 6.23734835e+05 -7.56742629e+01  1.64545820e-04 
 6.30957344e+05 -7.56749133e+01  1.64533499e-04 
 6.38263486e+05 -7.56750082e+01  1.64531703e-04 
 6.45654229e+05 -7.56745473e+01  1.64540433e-04 
 6.53130553e+05 -7.56735305e+01  1.64559695e-04 
 6.60693448e+05 -7.56719581e+01  1.64589489e-04 
 6.68343918e+05 -7.56698296e+01  1.64629827e-04 
 6.76082975e+05 -7.56671448e+01  1.64680721e-04 
 6.83911647e+05 -7.56639032e+01  1.64742192e-04 
 6.91830971e+05 -7.56601044e+01  1.64814258e-04 
 6.99841996e+05 -7.56557481e+01  1.64896940e-04 
 7.07945784e+05 -7.56508334e+01  1.64990268e-04 
 7.16143410e+05 -7.56453598e+01  1.65094274e-04 
 7.24435960e+05 -7.56393265e+01  1.65208990e-04 
 7.32824533e+05 -7.56327327e+01  1.65334455e-04 
 7.41310241e+05 -7.56255773e+01  1.65470711e-04 
 7.49894209e+05 -7.56178598e+01  1.65617799e-04 
 7.58577575e+05 -7.56095787e+01  1.65775773e-04 
 7.67361489e+05 -7.56007331e+01  1.65944684e-04 
 7.76247117e+05 -7.55913219e+01  1.66124583e-04 
 7.85235635e+05 -7.55813438e+01  1.66315532e-04 
 7.94328235e+05 -7.55707976e+01  1.66517591e-04 
 8.03526122e+05 -7.55596818e+01  1.66730829e-04 
 8.12830516e+05 -7.55479951e+01  1.66955314e-04 
 8.22242650e+05 -7.55357362e+01  1.67191113e-04 
 8.31763771e+05 -7.55229032e+01  1.67438313e-04 
 8.41395142e+05 -7.55094944e+01  1.67696996e-04 
 8.51138038e+05 -7.54955091e+01  1.67967223e-04 
 8.60993752e+05 -7.54809452e+01  1.68249097e-04 
 8.70963590e+05 -7.54658011e+01  1.68542699e-04 
 8.81048873e+05 -7.54500750e+01  1.68848127e-04 
 8.91250938e+05 -7.54337652e+01  1.69165479e-04 
 9.01571138e+05 -7.54168699e+01  1.69494848e-04 
 9.12010839e+05 -7.53993873e+01  1.69836345e-04 
 9.22571427e+05 -7.53813157e+01  1.70190069e-04 
 9.33254301e+05 -7.53626531e+01  1.70556134e-04 
 9.44060876e+05 -7.53433978e+01  1.70934651e-04 
 9.54992586e+05 -7.53235480e+01  1.71325733e-04 
 9.66050879e+05 -7.53031018e+01  1.71729502e-04 
 9.77237221e+05 -7.52820571e+01  1.72146082e-04 
 9.88553095e+05 -7.52604124e+01  1.72575595e-04 
 1.00000000e+06 -7.52381657e+01  1.73018171e-04 
 1.01157945e+06 -7.52153151e+01  1.73473941e-04 
 1.02329299e+06 -7.51918589e+01  1.73943040e-04 
 1.03514217e+06 -7.51677952e+01  1.74425606e-04 
 1.04712855e+06 -7.51431223e+01  1.74921779e-04 
 1.05925373e+06 -7.51178383e+01  1.75431705e-04 
 1.07151931e+06 -7.50919415e+01  1.75955533e-04 
 1.08392691e+06 -7.50654303e+01  1.76493407e-04 
 1.09647820e+06 -7.50383028e+01  1.77045486e-04 
 1.10917482e+06 -7.50105579e+01  1.77611918e-04 
 1.12201845e+06 -7.49821932e+01  1.78192876e-04 
 1.13501082e+06 -7.49532080e+01  1.78788507e-04 
 1.14815362e+06 -7.49236005e+01  1.79398982e-04 
 1.16144861e+06 -7.48933692e+01  1.80024470e-04 
 1.17489755e+06 -7.48625129e+01  1.80665137e-04 
 1.18850223e+06 -7.48310303e+01  1.81321158e-04 
 1.20226443e+06 -7.47989202e+01  1.81992710e-04 
 1.21618600e+06 -7.47661811e+01  1.82679975e-04 
 1.23026877e+06 -7.47328126e+01  1.83383125e-04 
 1.24451461e+06 -7.46988132e+01  1.84102353e-04 
 1.25892541e+06 -7.46641821e+01  1.84837844e-04 
 1.27350308e+06 -7.46289186e+01  1.85589785e-04 
 1.28824955e+06 -7.45930220e+01  1.86358369e-04 
 1.30316678e+06 -7.45564917e+01  1.87143789e-04 
 1.31825674e+06 -7.45193268e+01  1.87946247e-04 
 1.33352143e+06 -7.44815274e+01  1.88765938e-04 
 1.34896288e+06 -7.44430926e+01  1.89603073e-04 
 1.36458314e+06 -7.44040228e+01  1.90457843e-04 
 1.38038426e+06 -7.43643177e+01  1.91330461e-04 
 1.39636836e+06 -7.43239770e+01  1.92221140e-04 
 1.41253754e+06 -7.42830013e+01  1.93130087e-04 
 1.42889396e+06 -7.42413904e+01  1.94057522e-04 
 1.44543977e+06 -7.41991449e+01  1.95003657e-04 
 1.46217717e+06 -7.41562652e+01  1.95968712e-04 
 1.47910839e+06 -7.41127518e+01  1.96952913e-04 
 1.49623566e+06 -7.40686057e+01  1.97956477e-04 
 1.51356125e+06 -7.40238274e+01  1.98979636e-04 
 1.53108746e+06 -7.39784181e+01  2.00022612e-04 
 1.54881662e+06 -7.39323787e+01  2.01085644e-04 
 1.56675107e+06 -7.38857107e+01  2.02168955e-04 
 1.58489319e+06 -7.38384152e+01  2.03272787e-04 
 1.60324539e+06 -7.37904937e+01  2.04397374e-04 
 1.62181010e+06 -7.37419481e+01  2.05542954e-04 
 1.64058977e+06 -7.36927798e+01  2.06709773e-04 
 1.65958691e+06 -7.36429908e+01  2.07898070e-04 
 1.67880402e+06 -7.35925832e+01  2.09108093e-04 
 1.69824365e+06 -7.35415590e+01  2.10340087e-04 
 1.71790839e+06 -7.34899204e+01  2.11594307e-04 
 1.73780083e+06 -7.34376701e+01  2.12870997e-04 
 1.75792361e+06 -7.33848104e+01  2.14170417e-04 
 1.77827941e+06 -7.33313439e+01  2.15492820e-04 
 1.79887092e+06 -7.32772733e+01  2.16838469e-04 
 1.81970086e+06 -7.32226021e+01  2.18207612e-04 
 1.84077200e+06 -7.31673326e+01  2.19600522e-04 
 1.86208714e+06 -7.31114685e+01  2.21017456e-04 
 1.88364909e+06 -7.30550127e+01  2.22458684e-04 
 1.90546072e+06 -7.29979689e+01  2.23924471e-04 
 1.92752491e+06 -7.29403403e+01  2.25415089e-04 
 1.94984460e+06 -7.28821306e+01  2.26930813e-04 
 1.97242274e+06 -7.28233438e+01  2.28471908e-04 
 1.99526231e+06 -7.27639837e+01  2.30038651e-04 
 2.01836636e+06 -7.27040541e+01  2.31631326e-04 
 2.04173794e+06 -7.26435593e+01  2.33250207e-04 
 2.06538016e+06 -7.25825032e+01  2.34895577e-04 
 2.08929613e+06 -7.25208903e+01  2.36567721e-04 
 2.11348904e+06 -7.24587249e+01  2.38266921e-04 
 2.13796209e+06 -7.23960116e+01  2.39993466e-04 
 2.16271852e+06 -7.23327550e+01  2.41747645e-04 
 2.18776162e+06 -7.22689596e+01  2.43529749e-04 
 2.21309471e+06 -7.22046300e+01  2.45340077e-04 
 2.23872114e+06 -7.21397716e+01  2.47178913e-04 
 2.26464431e+06 -7.20743891e+01  2.49046560e-04 
 2.29086765e+06 -7.20084873e+01  2.50943319e-04 
 2.31739465e+06 -7.19420715e+01  2.52869485e-04 
 2.34422882e+06 -7.18751469e+01  2.54825366e-04 
 2.37137371e+06 -7.18077186e+01  2.56811265e-04 
 2.39883292e+06 -7.17397921e+01  2.58827488e-04 
 2.42661010e+06 -7.16713725e+01  2.60874346e-04 
 2.45470892e+06 -7.16024654e+01  2.62952152e-04 
 2.48313311e+06 -7.15330763e+01  2.65061216e-04 
 2.51188643e+06 -7.14632107e+01  2.67201853e-04 
 2.54097271e+06 -7.13928743e+01  2.69374377e-04 
 2.57039578e+06 -7.13220727e+01  2.71579113e-04 
 2.60015956e+06 -7.12508116e+01  2.73816378e-04 
 2.63026799e+06 -7.11790967e+01  2.76086496e-04 
 2.66072506e+06 -7.11069338e+01  2.78389793e-04 
 2.69153480e+06 -7.10343288e+01  2.80726597e-04 
 2.72270131e+06 -7.09612873e+01  2.83097240e-04 
 2.75422870e+06 -7.08878155e+01  2.85502046e-04 
 2.78612117e+06 -7.08139192e+01  2.87941354e-04 
 2.81838293e+06 -7.07396042e+01  2.90415499e-04 
 2.85101827e+06 -7.06648766e+01  2.92924817e-04 
 2.88403150e+06 -7.05897424e+01  2.95469650e-04 
 2.91742701e+06 -7.05142075e+01  2.98050342e-04 
 2.95120923e+06 -7.04382781e+01  3.00667230e-04 
 2.98538262e+06 -7.03619600e+01  3.03320666e-04 
 3.01995172e+06 -7.02852593e+01  3.06010999e-04 
 3.05492111e+06 -7.02081821e+01  3.08738575e-04 
 3.09029543e+06 -7.01307344e+01  3.11503749e-04 
 3.12607937e+06 -7.00529222e+01  3.14306881e-04 
 3.16227766e+06 -6.99747517e+01  3.17148320e-04 
 3.19889511e+06 -6.98962289e+01  3.20028427e-04 
 3.23593657e+06 -6.98173597e+01  3.22947565e-04 
 3.27340695e+06 -6.97381504e+01  3.25906094e-04 
 3.31131121e+06 -6.96586068e+01  3.28904384e-04 
 3.34965439e+06 -6.95787350e+01  3.31942798e-04 
 3.38844156e+06 -6.94985410e+01  3.35021708e-04 
 3.42767787e+06 -6.94180308e+01  3.38141487e-04 
 3.46736850e+06 -6.93372105e+01  3.41302505e-04 
 3.50751874e+06 -6.92560860e+01  3.44505137e-04 
 3.54813389e+06 -6.91746632e+01  3.47749762e-04 
 3.58921935e+06 -6.90929480e+01  3.51036762e-04 
 3.63078055e+06 -6.90109465e+01  3.54366515e-04 
 3.67282300e+06 -6.89286643e+01  3.57739408e-04 
 3.71535229e+06 -6.88461076e+01  3.61155823e-04 
 3.75837404e+06 -6.87632820e+01  3.64616148e-04 
 3.80189396e+06 -6.86801935e+01  3.68120773e-04 
 3.84591782e+06 -6.85968478e+01  3.71670086e-04 
 3.89045145e+06 -6.85132508e+01  3.75264481e-04 
 3.93550075e+06 -6.84294080e+01  3.78904356e-04 
 3.98107171e+06 -6.83453254e+01  3.82590100e-04 
 4.02717034e+06 -6.82610086e+01  3.86322115e-04 
 4.07380278e+06 -6.81764632e+01  3.90100801e-04 
 4.12097519e+06 -6.80916949e+01  3.93926554e-04 
 4.16869383e+06 -6.80067092e+01  3.97799781e-04 
 4.21696503e+06 -6.79215118e+01  4.01720883e-04 
 4.26579519e+06 -6.78361084e+01  4.05690260e-04 
 4.31519077e+06 -6.77505041e+01  4.09708329e-04 
 4.36515832e+06 -6.76647048e+01  4.13775486e-04 
 4.41570447e+06 -6.75787159e+01  4.17892144e-04 
 4.46683592e+06 -6.74925426e+01  4.22058715e-04 
 4.51855944e+06 -6.74061905e+01  4.26275600e-04 
 4.57088190e+06 -6.73196649e+01  4.30543219e-04 
 4.62381021e+06 -6.72329712e+01  4.34861980e-04 
 4.67735141e+06 -6.71461147e+01  4.39232295e-04 
 4.73151259e+06 -6.70591007e+01  4.43654576e-04 
 4.78630092e+06 -6.69719344e+01  4.48129239e-04 
 4.84172368e+06 -6.68846211e+01  4.52656694e-04 
 4.89778819e+06 -6.67971659e+01  4.57237356e-04 
 4.95450191e+06 -6.67095741e+01  4.61871639e-04 
 5.01187234e+06 -6.66218508e+01  4.66559953e-04 
 5.06990708e+06 -6.65340011e+01  4.71302719e-04 
 5.12861384e+06 -6.64460301e+01  4.76100342e-04 
 5.18800039e+06 -6.63579429e+01  4.80953240e-04 
 5.24807460e+06 -6.62697445e+01  4.85861820e-04 
 5.30884444e+06 -6.61814400e+01  4.90826495e-04 
 5.37031796e+06 -6.60930344e+01  4.95847674e-04 
 5.43250331e+06 -6.60045325e+01  5.00925770e-04 
 5.49540874e+06 -6.59159395e+01  5.06061184e-04 
 5.55904257e+06 -6.58272601e+01  5.11254327e-04 
 5.62341325e+06 -6.57384994e+01  5.16505597e-04 
 5.68852931e+06 -6.56496621e+01  5.21815403e-04 
 5.75439937e+06 -6.55607533e+01  5.27184141e-04 
 5.82103218e+06 -6.54717777e+01  5.32612208e-04 
 5.88843655e+06 -6.53827401e+01  5.38100002e-04 
 5.95662144e+06 -6.52936455e+01  5.43647913e-04 
 6.02559586e+06 -6.52044985e+01  5.49256333e-04 
 6.09536897e+06 -6.51153041e+01  5.54925645e-04 
 6.16595002e+06 -6.50260669e+01  5.60656235e-04 
 6.23734835e+06 -6.49367917e+01  5.66448481e-04 
 6.30957344e+06 -6.48474833e+01  5.72302753e-04 
 6.38263486e+06 -6.47581464e+01  5.78219428e-04 
 6.45654229e+06 -6.46687857e+01  5.84198870e-04 
 6.53130553e+06 -6.45794061e+01  5.90241440e-04 
 6.60693448e+06 -6.44900120e+01  5.96347493e-04 
 6.68343918e+06 -6.44006084e+01  6.02517382e-04 
 6.76082975e+06 -6.43111998e+01  6.08751451e-04 
 6.83911647e+06 -6.42217910e+01  6.15050040e-04 
 6.91830971e+06 -6.41323866e+01  6.21413479e-04 
 6.99841996e+06 -6.40429914e+01  6.27842097e-04 
 7.07945784e+06 -6.39536099e+01  6.34336212e-04 
 7.16143410e+06 -6.38642470e+01  6.40896134e-04 
 7.24435960e+06 -6.37749071e+01  6.47522171e-04 
 7.32824533e+06 -6.36855952e+01  6.54214615e-04 
 7.41310241e+06 -6.35963157e+01  6.60973757e-04 
 7.49894209e+06 -6.35070733e+01  6.67799875e-04 
 7.58577575e+06 -6.34178729e+01  6.74693235e-04 
 7.67361489e+06 -6.33287189e+01  6.81654104e-04 
 7.76247117e+06 -6.32396162e+01  6.88682726e-04 
 7.85235635e+06 -6.31505694e+01  6.95779344e-04 
 7.94328235e+06 -6.30615831e+01  7.02944187e-04 
 8.03526122e+06 -6.29726622e+01  7.10177473e-04 
 8.12830516e+06 -6.28838112e+01  7.17479408e-04 
 8.22242650e+06 -6.27950349e+01  7.24850188e-04 
 8.31763771e+06 -6.27063380e+01  7.32289993e-04 
 8.41395142e+06 -6.26177253e+01  7.39798995e-04 
 8.51138038e+06 -6.25292014e+01  7.47377348e-04 
 8.60993752e+06 -6.24407711e+01  7.55025197e-04 
 8.70963590e+06 -6.23524392e+01  7.62742668e-04 
 8.81048873e+06 -6.22642104e+01  7.70529876e-04 
 8.91250938e+06 -6.21760894e+01  7.78386918e-04 
 9.01571138e+06 -6.20880812e+01  7.86313881e-04 
 9.12010839e+06 -6.20001903e+01  7.94310828e-04 
 9.22571427e+06 -6.19124218e+01  8.02377814e-04 
 9.33254301e+06 -6.18247803e+01  8.10514870e-04 
 9.44060876e+06 -6.17372706e+01  8.18722014e-04 
 9.54992586e+06 -6.16498977e+01  8.26999244e-04 
 9.66050879e+06 -6.15626664e+01  8.35346541e-04 
 9.77237221e+06 -6.14755815e+01  8.43763868e-04 
 9.88553095e+06 -6.13886479e+01  8.52251165e-04 
 1.00000000e+07 -6.13018705e+01  8.60808358e-04 
 1.01157945e+07 -6.12152541e+01  8.69435348e-04 
 1.02329299e+07 -6.11288037e+01  8.78132018e-04 
 1.03514217e+07 -6.10425242e+01  8.86898229e-04 
 1.04712855e+07 -6.09564205e+01  8.95733821e-04 
 1.05925373e+07 -6.08704976e+01  9.04638613e-04 
 1.07151931e+07 -6.07847603e+01  9.13612399e-04 
 1.08392691e+07 -6.06992137e+01  9.22654952e-04 
 1.09647820e+07 -6.06138626e+01  9.31766023e-04 
 1.10917482e+07 -6.05287121e+01  9.40945336e-04 
 1.12201845e+07 -6.04437672e+01  9.50192595e-04 
 1.13501082e+07 -6.03590327e+01  9.59507476e-04 
 1.14815362e+07 -6.02745138e+01  9.68889632e-04 
 1.16144861e+07 -6.01902154e+01  9.78338692e-04 
 1.17489755e+07 -6.01061425e+01  9.87854258e-04 
 1.18850223e+07 -6.00223000e+01  9.97435905e-04 
 1.20226443e+07 -5.99386931e+01  1.00708318e-03 
 1.21618600e+07 -5.98553267e+01  1.01679562e-03 
 1.23026877e+07 -5.97722057e+01  1.02657270e-03 
 1.24451461e+07 -5.96893353e+01  1.03641391e-03 
 1.25892541e+07 -5.96067204e+01  1.04631869e-03 
 1.27350308e+07 -5.95243659e+01  1.05628644e-03 
 1.28824955e+07 -5.94422769e+01  1.06631656e-03 
 1.30316678e+07 -5.93604584e+01  1.07640841e-03 
 1.31825674e+07 -5.92789152e+01  1.08656131e-03 
 1.33352143e+07 -5.91976525e+01  1.09677458e-03 
 1.34896288e+07 -5.91166751e+01  1.10704748e-03 
 1.36458314e+07 -5.90359879e+01  1.11737926e-03 
 1.38038426e+07 -5.89555959e+01  1.12776914e-03 
 1.39636836e+07 -5.88755039e+01  1.13821631e-03 
 1.41253754e+07 -5.87957169e+01  1.14871992e-03 
 1.42889396e+07 -5.87162397e+01  1.15927912e-03 
 1.44543977e+07 -5.86370772e+01  1.16989300e-03 
 1.46217717e+07 -5.85582340e+01  1.18056064e-03 
 1.47910839e+07 -5.84797151e+01  1.19128108e-03 
 1.49623566e+07 -5.84015252e+01  1.20205334e-03 
 1.51356125e+07 -5.83236689e+01  1.21287642e-03 
 1.53108746e+07 -5.82461510e+01  1.22374928e-03 
 1.54881662e+07 -5.81689762e+01  1.23467084e-03 
 1.56675107e+07 -5.80921489e+01  1.24564002e-03 
 1.58489319e+07 -5.80156739e+01  1.25665570e-03 
 1.60324539e+07 -5.79395556e+01  1.26771673e-03 
 1.62181010e+07 -5.78637984e+01  1.27882194e-03 
 1.64058977e+07 -5.77884069e+01  1.28997013e-03 
 1.65958691e+07 -5.77133854e+01  1.30116008e-03 
 1.67880402e+07 -5.76387382e+01  1.31239053e-03 
 1.69824365e+07 -5.75644697e+01  1.32366022e-03 
 1.71790839e+07 -5.74905839e+01  1.33496784e-03 
 1.73780083e+07 -5.74170852e+01  1.34631207e-03 
 1.75792361e+07 -5.73439775e+01  1.35769157e-03 
 1.77827941e+07 -5.72712650e+01  1.36910498e-03 
 1.79887092e+07 -5.71989515e+01  1.38055090e-03 
 1.81970086e+07 -5.71270411e+01  1.39202792e-03 
 1.84077200e+07 -5.70555374e+01  1.40353462e-03 
 1.86208714e+07 -5.69844443e+01  1.41506954e-03 
 1.88364909e+07 -5.69137655e+01  1.42663122e-03 
 1.90546072e+07 -5.68435046e+01  1.43821817e-03 
 1.92752491e+07 -5.67736650e+01  1.44982888e-03 
 1.94984460e+07 -5.67042504e+01  1.46146185e-03 
 1.97242274e+07 -5.66352639e+01  1.47311552e-03 
 1.99526231e+07 -5.65667090e+01  1.48478835e-03 
 2.01836636e+07 -5.64985888e+01  1.49647877e-03 
 2.04173794e+07 -5.64309064e+01  1.50818522e-03 
 2.06538016e+07 -5.63636649e+01  1.51990608e-03 
 2.08929613e+07 -5.62968673e+01  1.53163977e-03 
 2.11348904e+07 -5.62305163e+01  1.54338467e-03 
 2.13796209e+07 -5.61646148e+01  1.55513916e-03 
 2.16271852e+07 -5.60991655e+01  1.56690161e-03 
 2.18776162e+07 -5.60341708e+01  1.57867037e-03 
 2.21309471e+07 -5.59696334e+01  1.59044381e-03 
 2.23872114e+07 -5.59055556e+01  1.60222026e-03 
 2.26464431e+07 -5.58419398e+01  1.61399807e-03 
 2.29086765e+07 -5.57787881e+01  1.62577558e-03 
 2.31739465e+07 -5.57161026e+01  1.63755113e-03 
 2.34422882e+07 -5.56538855e+01  1.64932303e-03 
 2.37137371e+07 -5.55921387e+01  1.66108963e-03 
 2.39883292e+07 -5.55308639e+01  1.67284924e-03 
 2.42661010e+07 -5.54700630e+01  1.68460020e-03 
 2.45470892e+07 -5.54097377e+01  1.69634083e-03 
 2.48313311e+07 -5.53498895e+01  1.70806946e-03 
 2.51188643e+07 -5.52905199e+01  1.71978441e-03 
 2.54097271e+07 -5.52316303e+01  1.73148402e-03 
 2.57039578e+07 -5.51732220e+01  1.74316662e-03 
 2.60015956e+07 -5.51152963e+01  1.75483055e-03 
 2.63026799e+07 -5.50578543e+01  1.76647414e-03 
 2.66072506e+07 -5.50008971e+01  1.77809575e-03 
 2.69153480e+07 -5.49444257e+01  1.78969372e-03 
 2.72270131e+07 -5.48884410e+01  1.80126640e-03 
 2.75422870e+07 -5.48329439e+01  1.81281216e-03 
 2.78612117e+07 -5.47779351e+01  1.82432935e-03 
 2.81838293e+07 -5.47234153e+01  1.83581636e-03 
 2.85101827e+07 -5.46693851e+01  1.84727156e-03 
 2.88403150e+07 -5.46158452e+01  1.85869332e-03 
 2.91742701e+07 -5.45627961e+01  1.87008005e-03 
 2.95120923e+07 -5.45102381e+01  1.88143013e-03 
 2.98538262e+07 -5.44581717e+01  1.89274198e-03 
 3.01995172e+07 -5.44065973e+01  1.90401399e-03 
 3.05492111e+07 -5.43555151e+01  1.91524460e-03 
 3.09029543e+07 -5.43049254e+01  1.92643221e-03 
 3.12607937e+07 -5.42548284e+01  1.93757526e-03 
 3.16227766e+07 -5.42052243e+01  1.94867218e-03 
 3.19889511e+07 -5.41561132e+01  1.95972142e-03 
 3.23593657e+07 -5.41074953e+01  1.97072141e-03 
 3.27340695e+07 -5.40593706e+01  1.98167062e-03 
 3.31131121e+07 -5.40117392e+01  1.99256750e-03 
 3.34965439e+07 -5.39646011e+01  2.00341051e-03 
 3.38844156e+07 -5.39179563e+01  2.01419811e-03 
 3.42767787e+07 -5.38718050e+01  2.02492877e-03 
 3.46736850e+07 -5.38261470e+01  2.03560096e-03 
 3.50751874e+07 -5.37809825e+01  2.04621317e-03 
 3.54813389e+07 -5.37363114e+01  2.05676385e-03 
 3.58921935e+07 -5.36921337e+01  2.06725150e-03 
 3.63078055e+07 -5.36484494e+01  2.07767459e-03 
 3.67282300e+07 -5.36052587e+01  2.08803159e-03 
 3.71535229e+07 -5.35625615e+01  2.09832099e-03 
 3.75837404e+07 -5.35203579e+01  2.10854126e-03 
 3.80189396e+07 -5.34786481e+01  2.11869087e-03 
 3.84591782e+07 -5.34374321e+01  2.12876830e-03 
 3.89045145e+07 -5.33967102e+01  2.13877201e-03 
 3.93550075e+07 -5.33564824e+01  2.14870047e-03 
 3.98107171e+07 -5.33167491e+01  2.15855214e-03 
 4.02717034e+07 -5.32775106e+01  2.16832547e-03 
 4.07380278e+07 -5.32387671e+01  2.17801891e-03 
 4.12097519e+07 -5.32005190e+01  2.18763089e-03 
 4.16869383e+07 -5.31627669e+01  2.19715987e-03 
 4.21696503e+07 -5.31255110e+01  2.20660424e-03 
 4.26579519e+07 -5.30887521e+01  2.21596244e-03 
 4.31519077e+07 -5.30524907e+01  2.22523286e-03 
 4.36515832e+07 -5.30167275e+01  2.23441390e-03 
 4.41570447e+07 -5.29814632e+01  2.24350395e-03 
 4.46683592e+07 -5.29466987e+01  2.25250138e-03 
 4.51855944e+07 -5.29124348e+01  2.26140454e-03 
 4.57088190e+07 -5.28786725e+01  2.27021178e-03 
 4.62381021e+07 -5.28454129e+01  2.27892145e-03 
 4.67735141e+07 -5.28126570e+01  2.28753184e-03 
 4.73151259e+07 -5.27804062e+01  2.29604128e-03 
 4.78630092e+07 -5.27486615e+01  2.30444805e-03 
 4.84172368e+07 -5.27174246e+01  2.31275043e-03 
 4.89778819e+07 -5.26866968e+01  2.32094667e-03 
 4.95450191e+07 -5.26564796e+01  2.32903502e-03 
 5.01187234e+07 -5.26267748e+01  2.33701371e-03 
 5.06990708e+07 -5.25975840e+01  2.34488095e-03 
 5.12861384e+07 -5.25689092e+01  2.35263493e-03 
 5.18800039e+07 -5.25407522e+01  2.36027383e-03 
 5.24807460e+07 -5.25131150e+01  2.36779581e-03 
 5.30884444e+07 -5.24859999e+01  2.37519902e-03 
 5.37031796e+07 -5.24594089e+01  2.38248159e-03 
 5.43250331e+07 -5.24333445e+01  2.38964163e-03 
 5.49540874e+07 -5.24078090e+01  2.39667724e-03 
 5.55904257e+07 -5.23828049e+01  2.40358650e-03 
 5.62341325e+07 -5.23583349e+01  2.41036747e-03 
 5.68852931e+07 -5.23344016e+01  2.41701820e-03 
 5.75439937e+07 -5.23110079e+01  2.42353673e-03 
 5.82103218e+07 -5.22881566e+01  2.42992109e-03 
 5.88843655e+07 -5.22658507e+01  2.43616928e-03 
 5.95662144e+07 -5.22440934e+01  2.44227930e-03 
 6.02559586e+07 -5.22228878e+01  2.44824913e-03 
 6.09536897e+07 -5.22022372e+01  2.45407676e-03 
 6.16595002e+07 -5.21821448e+01  2.45976013e-03 
 6.23734835e+07 -5.21626143e+01  2.46529722e-03 
 6.30957344e+07 -5.21436491e+01  2.47068596e-03 
 6.38263486e+07 -5.21252527e+01  2.47592430e-03 
 6.45654229e+07 -5.21074291e+01  2.48101018e-03 
 6.53130553e+07 -5.20901818e+01  2.48594154e-03 
 6.60693448e+07 -5.20735148e+01  2.49071629e-03 
 6.68343918e+07 -5.20574320e+01  2.49533237e-03 
 6.76082975e+07 -5.20419374e+01  2.49978772e-03 
 6.83911647e+07 -5.20270351e+01  2.50408027e-03 
 6.91830971e+07 -5.20127292e+01  2.50820795e-03 
 6.99841996e+07 -5.19990240e+01  2.51216871e-03 
 7.07945784e+07 -5.19859236e+01  2.51596051e-03 
 7.16143410e+07 -5.19734324e+01  2.51958131e-03 
 7.24435960e+07 -5.19615548e+01  2.52302909e-03 
 7.32824533e+07 -5.19502952e+01  2.52630184e-03 
 7.41310241e+07 -5.19396581e+01  2.52939756e-03 
 7.49894209e+07 -5.19296479e+01  2.53231429e-03 
 7.58577575e+07 -5.19202691e+01  2.53505008e-03 
 7.67361489e+07 -5.19115264e+01  2.53760300e-03 
 7.76247117e+07 -5.19034243e+01  2.53997115e-03 
 7.85235635e+07 -5.18959675e+01  2.54215266e-03 
 7.94328235e+07 -5.18891604e+01  2.54414569e-03 
 8.03526122e+07 -5.18830079e+01  2.54594845e-03 
 8.12830516e+07 -5.18775144e+01  2.54755917e-03 
 8.22242650e+07 -5.18726847e+01  2.54897612e-03 
 8.31763771e+07 -5.18685233e+01  2.55019763e-03 
 8.41395142e+07 -5.18650348e+01  2.55122204e-03 
 8.51138038e+07 -5.18622239e+01  2.55204779e-03 
 8.60993752e+07 -5.18600951e+01  2.55267334e-03 
 8.70963590e+07 -5.18586530e+01  2.55309720e-03 
 8.81048873e+07 -5.18579020e+01  2.55331795e-03 
 8.91250938e+07 -5.18578466e+01  2.55333423e-03 
 9.01571138e+07 -5.18584913e+01  2.55314474e-03 
 9.12010839e+07 -5.18598402e+01  2.55274825e-03 
 9.22571427e+07 -5.18618979e+01  2.55214360e-03 
 9.33254301e+07 -5.18646684e+01  2.55132968e-03 
 9.44060876e+07 -5.18681559e+01  2.55030548e-03 
 9.54992586e+07 -5.18723645e+01  2.54907007e-03 
 9.66050879e+07 -5.18772982e+01  2.54762258e-03 
 9.77237221e+07 -5.18829609e+01  2.54596223e-03 
 9.88553095e+07 -5.18893563e+01  2.54408834e-03 
 1.00000000e+08 -5.18964881e+01  2.54200028e-03 
 1.01157945e+08 -5.19043600e+01  2.53969755e-03 
 1.02329299e+08 -5.19129753e+01  2.53717973e-03 
 1.03514217e+08 -5.19223375e+01  2.53444648e-03 
 1.04712855e+08 -5.19324497e+01  2.53149757e-03 
 1.05925373e+08 -5.19433150e+01  2.52833287e-03 
 1.07151931e+08 -5.19549363e+01  2.52495234e-03 
 1.08392691e+08 -5.19673164e+01  2.52135605e-03 
 1.09647820e+08 -5.19804580e+01  2.51754416e-03 
 1.10917482e+08 -5.19943636e+01  2.51351697e-03 
 1.12201845e+08 -5.20090354e+01  2.50927483e-03 
 1.13501082e+08 -5.20244756e+01  2.50481826e-03 
 1.14815362e+08 -5.20406862e+01  2.50014784e-03 
 1.16144861e+08 -5.20576690e+01  2.49526427e-03 
 1.17489755e+08 -5.20754257e+01  2.49016839e-03 
 1.18850223e+08 -5.20939576e+01  2.48486111e-03 
 1.20226443e+08 -5.21132661e+01  2.47934348e-03 
 1.21618600e+08 -5.21333521e+01  2.47361664e-03 
 1.23026877e+08 -5.21542167e+01  2.46768185e-03 
 1.24451461e+08 -5.21758603e+01  2.46154049e-03 
 1.25892541e+08 -5.21982836e+01  2.45519404e-03 
 1.27350308e+08 -5.22214867e+01  2.44864408e-03 
 1.28824955e+08 -5.22454698e+01  2.44189233e-03 
 1.30316678e+08 -5.22702326e+01  2.43494059e-03 
 1.31825674e+08 -5.22957748e+01  2.42779078e-03 
 1.33352143e+08 -5.23220959e+01  2.42044493e-03 
 1.34896288e+08 -5.23491950e+01  2.41290516e-03 
 1.36458314e+08 -5.23770710e+01  2.40517371e-03 
 1.38038426e+08 -5.24057229e+01  2.39725291e-03 
 1.39636836e+08 -5.24351491e+01  2.38914520e-03 
 1.41253754e+08 -5.24653480e+01  2.38085311e-03 
 1.42889396e+08 -5.24963176e+01  2.37237927e-03 
 1.44543977e+08 -5.25280559e+01  2.36372640e-03 
 1.46217717e+08 -5.25605605e+01  2.35489733e-03 
 1.47910839e+08 -5.25938288e+01  2.34589494e-03 
 1.49623566e+08 -5.26278582e+01  2.33672223e-03 
 1.51356125e+08 -5.26626455e+01  2.32738228e-03 
 1.53108746e+08 -5.26981877e+01  2.31787823e-03 
 1.54881662e+08 -5.27344812e+01  2.30821331e-03 
 1.56675107e+08 -5.27715224e+01  2.29839083e-03 
 1.58489319e+08 -5.28093074e+01  2.28841417e-03 
 1.60324539e+08 -5.28478323e+01  2.27828676e-03 
 1.62181010e+08 -5.28870926e+01  2.26801211e-03 
 1.64058977e+08 -5.29270840e+01  2.25759379e-03 
 1.65958691e+08 -5.29678016e+01  2.24703542e-03 
 1.67880402e+08 -5.30092407e+01  2.23634068e-03 
 1.69824365e+08 -5.30513961e+01  2.22551330e-03 
 1.71790839e+08 -5.30942625e+01  2.21455705e-03 
 1.73780083e+08 -5.31378345e+01  2.20347576e-03 
 1.75792361e+08 -5.31821062e+01  2.19227327e-03 
 1.77827941e+08 -5.32270720e+01  2.18095348e-03 
 1.79887092e+08 -5.32727256e+01  2.16952031e-03 
 1.81970086e+08 -5.33190609e+01  2.15797770e-03 
 1.84077200e+08 -5.33660715e+01  2.14632965e-03 
 1.86208714e+08 -5.34137508e+01  2.13458013e-03 
 1.88364909e+08 -5.34620919e+01  2.12273316e-03 
 1.90546072e+08 -5.35110880e+01  2.11079277e-03 
 1.92752491e+08 -5.35607321e+01  2.09876299e-03 
 1.94984460e+08 -5.36110168e+01  2.08664785e-03 
 1.97242274e+08 -5.36619347e+01  2.07445140e-03 
 1.99526231e+08 -5.37134783e+01  2.06217769e-03 
 2.01836636e+08 -5.37656400e+01  2.04983073e-03 
 2.04173794e+08 -5.38184118e+01  2.03741457e-03 
 2.06538016e+08 -5.38717859e+01  2.02493322e-03 
 2.08929613e+08 -5.39257541e+01  2.01239068e-03 
 2.11348904e+08 -5.39803081e+01  1.99979093e-03 
 2.13796209e+08 -5.40354397e+01  1.98713794e-03 
 2.16271852e+08 -5.40911403e+01  1.97443565e-03 
 2.18776162e+08 -5.41474014e+01  1.96168796e-03 
 2.21309471e+08 -5.42042143e+01  1.94889878e-03 
 2.23872114e+08 -5.42615702e+01  1.93607194e-03 
 2.26464431e+08 -5.43194601e+01  1.92321127e-03 
 2.29086765e+08 -5.43778751e+01  1.91032054e-03 
 2.31739465e+08 -5.44368060e+01  1.89740350e-03 
 2.34422882e+08 -5.44962438e+01  1.88446385e-03 
 2.37137371e+08 -5.45561790e+01  1.87150525e-03 
 2.39883292e+08 -5.46166024e+01  1.85853130e-03 
 2.42661010e+08 -5.46775046e+01  1.84554556e-03 
 2.45470892e+08 -5.47388759e+01  1.83255156e-03 
 2.48313311e+08 -5.48007069e+01  1.81955276e-03 
 2.51188643e+08 -5.48629880e+01  1.80655256e-03 
 2.54097271e+08 -5.49257093e+01  1.79355431e-03 
 2.57039578e+08 -5.49888612e+01  1.78056133e-03 
 2.60015956e+08 -5.50524339e+01  1.76757685e-03 
 2.63026799e+08 -5.51164174e+01  1.75460405e-03 
 2.66072506e+08 -5.51808019e+01  1.74164606e-03 
 2.69153480e+08 -5.52455775e+01  1.72870595e-03 
 2.72270131e+08 -5.53107340e+01  1.71578672e-03 
 2.75422870e+08 -5.53762615e+01  1.70289130e-03 
 2.78612117e+08 -5.54421498e+01  1.69002259e-03 
 2.81838293e+08 -5.55083890e+01  1.67718338e-03 
 2.85101827e+08 -5.55749688e+01  1.66437644e-03 
 2.88403150e+08 -5.56418791e+01  1.65160445e-03 
 2.91742701e+08 -5.57091097e+01  1.63887004e-03 
 2.95120923e+08 -5.57766503e+01  1.62617576e-03 
 2.98538262e+08 -5.58444909e+01  1.61352410e-03 
 3.01995172e+08 -5.59126210e+01  1.60091750e-03 
 3.05492111e+08 -5.59810304e+01  1.58835831e-03 
 3.09029543e+08 -5.60497090e+01  1.57584883e-03 
 3.12607937e+08 -5.61186462e+01  1.56339129e-03 
 3.16227766e+08 -5.61878320e+01  1.55098786e-03 
 3.19889511e+08 -5.62572560e+01  1.53864064e-03 
 3.23593657e+08 -5.63269078e+01  1.52635168e-03 
 3.27340695e+08 -5.63967772e+01  1.51412294e-03 
 3.31131121e+08 -5.64668539e+01  1.50195633e-03 
 3.34965439e+08 -5.65371275e+01  1.48985371e-03 
 3.38844156e+08 -5.66075877e+01  1.47781685e-03 
 3.42767787e+08 -5.66782243e+01  1.46584748e-03 
 3.46736850e+08 -5.67490270e+01  1.45394726e-03 
 3.50751874e+08 -5.68199853e+01  1.44211778e-03 
 3.54813389e+08 -5.68910892e+01  1.43036060e-03 
 3.58921935e+08 -5.69623283e+01  1.41867719e-03 
 3.63078055e+08 -5.70336923e+01  1.40706897e-03 
 3.67282300e+08 -5.71051710e+01  1.39553731e-03 
 3.71535229e+08 -5.71767541e+01  1.38408351e-03 
 3.75837404e+08 -5.72484315e+01  1.37270882e-03 
 3.80189396e+08 -5.73201930e+01  1.36141444e-03 
 3.84591782e+08 -5.73920283e+01  1.35020150e-03 
 3.89045145e+08 -5.74639273e+01  1.33907110e-03 
 3.93550075e+08 -5.75358798e+01  1.32802426e-03 
 3.98107171e+08 -5.76078757e+01  1.31706198e-03 
 4.02717034e+08 -5.76799050e+01  1.30618517e-03 
 4.07380278e+08 -5.77519575e+01  1.29539472e-03 
 4.12097519e+08 -5.78240232e+01  1.28469147e-03 
 4.16869383e+08 -5.78960920e+01  1.27407619e-03 
 4.21696503e+08 -5.79681540e+01  1.26354961e-03 
 4.26579519e+08 -5.80401992e+01  1.25311244e-03 
 4.31519077e+08 -5.81122176e+01  1.24276531e-03 
 4.36515832e+08 -5.81841993e+01  1.23250882e-03 
 4.41570447e+08 -5.82561344e+01  1.22234354e-03 
 4.46683592e+08 -5.83280131e+01  1.21226997e-03 
 4.51855944e+08 -5.83998255e+01  1.20228858e-03 
 4.57088190e+08 -5.84715620e+01  1.19239982e-03 
 4.62381021e+08 -5.85432126e+01  1.18260407e-03 
 4.67735141e+08 -5.86147678e+01  1.17290169e-03 
 4.73151259e+08 -5.86862178e+01  1.16329298e-03 
 4.78630092e+08 -5.87575531e+01  1.15377824e-03 
 4.84172368e+08 -5.88287640e+01  1.14435771e-03 
 4.89778819e+08 -5.88998410e+01  1.13503159e-03 
 4.95450191e+08 -5.89707746e+01  1.12580007e-03 
 5.01187234e+08 -5.90415554e+01  1.11666327e-03 
 5.06990708e+08 -5.91121739e+01  1.10762132e-03 
 5.12861384e+08 -5.91826208e+01  1.09867429e-03 
 5.18800039e+08 -5.92528868e+01  1.08982222e-03 
 5.24807460e+08 -5.93229627e+01  1.08106514e-03 
 5.30884444e+08 -5.93928393e+01  1.07240304e-03 
 5.37031796e+08 -5.94625074e+01  1.06383587e-03 
 5.43250331e+08 -5.95319580e+01  1.05536357e-03 
 5.49540874e+08 -5.96011821e+01  1.04698605e-03 
 5.55904257e+08 -5.96701707e+01  1.03870319e-03 
 5.62341325e+08 -5.97389149e+01  1.03051485e-03 
 5.68852931e+08 -5.98074060e+01  1.02242085e-03 
 5.75439937e+08 -5.98756353e+01  1.01442101e-03 
 5.82103218e+08 -5.99435939e+01  1.00651512e-03 
 5.88843655e+08 -6.00112734e+01  9.98702938e-04 
 5.95662144e+08 -6.00786653e+01  9.90984209e-04 
 6.02559586e+08 -6.01457611e+01  9.83358655e-04 
 6.09536897e+08 -6.02125525e+01  9.75825979e-04 
 6.16595002e+08 -6.02790312e+01  9.68385866e-04 
 6.23734835e+08 -6.03451890e+01  9.61037979e-04 
 6.30957344e+08 -6.04110179e+01  9.53781966e-04 
 6.38263486e+08 -6.04765098e+01  9.46617456e-04 
 6.45654229e+08 -6.05416570e+01  9.39544060e-04 
 6.53130553e+08 -6.06064515e+01  9.32561376e-04 
 6.60693448e+08 -6.06708858e+01  9.25668983e-04 
 6.68343918e+08 -6.07349521e+01  9.18866447e-04 
 6.76082975e+08 -6.07986431e+01  9.12153319e-04 
 6.83911647e+08 -6.08619514e+01  9.05529135e-04 
 6.91830971e+08 -6.09248698e+01  8.98993418e-04 
 6.99841996e+08 -6.09873910e+01  8.92545678e-04 
 7.07945784e+08 -6.10495081e+01  8.86185413e-04 
 7.16143410e+08 -6.11112141e+01  8.79912107e-04 
 7.24435960e+08 -6.11725024e+01  8.73725235e-04 
 7.32824533e+08 -6.12333663e+01  8.67624260e-04 
 7.41310241e+08 -6.12937992e+01  8.61608632e-04 
 7.49894209e+08 -6.13537948e+01  8.55677794e-04 
 7.58577575e+08 -6.14133468e+01  8.49831177e-04 
 7.67361489e+08 -6.14724492e+01  8.44068205e-04 
 7.76247117e+08 -6.15310959e+01  8.38388290e-04 
 7.85235635e+08 -6.15892812e+01  8.32790837e-04 
 7.94328235e+08 -6.16469994e+01  8.27275243e-04 
 8.03526122e+08 -6.17042450e+01  8.21840897e-04 
 8.12830516e+08 -6.17610126e+01  8.16487181e-04 
 8.22242650e+08 -6.18172970e+01  8.11213468e-04 
 8.31763771e+08 -6.18730930e+01  8.06019126e-04 
 8.41395142e+08 -6.19283960e+01  8.00903518e-04 
 8.51138038e+08 -6.19832010e+01  7.95865997e-04 
 8.60993752e+08 -6.20375035e+01  7.90905914e-04 
 8.70963590e+08 -6.20912992e+01  7.86022612e-04 
 8.81048873e+08 -6.21445837e+01  7.81215432e-04 
 8.91250938e+08 -6.21973530e+01  7.76483708e-04 
 9.01571138e+08 -6.22496032e+01  7.71826770e-04 
 9.12010839e+08 -6.23013306e+01  7.67243944e-04 
 9.22571427e+08 -6.23525316e+01  7.62734552e-04 
 9.33254301e+08 -6.24032028e+01  7.58297914e-04 
 9.44060876e+08 -6.24533410e+01  7.53933344e-04 
 9.54992586e+08 -6.25029432e+01  7.49640156e-04 
 9.66050879e+08 -6.25520065e+01  7.45417659e-04 
 9.77237221e+08 -6.26005282e+01  7.41265160e-04 
 9.88553095e+08 -6.26485059e+01  7.37181967e-04 
 1.00000000e+09 -6.26959373e+01  7.33167380e-04 
