 1.00000000e+00 -6.98222441e+01  3.22766011e-04 
 1.01157945e+00 -6.98222457e+01  3.22765950e-04 
 1.02329299e+00 -6.98222474e+01  3.22765889e-04 
 1.03514217e+00 -6.98222491e+01  3.22765826e-04 
 1.04712855e+00 -6.98222508e+01  3.22765762e-04 
 1.05925373e+00 -6.98222526e+01  3.22765696e-04 
 1.07151931e+00 -6.98222544e+01  3.22765628e-04 
 1.08392691e+00 -6.98222563e+01  3.22765559e-04 
 1.09647820e+00 -6.98222582e+01  3.22765489e-04 
 1.10917482e+00 -6.98222601e+01  3.22765417e-04 
 1.12201845e+00 -6.98222621e+01  3.22765343e-04 
 1.13501082e+00 -6.98222641e+01  3.22765267e-04 
 1.14815362e+00 -6.98222662e+01  3.22765190e-04 
 1.16144861e+00 -6.98222683e+01  3.22765111e-04 
 1.17489755e+00 -6.98222705e+01  3.22765030e-04 
 1.18850223e+00 -6.98222727e+01  3.22764947e-04 
 1.20226443e+00 -6.98222750e+01  3.22764862e-04 
 1.21618600e+00 -6.98222774e+01  3.22764775e-04 
 1.23026877e+00 -6.98222798e+01  3.22764686e-04 
 1.24451461e+00 -6.98222822e+01  3.22764595e-04 
 1.25892541e+00 -6.98222847e+01  3.22764502e-04 
 1.27350308e+00 -6.98222873e+01  3.22764407e-04 
 1.28824955e+00 -6.98222899e+01  3.22764310e-04 
 1.30316678e+00 -6.98222926e+01  3.22764210e-04 
 1.31825674e+00 -6.98222953e+01  3.22764108e-04 
 1.33352143e+00 -6.98222981e+01  3.22764004e-04 
 1.34896288e+00 -6.98223010e+01  3.22763897e-04 
 1.36458314e+00 -6.98223042e+01  3.22763779e-04 
 1.38038426e+00 -6.98223072e+01  3.22763667e-04 
 1.39636836e+00 -6.98223103e+01  3.22763553e-04 
 1.41253754e+00 -6.98223134e+01  3.22763436e-04 
 1.42889396e+00 -6.98223165e+01  3.22763320e-04 
 1.44543977e+00 -6.98223198e+01  3.22763197e-04 
 1.46217717e+00 -6.98223232e+01  3.22763072e-04 
 1.47910839e+00 -6.98223267e+01  3.22762943e-04 
 1.49623566e+00 -6.98223302e+01  3.22762812e-04 
 1.51356125e+00 -6.98223338e+01  3.22762677e-04 
 1.53108746e+00 -6.98223375e+01  3.22762540e-04 
 1.54881662e+00 -6.98223413e+01  3.22762399e-04 
 1.56675107e+00 -6.98223452e+01  3.22762255e-04 
 1.58489319e+00 -6.98223492e+01  3.22762107e-04 
 1.60324539e+00 -6.98223532e+01  3.22761957e-04 
 1.62181010e+00 -6.98223574e+01  3.22761802e-04 
 1.64058977e+00 -6.98223616e+01  3.22761644e-04 
 1.65958691e+00 -6.98223660e+01  3.22761482e-04 
 1.67880402e+00 -6.98223704e+01  3.22761317e-04 
 1.69824365e+00 -6.98223750e+01  3.22761148e-04 
 1.71790839e+00 -6.98223796e+01  3.22760975e-04 
 1.73780083e+00 -6.98223844e+01  3.22760797e-04 
 1.75792361e+00 -6.98223893e+01  3.22760616e-04 
 1.77827941e+00 -6.98223943e+01  3.22760430e-04 
 1.79887092e+00 -6.98223994e+01  3.22760240e-04 
 1.81970086e+00 -6.98224045e+01  3.22760050e-04 
 1.84077200e+00 -6.98224099e+01  3.22759851e-04 
 1.86208714e+00 -6.98224153e+01  3.22759648e-04 
 1.88364909e+00 -6.98224209e+01  3.22759439e-04 
 1.90546072e+00 -6.98224267e+01  3.22759226e-04 
 1.92752491e+00 -6.98224326e+01  3.22759008e-04 
 1.94984460e+00 -6.98224386e+01  3.22758785e-04 
 1.97242274e+00 -6.98224447e+01  3.22758557e-04 
 1.99526231e+00 -6.98224510e+01  3.22758323e-04 
 2.01836636e+00 -6.98224574e+01  3.22758084e-04 
 2.04173794e+00 -6.98224640e+01  3.22757839e-04 
 2.06538016e+00 -6.98224708e+01  3.22757589e-04 
 2.08929613e+00 -6.98224779e+01  3.22757324e-04 
 2.11348904e+00 -6.98224849e+01  3.22757062e-04 
 2.13796209e+00 -6.98224922e+01  3.22756794e-04 
 2.16271852e+00 -6.98224994e+01  3.22756523e-04 
 2.18776162e+00 -6.98225070e+01  3.22756242e-04 
 2.21309471e+00 -6.98225147e+01  3.22755955e-04 
 2.23872114e+00 -6.98225226e+01  3.22755661e-04 
 2.26464431e+00 -6.98225307e+01  3.22755360e-04 
 2.29086765e+00 -6.98225390e+01  3.22755052e-04 
 2.31739465e+00 -6.98225475e+01  3.22754736e-04 
 2.34422882e+00 -6.98225562e+01  3.22754414e-04 
 2.37137371e+00 -6.98225651e+01  3.22754084e-04 
 2.39883292e+00 -6.98225742e+01  3.22753746e-04 
 2.42661010e+00 -6.98225834e+01  3.22753405e-04 
 2.45470892e+00 -6.98225929e+01  3.22753051e-04 
 2.48313311e+00 -6.98226026e+01  3.22752689e-04 
 2.51188643e+00 -6.98226126e+01  3.22752319e-04 
 2.54097271e+00 -6.98226228e+01  3.22751940e-04 
 2.57039578e+00 -6.98226332e+01  3.22751552e-04 
 2.60015956e+00 -6.98226439e+01  3.22751155e-04 
 2.63026799e+00 -6.98226548e+01  3.22750749e-04 
 2.66072506e+00 -6.98226662e+01  3.22750325e-04 
 2.69153480e+00 -6.98226776e+01  3.22749904e-04 
 2.72270131e+00 -6.98226893e+01  3.22749469e-04 
 2.75422870e+00 -6.98227013e+01  3.22749024e-04 
 2.78612117e+00 -6.98227135e+01  3.22748568e-04 
 2.81838293e+00 -6.98227261e+01  3.22748102e-04 
 2.85101827e+00 -6.98227389e+01  3.22747625e-04 
 2.88403150e+00 -6.98227520e+01  3.22747137e-04 
 2.91742701e+00 -6.98227654e+01  3.22746641e-04 
 2.95120923e+00 -6.98227791e+01  3.22746130e-04 
 2.98538262e+00 -6.98227931e+01  3.22745611e-04 
 3.01995172e+00 -6.98228075e+01  3.22745076e-04 
 3.05492111e+00 -6.98228222e+01  3.22744528e-04 
 3.09029543e+00 -6.98228373e+01  3.22743968e-04 
 3.12607937e+00 -6.98228528e+01  3.22743394e-04 
 3.16227766e+00 -6.98228687e+01  3.22742803e-04 
 3.19889511e+00 -6.98228848e+01  3.22742203e-04 
 3.23593657e+00 -6.98229014e+01  3.22741588e-04 
 3.27340695e+00 -6.98229183e+01  3.22740959e-04 
 3.31131121e+00 -6.98229356e+01  3.22740316e-04 
 3.34965439e+00 -6.98229532e+01  3.22739661e-04 
 3.38844156e+00 -6.98229714e+01  3.22738988e-04 
 3.42767787e+00 -6.98229899e+01  3.22738298e-04 
 3.46736850e+00 -6.98230089e+01  3.22737592e-04 
 3.50751874e+00 -6.98230283e+01  3.22736870e-04 
 3.54813389e+00 -6.98230481e+01  3.22736136e-04 
 3.58921935e+00 -6.98230687e+01  3.22735371e-04 
 3.63078055e+00 -6.98230895e+01  3.22734598e-04 
 3.67282300e+00 -6.98231108e+01  3.22733806e-04 
 3.71535229e+00 -6.98231325e+01  3.22733000e-04 
 3.75837404e+00 -6.98231548e+01  3.22732171e-04 
 3.80189396e+00 -6.98231776e+01  3.22731323e-04 
 3.84591782e+00 -6.98232010e+01  3.22730455e-04 
 3.89045145e+00 -6.98232248e+01  3.22729571e-04 
 3.93550075e+00 -6.98232495e+01  3.22728654e-04 
 3.98107171e+00 -6.98232745e+01  3.22727724e-04 
 4.02717034e+00 -6.98233001e+01  3.22726772e-04 
 4.07380278e+00 -6.98233262e+01  3.22725802e-04 
 4.12097519e+00 -6.98233530e+01  3.22724806e-04 
 4.16869383e+00 -6.98233805e+01  3.22723786e-04 
 4.21696503e+00 -6.98234085e+01  3.22722747e-04 
 4.26579519e+00 -6.98234374e+01  3.22721671e-04 
 4.31519077e+00 -6.98234668e+01  3.22720578e-04 
 4.36515832e+00 -6.98234968e+01  3.22719464e-04 
 4.41570447e+00 -6.98235276e+01  3.22718320e-04 
 4.46683592e+00 -6.98235591e+01  3.22717149e-04 
 4.51855944e+00 -6.98235915e+01  3.22715947e-04 
 4.57088190e+00 -6.98236245e+01  3.22714721e-04 
 4.62381021e+00 -6.98236581e+01  3.22713471e-04 
 4.67735141e+00 -6.98236928e+01  3.22712183e-04 
 4.73151259e+00 -6.98237281e+01  3.22710869e-04 
 4.78630092e+00 -6.98237645e+01  3.22709517e-04 
 4.84172368e+00 -6.98238014e+01  3.22708146e-04 
 4.89778819e+00 -6.98238393e+01  3.22706738e-04 
 4.95450191e+00 -6.98238780e+01  3.22705302e-04 
 5.01187234e+00 -6.98239176e+01  3.22703829e-04 
 5.06990708e+00 -6.98239583e+01  3.22702316e-04 
 5.12861384e+00 -6.98239999e+01  3.22700773e-04 
 5.18800039e+00 -6.98240423e+01  3.22699198e-04 
 5.24807460e+00 -6.98240858e+01  3.22697583e-04 
 5.30884444e+00 -6.98241304e+01  3.22695925e-04 
 5.37031796e+00 -6.98241759e+01  3.22694233e-04 
 5.43250331e+00 -6.98242224e+01  3.22692506e-04 
 5.49540874e+00 -6.98242701e+01  3.22690735e-04 
 5.55904257e+00 -6.98243190e+01  3.22688918e-04 
 5.62341325e+00 -6.98243689e+01  3.22687063e-04 
 5.68852931e+00 -6.98244199e+01  3.22685169e-04 
 5.75439937e+00 -6.98244721e+01  3.22683230e-04 
 5.82103218e+00 -6.98245257e+01  3.22681239e-04 
 5.88843655e+00 -6.98245804e+01  3.22679205e-04 
 5.95662144e+00 -6.98246363e+01  3.22677128e-04 
 6.02559586e+00 -6.98246938e+01  3.22674994e-04 
 6.09536897e+00 -6.98247524e+01  3.22672815e-04 
 6.16595002e+00 -6.98248124e+01  3.22670589e-04 
 6.23734835e+00 -6.98248739e+01  3.22668303e-04 
 6.30957344e+00 -6.98249367e+01  3.22665968e-04 
 6.38263486e+00 -6.98250009e+01  3.22663583e-04 
 6.45654229e+00 -6.98250669e+01  3.22661134e-04 
 6.53130553e+00 -6.98251341e+01  3.22658637e-04 
 6.60693448e+00 -6.98252032e+01  3.22656069e-04 
 6.68343918e+00 -6.98252736e+01  3.22653453e-04 
 6.76082975e+00 -6.98253458e+01  3.22650773e-04 
 6.83911647e+00 -6.98254198e+01  3.22648026e-04 
 6.91830971e+00 -6.98254952e+01  3.22645224e-04 
 6.99841996e+00 -6.98255725e+01  3.22642352e-04 
 7.07945784e+00 -6.98256517e+01  3.22639409e-04 
 7.16143410e+00 -6.98257326e+01  3.22636406e-04 
 7.24435960e+00 -6.98258155e+01  3.22633325e-04 
 7.32824533e+00 -6.98259002e+01  3.22630180e-04 
 7.41310241e+00 -6.98259870e+01  3.22626954e-04 
 7.49894209e+00 -6.98260757e+01  3.22623661e-04 
 7.58577575e+00 -6.98261665e+01  3.22620288e-04 
 7.67361489e+00 -6.98262593e+01  3.22616840e-04 
 7.76247117e+00 -6.98263545e+01  3.22613304e-04 
 7.85235635e+00 -6.98264520e+01  3.22609685e-04 
 7.94328235e+00 -6.98265514e+01  3.22605991e-04 
 8.03526122e+00 -6.98266534e+01  3.22602202e-04 
 8.12830516e+00 -6.98267576e+01  3.22598334e-04 
 8.22242650e+00 -6.98268643e+01  3.22594371e-04 
 8.31763771e+00 -6.98269734e+01  3.22590321e-04 
 8.41395142e+00 -6.98270853e+01  3.22586163e-04 
 8.51138038e+00 -6.98271995e+01  3.22581922e-04 
 8.60993752e+00 -6.98273165e+01  3.22577578e-04 
 8.70963590e+00 -6.98274363e+01  3.22573128e-04 
 8.81048873e+00 -6.98275589e+01  3.22568575e-04 
 8.91250938e+00 -6.98276842e+01  3.22563921e-04 
 9.01571138e+00 -6.98278122e+01  3.22559167e-04 
 9.12010839e+00 -6.98279435e+01  3.22554294e-04 
 9.22571427e+00 -6.98280776e+01  3.22549311e-04 
 9.33254301e+00 -6.98282150e+01  3.22544209e-04 
 9.44060876e+00 -6.98283557e+01  3.22538983e-04 
 9.54992586e+00 -6.98284996e+01  3.22533641e-04 
 9.66050879e+00 -6.98286469e+01  3.22528170e-04 
 9.77237221e+00 -6.98287977e+01  3.22522572e-04 
 9.88553095e+00 -6.98289516e+01  3.22516857e-04 
 1.00000000e+01 -6.98291095e+01  3.22510996e-04 
 1.01157945e+01 -6.98292709e+01  3.22505003e-04 
 1.02329299e+01 -6.98294360e+01  3.22498871e-04 
 1.03514217e+01 -6.98296049e+01  3.22492601e-04 
 1.04712855e+01 -6.98297778e+01  3.22486181e-04 
 1.05925373e+01 -6.98299548e+01  3.22479611e-04 
 1.07151931e+01 -6.98301358e+01  3.22472889e-04 
 1.08392691e+01 -6.98303210e+01  3.22466015e-04 
 1.09647820e+01 -6.98305108e+01  3.22458969e-04 
 1.10917482e+01 -6.98307048e+01  3.22451768e-04 
 1.12201845e+01 -6.98309033e+01  3.22444399e-04 
 1.13501082e+01 -6.98311064e+01  3.22436859e-04 
 1.14815362e+01 -6.98313140e+01  3.22429153e-04 
 1.16144861e+01 -6.98315268e+01  3.22421250e-04 
 1.17489755e+01 -6.98317444e+01  3.22413173e-04 
 1.18850223e+01 -6.98319671e+01  3.22404908e-04 
 1.20226443e+01 -6.98321949e+01  3.22396451e-04 
 1.21618600e+01 -6.98324280e+01  3.22387803e-04 
 1.23026877e+01 -6.98326666e+01  3.22378945e-04 
 1.24451461e+01 -6.98329106e+01  3.22369890e-04 
 1.25892541e+01 -6.98331605e+01  3.22360616e-04 
 1.27350308e+01 -6.98334159e+01  3.22351135e-04 
 1.28824955e+01 -6.98336774e+01  3.22341431e-04 
 1.30316678e+01 -6.98339451e+01  3.22331497e-04 
 1.31825674e+01 -6.98342188e+01  3.22321341e-04 
 1.33352143e+01 -6.98344990e+01  3.22310941e-04 
 1.34896288e+01 -6.98347857e+01  3.22300304e-04 
 1.36458314e+01 -6.98350789e+01  3.22289424e-04 
 1.38038426e+01 -6.98353792e+01  3.22278284e-04 
 1.39636836e+01 -6.98356864e+01  3.22266885e-04 
 1.41253754e+01 -6.98360005e+01  3.22255231e-04 
 1.42889396e+01 -6.98363219e+01  3.22243307e-04 
 1.44543977e+01 -6.98366509e+01  3.22231101e-04 
 1.46217717e+01 -6.98369877e+01  3.22218605e-04 
 1.47910839e+01 -6.98373322e+01  3.22205827e-04 
 1.49623566e+01 -6.98376846e+01  3.22192753e-04 
 1.51356125e+01 -6.98380451e+01  3.22179381e-04 
 1.53108746e+01 -6.98384141e+01  3.22165695e-04 
 1.54881662e+01 -6.98387918e+01  3.22151687e-04 
 1.56675107e+01 -6.98391780e+01  3.22137364e-04 
 1.58489319e+01 -6.98395732e+01  3.22122708e-04 
 1.60324539e+01 -6.98399778e+01  3.22107701e-04 
 1.62181010e+01 -6.98403917e+01  3.22092355e-04 
 1.64058977e+01 -6.98408150e+01  3.22076658e-04 
 1.65958691e+01 -6.98412483e+01  3.22060589e-04 
 1.67880402e+01 -6.98416915e+01  3.22044157e-04 
 1.69824365e+01 -6.98421451e+01  3.22027340e-04 
 1.71790839e+01 -6.98426092e+01  3.22010134e-04 
 1.73780083e+01 -6.98430841e+01  3.21992530e-04 
 1.75792361e+01 -6.98435699e+01  3.21974519e-04 
 1.77827941e+01 -6.98440671e+01  3.21956092e-04 
 1.79887092e+01 -6.98445757e+01  3.21937239e-04 
 1.81970086e+01 -6.98450961e+01  3.21917950e-04 
 1.84077200e+01 -6.98456287e+01  3.21898211e-04 
 1.86208714e+01 -6.98461735e+01  3.21878024e-04 
 1.88364909e+01 -6.98467309e+01  3.21857367e-04 
 1.90546072e+01 -6.98473013e+01  3.21836233e-04 
 1.92752491e+01 -6.98478850e+01  3.21814606e-04 
 1.94984460e+01 -6.98484819e+01  3.21792489e-04 
 1.97242274e+01 -6.98490930e+01  3.21769853e-04 
 1.99526231e+01 -6.98497180e+01  3.21746698e-04 
 2.01836636e+01 -6.98503575e+01  3.21723010e-04 
 2.04173794e+01 -6.98510119e+01  3.21698775e-04 
 2.06538016e+01 -6.98516813e+01  3.21673981e-04 
 2.08929613e+01 -6.98523662e+01  3.21648619e-04 
 2.11348904e+01 -6.98530670e+01  3.21622669e-04 
 2.13796209e+01 -6.98537841e+01  3.21596116e-04 
 2.16271852e+01 -6.98545176e+01  3.21568960e-04 
 2.18776162e+01 -6.98552681e+01  3.21541175e-04 
 2.21309471e+01 -6.98560361e+01  3.21512745e-04 
 2.23872114e+01 -6.98568218e+01  3.21483665e-04 
 2.26464431e+01 -6.98576257e+01  3.21453912e-04 
 2.29086765e+01 -6.98584481e+01  3.21423478e-04 
 2.31739465e+01 -6.98592893e+01  3.21392348e-04 
 2.34422882e+01 -6.98601504e+01  3.21360490e-04 
 2.37137371e+01 -6.98610308e+01  3.21327916e-04 
 2.39883292e+01 -6.98619320e+01  3.21294581e-04 
 2.42661010e+01 -6.98628537e+01  3.21260489e-04 
 2.45470892e+01 -6.98637969e+01  3.21225605e-04 
 2.48313311e+01 -6.98647617e+01  3.21189925e-04 
 2.51188643e+01 -6.98657488e+01  3.21153425e-04 
 2.54097271e+01 -6.98667588e+01  3.21116084e-04 
 2.57039578e+01 -6.98677916e+01  3.21077903e-04 
 2.60015956e+01 -6.98688489e+01  3.21038822e-04 
 2.63026799e+01 -6.98699302e+01  3.20998861e-04 
 2.66072506e+01 -6.98710362e+01  3.20957990e-04 
 2.69153480e+01 -6.98721681e+01  3.20916165e-04 
 2.72270131e+01 -6.98733259e+01  3.20873391e-04 
 2.75422870e+01 -6.98745103e+01  3.20829643e-04 
 2.78612117e+01 -6.98757222e+01  3.20784881e-04 
 2.81838293e+01 -6.98769618e+01  3.20739104e-04 
 2.85101827e+01 -6.98782300e+01  3.20692277e-04 
 2.88403150e+01 -6.98795269e+01  3.20644397e-04 
 2.91742701e+01 -6.98808542e+01  3.20595402e-04 
 2.95120923e+01 -6.98822117e+01  3.20545302e-04 
 2.98538262e+01 -6.98836006e+01  3.20494050e-04 
 3.01995172e+01 -6.98850213e+01  3.20441634e-04 
 3.05492111e+01 -6.98864747e+01  3.20388019e-04 
 3.09029543e+01 -6.98879612e+01  3.20333191e-04 
 3.12607937e+01 -6.98894819e+01  3.20277115e-04 
 3.16227766e+01 -6.98910376e+01  3.20219754e-04 
 3.19889511e+01 -6.98926289e+01  3.20161092e-04 
 3.23593657e+01 -6.98942567e+01  3.20101098e-04 
 3.27340695e+01 -6.98959217e+01  3.20039744e-04 
 3.31131121e+01 -6.98976250e+01  3.19976989e-04 
 3.34965439e+01 -6.98956416e+01  3.20050067e-04 
 3.38844156e+01 -6.98974236e+01  3.19984409e-04 
 3.42767787e+01 -6.98992466e+01  3.19917258e-04 
 3.46736850e+01 -6.99011110e+01  3.19848596e-04 
 3.50751874e+01 -6.99030183e+01  3.19778370e-04 
 3.54813389e+01 -6.99049689e+01  3.19706564e-04 
 3.58921935e+01 -6.99069643e+01  3.19633127e-04 
 3.63078055e+01 -6.99090051e+01  3.19558035e-04 
 3.67282300e+01 -6.99110927e+01  3.19481244e-04 
 3.71535229e+01 -6.99132275e+01  3.19402730e-04 
 3.75837404e+01 -6.99154113e+01  3.19322437e-04 
 3.80189396e+01 -6.99176447e+01  3.19240340e-04 
 3.84591782e+01 -6.99199290e+01  3.19156395e-04 
 3.89045145e+01 -6.99222652e+01  3.19070562e-04 
 3.93550075e+01 -6.99246544e+01  3.18982810e-04 
 3.98107171e+01 -6.99270984e+01  3.18893070e-04 
 4.02717034e+01 -6.99295974e+01  3.18801335e-04 
 4.07380278e+01 -6.99321537e+01  3.18707522e-04 
 4.12097519e+01 -6.99347679e+01  3.18611617e-04 
 4.16869383e+01 -6.99374409e+01  3.18513580e-04 
 4.21696503e+01 -6.99401748e+01  3.18413342e-04 
 4.26579519e+01 -6.99429708e+01  3.18310863e-04 
 4.31519077e+01 -6.99458299e+01  3.18206101e-04 
 4.36515832e+01 -6.99487539e+01  3.18099001e-04 
 4.41570447e+01 -6.99517437e+01  3.17989525e-04 
 4.46683592e+01 -6.99548013e+01  3.17877606e-04 
 4.51855944e+01 -6.99579280e+01  3.17763201e-04 
 4.57088190e+01 -6.99611249e+01  3.17646265e-04 
 4.62381021e+01 -6.99643942e+01  3.17526729e-04 
 4.67735141e+01 -6.99677370e+01  3.17404551e-04 
 4.73151259e+01 -6.99711550e+01  3.17279675e-04 
 4.78630092e+01 -6.99746498e+01  3.17152041e-04 
 4.84172368e+01 -6.99782234e+01  3.17021582e-04 
 4.89778819e+01 -6.99818774e+01  3.16888245e-04 
 4.95450191e+01 -6.99856131e+01  3.16751986e-04 
 5.01187234e+01 -6.99894327e+01  3.16612725e-04 
 5.06990708e+01 -6.99933379e+01  3.16470407e-04 
 5.12861384e+01 -6.99973302e+01  3.16324979e-04 
 5.18800039e+01 -7.00014120e+01  3.16176363e-04 
 5.24807460e+01 -7.00055851e+01  3.16024496e-04 
 5.30884444e+01 -7.00098510e+01  3.15869323e-04 
 5.37031796e+01 -7.00142123e+01  3.15710760e-04 
 5.43250331e+01 -7.00186708e+01  3.15548747e-04 
 5.49540874e+01 -7.00232283e+01  3.15383220e-04 
 5.55904257e+01 -7.00278874e+01  3.15214094e-04 
 5.62341325e+01 -7.00326496e+01  3.15041320e-04 
 5.68852931e+01 -7.00375176e+01  3.14864806e-04 
 5.75439937e+01 -7.00424933e+01  3.14684488e-04 
 5.82103218e+01 -7.00475794e+01  3.14500277e-04 
 5.88843655e+01 -7.00527776e+01  3.14312114e-04 
 5.95662144e+01 -7.00580910e+01  3.14119900e-04 
 6.02559586e+01 -7.00635213e+01  3.13923577e-04 
 6.09536897e+01 -7.00690713e+01  3.13723056e-04 
 6.16595002e+01 -7.00747433e+01  3.13518257e-04 
 6.23734835e+01 -7.00805402e+01  3.13309088e-04 
 6.30957344e+01 -7.00864639e+01  3.13095486e-04 
 6.38263486e+01 -7.00925177e+01  3.12877343e-04 
 6.45654229e+01 -7.00987039e+01  3.12654587e-04 
 6.53130553e+01 -7.01050252e+01  3.12427132e-04 
 6.60693448e+01 -7.01114843e+01  3.12194885e-04 
 6.68343918e+01 -7.01180841e+01  3.11957760e-04 
 6.76082975e+01 -7.01248276e+01  3.11715659e-04 
 6.83911647e+01 -7.01317178e+01  3.11468485e-04 
 6.91830971e+01 -7.01387570e+01  3.11216166e-04 
 6.99841996e+01 -7.01459490e+01  3.10958582e-04 
 7.07945784e+01 -7.01532963e+01  3.10695659e-04 
 7.16143410e+01 -7.01608021e+01  3.10427291e-04 
 7.24435960e+01 -7.01684697e+01  3.10153377e-04 
 7.32824533e+01 -7.01763022e+01  3.09873821e-04 
 7.41310241e+01 -7.01843027e+01  3.09588533e-04 
 7.49894209e+01 -7.01924747e+01  3.09297398e-04 
 7.58577575e+01 -7.02008218e+01  3.09000306e-04 
 7.67361489e+01 -7.02093467e+01  3.08697184e-04 
 7.76247117e+01 -7.02180534e+01  3.08387901e-04 
 7.85235635e+01 -7.02269453e+01  3.08072361e-04 
 7.94328235e+01 -7.02360258e+01  3.07750458e-04 
 8.03526122e+01 -7.02452985e+01  3.07422093e-04 
 8.12830516e+01 -7.02547673e+01  3.07087142e-04 
 8.22242650e+01 -7.02607101e+01  3.06877108e-04 
 8.31763771e+01 -7.02705821e+01  3.06528526e-04 
 8.41395142e+01 -7.02806611e+01  3.06173038e-04 
 8.51138038e+01 -7.02909514e+01  3.05810525e-04 
 8.60993752e+01 -7.03014565e+01  3.05440887e-04 
 8.70963590e+01 -7.03121810e+01  3.05063992e-04 
 8.81048873e+01 -7.03231282e+01  3.04679750e-04 
 8.91250938e+01 -7.03343027e+01  3.04288028e-04 
 9.01571138e+01 -7.03457085e+01  3.03888716e-04 
 9.12010839e+01 -7.03573497e+01  3.03481706e-04 
 9.22571427e+01 -7.03692303e+01  3.03066884e-04 
 9.33254301e+01 -7.03813552e+01  3.02644119e-04 
 9.44060876e+01 -7.03937279e+01  3.02213323e-04 
 9.54992586e+01 -7.04063533e+01  3.01774359e-04 
 9.66050879e+01 -7.04192357e+01  3.01327117e-04 
 9.77237221e+01 -7.04323798e+01  3.00871471e-04 
 9.88553095e+01 -7.04457898e+01  3.00407319e-04 
 1.00000000e+02 -7.04594704e+01  2.99934540e-04 
 1.01157945e+02 -7.04734261e+01  2.99453018e-04 
 1.02329299e+02 -7.04876618e+01  2.98962634e-04 
 1.03514217e+02 -7.05021816e+01  2.98463288e-04 
 1.04712855e+02 -7.05169909e+01  2.97954847e-04 
 1.05925373e+02 -7.05320944e+01  2.97437196e-04 
 1.07151931e+02 -7.05474966e+01  2.96910237e-04 
 1.08392691e+02 -7.05632021e+01  2.96373858e-04 
 1.09647820e+02 -7.05792170e+01  2.95827914e-04 
 1.10917482e+02 -7.05955445e+01  2.95272347e-04 
 1.12201845e+02 -7.06084650e+01  2.94833447e-04 
 1.13501082e+02 -7.06254349e+01  2.94257984e-04 
 1.14815362e+02 -7.06427329e+01  2.93672551e-04 
 1.16144861e+02 -7.06603645e+01  2.93077025e-04 
 1.17489755e+02 -7.06783349e+01  2.92471301e-04 
 1.18850223e+02 -7.06966486e+01  2.91855289e-04 
 1.20226443e+02 -7.07153114e+01  2.91228874e-04 
 1.21618600e+02 -7.07343283e+01  2.90591954e-04 
 1.23026877e+02 -7.07537041e+01  2.89944446e-04 
 1.24451461e+02 -7.07734444e+01  2.89286243e-04 
 1.25892541e+02 -7.07935539e+01  2.88617263e-04 
 1.27350308e+02 -7.08140386e+01  2.87937396e-04 
 1.28824955e+02 -7.08349030e+01  2.87246568e-04 
 1.30316678e+02 -7.08561525e+01  2.86544698e-04 
 1.31825674e+02 -7.08777925e+01  2.85831690e-04 
 1.33352143e+02 -7.08998283e+01  2.85107461e-04 
 1.34896288e+02 -7.09185391e+01  2.84493956e-04 
 1.36458314e+02 -7.09413819e+01  2.83746755e-04 
 1.38038426e+02 -7.09646358e+01  2.82988124e-04 
 1.39636836e+02 -7.09883067e+01  2.82217971e-04 
 1.41253754e+02 -7.10123991e+01  2.81436257e-04 
 1.42889396e+02 -7.10369186e+01  2.80642907e-04 
 1.44543977e+02 -7.10618701e+01  2.79837876e-04 
 1.46217717e+02 -7.10872591e+01  2.79021098e-04 
 1.47910839e+02 -7.11130907e+01  2.78192531e-04 
 1.49623566e+02 -7.11393698e+01  2.77352132e-04 
 1.51356125e+02 -7.11661017e+01  2.76499860e-04 
 1.53108746e+02 -7.11932912e+01  2.75635682e-04 
 1.54881662e+02 -7.12172178e+01  2.74877447e-04 
 1.56675107e+02 -7.12453378e+01  2.73988989e-04 
 1.58489319e+02 -7.12739304e+01  2.73088542e-04 
 1.60324539e+02 -7.13030006e+01  2.72176091e-04 
 1.62181010e+02 -7.13325529e+01  2.71251629e-04 
 1.64058977e+02 -7.13625923e+01  2.70315150e-04 
 1.65958691e+02 -7.13931236e+01  2.69366647e-04 
 1.67880402e+02 -7.14241514e+01  2.68406130e-04 
 1.69824365e+02 -7.14556804e+01  2.67433605e-04 
 1.71790839e+02 -7.14839893e+01  2.66563410e-04 
 1.73780083e+02 -7.15165339e+01  2.65566508e-04 
 1.75792361e+02 -7.15495927e+01  2.64557675e-04 
 1.77827941e+02 -7.15831705e+01  2.63536925e-04 
 1.79887092e+02 -7.16172711e+01  2.62504313e-04 
 1.81970086e+02 -7.16518990e+01  2.61459876e-04 
 1.84077200e+02 -7.16870582e+01  2.60403664e-04 
 1.86208714e+02 -7.17227520e+01  2.59335757e-04 
 1.88364909e+02 -7.17552593e+01  2.58366995e-04 
 1.90546072e+02 -7.17920352e+01  2.57275388e-04 
 1.92752491e+02 -7.18293573e+01  2.56172280e-04 
 1.94984460e+02 -7.18672292e+01  2.55057758e-04 
 1.97242274e+02 -7.19056548e+01  2.53931898e-04 
 1.99526231e+02 -7.19446371e+01  2.52794806e-04 
 2.01836636e+02 -7.19804537e+01  2.51754541e-04 
 2.04173794e+02 -7.20205589e+01  2.50594801e-04 
 2.06538016e+02 -7.20612303e+01  2.49424140e-04 
 2.08929613e+02 -7.21024705e+01  2.48242694e-04 
 2.11348904e+02 -7.21442829e+01  2.47050568e-04 
 2.13796209e+02 -7.21866693e+01  2.45847918e-04 
 2.16271852e+02 -7.22259070e+01  2.44739829e-04 
 2.18776162e+02 -7.22694492e+01  2.43516022e-04 
 2.21309471e+02 -7.23135733e+01  2.42282103e-04 
 2.23872114e+02 -7.23582811e+01  2.41038239e-04 
 2.26464431e+02 -7.24035745e+01  2.39784594e-04 
 2.29086765e+02 -7.24457295e+01  2.38623673e-04 
 2.31739465e+02 -7.24921992e+01  2.37350439e-04 
 2.34422882e+02 -7.25392595e+01  2.36067947e-04 
 2.37137371e+02 -7.25869126e+01  2.34776362e-04 
 2.39883292e+02 -7.26314329e+01  2.33576075e-04 
 2.42661010e+02 -7.26802735e+01  2.32266365e-04 
 2.45470892e+02 -7.27297099e+01  2.30948160e-04 
 2.48313311e+02 -7.27797428e+01  2.29621665e-04 
 2.51188643e+02 -7.28266471e+01  2.28385036e-04 
 2.54097271e+02 -7.28778748e+01  2.27042031e-04 
 2.57039578e+02 -7.29297006e+01  2.25691378e-04 
 2.60015956e+02 -7.29821255e+01  2.24333289e-04 
 2.63026799e+02 -7.30314230e+01  2.23063674e-04 
 2.66072506e+02 -7.30850449e+01  2.21690844e-04 
 2.69153480e+02 -7.31392657e+01  2.20311269e-04 
 2.72270131e+02 -7.31940850e+01  2.18925197e-04 
 2.75422870e+02 -7.32457761e+01  2.17626207e-04 
 2.78612117e+02 -7.33017908e+01  2.16227268e-04 
 2.81838293e+02 -7.33584024e+01  2.14822555e-04 
 2.85101827e+02 -7.34118839e+01  2.13503895e-04 
 2.88403150e+02 -7.34696865e+01  2.12087795e-04 
 2.91742701e+02 -7.35280835e+01  2.10666668e-04 
 2.95120923e+02 -7.35833473e+01  2.09330560e-04 
 2.98538262e+02 -7.36429284e+01  2.07899566e-04 
 3.01995172e+02 -7.36993744e+01  2.06552892e-04 
 3.05492111e+02 -7.37601345e+01  2.05113041e-04 
 3.09029543e+02 -7.38214818e+01  2.03669459e-04 
 3.12607937e+02 -7.38796887e+01  2.02309168e-04 
 3.16227766e+02 -7.39422045e+01  2.00858295e-04 
 3.19889511e+02 -7.40053023e+01  1.99404468e-04 
 3.23593657e+02 -7.40652532e+01  1.98032897e-04 
 3.27340695e+02 -7.41295074e+01  1.96573345e-04 
 3.31131121e+02 -7.41906105e+01  1.95195354e-04 
 3.34965439e+02 -7.42560121e+01  1.93731124e-04 
 3.38844156e+02 -7.43182580e+01  1.92347746e-04 
 3.42767787e+02 -7.43847968e+01  1.90879883e-04 
 3.46736850e+02 -7.44481751e+01  1.89492160e-04 
 3.50751874e+02 -7.45158410e+01  1.88021689e-04 
 3.54813389e+02 -7.45803408e+01  1.86630646e-04 
 3.58921935e+02 -7.46491229e+01  1.85158587e-04 
 3.63078055e+02 -7.47147327e+01  1.83765240e-04 
 3.67282300e+02 -7.47846189e+01  1.82292607e-04 
 3.71535229e+02 -7.48513272e+01  1.80897947e-04 
 3.75837404e+02 -7.49223055e+01  1.79425731e-04 
 3.80189396e+02 -7.49900991e+01  1.78030761e-04 
 3.84591782e+02 -7.50584312e+01  1.76635683e-04 
 3.89045145e+02 -7.51310236e+01  1.75165600e-04 
 3.93550075e+02 -7.52004218e+01  1.73771645e-04 
 3.98107171e+02 -7.52740745e+01  1.72304363e-04 
 4.02717034e+02 -7.53445256e+01  1.70912458e-04 
 4.07380278e+02 -7.54154986e+01  1.69521611e-04 
 4.12097519e+02 -7.54907154e+01  1.68059951e-04 
 4.16869383e+02 -7.55627212e+01  1.66672496e-04 
 4.21696503e+02 -7.56352380e+01  1.65286772e-04 
 4.26579519e+02 -7.57082632e+01  1.63902977e-04 
 4.31519077e+02 -7.57855182e+01  1.62451636e-04 
 4.36515832e+02 -7.58595482e+01  1.61072941e-04 
 4.41570447e+02 -7.59340760e+01  1.59696796e-04 
 4.46683592e+02 -7.60090978e+01  1.58323400e-04 
 4.51855944e+02 -7.60846105e+01  1.56952948e-04 
 4.57088190e+02 -7.61643361e+01  1.55518907e-04 
 4.62381021e+02 -7.62408195e+01  1.54155501e-04 
 4.67735141e+02 -7.63177835e+01  1.52795592e-04 
 4.73151259e+02 -7.63952250e+01  1.51439355e-04 
 4.78630092e+02 -7.64731400e+01  1.50086974e-04 
 4.84172368e+02 -7.65515259e+01  1.48738606e-04 
 4.89778819e+02 -7.66303791e+01  1.47394421e-04 
 4.95450191e+02 -7.67096965e+01  1.46054578e-04 
 5.01187234e+02 -7.67894751e+01  1.44719230e-04 
 5.06990708e+02 -7.68697114e+01  1.43388535e-04 
 5.12861384e+02 -7.69504030e+01  1.42062630e-04 
 5.18800039e+02 -7.70315463e+01  1.40741665e-04 
 5.24807460e+02 -7.71131387e+01  1.39425774e-04 
 5.30884444e+02 -7.71951773e+01  1.38115092e-04 
 5.37031796e+02 -7.72739338e+01  1.36868437e-04 
 5.43250331e+02 -7.73568565e+01  1.35567996e-04 
 5.49540874e+02 -7.74402176e+01  1.34273132e-04 
 5.55904257e+02 -7.75240139e+01  1.32983973e-04 
 5.62341325e+02 -7.76045177e+01  1.31757127e-04 
 5.68852931e+02 -7.76891778e+01  1.30479147e-04 
 5.75439937e+02 -7.77742662e+01  1.29207193e-04 
 5.82103218e+02 -7.78560551e+01  1.27996250e-04 
 5.88843655e+02 -7.79419934e+01  1.26736097e-04 
 5.95662144e+02 -7.80283541e+01  1.25482249e-04 
 6.02559586e+02 -7.81114089e+01  1.24288102e-04 
 6.09536897e+02 -7.81986076e+01  1.23046600e-04 
 6.16595002e+02 -7.82824972e+01  1.21863919e-04 
 6.23734835e+02 -7.83705277e+01  1.20635080e-04 
 6.30957344e+02 -7.84552453e+01  1.19464188e-04 
 6.38263486e+02 -7.85403755e+01  1.18299041e-04 
 6.45654229e+02 -7.86296419e+01  1.17089488e-04 
 6.53130553e+02 -7.87155919e+01  1.15936559e-04 
 6.60693448e+02 -7.88019507e+01  1.14789579e-04 
 6.68343918e+02 -7.88887171e+01  1.13648614e-04 
 6.76082975e+02 -7.89758904e+01  1.12513719e-04 
 6.83911647e+02 -7.90671958e+01  1.11337178e-04 
 6.91830971e+02 -7.91551809e+01  1.10215063e-04 
 6.99841996e+02 -7.92435712e+01  1.09099168e-04 
 7.07945784e+02 -7.93323669e+01  1.07989531e-04 
 7.16143410e+02 -7.94215673e+01  1.06886200e-04 
 7.24435960e+02 -7.95074467e+01  1.05834598e-04 
 7.32824533e+02 -7.95974575e+01  1.04743510e-04 
 7.41310241e+02 -7.96878736e+01  1.03658835e-04 
 7.49894209e+02 -7.97786953e+01  1.02580600e-04 
 7.58577575e+02 -7.98661986e+01  1.01552371e-04 
 7.67361489e+02 -7.99578345e+01  1.00486629e-04 
 7.76247117e+02 -8.00498789e+01  9.94273941e-05 
 7.85235635e+02 -8.01386067e+01  9.84168959e-05 
 7.94328235e+02 -8.02314715e+01  9.73702809e-05 
 8.03526122e+02 -8.03210409e+01  9.63713526e-05 
 8.12830516e+02 -8.04110054e+01  9.53783340e-05 
 8.22242650e+02 -8.05013856e+01  9.43910290e-05 
 8.31763771e+02 -8.05959089e+01  9.33693974e-05 
 8.41395142e+02 -8.06871254e+01  9.23939912e-05 
 8.51138038e+02 -8.07787644e+01  9.14243287e-05 
 8.60993752e+02 -8.08708276e+01  9.04604238e-05 
 8.70963590e+02 -8.09633177e+01  8.95022832e-05 
 8.81048873e+02 -8.10562377e+01  8.85499079e-05 
 8.91250938e+02 -8.11458651e+01  8.76408831e-05 
 9.01571138e+02 -8.12396540e+01  8.66996409e-05 
 9.12010839e+02 -8.13338825e+01  8.57641675e-05 
 9.22571427e+02 -8.14248289e+01  8.48708510e-05 
 9.33254301e+02 -8.15199475e+01  8.39465056e-05 
 9.44060876e+02 -8.16117919e+01  8.30635345e-05 
 9.54992586e+02 -8.17078172e+01  8.21502970e-05 
 9.66050879e+02 -8.18005766e+01  8.12776558e-05 
 9.77237221e+02 -8.18938004e+01  8.04099850e-05 
 9.88553095e+02 -8.19874936e+01  7.95472775e-05 
 1.00000000e+03 -8.20816616e+01  7.86895243e-05 
 1.01157945e+03 -8.21763091e+01  7.78367233e-05 
 1.02329299e+03 -8.22714430e+01  7.69888532e-05 
 1.03514217e+03 -8.23633418e+01  7.61785861e-05 
 1.04712855e+03 -8.24594640e+01  7.53402057e-05 
 1.05925373e+03 -8.25523643e+01  7.45386954e-05 
 1.07151931e+03 -8.26495006e+01  7.37097551e-05 
 1.08392691e+03 -8.27434281e+01  7.29169670e-05 
 1.09647820e+03 -8.28378797e+01  7.21283526e-05 
 1.10917482e+03 -8.29328627e+01  7.13439030e-05 
 1.12201845e+03 -8.30283851e+01  7.05636029e-05 
 1.13501082e+03 -8.31244544e+01  6.97874416e-05 
 1.14815362e+03 -8.32173528e+01  6.90450203e-05 
 1.16144861e+03 -8.33145404e+01  6.82767719e-05 
 1.17489755e+03 -8.34085750e+01  6.75415855e-05 
 1.18850223e+03 -8.35069160e+01  6.67811974e-05 
 1.20226443e+03 -8.36021216e+01  6.60532087e-05 
 1.21618600e+03 -8.36979276e+01  6.53286402e-05 
 1.23026877e+03 -8.37943437e+01  6.46074823e-05 
 1.24451461e+03 -8.38876540e+01  6.39171351e-05 
 1.25892541e+03 -8.39853204e+01  6.32024594e-05 
 1.27350308e+03 -8.40799032e+01  6.25179663e-05 
 1.28824955e+03 -8.41788640e+01  6.18097236e-05 
 1.30316678e+03 -8.42747633e+01  6.11310474e-05 
 1.31825674e+03 -8.43713389e+01  6.04551156e-05 
 1.33352143e+03 -8.44686034e+01  5.97819162e-05 
 1.34896288e+03 -8.45628420e+01  5.91368111e-05 
 1.36458314e+03 -8.46615206e+01  5.84687719e-05 
 1.38038426e+03 -8.47572007e+01  5.78282389e-05 
 1.39636836e+03 -8.48536400e+01  5.71897242e-05 
 1.41253754e+03 -8.49508154e+01  5.65534664e-05 
 1.42889396e+03 -8.50487603e+01  5.59193334e-05 
 1.44543977e+03 -8.51437633e+01  5.53110413e-05 
 1.46217717e+03 -8.52432916e+01  5.46808708e-05 
 1.47910839e+03 -8.53399088e+01  5.40760000e-05 
 1.49623566e+03 -8.54373578e+01  5.34726998e-05 
 1.51356125e+03 -8.55319289e+01  5.28936524e-05 
 1.53108746e+03 -8.56310897e+01  5.22932354e-05 
 1.54881662e+03 -8.57274076e+01  5.17165591e-05 
 1.56675107e+03 -8.58246251e+01  5.11409445e-05 
 1.58489319e+03 -8.59227614e+01  5.05663877e-05 
 1.60324539e+03 -8.60218351e+01  4.99928903e-05 
 1.62181010e+03 -8.61181398e+01  4.94416564e-05 
 1.64058977e+03 -8.62154210e+01  4.88910033e-05 
 1.65958691e+03 -8.63136987e+01  4.83409370e-05 
 1.67880402e+03 -8.64129949e+01  4.77914555e-05 
 1.69824365e+03 -8.65096041e+01  4.72628381e-05 
 1.71790839e+03 -8.66072746e+01  4.67343569e-05 
 1.73780083e+03 -8.67060290e+01  4.62060186e-05 
 1.75792361e+03 -8.68021646e+01  4.56974291e-05 
 1.77827941e+03 -8.68994308e+01  4.51885558e-05 
 1.79887092e+03 -8.69978704e+01  4.46793122e-05 
 1.81970086e+03 -8.70974710e+01  4.41699032e-05 
 1.84077200e+03 -8.71945513e+01  4.36789748e-05 
 1.86208714e+03 -8.72928633e+01  4.31873776e-05 
 1.88364909e+03 -8.73924335e+01  4.26951286e-05 
 1.90546072e+03 -8.74895636e+01  4.22203489e-05 
 1.92752491e+03 -8.75880074e+01  4.17445353e-05 
 1.94984460e+03 -8.76877941e+01  4.12677030e-05 
 1.97242274e+03 -8.77852272e+01  4.08073730e-05 
 1.99526231e+03 -8.78840634e+01  4.03456605e-05 
 2.01836636e+03 -8.79806072e+01  3.98997009e-05 
 2.04173794e+03 -8.80823423e+01  3.94350942e-05 
 2.06538016e+03 -8.81781239e+01  3.90026223e-05 
 2.08929613e+03 -8.82791625e+01  3.85515526e-05 
 2.11348904e+03 -8.83780411e+01  3.81151776e-05 
 2.13796209e+03 -8.84748130e+01  3.76928826e-05 
 2.16271852e+03 -8.85730603e+01  3.72689353e-05 
 2.18776162e+03 -8.86731224e+01  3.68420579e-05 
 2.21309471e+03 -8.87711698e+01  3.64285187e-05 
 2.23872114e+03 -8.88709664e+01  3.60123681e-05 
 2.26464431e+03 -8.89688258e+01  3.56089124e-05 
 2.29086765e+03 -8.90685142e+01  3.52025636e-05 
 2.31739465e+03 -8.91663470e+01  3.48082870e-05 
 2.34422882e+03 -8.92660923e+01  3.44108487e-05 
 2.37137371e+03 -8.93640680e+01  3.40248798e-05 
 2.39883292e+03 -8.94640633e+01  3.36354186e-05 
 2.42661010e+03 -8.95623592e+01  3.32569209e-05 
 2.45470892e+03 -8.96590221e+01  3.28888655e-05 
 2.48313311e+03 -8.97578248e+01  3.25168717e-05 
 2.51188643e+03 -8.98588165e+01  3.21409844e-05 
 2.54097271e+03 -8.99583206e+01  3.17748838e-05 
 2.57039578e+03 -9.00563888e+01  3.14181463e-05 
 2.60015956e+03 -9.01567994e+01  3.10570376e-05 
 2.63026799e+03 -9.02558797e+01  3.07047817e-05 
 2.66072506e+03 -9.03537034e+01  3.03609132e-05 
 2.69153480e+03 -9.04540151e+01  3.00122978e-05 
 2.72270131e+03 -9.05531654e+01  2.96716521e-05 
 2.75422870e+03 -9.06512126e+01  2.93385989e-05 
 2.78612117e+03 -9.07519430e+01  2.90003240e-05 
 2.81838293e+03 -9.08479666e+01  2.86814873e-05 
 2.85101827e+03 -9.09505239e+01  2.83448267e-05 
 2.88403150e+03 -9.10485400e+01  2.80267669e-05 
 2.91742701e+03 -9.11457311e+01  2.77149081e-05 
 2.95120923e+03 -9.12459280e+01  2.73970372e-05 
 2.98538262e+03 -9.13454754e+01  2.70848374e-05 
 3.01995172e+03 -9.14444428e+01  2.67779830e-05 
 3.05492111e+03 -9.15429033e+01  2.64761501e-05 
 3.09029543e+03 -9.16446568e+01  2.61677970e-05 
 3.12607937e+03 -9.17423473e+01  2.58751357e-05 
 3.16227766e+03 -9.18434655e+01  2.55756527e-05 
 3.19889511e+03 -9.19406589e+01  2.52910612e-05 
 3.23593657e+03 -9.20414605e+01  2.49992496e-05 
 3.27340695e+03 -9.21422282e+01  2.47109016e-05 
 3.31131121e+03 -9.22393393e+01  2.44361642e-05 
 3.34965439e+03 -9.23402964e+01  2.41537841e-05 
 3.38844156e+03 -9.24377548e+01  2.38842858e-05 
 3.42767787e+03 -9.25392583e+01  2.36067980e-05 
 3.46736850e+03 -9.26374496e+01  2.33414333e-05 
 3.50751874e+03 -9.27361683e+01  2.30776501e-05 
 3.54813389e+03 -9.28354750e+01  2.28153035e-05 
 3.58921935e+03 -9.29354892e+01  2.25541019e-05 
 3.63078055e+03 -9.30363132e+01  2.22938122e-05 
 3.67282300e+03 -9.31343461e+01  2.20436088e-05 
 3.71535229e+03 -9.32333823e+01  2.17936959e-05 
 3.75837404e+03 -9.33335515e+01  2.15438059e-05 
 3.80189396e+03 -9.34349659e+01  2.12937283e-05 
 3.84591782e+03 -9.35340345e+01  2.10522382e-05 
 3.89045145e+03 -9.36345632e+01  2.08099885e-05 
 3.93550075e+03 -9.37329661e+01  2.05755615e-05 
 3.98107171e+03 -9.38330925e+01  2.03397389e-05 
 4.02717034e+03 -9.39313425e+01  2.01109634e-05 
 4.07380278e+03 -9.40315718e+01  1.98802302e-05 
 4.12097519e+03 -9.41301873e+01  1.96557959e-05 
 4.16869383e+03 -9.42310877e+01  1.94287837e-05 
 4.21696503e+03 -9.43306107e+01  1.92074390e-05 
 4.26579519e+03 -9.44289366e+01  1.89912332e-05 
 4.31519077e+03 -9.45299536e+01  1.87716444e-05 
 4.36515832e+03 -9.46300486e+01  1.85565642e-05 
 4.41570447e+03 -9.47293915e+01  1.83455369e-05 
 4.46683592e+03 -9.48281584e+01  1.81381120e-05 
 4.51855944e+03 -9.49301955e+01  1.79262820e-05 
 4.57088190e+03 -9.50282328e+01  1.77250864e-05 
 4.62381021e+03 -9.51299088e+01  1.75188084e-05 
 4.67735141e+03 -9.52279037e+01  1.73222705e-05 
 4.73151259e+03 -9.53261382e+01  1.71274651e-05 
 4.78630092e+03 -9.54285165e+01  1.69267732e-05 
 4.84172368e+03 -9.55276265e+01  1.67347286e-05 
 4.89778819e+03 -9.56277049e+01  1.65430186e-05 
 4.95450191e+03 -9.57250002e+01  1.63587453e-05 
 5.01187234e+03 -9.58271971e+01  1.61673986e-05 
 5.06990708e+03 -9.59270438e+01  1.59826140e-05 
 5.12861384e+03 -9.60247847e+01  1.58037724e-05 
 5.18800039e+03 -9.61242803e+01  1.56237754e-05 
 5.24807460e+03 -9.62257831e+01  1.54422595e-05 
 5.30884444e+03 -9.63257861e+01  1.52654881e-05 
 5.37031796e+03 -9.64245356e+01  1.50929183e-05 
 5.43250331e+03 -9.65259491e+01  1.49177233e-05 
 5.49540874e+03 -9.66228670e+01  1.47521953e-05 
 5.55904257e+03 -9.67229073e+01  1.45832605e-05 
 5.62341325e+03 -9.68226291e+01  1.44167891e-05 
 5.68852931e+03 -9.69222845e+01  1.42523269e-05 
 5.75439937e+03 -9.70221702e+01  1.40893672e-05 
 5.82103218e+03 -9.71224754e+01  1.39275983e-05 
 5.88843655e+03 -9.72235083e+01  1.37665332e-05 
 5.95662144e+03 -9.73218391e+01  1.36115645e-05 
 6.02559586e+03 -9.74214400e+01  1.34563724e-05 
 6.09536897e+03 -9.75226384e+01  1.33005034e-05 
 6.16595002e+03 -9.76219871e+01  1.31492398e-05 
 6.23734835e+03 -9.77234962e+01  1.29964635e-05 
 6.30957344e+03 -9.78237888e+01  1.28472614e-05 
 6.38263486e+03 -9.79231644e+01  1.27011131e-05 
 6.45654229e+03 -9.80219484e+01  1.25574825e-05 
 6.53130553e+03 -9.81203135e+01  1.24160750e-05 
 6.60693448e+03 -9.82226481e+01  1.22706508e-05 
 6.68343918e+03 -9.83217069e+01  1.21315043e-05 
 6.76082975e+03 -9.84215360e+01  1.19928721e-05 
 6.83911647e+03 -9.85225194e+01  1.18542486e-05 
 6.91830971e+03 -9.86212856e+01  1.17202188e-05 
 6.99841996e+03 -9.87219809e+01  1.15851312e-05 
 7.07945784e+03 -9.88212527e+01  1.14534774e-05 
 7.16143410e+03 -9.89195016e+01  1.13246534e-05 
 7.24435960e+03 -9.90208632e+01  1.11932664e-05 
 7.32824533e+03 -9.91220305e+01  1.10636512e-05 
 7.41310241e+03 -9.92197076e+01  1.09399319e-05 
 7.49894209e+03 -9.93217857e+01  1.08121165e-05 
 7.58577575e+03 -9.94212434e+01  1.06890186e-05 
 7.67361489e+03 -9.95185972e+01  1.05698820e-05 
 7.76247117e+03 -9.96179689e+01  1.04496454e-05 
 7.85235635e+03 -9.97197536e+01  1.03279071e-05 
 7.94328235e+03 -9.98210028e+01  1.02082163e-05 
 8.03526122e+03 -9.99183356e+01  1.00944630e-05 
 8.12830516e+03 -1.00019681e+02  9.97736762e-06 
 8.22242650e+03 -1.00118171e+02  9.86487223e-06 
 8.31763771e+03 -1.00218055e+02  9.75208038e-06 
 8.41395142e+03 -1.00319884e+02  9.63841888e-06 
 8.51138038e+03 -1.00420518e+02  9.52739312e-06 
 8.60993752e+03 -1.00520500e+02  9.41835401e-06 
 8.70963590e+03 -1.00620439e+02  9.31060841e-06 
 8.81048873e+03 -1.00717235e+02  9.20742617e-06 
 8.91250938e+03 -1.00818800e+02  9.10038971e-06 
 9.01571138e+03 -1.00918602e+02  8.99642354e-06 
 9.12010839e+03 -1.01017129e+02  8.89495080e-06 
 9.22571427e+03 -1.01118809e+02  8.79143052e-06 
 9.33254301e+03 -1.01216834e+02  8.69277182e-06 
 9.44060876e+03 -1.01319370e+02  8.59075782e-06 
 9.54992586e+03 -1.01419698e+02  8.49210003e-06 
 9.66050879e+03 -1.01518527e+02  8.39602343e-06 
 9.77237221e+03 -1.01616585e+02  8.30177069e-06 
 9.88553095e+03 -1.01718399e+02  8.20502794e-06 
 1.00000000e+04 -1.01817136e+02  8.11228456e-06 
 1.01157945e+04 -1.01917589e+02  8.01900607e-06 
 1.02329299e+04 -1.02016745e+02  7.92798366e-06 
 1.03514217e+04 -1.02119147e+02  7.83506541e-06 
 1.04712855e+04 -1.02218202e+02  7.74622116e-06 
 1.05925373e+04 -1.02318511e+02  7.65727854e-06 
 1.07151931e+04 -1.02417264e+02  7.57071318e-06 
 1.08392691e+04 -1.02518925e+02  7.48262071e-06 
 1.09647820e+04 -1.02617286e+02  7.39836421e-06 
 1.10917482e+04 -1.02716891e+02  7.31400858e-06 
 1.12201845e+04 -1.02818742e+02  7.22874527e-06 
 1.13501082e+04 -1.02916356e+02  7.14796166e-06 
 1.14815362e+04 -1.03018233e+02  7.06461217e-06 
 1.16144861e+04 -1.03117996e+02  6.98393503e-06 
 1.17489755e+04 -1.03216543e+02  6.90514575e-06 
 1.18850223e+04 -1.03315280e+02  6.82709595e-06 
 1.20226443e+04 -1.03418920e+02  6.74611879e-06 
 1.21618600e+04 -1.03517479e+02  6.67000314e-06 
 1.23026877e+04 -1.03615809e+02  6.59492017e-06 
 1.24451461e+04 -1.03718703e+02  6.51725667e-06 
 1.25892541e+04 -1.03816546e+02  6.44425505e-06 
 1.27350308e+04 -1.03917873e+02  6.36951456e-06 
 1.28824955e+04 -1.04016590e+02  6.29753389e-06 
 1.30316678e+04 -1.04117690e+02  6.22465808e-06 
 1.31825674e+04 -1.04214937e+02  6.15535588e-06 
 1.33352143e+04 -1.04317494e+02  6.08310460e-06 
 1.34896288e+04 -1.04415485e+02  6.01486333e-06 
 1.36458314e+04 -1.04517737e+02  5.94446991e-06 
 1.38038426e+04 -1.04618327e+02  5.87602493e-06 
 1.39636836e+04 -1.04714929e+02  5.81103571e-06 
 1.41253754e+04 -1.04816800e+02  5.74328041e-06 
 1.42889396e+04 -1.04917978e+02  5.67676759e-06 
 1.44543977e+04 -1.05016333e+02  5.61284906e-06 
 1.46217717e+04 -1.05117137e+02  5.54808546e-06 
 1.47910839e+04 -1.05214971e+02  5.48594521e-06 
 1.49623566e+04 -1.05315110e+02  5.42306134e-06 
 1.51356125e+04 -1.05415476e+02  5.36075782e-06 
 1.53108746e+04 -1.05514517e+02  5.29997914e-06 
 1.54881662e+04 -1.05617631e+02  5.23743234e-06 
 1.56675107e+04 -1.05715581e+02  5.17870206e-06 
 1.58489319e+04 -1.05817656e+02  5.11819953e-06 
 1.60324539e+04 -1.05914952e+02  5.06118691e-06 
 1.62181010e+04 -1.06016834e+02  5.00216836e-06 
 1.64058977e+04 -1.06117791e+02  4.94436417e-06 
 1.65958691e+04 -1.06216574e+02  4.88845145e-06 
 1.67880402e+04 -1.06315220e+02  4.83324702e-06 
 1.69824365e+04 -1.06415862e+02  4.77756831e-06 
 1.71790839e+04 -1.06517325e+02  4.72208434e-06 
 1.73780083e+04 -1.06614414e+02  4.66959615e-06 
 1.75792361e+04 -1.06716813e+02  4.61486886e-06 
 1.77827941e+04 -1.06816119e+02  4.56240708e-06 
 1.79887092e+04 -1.06914596e+02  4.51097275e-06 
 1.81970086e+04 -1.07015095e+02  4.45907981e-06 
 1.84077200e+04 -1.07116396e+02  4.40737676e-06 
 1.86208714e+04 -1.07217341e+02  4.35645212e-06 
 1.88364909e+04 -1.07317259e+02  4.30662497e-06 
 1.90546072e+04 -1.07414996e+02  4.25843695e-06 
 1.92752491e+04 -1.07517285e+02  4.20858175e-06 
 1.94984460e+04 -1.07616099e+02  4.16097423e-06 
 1.97242274e+04 -1.07714175e+02  4.11425554e-06 
 1.99526231e+04 -1.07814925e+02  4.06680890e-06 
 2.01836636e+04 -1.07917627e+02  4.01900590e-06 
 2.04173794e+04 -1.08014361e+02  3.97449507e-06 
 2.06538016e+04 -1.08115701e+02  3.92839324e-06 
 2.08929613e+04 -1.08214375e+02  3.88401822e-06 
 2.11348904e+04 -1.08317313e+02  3.83825969e-06 
 2.13796209e+04 -1.08416948e+02  3.79448307e-06 
 2.16271852e+04 -1.08516648e+02  3.75117751e-06 
 2.18776162e+04 -1.08616959e+02  3.70810527e-06 
 2.21309471e+04 -1.08714009e+02  3.66690398e-06 
 2.23872114e+04 -1.08815154e+02  3.62445137e-06 
 2.26464431e+04 -1.08917465e+02  3.58200966e-06 
 2.29086765e+04 -1.09017359e+02  3.54105001e-06 
 2.31739465e+04 -1.09115042e+02  3.50144988e-06 
 2.34422882e+04 -1.09215282e+02  3.46127345e-06 
 2.37137371e+04 -1.09314831e+02  3.42183035e-06 
 2.39883292e+04 -1.09414173e+02  3.38291701e-06 
 2.42661010e+04 -1.09514660e+02  3.34400568e-06 
 2.45470892e+04 -1.09617100e+02  3.30479864e-06 
 2.48313311e+04 -1.09714775e+02  3.26784368e-06 
 2.51188643e+04 -1.09816908e+02  3.22964367e-06 
 2.54097271e+04 -1.09917158e+02  3.19258222e-06 
 2.57039578e+04 -1.10016563e+02  3.15625338e-06 
 2.60015956e+04 -1.10117361e+02  3.11983732e-06 
 2.63026799e+04 -1.10216881e+02  3.08429543e-06 
 2.66072506e+04 -1.10313752e+02  3.05008836e-06 
 2.69153480e+04 -1.10416827e+02  3.01410682e-06 
 2.72270131e+04 -1.10513841e+02  2.98062919e-06 
 2.75422870e+04 -1.10614122e+02  2.94641490e-06 
 2.78612117e+04 -1.10716037e+02  2.91204553e-06 
 2.81838293e+04 -1.10815145e+02  2.87900720e-06 
 2.85101827e+04 -1.10917447e+02  2.84529737e-06 
 2.88403150e+04 -1.11014584e+02  2.81365478e-06 
 2.91742701e+04 -1.11117008e+02  2.78067087e-06 
 2.95120923e+04 -1.11216546e+02  2.74898711e-06 
 2.98538262e+04 -1.11316529e+02  2.71752493e-06 
 3.01995172e+04 -1.11416413e+02  2.68645370e-06 
 3.05492111e+04 -1.11516359e+02  2.65571857e-06 
 3.09029543e+04 -1.11616217e+02  2.62536166e-06 
 3.12607937e+04 -1.11716009e+02  2.59537154e-06 
 3.16227766e+04 -1.11816457e+02  2.56553030e-06 
 3.19889511e+04 -1.11914159e+02  2.53683412e-06 
 3.23593657e+04 -1.12013590e+02  2.50795943e-06 
 3.27340695e+04 -1.12115546e+02  2.47869283e-06 
 3.31131121e+04 -1.12213995e+02  2.45075690e-06 
 3.34965439e+04 -1.12313778e+02  2.42276392e-06 
 3.38844156e+04 -1.12416271e+02  2.39434342e-06 
 3.42767787e+04 -1.12516091e+02  2.36698463e-06 
 3.46736850e+04 -1.12614897e+02  2.34021167e-06 
 3.50751874e+04 -1.12715057e+02  2.31338096e-06 
 3.54813389e+04 -1.12815020e+02  2.28690971e-06 
 3.58921935e+04 -1.12913901e+02  2.26102280e-06 
 3.63078055e+04 -1.13014302e+02  2.23503782e-06 
 3.67282300e+04 -1.13115888e+02  2.20905029e-06 
 3.71535229e+04 -1.13214219e+02  2.18418302e-06 
 3.75837404e+04 -1.13316746e+02  2.15855289e-06 
 3.80189396e+04 -1.13416153e+02  2.13398985e-06 
 3.84591782e+04 -1.13516667e+02  2.10943742e-06 
 3.89045145e+04 -1.13614945e+02  2.08570446e-06 
 3.93550075e+04 -1.13715616e+02  2.06167016e-06 
 3.98107171e+04 -1.13816484e+02  2.03786675e-06 
 4.02717034e+04 -1.13915116e+02  2.01485685e-06 
 4.07380278e+04 -1.14013359e+02  1.99219598e-06 
 4.12097519e+04 -1.14116989e+02  1.96856863e-06 
 4.16869383e+04 -1.14213523e+02  1.94681118e-06 
 4.21696503e+04 -1.14316875e+02  1.92378376e-06 
 4.26579519e+04 -1.14415122e+02  1.90214612e-06 
 4.31519077e+04 -1.14515400e+02  1.88031234e-06 
 4.36515832e+04 -1.14613967e+02  1.85909533e-06 
 4.41570447e+04 -1.14714860e+02  1.83762551e-06 
 4.46683592e+04 -1.14814934e+02  1.81657489e-06 
 4.51855944e+04 -1.14915505e+02  1.79566274e-06 
 4.57088190e+04 -1.15013942e+02  1.77542729e-06 
 4.62381021e+04 -1.15115992e+02  1.75468991e-06 
 4.67735141e+04 -1.15216458e+02  1.73451118e-06 
 4.73151259e+04 -1.15313994e+02  1.71514282e-06 
 4.78630092e+04 -1.15415386e+02  1.69523806e-06 
 4.84172368e+04 -1.15516652e+02  1.67558853e-06 
 4.89778819e+04 -1.15614160e+02  1.65688359e-06 
 4.95450191e+04 -1.15715891e+02  1.63759096e-06 
 5.01187234e+04 -1.15815448e+02  1.61892819e-06 
 5.06990708e+04 -1.15914207e+02  1.60062516e-06 
 5.12861384e+04 -1.16014165e+02  1.58231066e-06 
 5.18800039e+04 -1.16113797e+02  1.56426444e-06 
 5.24807460e+04 -1.16216295e+02  1.54591376e-06 
 5.30884444e+04 -1.16313569e+02  1.52869745e-06 
 5.37031796e+04 -1.16413733e+02  1.51117009e-06 
 5.43250331e+04 -1.16516862e+02  1.49333377e-06 
 5.49540874e+04 -1.16613362e+02  1.47683481e-06 
 5.55904257e+04 -1.16716120e+02  1.45946601e-06 
 5.62341325e+04 -1.16816533e+02  1.44269116e-06 
 5.68852931e+04 -1.16913458e+02  1.42668179e-06 
 5.75439937e+04 -1.17014193e+02  1.41023130e-06 
 5.82103218e+04 -1.17115635e+02  1.39385710e-06 
 5.88843655e+04 -1.17214962e+02  1.37800856e-06 
 5.95662144e+04 -1.17313814e+02  1.36241465e-06 
 6.02559586e+04 -1.17414279e+02  1.34674717e-06 
 6.09536897e+04 -1.17515957e+02  1.33107387e-06 
 6.16595002e+04 -1.17614678e+02  1.31603090e-06 
 6.23734835e+04 -1.17715042e+02  1.30091199e-06 
 6.30957344e+04 -1.17814211e+02  1.28614359e-06 
 6.38263486e+04 -1.17914778e+02  1.27133826e-06 
 6.45654229e+04 -1.18015190e+02  1.25672570e-06 
 6.53130553e+04 -1.18115831e+02  1.24224835e-06 
 6.60693448e+04 -1.18216868e+02  1.22788194e-06 
 6.68343918e+04 -1.18315881e+02  1.21396436e-06 
 6.76082975e+04 -1.18415251e+02  1.20015529e-06 
 6.83911647e+04 -1.18514206e+02  1.18655999e-06 
 6.91830971e+04 -1.18616807e+02  1.17262631e-06 
 6.99841996e+04 -1.18716327e+02  1.15926742e-06 
 7.07945784e+04 -1.18814645e+02  1.14621938e-06 
 7.16143410e+04 -1.18914960e+02  1.13305760e-06 
 7.24435960e+04 -1.19016658e+02  1.11986870e-06 
 7.32824533e+04 -1.19113951e+02  1.10739469e-06 
 7.41310241e+04 -1.19215920e+02  1.09447039e-06 
 7.49894209e+04 -1.19314195e+02  1.08215691e-06 
 7.58577575e+04 -1.19416678e+02  1.06946388e-06 
 7.67361489e+04 -1.19513428e+02  1.05761737e-06 
 7.76247117e+04 -1.19614200e+02  1.04541801e-06 
 7.85235635e+04 -1.19715194e+02  1.03333294e-06 
 7.94328235e+04 -1.19813319e+02  1.02172505e-06 
 8.03526122e+04 -1.19914469e+02  1.00989575e-06 
 8.12830516e+04 -1.20014339e+02  9.98350573e-07 
 8.22242650e+04 -1.20113587e+02  9.87007901e-07 
 8.31763771e+04 -1.20214002e+02  9.75663109e-07 
 8.41395142e+04 -1.20315234e+02  9.64358075e-07 
 8.51138038e+04 -1.20414042e+02  9.53449977e-07 
 8.60993752e+04 -1.20516201e+02  9.42301665e-07 
 8.70963590e+04 -1.20614263e+02  9.31723056e-07 
 8.81048873e+04 -1.20716164e+02  9.20856126e-07 
 8.91250938e+04 -1.20813660e+02  9.10577677e-07 
 9.01571138e+04 -1.20914063e+02  9.00112654e-07 
 9.12010839e+04 -1.21015254e+02  8.89687155e-07 
 9.22571427e+04 -1.21113265e+02  8.79704369e-07 
 9.33254301e+04 -1.21216349e+02  8.69325717e-07 
 9.44060876e+04 -1.21315671e+02  8.59441780e-07 
 9.54992586e+04 -1.21415968e+02  8.49574752e-07 
 9.66050879e+04 -1.21515052e+02  8.39938369e-07 
 9.77237221e+04 -1.21613319e+02  8.30489294e-07 
 9.88553095e+04 -1.21716352e+02  8.20696193e-07 
 1.00000000e+05 -1.21816525e+02  8.11285611e-07 
 1.01157945e+05 -1.21915623e+02  8.02082138e-07 
 1.02329299e+05 -1.22013289e+02  7.93113870e-07 
 1.03514217e+05 -1.22115177e+02  7.83864756e-07 
 1.04712855e+05 -1.22213667e+02  7.75026697e-07 
 1.05925373e+05 -1.22314880e+02  7.66048057e-07 
 1.07151931e+05 -1.22414641e+02  7.57300029e-07 
 1.08392691e+05 -1.22515894e+02  7.48523296e-07 
 1.09647820e+05 -1.22615433e+02  7.39994222e-07 
 1.10917482e+05 -1.22716540e+02  7.31430393e-07 
 1.12201845e+05 -1.22816485e+02  7.23062373e-07 
 1.13501082e+05 -1.22915706e+02  7.14849664e-07 
 1.14815362e+05 -1.23016520e+02  7.06600635e-07 
 1.16144861e+05 -1.23116290e+02  6.98530719e-07 
 1.17489755e+05 -1.23214693e+02  6.90661665e-07 
 1.18850223e+05 -1.23314162e+02  6.82797480e-07 
 1.20226443e+05 -1.23415750e+02  6.74858156e-07 
 1.21618600e+05 -1.23515894e+02  6.67122043e-07 
 1.23026877e+05 -1.23613518e+02  6.59665972e-07 
 1.24451461e+05 -1.23714271e+02  6.52058323e-07 
 1.25892541e+05 -1.23815423e+02  6.44508825e-07 
 1.27350308e+05 -1.23912851e+02  6.37319877e-07 
 1.28824955e+05 -1.24013428e+02  6.29982663e-07 
 1.30316678e+05 -1.24115847e+02  6.22597893e-07 
 1.31825674e+05 -1.24214260e+02  6.15583564e-07 
 1.33352143e+05 -1.24313573e+02  6.08585144e-07 
 1.34896288e+05 -1.24414170e+02  6.01577363e-07 
 1.36458314e+05 -1.24516227e+02  5.94550389e-07 
 1.38038426e+05 -1.24615978e+02  5.87761438e-07 
 1.39636836e+05 -1.24712944e+02  5.81236402e-07 
 1.41253754e+05 -1.24814077e+02  5.74508123e-07 
 1.42889396e+05 -1.24914696e+02  5.67891260e-07 
 1.44543977e+05 -1.25014465e+02  5.61405609e-07 
 1.46217717e+05 -1.25112697e+02  5.55092250e-07 
 1.47910839e+05 -1.25216094e+02  5.48523580e-07 
 1.49623566e+05 -1.25313357e+02  5.42415603e-07 
 1.51356125e+05 -1.25416172e+02  5.36032818e-07 
 1.53108746e+05 -1.25513479e+02  5.30061256e-07 
 1.54881662e+05 -1.25614160e+02  5.23952604e-07 
 1.56675107e+05 -1.25716112e+02  5.17838550e-07 
 1.58489319e+05 -1.25814492e+02  5.12006401e-07 
 1.60324539e+05 -1.25912492e+02  5.06262090e-07 
 1.62181010e+05 -1.26014595e+02  5.00345813e-07 
 1.64058977e+05 -1.26114867e+02  4.94602873e-07 
 1.65958691e+05 -1.26212581e+02  4.89069891e-07 
 1.67880402e+05 -1.26315249e+02  4.83323106e-07 
 1.69824365e+05 -1.26413779e+02  4.77871427e-07 
 1.71790839e+05 -1.26515071e+02  4.72331013e-07 
 1.73780083e+05 -1.26612847e+02  4.67043843e-07 
 1.75792361e+05 -1.26714007e+02  4.61636003e-07 
 1.77827941e+05 -1.26815693e+02  4.56263084e-07 
 1.79887092e+05 -1.26913790e+02  4.51139154e-07 
 1.81970086e+05 -1.27013930e+02  4.45967813e-07 
 1.84077200e+05 -1.27115761e+02  4.40769918e-07 
 1.86208714e+05 -1.27214903e+02  4.35767512e-07 
 1.88364909e+05 -1.27312589e+02  4.30894092e-07 
 1.90546072e+05 -1.27413310e+02  4.25926355e-07 
 1.92752491e+05 -1.27512879e+02  4.21071719e-07 
 1.94984460e+05 -1.27613867e+02  4.16204404e-07 
 1.97242274e+05 -1.27715097e+02  4.11381882e-07 
 1.99526231e+05 -1.27814314e+02  4.06709502e-07 
 2.01836636e+05 -1.27912842e+02  4.02122058e-07 
 2.04173794e+05 -1.28012772e+02  3.97522212e-07 
 2.06538016e+05 -1.28111866e+02  3.93012788e-07 
 2.08929613e+05 -1.28211948e+02  3.88510336e-07 
 2.11348904e+05 -1.28312152e+02  3.84054098e-07 
 2.13796209e+05 -1.28415304e+02  3.79520128e-07 
 2.16271852e+05 -1.28514542e+02  3.75208720e-07 
 2.18776162e+05 -1.28614587e+02  3.70911818e-07 
 2.21309471e+05 -1.28714717e+02  3.66660517e-07 
 2.23872114e+05 -1.28815022e+02  3.62450682e-07 
 2.26464431e+05 -1.28913822e+02  3.58351244e-07 
 2.29086765e+05 -1.29011463e+02  3.54345445e-07 
 2.31739465e+05 -1.29114065e+02  3.50184375e-07 
 2.34422882e+05 -1.29214498e+02  3.46158581e-07 
 2.37137371e+05 -1.29313060e+02  3.42252782e-07 
 2.39883292e+05 -1.29411985e+02  3.38376945e-07 
 2.42661010e+05 -1.29512969e+02  3.34465666e-07 
 2.45470892e+05 -1.29613672e+02  3.30610302e-07 
 2.48313311e+05 -1.29711610e+02  3.26903451e-07 
 2.51188643e+05 -1.29811551e+02  3.23163610e-07 
 2.54097271e+05 -1.29911284e+02  3.19474218e-07 
 2.57039578e+05 -1.30012490e+02  3.15773364e-07 
 2.60015956e+05 -1.30111162e+02  3.12206476e-07 
 2.63026799e+05 -1.30210947e+02  3.08640329e-07 
 2.66072506e+05 -1.30313613e+02  3.05013699e-07 
 2.69153480e+05 -1.30411346e+02  3.01600929e-07 
 2.72270131e+05 -1.30513327e+02  2.98080553e-07 
 2.75422870e+05 -1.30612253e+02  2.94704892e-07 
 2.78612117e+05 -1.30710804e+02  2.91380047e-07 
 2.81838293e+05 -1.30811681e+02  2.88015544e-07 
 2.85101827e+05 -1.30912211e+02  2.84701290e-07 
 2.88403150e+05 -1.31010815e+02  2.81487598e-07 
 2.91742701e+05 -1.31112439e+02  2.78213401e-07 
 2.95120923e+05 -1.31212013e+02  2.75042197e-07 
 2.98538262e+05 -1.31313415e+02  2.71849955e-07 
 3.01995172e+05 -1.31413544e+02  2.68734117e-07 
 3.05492111e+05 -1.31510992e+02  2.65736005e-07 
 3.09029543e+05 -1.31610679e+02  2.62703610e-07 
 3.12607937e+05 -1.31712104e+02  2.59653878e-07 
 3.16227766e+05 -1.31810648e+02  2.56724670e-07 
 3.19889511e+05 -1.31912215e+02  2.53740173e-07 
 3.23593657e+05 -1.32011219e+02  2.50864394e-07 
 3.27340695e+05 -1.32110500e+02  2.48013319e-07 
 3.31131121e+05 -1.32209480e+02  2.45203131e-07 
 3.34965439e+05 -1.32309555e+02  2.42394210e-07 
 3.38844156e+05 -1.32409450e+02  2.39622440e-07 
 3.42767787e+05 -1.32510594e+02  2.36848313e-07 
 3.46736850e+05 -1.32609950e+02  2.34154486e-07 
 3.50751874e+05 -1.32710897e+02  2.31448925e-07 
 3.54813389e+05 -1.32809571e+02  2.28834477e-07 
 3.58921935e+05 -1.32910609e+02  2.26187991e-07 
 3.63078055e+05 -1.33011233e+02  2.23582772e-07 
 3.67282300e+05 -1.33111527e+02  2.21015964e-07 
 3.71535229e+05 -1.33209195e+02  2.18544677e-07 
 3.75837404e+05 -1.33308747e+02  2.16054160e-07 
 3.80189396e+05 -1.33410438e+02  2.13539433e-07 
 3.84591782e+05 -1.33511264e+02  2.11074998e-07 
 3.89045145e+05 -1.33608629e+02  2.08722147e-07 
 3.93550075e+05 -1.33709492e+02  2.06312430e-07 
 3.98107171e+05 -1.33811078e+02  2.03913554e-07 
 4.02717034e+05 -1.33909976e+02  2.01604960e-07 
 4.07380278e+05 -1.34010000e+02  1.99296650e-07 
 4.12097519e+05 -1.34107753e+02  1.97066303e-07 
 4.16869383e+05 -1.34208569e+02  1.94792185e-07 
 4.21696503e+05 -1.34307840e+02  1.92578579e-07 
 4.26579519e+05 -1.34408152e+02  1.90367328e-07 
 4.31519077e+05 -1.34507430e+02  1.88203840e-07 
 4.36515832e+05 -1.34607520e+02  1.86047578e-07 
 4.41570447e+05 -1.34707868e+02  1.83910523e-07 
 4.46683592e+05 -1.34806225e+02  1.81839708e-07 
 4.51855944e+05 -1.34907052e+02  1.79741104e-07 
 4.57088190e+05 -1.35006630e+02  1.77692256e-07 
 4.62381021e+05 -1.35106052e+02  1.75669928e-07 
 4.67735141e+05 -1.35208199e+02  1.73616129e-07 
 4.73151259e+05 -1.35307344e+02  1.71645646e-07 
 4.78630092e+05 -1.35408292e+02  1.69662315e-07 
 4.84172368e+05 -1.35505653e+02  1.67771177e-07 
 4.89778819e+05 -1.35606911e+02  1.65826688e-07 
 4.95450191e+05 -1.35707363e+02  1.63919964e-07 
 5.01187234e+05 -1.35805807e+02  1.62072625e-07 
 5.06990708e+05 -1.35905648e+02  1.60220315e-07 
 5.12861384e+05 -1.36005575e+02  1.58387626e-07 
 5.18800039e+05 -1.36106479e+02  1.56558280e-07 
 5.24807460e+05 -1.36206706e+02  1.54762130e-07 
 5.30884444e+05 -1.36306263e+02  1.52998385e-07 
 5.37031796e+05 -1.36403883e+02  1.51288480e-07 
 5.43250331e+05 -1.36506503e+02  1.49511592e-07 
 5.49540874e+05 -1.36603396e+02  1.47853028e-07 
 5.55904257e+05 -1.36705995e+02  1.46116833e-07 
 5.62341325e+05 -1.36803143e+02  1.44491680e-07 
 5.68852931e+05 -1.36904435e+02  1.42816453e-07 
 5.75439937e+05 -1.37003209e+02  1.41201585e-07 
 5.82103218e+05 -1.37101667e+02  1.39610036e-07 
 5.88843655e+05 -1.37203337e+02  1.37985409e-07 
 5.95662144e+05 -1.37304161e+02  1.36392951e-07 
 6.02559586e+05 -1.37402067e+02  1.34864185e-07 
 6.09536897e+05 -1.37503729e+02  1.33294900e-07 
 6.16595002e+05 -1.37602889e+02  1.31781829e-07 
 6.23734835e+05 -1.37702509e+02  1.30279042e-07 
 6.30957344e+05 -1.37800733e+02  1.28814078e-07 
 6.38263486e+05 -1.37902218e+02  1.27317788e-07 
 6.45654229e+05 -1.38000065e+02  1.25891601e-07 
 6.53130553e+05 -1.38099427e+02  1.24459677e-07 
 6.60693448e+05 -1.38200918e+02  1.23013879e-07 
 6.68343918e+05 -1.38299488e+02  1.21625774e-07 
 6.76082975e+05 -1.38400269e+02  1.20222723e-07 
 6.83911647e+05 -1.38498128e+02  1.18875842e-07 
 6.91830971e+05 -1.38598713e+02  1.17507160e-07 
 6.99841996e+05 -1.38698422e+02  1.16165963e-07 
 7.07945784e+05 -1.38796351e+02  1.14863610e-07 
 7.16143410e+05 -1.38897080e+02  1.13539242e-07 
 7.24435960e+05 -1.38998439e+02  1.12222009e-07 
 7.32824533e+05 -1.39096722e+02  1.10959353e-07 
 7.41310241e+05 -1.39195672e+02  1.09702472e-07 
 7.49894209e+05 -1.39295776e+02  1.08445415e-07 
 7.58577575e+05 -1.39395216e+02  1.07210959e-07 
 7.67361489e+05 -1.39495906e+02  1.05975310e-07 
 7.76247117e+05 -1.39595389e+02  1.04768458e-07 
 7.85235635e+05 -1.39692941e+02  1.03598380e-07 
 7.94328235e+05 -1.39791733e+02  1.02426741e-07 
 8.03526122e+05 -1.39893652e+02  1.01231900e-07 
 8.12830516e+05 -1.39992504e+02  1.00086342e-07 
 8.22242650e+05 -1.40090075e+02  9.89683335e-08 
 8.31763771e+05 -1.40191033e+02  9.78246576e-08 
 8.41395142e+05 -1.40288446e+02  9.67336823e-08 
 8.51138038e+05 -1.40386698e+02  9.56456194e-08 
 8.60993752e+05 -1.40486060e+02  9.45577174e-08 
 8.70963590e+05 -1.40587783e+02  9.34567932e-08 
 8.81048873e+05 -1.40685570e+02  9.24105346e-08 
 8.91250938e+05 -1.40784254e+02  9.13665685e-08 
 9.01571138e+05 -1.40884394e+02  9.03192490e-08 
 9.12010839e+05 -1.40984605e+02  8.92831998e-08 
 9.22571427e+05 -1.41083059e+02  8.82768968e-08 
 9.33254301e+05 -1.41182601e+02  8.72710042e-08 
 9.44060876e+05 -1.41280692e+02  8.62909814e-08 
 9.54992586e+05 -1.41382872e+02  8.52818117e-08 
 9.66050879e+05 -1.41481629e+02  8.43176583e-08 
 9.77237221e+05 -1.41580820e+02  8.33602491e-08 
 9.88553095e+05 -1.41675907e+02  8.24526578e-08 
 1.00000000e+06 -1.41776119e+02  8.15068343e-08 
 1.01157945e+06 -1.41873536e+02  8.05977994e-08 
 1.02329299e+06 -1.41975549e+02  7.96567453e-08 
 1.03514217e+06 -1.42073393e+02  7.87644734e-08 
 1.04712855e+06 -1.42172422e+02  7.78715650e-08 
 1.05925373e+06 -1.42272372e+02  7.69806196e-08 
 1.07151931e+06 -1.42372213e+02  7.61008221e-08 
 1.08392691e+06 -1.42468620e+02  7.52608328e-08 
 1.09647820e+06 -1.42568308e+02  7.44019944e-08 
 1.10917482e+06 -1.42665826e+02  7.35713419e-08 
 1.12201845e+06 -1.42769522e+02  7.26982402e-08 
 1.13501082e+06 -1.42868556e+02  7.18740621e-08 
 1.14815362e+06 -1.42969180e+02  7.10462228e-08 
 1.16144861e+06 -1.43066856e+02  7.02517613e-08 
 1.17489755e+06 -1.43166162e+02  6.94531452e-08 
 1.18850223e+06 -1.43264145e+02  6.86740639e-08 
 1.20226443e+06 -1.43362947e+02  6.78973194e-08 
 1.21618600e+06 -1.43462479e+02  6.71237249e-08 
 1.23026877e+06 -1.43558785e+02  6.63835917e-08 
 1.24451461e+06 -1.43655363e+02  6.56495665e-08 
 1.25892541e+06 -1.43755708e+02  6.48955003e-08 
 1.27350308e+06 -1.43853745e+02  6.41671481e-08 
 1.28824955e+06 -1.43954093e+02  6.34300967e-08 
 1.30316678e+06 -1.44050167e+02  6.27323644e-08 
 1.31825674e+06 -1.44151227e+02  6.20067037e-08 
 1.33352143e+06 -1.44249580e+02  6.13085441e-08 
 1.34896288e+06 -1.44347047e+02  6.06244243e-08 
 1.36458314e+06 -1.44443868e+02  5.99524071e-08 
 1.38038426e+06 -1.44486005e+02  5.96622687e-08 
 1.39636836e+06 -1.44583322e+02  5.89975397e-08 
 1.41253754e+06 -1.44680493e+02  5.83411960e-08 
 1.42889396e+06 -1.44777307e+02  5.76945324e-08 
 1.44543977e+06 -1.44876688e+02  5.70381707e-08 
 1.46217717e+06 -1.44975177e+02  5.63950683e-08 
 1.47910839e+06 -1.45074740e+02  5.57523272e-08 
 1.49623566e+06 -1.45173669e+02  5.51209304e-08 
 1.51356125e+06 -1.45268592e+02  5.45218238e-08 
 1.53108746e+06 -1.45367161e+02  5.39065993e-08 
 1.54881662e+06 -1.45463812e+02  5.33100899e-08 
 1.56675107e+06 -1.45561788e+02  5.27121346e-08 
 1.58489319e+06 -1.45657458e+02  5.21347280e-08 
 1.60324539e+06 -1.45757144e+02  5.15398092e-08 
 1.62181010e+06 -1.45853612e+02  5.09705607e-08 
 1.64058977e+06 -1.45954102e+02  5.03842624e-08 
 1.65958691e+06 -1.46051984e+02  4.98196655e-08 
 1.67880402e+06 -1.46149139e+02  4.92655163e-08 
 1.69824365e+06 -1.46246517e+02  4.87162861e-08 
 1.71790839e+06 -1.46343204e+02  4.81770048e-08 
 1.73780083e+06 -1.46440564e+02  4.76400052e-08 
 1.75792361e+06 -1.46538246e+02  4.71072453e-08 
 1.77827941e+06 -1.46636366e+02  4.65780906e-08 
 1.79887092e+06 -1.46733086e+02  4.60623080e-08 
 1.81970086e+06 -1.46825346e+02  4.55756312e-08 
 1.84077200e+06 -1.46924544e+02  4.50580911e-08 
 1.86208714e+06 -1.47018899e+02  4.45712726e-08 
 1.88364909e+06 -1.47120094e+02  4.40550119e-08 
 1.90546072e+06 -1.47217262e+02  4.35649161e-08 
 1.92752491e+06 -1.47318518e+02  4.30600095e-08 
 1.94984460e+06 -1.47412296e+02  4.25976063e-08 
 1.97242274e+06 -1.47508743e+02  4.21272258e-08 
 1.99526231e+06 -1.47605553e+02  4.16602952e-08 
 2.01836636e+06 -1.47702291e+02  4.11988853e-08 
 2.04173794e+06 -1.47799782e+02  4.07390506e-08 
 2.06538016e+06 -1.47893512e+02  4.03017939e-08 
 2.08929613e+06 -1.47993253e+02  3.98416509e-08 
 2.11348904e+06 -1.48087321e+02  3.94124970e-08 
 2.13796209e+06 -1.48183028e+02  3.89806081e-08 
 2.16271852e+06 -1.48284773e+02  3.85266591e-08 
 2.18776162e+06 -1.48381568e+02  3.80997022e-08 
 2.21309471e+06 -1.48473350e+02  3.76992335e-08 
 2.23872114e+06 -1.48571976e+02  3.72735884e-08 
 2.26464431e+06 -1.48667281e+02  3.68668426e-08 
 2.29086765e+06 -1.48759098e+02  3.64791810e-08 
 2.31739465e+06 -1.48858360e+02  3.60646729e-08 
 2.34422882e+06 -1.48956354e+02  3.56600788e-08 
 2.37137371e+06 -1.48990715e+02  3.55192864e-08 
 2.39883292e+06 -1.49089485e+02  3.51176754e-08 
 2.42661010e+06 -1.49182019e+02  3.47455380e-08 
 2.45470892e+06 -1.49277984e+02  3.43637708e-08 
 2.48313311e+06 -1.49427075e+02  3.37789579e-08 
 2.51188643e+06 -1.49526254e+02  3.33954507e-08 
 2.54097271e+06 -1.49621754e+02  3.30302838e-08 
 2.57039578e+06 -1.49717265e+02  3.26690687e-08 
 2.60015956e+06 -1.49810523e+02  3.23201857e-08 
 2.63026799e+06 -1.49903679e+02  3.19754043e-08 
 2.66072506e+06 -1.49996846e+02  3.16342602e-08 
 2.69153480e+06 -1.50091628e+02  3.12909377e-08 
 2.72270131e+06 -1.50185506e+02  3.09545639e-08 
 2.75422870e+06 -1.50279787e+02  3.06203849e-08 
 2.78612117e+06 -1.50371719e+02  3.02980072e-08 
 2.81838293e+06 -1.50464795e+02  2.99750728e-08 
 2.85101827e+06 -1.50555421e+02  2.96639469e-08 
 2.88403150e+06 -1.50655869e+02  2.93228757e-08 
 2.91742701e+06 -1.50743890e+02  2.90272225e-08 
 2.95120923e+06 -1.50838901e+02  2.87114373e-08 
 2.98538262e+06 -1.50928628e+02  2.84163699e-08 
 3.01995172e+06 -1.51024653e+02  2.81039489e-08 
 3.05492111e+06 -1.51114686e+02  2.78141427e-08 
 3.09029543e+06 -1.51150139e+02  2.77008456e-08 
 3.12607937e+06 -1.51248355e+02  2.73893846e-08 
 3.16227766e+06 -1.51340488e+02  2.71003942e-08 
 3.19889511e+06 -1.51374765e+02  2.69936589e-08 
 3.23593657e+06 -1.51458124e+02  2.67358390e-08 
 3.27340695e+06 -1.51555329e+02  2.64383014e-08 
 3.31131121e+06 -1.51642989e+02  2.61728206e-08 
 3.34965439e+06 -1.51738048e+02  2.58879473e-08 
 3.38844156e+06 -1.51836727e+02  2.55955014e-08 
 3.42767787e+06 -1.51922833e+02  2.53430204e-08 
 3.46736850e+06 -1.52016329e+02  2.50716863e-08 
 3.50751874e+06 -1.52106320e+02  2.48132701e-08 
 3.54813389e+06 -1.52203180e+02  2.45381040e-08 
 3.58921935e+06 -1.52291988e+02  2.42884959e-08 
 3.63078055e+06 -1.52337805e+02  2.41607120e-08 
 3.67282300e+06 -1.52425626e+02  2.39176604e-08 
 3.71535229e+06 -1.52513075e+02  2.36780672e-08 
 3.75837404e+06 -1.52605371e+02  2.34277964e-08 
 3.80189396e+06 -1.52687157e+02  2.32082359e-08 
 3.84591782e+06 -1.52770913e+02  2.29855215e-08 
 3.89045145e+06 -1.52855730e+02  2.27621616e-08 
 3.93550075e+06 -1.52945102e+02  2.25291557e-08 
 3.98107171e+06 -1.53043574e+02  2.22751831e-08 
 4.02717034e+06 -1.53133726e+02  2.20451834e-08 
 4.07380278e+06 -1.53209949e+02  2.18525706e-08 
 4.12097519e+06 -1.53264663e+02  2.17153510e-08 
 4.16869383e+06 -1.53343356e+02  2.15195007e-08 
 4.21696503e+06 -1.53442583e+02  2.12750621e-08 
 4.26579519e+06 -1.53519720e+02  2.10869602e-08 
 4.31519077e+06 -1.53657699e+02  2.07546317e-08 
 4.36515832e+06 -1.53744271e+02  2.05487986e-08 
 4.41570447e+06 -1.53834894e+02  2.03355204e-08 
 4.46683592e+06 -1.53917709e+02  2.01425558e-08 
 4.51855944e+06 -1.53996220e+02  1.99613073e-08 
 4.57088190e+06 -1.54047108e+02  1.98447027e-08 
 4.62381021e+06 -1.54129365e+02  1.96576562e-08 
 4.67735141e+06 -1.54210983e+02  1.94738076e-08 
 4.73151259e+06 -1.54297399e+02  1.92810221e-08 
 4.78630092e+06 -1.54386283e+02  1.90847226e-08 
 4.84172368e+06 -1.54472758e+02  1.88956606e-08 
 4.89778819e+06 -1.54561114e+02  1.87044228e-08 
 4.95450191e+06 -1.54589072e+02  1.86443126e-08 
 5.01187234e+06 -1.54648248e+02  1.85177230e-08 
 5.06990708e+06 -1.54725229e+02  1.83543303e-08 
 5.12861384e+06 -1.54806626e+02  1.81831320e-08 
 5.18800039e+06 -1.54835280e+02  1.81232468e-08 
 5.24807460e+06 -1.54924975e+02  1.79370594e-08 
 5.30884444e+06 -1.54968202e+02  1.78480140e-08 
 5.37031796e+06 -1.55050135e+02  1.76804464e-08 
 5.43250331e+06 -1.55133970e+02  1.75106189e-08 
 5.49540874e+06 -1.55213916e+02  1.73501880e-08 
 5.55904257e+06 -1.55301404e+02  1.71763067e-08 
 5.62341325e+06 -1.55369805e+02  1.70415761e-08 
 5.68852931e+06 -1.55427642e+02  1.69284771e-08 
 5.75439937e+06 -1.55507558e+02  1.67734385e-08 
 5.82103218e+06 -1.55576416e+02  1.66409921e-08 
 5.88843655e+06 -1.55661048e+02  1.64796360e-08 
 5.95662144e+06 -1.55738150e+02  1.63339980e-08 
 6.02559586e+06 -1.55788947e+02  1.62387512e-08 
 6.09536897e+06 -1.55884947e+02  1.60602635e-08 
 6.16595002e+06 -1.55953226e+02  1.59345094e-08 
 6.23734835e+06 -1.56067074e+02  1.57270153e-08 
 6.30957344e+06 -1.56127036e+02  1.56188200e-08 
 6.38263486e+06 -1.56194085e+02  1.54987179e-08 
 6.45654229e+06 -1.56259189e+02  1.53829835e-08 
 6.53130553e+06 -1.56329727e+02  1.52585637e-08 
 6.60693448e+06 -1.56375996e+02  1.51774990e-08 
 6.68343918e+06 -1.56475997e+02  1.50037618e-08 
 6.76082975e+06 -1.56543048e+02  1.48883860e-08 
 6.83911647e+06 -1.56573326e+02  1.48365766e-08 
 6.91830971e+06 -1.56582937e+02  1.48201681e-08 
 6.99841996e+06 -1.56654561e+02  1.46984645e-08 
 7.07945784e+06 -1.56732318e+02  1.45674695e-08 
 7.16143410e+06 -1.56820678e+02  1.44200282e-08 
 7.24435960e+06 -1.56911624e+02  1.42698302e-08 
 7.32824533e+06 -1.56973161e+02  1.41690892e-08 
 7.41310241e+06 -1.56991022e+02  1.41399835e-08 
 7.49894209e+06 -1.57100687e+02  1.39625790e-08 
 7.58577575e+06 -1.57200378e+02  1.38032419e-08 
 7.67361489e+06 -1.57237739e+02  1.37439969e-08 
 7.76247117e+06 -1.57246538e+02  1.37300818e-08 
 7.85235635e+06 -1.57301173e+02  1.36439886e-08 
 7.94328235e+06 -1.57361737e+02  1.35491845e-08 
 8.03526122e+06 -1.57451062e+02  1.34105602e-08 
 8.12830516e+06 -1.57502954e+02  1.33306798e-08 
 8.22242650e+06 -1.57613729e+02  1.31617473e-08 
 8.31763771e+06 -1.57670492e+02  1.30760143e-08 
 8.41395142e+06 -1.57758747e+02  1.29438254e-08 
 8.51138038e+06 -1.57774776e+02  1.29199603e-08 
 8.60993752e+06 -1.57783101e+02  1.29075834e-08 
 8.70963590e+06 -1.57820514e+02  1.28521053e-08 
 8.81048873e+06 -1.57870807e+02  1.27779043e-08 
 8.91250938e+06 -1.57961011e+02  1.26458915e-08 
 9.01571138e+06 -1.57987705e+02  1.26070867e-08 
 9.12010839e+06 -1.58120757e+02  1.24154404e-08 
 9.22571427e+06 -1.58159473e+02  1.23602249e-08 
 9.33254301e+06 -1.58277471e+02  1.21934456e-08 
 9.44060876e+06 -1.58256984e+02  1.22222404e-08 
 9.54992586e+06 -1.58357597e+02  1.20814809e-08 
 9.66050879e+06 -1.58377498e+02  1.20538317e-08 
 9.77237221e+06 -1.58398760e+02  1.20243604e-08 
 9.88553095e+06 -1.58499540e+02  1.18856511e-08 
 1.00000000e+07 -1.58529035e+02  1.18453602e-08 
 1.01157945e+07 -1.58576774e+02  1.17804343e-08 
 1.02329299e+07 -1.58668888e+02  1.16561623e-08 
 1.03514217e+07 -1.58765164e+02  1.15276767e-08 
 1.04712855e+07 -1.58788908e+02  1.14962071e-08 
 1.05925373e+07 -1.58832109e+02  1.14391703e-08 
 1.07151931e+07 -1.58900410e+02  1.13495723e-08 
 1.08392691e+07 -1.58981608e+02  1.12439674e-08 
 1.09647820e+07 -1.59042483e+02  1.11654406e-08 
 1.10917482e+07 -1.59030171e+02  1.11812783e-08 
 1.12201845e+07 -1.59036588e+02  1.11730209e-08 
 1.13501082e+07 -1.59161000e+02  1.10141248e-08 
 1.14815362e+07 -1.59240739e+02  1.09134753e-08 
 1.16144861e+07 -1.59267174e+02  1.08803103e-08 
 1.17489755e+07 -1.59246104e+02  1.09067358e-08 
 1.18850223e+07 -1.59309770e+02  1.08270842e-08 
 1.20226443e+07 -1.59414326e+02  1.06975349e-08 
 1.21618600e+07 -1.59505821e+02  1.05854411e-08 
 1.23026877e+07 -1.59510965e+02  1.05791738e-08 
 1.24451461e+07 -1.59597576e+02  1.04742081e-08 
 1.25892541e+07 -1.59628946e+02  1.04364475e-08 
 1.27350308e+07 -1.59677436e+02  1.03783468e-08 
 1.28824955e+07 -1.59717310e+02  1.03308136e-08 
 1.30316678e+07 -1.59780634e+02  1.02557711e-08 
 1.31825674e+07 -1.59793368e+02  1.02407464e-08 
 1.33352143e+07 -1.59813407e+02  1.02171472e-08 
 1.34896288e+07 -1.59927276e+02  1.00840780e-08 
 1.36458314e+07 -1.59983239e+02  1.00193156e-08 
 1.38038426e+07 -1.59987214e+02  1.00147317e-08 
 1.39636836e+07 -1.60104297e+02  9.88064187e-09 
 1.41253754e+07 -1.60175328e+02  9.80017035e-09 
 1.42889396e+07 -1.60201602e+02  9.77057047e-09 
 1.44543977e+07 -1.60281848e+02  9.68071920e-09 
 1.46217717e+07 -1.60308630e+02  9.65091523e-09 
 1.47910839e+07 -1.60333930e+02  9.62284467e-09 
 1.49623566e+07 -1.60401339e+02  9.54845383e-09 
 1.51356125e+07 -1.60474952e+02  9.46787238e-09 
 1.53108746e+07 -1.60479098e+02  9.46335380e-09 
 1.54881662e+07 -1.60543429e+02  9.39352416e-09 
 1.56675107e+07 -1.60601596e+02  9.33082870e-09 
 1.58489319e+07 -1.60692293e+02  9.23390338e-09 
 1.60324539e+07 -1.60771341e+02  9.15024948e-09 
 1.62181010e+07 -1.60771767e+02  9.14980075e-09 
 1.64058977e+07 -1.60844408e+02  9.07359931e-09 
 1.65958691e+07 -1.60837095e+02  9.08124236e-09 
 1.67880402e+07 -1.60934367e+02  8.98010973e-09 
 1.69824365e+07 -1.60961728e+02  8.95186701e-09 
 1.71790839e+07 -1.61024550e+02  8.88735440e-09 
 1.73780083e+07 -1.61077586e+02  8.83325362e-09 
 1.75792361e+07 -1.61169535e+02  8.74023805e-09 
 1.77827941e+07 -1.61217440e+02  8.69216588e-09 
 1.79887092e+07 -1.61217174e+02  8.69243208e-09 
 1.81970086e+07 -1.61282670e+02  8.62713270e-09 
 1.84077200e+07 -1.61305428e+02  8.60455834e-09 
 1.86208714e+07 -1.61446515e+02  8.46592147e-09 
 1.88364909e+07 -1.61480344e+02  8.43301382e-09 
 1.90546072e+07 -1.61531411e+02  8.38357877e-09 
 1.92752491e+07 -1.61589768e+02  8.32744192e-09 
 1.94984460e+07 -1.61634989e+02  8.28419979e-09 
 1.97242274e+07 -1.61702165e+02  8.22037711e-09 
 1.99526231e+07 -1.61764801e+02  8.16131107e-09 
 2.01836636e+07 -1.61816303e+02  8.11306283e-09 
 2.04173794e+07 -1.61921647e+02  8.01526036e-09 
 2.06538016e+07 -1.61962806e+02  7.97736946e-09 
 2.08929613e+07 -1.61979262e+02  7.96227043e-09 
 2.11348904e+07 -1.62095403e+02  7.85651338e-09 
 2.13796209e+07 -1.62118386e+02  7.83575217e-09 
 2.16271852e+07 -1.62193900e+02  7.76792431e-09 
 2.18776162e+07 -1.62252036e+02  7.71610660e-09 
 2.21309471e+07 -1.62321846e+02  7.65433879e-09 
 2.23872114e+07 -1.62374878e+02  7.60774794e-09 
 2.26464431e+07 -1.62482752e+02  7.51384748e-09 
 2.29086765e+07 -1.62558205e+02  7.44885915e-09 
 2.31739465e+07 -1.62622630e+02  7.39381397e-09 
 2.34422882e+07 -1.62701956e+02  7.32659562e-09 
 2.37137371e+07 -1.62697673e+02  7.33020866e-09 
 2.39883292e+07 -1.62780176e+02  7.26091204e-09 
 2.42661010e+07 -1.62885898e+02  7.17307050e-09 
 2.45470892e+07 -1.62942819e+02  7.12621737e-09 
 2.48313311e+07 -1.62973966e+02  7.10070908e-09 
 2.51188643e+07 -1.63073225e+02  7.02002630e-09 
 2.54097271e+07 -1.63126707e+02  6.97693495e-09 
 2.57039578e+07 -1.63186139e+02  6.92935917e-09 
 2.60015956e+07 -1.63220892e+02  6.90168895e-09 
 2.63026799e+07 -1.63337465e+02  6.80968062e-09 
 2.66072506e+07 -1.63385788e+02  6.77190066e-09 
 2.69153480e+07 -1.63437944e+02  6.73135935e-09 
 2.72270131e+07 -1.63507749e+02  6.67747927e-09 
 2.75422870e+07 -1.63650683e+02  6.56849461e-09 
 2.78612117e+07 -1.63695849e+02  6.53442792e-09 
 2.81838293e+07 -1.63734820e+02  6.50517510e-09 
 2.85101827e+07 -1.63804356e+02  6.45330506e-09 
 2.88403150e+07 -1.63928457e+02  6.36175841e-09 
 2.91742701e+07 -1.63952095e+02  6.34446877e-09 
 2.95120923e+07 -1.64042005e+02  6.27913379e-09 
 2.98538262e+07 -1.64138776e+02  6.20956565e-09 
 3.01995172e+07 -1.64212481e+02  6.15709641e-09 
 3.05492111e+07 -1.64284976e+02  6.10592129e-09 
 3.09029543e+07 -1.64414816e+02  6.01532647e-09 
 3.12607937e+07 -1.64465726e+02  5.98017210e-09 
 3.16227766e+07 -1.64574983e+02  5.90542080e-09 
 3.19889511e+07 -1.64589102e+02  5.89582946e-09 
 3.23593657e+07 -1.64680231e+02  5.83429608e-09 
 3.27340695e+07 -1.64811972e+02  5.74647344e-09 
 3.31131121e+07 -1.64870133e+02  5.70812306e-09 
 3.34965439e+07 -1.64994449e+02  5.62700827e-09 
 3.38844156e+07 -1.65020166e+02  5.61037243e-09 
 3.42767787e+07 -1.65103617e+02  5.55672802e-09 
 3.46736850e+07 -1.65242365e+02  5.46867044e-09 
 3.50751874e+07 -1.65275588e+02  5.44779325e-09 
 3.54813389e+07 -1.65388674e+02  5.37732545e-09 
 3.58921935e+07 -1.65493761e+02  5.31265891e-09 
 3.63078055e+07 -1.65565877e+02  5.26873239e-09 
 3.67282300e+07 -1.65637924e+02  5.22521045e-09 
 3.71535229e+07 -1.65749340e+02  5.15861338e-09 
 3.75837404e+07 -1.65888965e+02  5.07635219e-09 
 3.80189396e+07 -1.65965301e+02  5.03193425e-09 
 3.84591782e+07 -1.66095693e+02  4.95695918e-09 
 3.89045145e+07 -1.66177140e+02  4.91069548e-09 
 3.93550075e+07 -1.66199142e+02  4.89827231e-09 
 3.98107171e+07 -1.66341094e+02  4.81887119e-09 
 4.02717034e+07 -1.66451642e+02  4.75792818e-09 
 4.07380278e+07 -1.66532416e+02  4.71388716e-09 
 4.12097519e+07 -1.66641455e+02  4.65508124e-09 
 4.16869383e+07 -1.66755551e+02  4.59433276e-09 
 4.21696503e+07 -1.66883146e+02  4.52733570e-09 
 4.26579519e+07 -1.66927446e+02  4.50430419e-09 
 4.31519077e+07 -1.67006024e+02  4.46373924e-09 
 4.36515832e+07 -1.67152995e+02  4.38884515e-09 
 4.41570447e+07 -1.67244013e+02  4.34309514e-09 
 4.46683592e+07 -1.67326164e+02  4.30221178e-09 
 4.51855944e+07 -1.67450550e+02  4.24104106e-09 
 4.57088190e+07 -1.67524637e+02  4.20502069e-09 
 4.62381021e+07 -1.67649406e+02  4.14504953e-09 
 4.67735141e+07 -1.67741133e+02  4.10150615e-09 
 4.73151259e+07 -1.67866218e+02  4.04286374e-09 
 4.78630092e+07 -1.67916752e+02  4.01941091e-09 
 4.84172368e+07 -1.67994917e+02  3.98340226e-09 
 4.89778819e+07 -1.68217026e+02  3.88283271e-09 
 4.95450191e+07 -1.68311322e+02  3.84090807e-09 
 5.01187234e+07 -1.68383210e+02  3.80925000e-09 
 5.06990708e+07 -1.68513745e+02  3.75243125e-09 
 5.12861384e+07 -1.68628392e+02  3.70322738e-09 
 5.18800039e+07 -1.68730791e+02  3.65982599e-09 
 5.24807460e+07 -1.68837463e+02  3.61515436e-09 
 5.30884444e+07 -1.68964059e+02  3.56284601e-09 
 5.37031796e+07 -1.69049153e+02  3.52811191e-09 
 5.43250331e+07 -1.69179957e+02  3.47537888e-09 
 5.49540874e+07 -1.69302407e+02  3.42672813e-09 
 5.55904257e+07 -1.69383002e+02  3.39507914e-09 
 5.62341325e+07 -1.69559397e+02  3.32682661e-09 
 5.68852931e+07 -1.69685710e+02  3.27879660e-09 
 5.75439937e+07 -1.69857140e+02  3.21471897e-09 
 5.82103218e+07 -1.69923310e+02  3.19032177e-09 
 5.88843655e+07 -1.70074906e+02  3.13512367e-09 
 5.95662144e+07 -1.70161359e+02  3.10407386e-09 
 6.02559586e+07 -1.70301139e+02  3.05452045e-09 
 6.09536897e+07 -1.70387094e+02  3.02444232e-09 
 6.16595002e+07 -1.70529347e+02  2.97531285e-09 
 6.23734835e+07 -1.70657042e+02  2.93189153e-09 
 6.30957344e+07 -1.70726476e+02  2.90854778e-09 
 6.38263486e+07 -1.70874444e+02  2.85941903e-09 
 6.45654229e+07 -1.70958738e+02  2.83180349e-09 
 6.53130553e+07 -1.71122047e+02  2.77905839e-09 
 6.60693448e+07 -1.71244502e+02  2.74015347e-09 
 6.68343918e+07 -1.71395291e+02  2.69299447e-09 
 6.76082975e+07 -1.71531577e+02  2.65106972e-09 
 6.83911647e+07 -1.71577558e+02  2.63707269e-09 
 6.91830971e+07 -1.71787884e+02  2.57398371e-09 
 6.99841996e+07 -1.71938377e+02  2.52977070e-09 
 7.07945784e+07 -1.71974145e+02  2.51937459e-09 
 7.16143410e+07 -1.72169242e+02  2.46341682e-09 
 7.24435960e+07 -1.72321770e+02  2.42053588e-09 
 7.32824533e+07 -1.72454432e+02  2.38384711e-09 
 7.41310241e+07 -1.72628212e+02  2.33662704e-09 
 7.49894209e+07 -1.72690576e+02  2.31991021e-09 
 7.58577575e+07 -1.72805978e+02  2.28929147e-09 
 7.67361489e+07 -1.72968188e+02  2.24693558e-09 
 7.76247117e+07 -1.73083624e+02  2.21727102e-09 
 7.85235635e+07 -1.73267824e+02  2.17074505e-09 
 7.94328235e+07 -1.73390114e+02  2.14039687e-09 
 8.03526122e+07 -1.73535443e+02  2.10488249e-09 
 8.12830516e+07 -1.73626705e+02  2.08288239e-09 
 8.22242650e+07 -1.73793142e+02  2.04335062e-09 
 8.31763771e+07 -1.73940353e+02  2.00901121e-09 
 8.41395142e+07 -1.74127554e+02  1.96617552e-09 
 8.51138038e+07 -1.74210031e+02  1.94759404e-09 
 8.60993752e+07 -1.74367739e+02  1.91255121e-09 
 8.70963590e+07 -1.74485281e+02  1.88684371e-09 
 8.81048873e+07 -1.74630590e+02  1.85554080e-09 
 8.91250938e+07 -1.74755488e+02  1.82905011e-09 
 9.01571138e+07 -1.74926262e+02  1.79344017e-09 
 9.12010839e+07 -1.75070267e+02  1.76395157e-09 
 9.22571427e+07 -1.75210097e+02  1.73578195e-09 
 9.33254301e+07 -1.75360224e+02  1.70603846e-09 
 9.44060876e+07 -1.75453395e+02  1.68783597e-09 
 9.54992586e+07 -1.75648201e+02  1.65040281e-09 
 9.66050879e+07 -1.75734090e+02  1.63416350e-09 
 9.77237221e+07 -1.75904395e+02  1.60243436e-09 
 9.88553095e+07 -1.76042493e+02  1.57715847e-09 
 1.00000000e+08 -1.76230089e+02  1.54346063e-09 
 1.01157945e+08 -1.76400704e+02  1.51343850e-09 
 1.02329299e+08 -1.76543481e+02  1.48876425e-09 
 1.03514217e+08 -1.76630267e+02  1.47396315e-09 
 1.04712855e+08 -1.76830186e+02  1.44042522e-09 
 1.05925373e+08 -1.76958683e+02  1.41927272e-09 
 1.07151931e+08 -1.77101228e+02  1.39617091e-09 
 1.08392691e+08 -1.77268701e+02  1.36950913e-09 
 1.09647820e+08 -1.77431976e+02  1.34400605e-09 
 1.10917482e+08 -1.77529420e+02  1.32901225e-09 
 1.12201845e+08 -1.77721384e+02  1.29996243e-09 
 1.13501082e+08 -1.77860296e+02  1.27933770e-09 
 1.14815362e+08 -1.77972451e+02  1.26292464e-09 
 1.16144861e+08 -1.78129443e+02  1.24030319e-09 
 1.17489755e+08 -1.78303342e+02  1.21571819e-09 
 1.18850223e+08 -1.78449751e+02  1.19539775e-09 
 1.20226443e+08 -1.78568316e+02  1.17919119e-09 
 1.21618600e+08 -1.78770989e+02  1.15199483e-09 
 1.23026877e+08 -1.78885746e+02  1.13687501e-09 
 1.24451461e+08 -1.79018013e+02  1.11969395e-09 
 1.25892541e+08 -1.79207088e+02  1.09558383e-09 
 1.27350308e+08 -1.79331318e+02  1.08002570e-09 
 1.28824955e+08 -1.79505712e+02  1.05855740e-09 
 1.30316678e+08 -1.79701804e+02  1.03492721e-09 
 1.31825674e+08 -1.79797760e+02  1.02355691e-09 
 1.33352143e+08 -1.79971459e+02  1.00329130e-09 
 1.34896288e+08 -1.80142484e+02  9.83729790e-10 
 1.36458314e+08 -1.80288424e+02  9.67339246e-10 
 1.38038426e+08 -1.80388180e+02  9.56293098e-10 
 1.39636836e+08 -1.80578073e+02  9.35613184e-10 
 1.41253754e+08 -1.80747717e+02  9.17517079e-10 
 1.42889396e+08 -1.80878513e+02  9.03804216e-10 
 1.44543977e+08 -1.81024670e+02  8.88723149e-10 
 1.46217717e+08 -1.81213583e+02  8.69602645e-10 
 1.47910839e+08 -1.81354997e+02  8.55559318e-10 
 1.49623566e+08 -1.81494805e+02  8.41898516e-10 
 1.51356125e+08 -1.81688800e+02  8.23303536e-10 
 1.53108746e+08 -1.81808777e+02  8.12009560e-10 
 1.54881662e+08 -1.81953055e+02  7.98633010e-10 
 1.56675107e+08 -1.82151217e+02  7.80619029e-10 
 1.58489319e+08 -1.82304319e+02  7.66980060e-10 
 1.60324539e+08 -1.82412182e+02  7.57514449e-10 
 1.62181010e+08 -1.82574558e+02  7.43484844e-10 
 1.64058977e+08 -1.82765037e+02  7.27357899e-10 
 1.65958691e+08 -1.82890758e+02  7.16905848e-10 
 1.67880402e+08 -1.83056486e+02  7.03356778e-10 
 1.69824365e+08 -1.83224255e+02  6.89901778e-10 
 1.71790839e+08 -1.83332385e+02  6.81366484e-10 
 1.73780083e+08 -1.83529760e+02  6.66057962e-10 
 1.75792361e+08 -1.83660639e+02  6.56097012e-10 
 1.77827941e+08 -1.83851095e+02  6.41867301e-10 
 1.79887092e+08 -1.83978427e+02  6.32526377e-10 
 1.81970086e+08 -1.84127286e+02  6.21778522e-10 
 1.84077200e+08 -1.84283641e+02  6.10686006e-10 
 1.86208714e+08 -1.84424031e+02  6.00894840e-10 
 1.88364909e+08 -1.84557484e+02  5.91733000e-10 
 1.90546072e+08 -1.84763004e+02  5.77896138e-10 
 1.92752491e+08 -1.84875058e+02  5.70488777e-10 
 1.94984460e+08 -1.85030564e+02  5.60366007e-10 
 1.97242274e+08 -1.85175622e+02  5.51085379e-10 
 1.99526231e+08 -1.85351347e+02  5.40048347e-10 
 2.01836636e+08 -1.85487599e+02  5.31642913e-10 
 2.04173794e+08 -1.85659207e+02  5.21242310e-10 
 2.06538016e+08 -1.85756152e+02  5.15456941e-10 
 2.08929613e+08 -1.85891151e+02  5.07507487e-10 
 2.11348904e+08 -1.86082285e+02  4.96461674e-10 
 2.13796209e+08 -1.86234410e+02  4.87842355e-10 
 2.16271852e+08 -1.86406837e+02  4.78253487e-10 
 2.18776162e+08 -1.86558761e+02  4.69961130e-10 
 2.21309471e+08 -1.86687164e+02  4.63064838e-10 
 2.23872114e+08 -1.86810022e+02  4.56561115e-10 
 2.26464431e+08 -1.86999664e+02  4.46700882e-10 
 2.29086765e+08 -1.87134241e+02  4.39833161e-10 
 2.31739465e+08 -1.87282047e+02  4.32411918e-10 
 2.34422882e+08 -1.87391408e+02  4.27001686e-10 
 2.37137371e+08 -1.87573357e+02  4.18150035e-10 
 2.39883292e+08 -1.87733871e+02  4.10493646e-10 
 2.42661010e+08 -1.87846628e+02  4.05199205e-10 
 2.45470892e+08 -1.88002695e+02  3.97983666e-10 
 2.48313311e+08 -1.88126575e+02  3.92347840e-10 
 2.51188643e+08 -1.88300198e+02  3.84583016e-10 
 2.54097271e+08 -1.88430354e+02  3.78863099e-10 
 2.57039578e+08 -1.88606000e+02  3.71278659e-10 
 2.60015956e+08 -1.88756337e+02  3.64907808e-10 
 2.63026799e+08 -1.88842253e+02  3.61316140e-10 
 2.66072506e+08 -1.89016106e+02  3.54156082e-10 
 2.69153480e+08 -1.89142021e+02  3.49059099e-10 
 2.72270131e+08 -1.89261850e+02  3.44276581e-10 
 2.75422870e+08 -1.89426253e+02  3.37821548e-10 
 2.78612117e+08 -1.89541536e+02  3.33367460e-10 
 2.81838293e+08 -1.89686421e+02  3.27852854e-10 
 2.85101827e+08 -1.89834552e+02  3.22308974e-10 
 2.88403150e+08 -1.89979663e+02  3.16969057e-10 
 2.91742701e+08 -1.90105896e+02  3.12395812e-10 
 2.95120923e+08 -1.90251167e+02  3.07214462e-10 
 2.98538262e+08 -1.90400775e+02  3.01968212e-10 
 3.01995172e+08 -1.90522187e+02  2.97776648e-10 
 3.05492111e+08 -1.90664807e+02  2.92927165e-10 
 3.09029543e+08 -1.90759522e+02  2.89750307e-10 
 3.12607937e+08 -1.90905374e+02  2.84925490e-10 
 3.16227766e+08 -1.91064663e+02  2.79747924e-10 
 3.19889511e+08 -1.91197753e+02  2.75494134e-10 
 3.23593657e+08 -1.91309139e+02  2.71983795e-10 
 3.27340695e+08 -1.91493305e+02  2.66277682e-10 
 3.31131121e+08 -1.91595857e+02  2.63152273e-10 
 3.34965439e+08 -1.91719223e+02  2.59441151e-10 
 3.38844156e+08 -1.91886230e+02  2.54500417e-10 
 3.42767787e+08 -1.91979746e+02  2.51775051e-10 
 3.46736850e+08 -1.92119016e+02  2.47770266e-10 
 3.50751874e+08 -1.92266761e+02  2.43591394e-10 
 3.54813389e+08 -1.92387368e+02  2.40232416e-10 
 3.58921935e+08 -1.92499280e+02  2.37157020e-10 
 3.63078055e+08 -1.92631484e+02  2.33574695e-10 
 3.67282300e+08 -1.92784133e+02  2.29505644e-10 
 3.71535229e+08 -1.92896220e+02  2.26562994e-10 
 3.75837404e+08 -1.92990897e+02  2.24106858e-10 
 3.80189396e+08 -1.93145636e+02  2.20149752e-10 
 3.84591782e+08 -1.93317769e+02  2.15829863e-10 
 3.89045145e+08 -1.93415872e+02  2.13405884e-10 
 3.93550075e+08 -1.93523924e+02  2.10767588e-10 
 3.98107171e+08 -1.93676984e+02  2.07086017e-10 
 4.02717034e+08 -1.93803230e+02  2.04097883e-10 
 4.07380278e+08 -1.93896079e+02  2.01927767e-10 
 4.12097519e+08 -1.94023715e+02  1.98982203e-10 
 4.16869383e+08 -1.94156027e+02  1.95974090e-10 
 4.21696503e+08 -1.94268106e+02  1.93461571e-10 
 4.26579519e+08 -1.94376762e+02  1.91056545e-10 
 4.31519077e+08 -1.94559346e+02  1.87082296e-10 
 4.36515832e+08 -1.94652274e+02  1.85091417e-10 
 4.41570447e+08 -1.94765751e+02  1.82689022e-10 
 4.46683592e+08 -1.94863416e+02  1.80646346e-10 
 4.51855944e+08 -1.95015293e+02  1.77515130e-10 
 4.57088190e+08 -1.95145107e+02  1.74881819e-10 
 4.62381021e+08 -1.95238859e+02  1.73004368e-10 
 4.67735141e+08 -1.95372753e+02  1.70357935e-10 
 4.73151259e+08 -1.95512545e+02  1.67638109e-10 
 4.78630092e+08 -1.95649129e+02  1.65022639e-10 
 4.84172368e+08 -1.95744077e+02  1.63228562e-10 
 4.89778819e+08 -1.95833415e+02  1.61558287e-10 
 4.95450191e+08 -1.95971706e+02  1.59006427e-10 
 5.01187234e+08 -1.96073581e+02  1.57152382e-10 
 5.06990708e+08 -1.96207400e+02  1.54749763e-10 
 5.12861384e+08 -1.96323795e+02  1.52689885e-10 
 5.18800039e+08 -1.96435641e+02  1.50736332e-10 
 5.24807460e+08 -1.96599974e+02  1.47911275e-10 
 5.30884444e+08 -1.96703272e+02  1.46162639e-10 
 5.37031796e+08 -1.96830316e+02  1.44040364e-10 
 5.43250331e+08 -1.96910659e+02  1.42714163e-10 
 5.49540874e+08 -1.97026836e+02  1.40818006e-10 
 5.55904257e+08 -1.97129305e+02  1.39166522e-10 
 5.62341325e+08 -1.97263470e+02  1.37033428e-10 
 5.68852931e+08 -1.97403658e+02  1.34839486e-10 
 5.75439937e+08 -1.97475836e+02  1.33723637e-10 
 5.82103218e+08 -1.97623411e+02  1.31470848e-10 
 5.88843655e+08 -1.97711796e+02  1.30139823e-10 
 5.95662144e+08 -1.97834589e+02  1.28312965e-10 
 6.02559586e+08 -1.97902000e+02  1.27320987e-10 
 6.09536897e+08 -1.98022283e+02  1.25569989e-10 
 6.16595002e+08 -1.98149286e+02  1.23747291e-10 
 6.23734835e+08 -1.98290895e+02  1.21746149e-10 
 6.30957344e+08 -1.98378493e+02  1.20524498e-10 
 6.38263486e+08 -1.98494582e+02  1.18924385e-10 
 6.45654229e+08 -1.98591281e+02  1.17607758e-10 
 6.53130553e+08 -1.98742818e+02  1.15573722e-10 
 6.60693448e+08 -1.98867447e+02  1.13927262e-10 
 6.68343918e+08 -1.98967681e+02  1.12620107e-10 
 6.76082975e+08 -1.99028366e+02  1.11836018e-10 
 6.83911647e+08 -1.99193851e+02  1.09725468e-10 
 6.91830971e+08 -1.99246054e+02  1.09067991e-10 
 6.99841996e+08 -1.99408755e+02  1.07043980e-10 
 7.07945784e+08 -1.99461365e+02  1.06397580e-10 
 7.16143410e+08 -1.99593925e+02  1.04786112e-10 
 7.24435960e+08 -1.99742980e+02  1.03003271e-10 
 7.32824533e+08 -1.99837324e+02  1.01890528e-10 
 7.41310241e+08 -1.99955066e+02  1.00518659e-10 
 7.49894209e+08 -2.00062289e+02  9.92854414e-11 
 7.58577575e+08 -2.00111047e+02  9.87296668e-11 
 7.67361489e+08 -2.00263862e+02  9.70078534e-11 
 7.76247117e+08 -2.00365016e+02  9.58846704e-11 
 7.85235635e+08 -2.00482057e+02  9.46013137e-11 
 7.94328235e+08 -2.00596733e+02  9.33605440e-11 
 8.03526122e+08 -2.00674051e+02  9.25331707e-11 
 8.12830516e+08 -2.00791447e+02  9.12909342e-11 
 8.22242650e+08 -2.00887787e+02  9.02839707e-11 
 8.31763771e+08 -2.01036967e+02  8.87465851e-11 
 8.41395142e+08 -2.01114424e+02  8.79586971e-11 
 8.51138038e+08 -2.01244159e+02  8.66546859e-11 
 8.60993752e+08 -2.01358399e+02  8.55224330e-11 
 8.70963590e+08 -2.01423996e+02  8.48789862e-11 
 8.81048873e+08 -2.01549246e+02  8.36638203e-11 
 8.91250938e+08 -2.01664390e+02  8.25620569e-11 
 9.01571138e+08 -2.01756986e+02  8.16865776e-11 
 9.12010839e+08 -2.01874535e+02  8.05885309e-11 
 9.22571427e+08 -2.01945095e+02  7.99365198e-11 
 9.33254301e+08 -2.02091548e+02  7.86000114e-11 
 9.44060876e+08 -2.02182781e+02  7.77787506e-11 
 9.54992586e+08 -2.02298906e+02  7.67458137e-11 
 9.66050879e+08 -2.02397855e+02  7.58764958e-11 
 9.77237221e+08 -2.02482213e+02  7.51431384e-11 
 9.88553095e+08 -2.02619438e+02  7.39653096e-11 
 1.00000000e+09 -2.02714234e+02  7.31624620e-11 
