 1.00000000e+00 -9.25697891e+00  3.44469722e-01 
 1.01157945e+00 -9.25698051e+00  3.44469659e-01 
 1.02329299e+00 -9.25698214e+00  3.44469594e-01 
 1.03514217e+00 -9.25698382e+00  3.44469527e-01 
 1.04712855e+00 -9.25698554e+00  3.44469459e-01 
 1.05925373e+00 -9.25698729e+00  3.44469390e-01 
 1.07151931e+00 -9.25698909e+00  3.44469318e-01 
 1.08392691e+00 -9.25699092e+00  3.44469245e-01 
 1.09647820e+00 -9.25699281e+00  3.44469171e-01 
 1.10917482e+00 -9.25699473e+00  3.44469095e-01 
 1.12201845e+00 -9.25699670e+00  3.44469016e-01 
 1.13501082e+00 -9.25699871e+00  3.44468937e-01 
 1.14815362e+00 -9.25700078e+00  3.44468855e-01 
 1.16144861e+00 -9.25700289e+00  3.44468771e-01 
 1.17489755e+00 -9.25700505e+00  3.44468685e-01 
 1.18850223e+00 -9.25700726e+00  3.44468598e-01 
 1.20226443e+00 -9.25700952e+00  3.44468508e-01 
 1.21618600e+00 -9.25701183e+00  3.44468416e-01 
 1.23026877e+00 -9.25701420e+00  3.44468323e-01 
 1.24451461e+00 -9.25701662e+00  3.44468226e-01 
 1.25892541e+00 -9.25701910e+00  3.44468128e-01 
 1.27350308e+00 -9.25702164e+00  3.44468027e-01 
 1.28824955e+00 -9.25702423e+00  3.44467925e-01 
 1.30316678e+00 -9.25702689e+00  3.44467819e-01 
 1.31825674e+00 -9.25702961e+00  3.44467711e-01 
 1.33352143e+00 -9.25703239e+00  3.44467601e-01 
 1.34896288e+00 -9.25703524e+00  3.44467488e-01 
 1.36458314e+00 -9.25703815e+00  3.44467373e-01 
 1.38038426e+00 -9.25704113e+00  3.44467254e-01 
 1.39636836e+00 -9.25704418e+00  3.44467134e-01 
 1.41253754e+00 -9.25704730e+00  3.44467010e-01 
 1.42889396e+00 -9.25705049e+00  3.44466883e-01 
 1.44543977e+00 -9.25705376e+00  3.44466753e-01 
 1.46217717e+00 -9.25705711e+00  3.44466621e-01 
 1.47910839e+00 -9.25706053e+00  3.44466485e-01 
 1.49623566e+00 -9.25706403e+00  3.44466346e-01 
 1.51356125e+00 -9.25706761e+00  3.44466204e-01 
 1.53108746e+00 -9.25707128e+00  3.44466059e-01 
 1.54881662e+00 -9.25707503e+00  3.44465910e-01 
 1.56675107e+00 -9.25707887e+00  3.44465758e-01 
 1.58489319e+00 -9.25708280e+00  3.44465602e-01 
 1.60324539e+00 -9.25708682e+00  3.44465442e-01 
 1.62181010e+00 -9.25709094e+00  3.44465279e-01 
 1.64058977e+00 -9.25709515e+00  3.44465112e-01 
 1.65958691e+00 -9.25709945e+00  3.44464941e-01 
 1.67880402e+00 -9.25710386e+00  3.44464767e-01 
 1.69824365e+00 -9.25710837e+00  3.44464588e-01 
 1.71790839e+00 -9.25711299e+00  3.44464405e-01 
 1.73780083e+00 -9.25711771e+00  3.44464217e-01 
 1.75792361e+00 -9.25712255e+00  3.44464026e-01 
 1.77827941e+00 -9.25712749e+00  3.44463829e-01 
 1.79887092e+00 -9.25713256e+00  3.44463629e-01 
 1.81970086e+00 -9.25713774e+00  3.44463423e-01 
 1.84077200e+00 -9.25714304e+00  3.44463213e-01 
 1.86208714e+00 -9.25714846e+00  3.44462998e-01 
 1.88364909e+00 -9.25715401e+00  3.44462778e-01 
 1.90546072e+00 -9.25715969e+00  3.44462553e-01 
 1.92752491e+00 -9.25716550e+00  3.44462322e-01 
 1.94984460e+00 -9.25717145e+00  3.44462086e-01 
 1.97242274e+00 -9.25717753e+00  3.44461845e-01 
 1.99526231e+00 -9.25718376e+00  3.44461598e-01 
 2.01836636e+00 -9.25719013e+00  3.44461345e-01 
 2.04173794e+00 -9.25719665e+00  3.44461087e-01 
 2.06538016e+00 -9.25720333e+00  3.44460822e-01 
 2.08929613e+00 -9.25721015e+00  3.44460551e-01 
 2.11348904e+00 -9.25721714e+00  3.44460274e-01 
 2.13796209e+00 -9.25722429e+00  3.44459991e-01 
 2.16271852e+00 -9.25723161e+00  3.44459701e-01 
 2.18776162e+00 -9.25723909e+00  3.44459404e-01 
 2.21309471e+00 -9.25724675e+00  3.44459100e-01 
 2.23872114e+00 -9.25725459e+00  3.44458789e-01 
 2.26464431e+00 -9.25726261e+00  3.44458471e-01 
 2.29086765e+00 -9.25727082e+00  3.44458145e-01 
 2.31739465e+00 -9.25727922e+00  3.44457812e-01 
 2.34422882e+00 -9.25728782e+00  3.44457471e-01 
 2.37137371e+00 -9.25729661e+00  3.44457122e-01 
 2.39883292e+00 -9.25730562e+00  3.44456766e-01 
 2.42661010e+00 -9.25731483e+00  3.44456400e-01 
 2.45470892e+00 -9.25732425e+00  3.44456027e-01 
 2.48313311e+00 -9.25733389e+00  3.44455644e-01 
 2.51188643e+00 -9.25734376e+00  3.44455253e-01 
 2.54097271e+00 -9.25735386e+00  3.44454852e-01 
 2.57039578e+00 -9.25736420e+00  3.44454442e-01 
 2.60015956e+00 -9.25737477e+00  3.44454023e-01 
 2.63026799e+00 -9.25738559e+00  3.44453594e-01 
 2.66072506e+00 -9.25739667e+00  3.44453155e-01 
 2.69153480e+00 -9.25740800e+00  3.44452705e-01 
 2.72270131e+00 -9.25741959e+00  3.44452246e-01 
 2.75422870e+00 -9.25743146e+00  3.44451775e-01 
 2.78612117e+00 -9.25744360e+00  3.44451294e-01 
 2.81838293e+00 -9.25745602e+00  3.44450801e-01 
 2.85101827e+00 -9.25746873e+00  3.44450297e-01 
 2.88403150e+00 -9.25748174e+00  3.44449781e-01 
 2.91742701e+00 -9.25749506e+00  3.44449253e-01 
 2.95120923e+00 -9.25750868e+00  3.44448713e-01 
 2.98538262e+00 -9.25752262e+00  3.44448160e-01 
 3.01995172e+00 -9.25753688e+00  3.44447594e-01 
 3.05492111e+00 -9.25755148e+00  3.44447015e-01 
 3.09029543e+00 -9.25756642e+00  3.44446423e-01 
 3.12607937e+00 -9.25758170e+00  3.44445817e-01 
 3.16227766e+00 -9.25759734e+00  3.44445197e-01 
 3.19889511e+00 -9.25761335e+00  3.44444562e-01 
 3.23593657e+00 -9.25762972e+00  3.44443913e-01 
 3.27340695e+00 -9.25764648e+00  3.44443248e-01 
 3.31131121e+00 -9.25766363e+00  3.44442568e-01 
 3.34965439e+00 -9.25768118e+00  3.44441872e-01 
 3.38844156e+00 -9.25769914e+00  3.44441160e-01 
 3.42767787e+00 -9.25771751e+00  3.44440431e-01 
 3.46736850e+00 -9.25773631e+00  3.44439686e-01 
 3.50751874e+00 -9.25775556e+00  3.44438923e-01 
 3.54813389e+00 -9.25777525e+00  3.44438142e-01 
 3.58921935e+00 -9.25779539e+00  3.44437343e-01 
 3.63078055e+00 -9.25781601e+00  3.44436525e-01 
 3.67282300e+00 -9.25783711e+00  3.44435689e-01 
 3.71535229e+00 -9.25785870e+00  3.44434833e-01 
 3.75837404e+00 -9.25788079e+00  3.44433957e-01 
 3.80189396e+00 -9.25790339e+00  3.44433060e-01 
 3.84591782e+00 -9.25792652e+00  3.44432143e-01 
 3.89045145e+00 -9.25795019e+00  3.44431204e-01 
 3.93550075e+00 -9.25797442e+00  3.44430244e-01 
 3.98107171e+00 -9.25799920e+00  3.44429261e-01 
 4.02717034e+00 -9.25802457e+00  3.44428255e-01 
 4.07380278e+00 -9.25805052e+00  3.44427226e-01 
 4.12097519e+00 -9.25807708e+00  3.44426173e-01 
 4.16869383e+00 -9.25810425e+00  3.44425095e-01 
 4.21696503e+00 -9.25813206e+00  3.44423993e-01 
 4.26579519e+00 -9.25816052e+00  3.44422864e-01 
 4.31519077e+00 -9.25818964e+00  3.44421709e-01 
 4.36515832e+00 -9.25821944e+00  3.44420528e-01 
 4.41570447e+00 -9.25824993e+00  3.44419319e-01 
 4.46683592e+00 -9.25828113e+00  3.44418082e-01 
 4.51855944e+00 -9.25831306e+00  3.44416816e-01 
 4.57088190e+00 -9.25834573e+00  3.44415520e-01 
 4.62381021e+00 -9.25837917e+00  3.44414194e-01 
 4.67735141e+00 -9.25841338e+00  3.44412838e-01 
 4.73151259e+00 -9.25844838e+00  3.44411450e-01 
 4.78630092e+00 -9.25848421e+00  3.44410029e-01 
 4.84172368e+00 -9.25852086e+00  3.44408576e-01 
 4.89778819e+00 -9.25855837e+00  3.44407088e-01 
 4.95450191e+00 -9.25859676e+00  3.44405566e-01 
 5.01187234e+00 -9.25863604e+00  3.44404009e-01 
 5.06990708e+00 -9.25867623e+00  3.44402415e-01 
 5.12861384e+00 -9.25871736e+00  3.44400785e-01 
 5.18800039e+00 -9.25875944e+00  3.44399116e-01 
 5.24807460e+00 -9.25880251e+00  3.44397408e-01 
 5.30884444e+00 -9.25884657e+00  3.44395661e-01 
 5.37031796e+00 -9.25889167e+00  3.44393873e-01 
 5.43250331e+00 -9.25893781e+00  3.44392044e-01 
 5.49540874e+00 -9.25898503e+00  3.44390171e-01 
 5.55904257e+00 -9.25903335e+00  3.44388256e-01 
 5.62341325e+00 -9.25908279e+00  3.44386295e-01 
 5.68852931e+00 -9.25913338e+00  3.44384289e-01 
 5.75439937e+00 -9.25918515e+00  3.44382237e-01 
 5.82103218e+00 -9.25923813e+00  3.44380136e-01 
 5.88843655e+00 -9.25929234e+00  3.44377987e-01 
 5.95662144e+00 -9.25934781e+00  3.44375788e-01 
 6.02559586e+00 -9.25940458e+00  3.44373537e-01 
 6.09536897e+00 -9.25946266e+00  3.44371234e-01 
 6.16595002e+00 -9.25952210e+00  3.44368878e-01 
 6.23734835e+00 -9.25958292e+00  3.44366466e-01 
 6.30957344e+00 -9.25964516e+00  3.44363999e-01 
 6.38263486e+00 -9.25970884e+00  3.44361474e-01 
 6.45654229e+00 -9.25977401e+00  3.44358890e-01 
 6.53130553e+00 -9.25984069e+00  3.44356247e-01 
 6.60693448e+00 -9.25990893e+00  3.44353541e-01 
 6.68343918e+00 -9.25997875e+00  3.44350773e-01 
 6.76082975e+00 -9.26005020e+00  3.44347940e-01 
 6.83911647e+00 -9.26012332e+00  3.44345042e-01 
 6.91830971e+00 -9.26019813e+00  3.44342076e-01 
 6.99841996e+00 -9.26027469e+00  3.44339041e-01 
 7.07945784e+00 -9.26035303e+00  3.44335935e-01 
 7.16143410e+00 -9.26043319e+00  3.44332757e-01 
 7.24435960e+00 -9.26051522e+00  3.44329506e-01 
 7.32824533e+00 -9.26059915e+00  3.44326178e-01 
 7.41310241e+00 -9.26068504e+00  3.44322773e-01 
 7.49894209e+00 -9.26077293e+00  3.44319289e-01 
 7.58577575e+00 -9.26086287e+00  3.44315724e-01 
 7.67361489e+00 -9.26095489e+00  3.44312076e-01 
 7.76247117e+00 -9.26104906e+00  3.44308344e-01 
 7.85235635e+00 -9.26114542e+00  3.44304524e-01 
 7.94328235e+00 -9.26124402e+00  3.44300615e-01 
 8.03526122e+00 -9.26134492e+00  3.44296616e-01 
 8.12830516e+00 -9.26144816e+00  3.44292523e-01 
 8.22242650e+00 -9.26155381e+00  3.44288336e-01 
 8.31763771e+00 -9.26166191e+00  3.44284051e-01 
 8.41395142e+00 -9.26177253e+00  3.44279666e-01 
 8.51138038e+00 -9.26188573e+00  3.44275180e-01 
 8.60993752e+00 -9.26200156e+00  3.44270589e-01 
 8.70963590e+00 -9.26212008e+00  3.44265891e-01 
 8.81048873e+00 -9.26224136e+00  3.44261084e-01 
 8.91250938e+00 -9.26236546e+00  3.44256166e-01 
 9.01571138e+00 -9.26249245e+00  3.44251133e-01 
 9.12010839e+00 -9.26262239e+00  3.44245983e-01 
 9.22571427e+00 -9.26275535e+00  3.44240713e-01 
 9.33254301e+00 -9.26289141e+00  3.44235321e-01 
 9.44060876e+00 -9.26303063e+00  3.44229803e-01 
 9.54992586e+00 -9.26317309e+00  3.44224157e-01 
 9.66050879e+00 -9.26331887e+00  3.44218380e-01 
 9.77237221e+00 -9.26346803e+00  3.44212469e-01 
 9.88553095e+00 -9.26362067e+00  3.44206420e-01 
 1.00000000e+01 -9.26377685e+00  3.44200231e-01 
 1.01157945e+01 -9.26393667e+00  3.44193898e-01 
 1.02329299e+01 -9.26410020e+00  3.44187418e-01 
 1.03514217e+01 -9.26426753e+00  3.44180787e-01 
 1.04712855e+01 -9.26443876e+00  3.44174002e-01 
 1.05925373e+01 -9.26461397e+00  3.44167060e-01 
 1.07151931e+01 -9.26479325e+00  3.44159956e-01 
 1.08392691e+01 -9.26497670e+00  3.44152687e-01 
 1.09647820e+01 -9.26516441e+00  3.44145250e-01 
 1.10917482e+01 -9.26535649e+00  3.44137639e-01 
 1.12201845e+01 -9.26555304e+00  3.44129852e-01 
 1.13501082e+01 -9.26575415e+00  3.44121885e-01 
 1.14815362e+01 -9.26595994e+00  3.44113732e-01 
 1.16144861e+01 -9.26617051e+00  3.44105389e-01 
 1.17489755e+01 -9.26638597e+00  3.44096854e-01 
 1.18850223e+01 -9.26660645e+00  3.44088119e-01 
 1.20226443e+01 -9.26683204e+00  3.44079183e-01 
 1.21618600e+01 -9.26706288e+00  3.44070038e-01 
 1.23026877e+01 -9.26729909e+00  3.44060682e-01 
 1.24451461e+01 -9.26754078e+00  3.44051108e-01 
 1.25892541e+01 -9.26778809e+00  3.44041312e-01 
 1.27350308e+01 -9.26804114e+00  3.44031289e-01 
 1.28824955e+01 -9.26830007e+00  3.44021034e-01 
 1.30316678e+01 -9.26856502e+00  3.44010540e-01 
 1.31825674e+01 -9.26883613e+00  3.43999803e-01 
 1.33352143e+01 -9.26911353e+00  3.43988817e-01 
 1.34896288e+01 -9.26939737e+00  3.43977576e-01 
 1.36458314e+01 -9.26968781e+00  3.43966074e-01 
 1.38038426e+01 -9.26998499e+00  3.43954306e-01 
 1.39636836e+01 -9.27028907e+00  3.43942265e-01 
 1.41253754e+01 -9.27060022e+00  3.43929944e-01 
 1.42889396e+01 -9.27091858e+00  3.43917338e-01 
 1.44543977e+01 -9.27124434e+00  3.43904440e-01 
 1.46217717e+01 -9.27157766e+00  3.43891243e-01 
 1.47910839e+01 -9.27191872e+00  3.43877740e-01 
 1.49623566e+01 -9.27226770e+00  3.43863924e-01 
 1.51356125e+01 -9.27262478e+00  3.43849788e-01 
 1.53108746e+01 -9.27299014e+00  3.43835325e-01 
 1.54881662e+01 -9.27336398e+00  3.43820527e-01 
 1.56675107e+01 -9.27374650e+00  3.43805385e-01 
 1.58489319e+01 -9.27413789e+00  3.43789894e-01 
 1.60324539e+01 -9.27453836e+00  3.43774043e-01 
 1.62181010e+01 -9.27494812e+00  3.43757826e-01 
 1.64058977e+01 -9.27536738e+00  3.43741233e-01 
 1.65958691e+01 -9.27579637e+00  3.43724257e-01 
 1.67880402e+01 -9.27623531e+00  3.43706887e-01 
 1.69824365e+01 -9.27668443e+00  3.43689116e-01 
 1.71790839e+01 -9.27714396e+00  3.43670933e-01 
 1.73780083e+01 -9.27761414e+00  3.43652330e-01 
 1.75792361e+01 -9.27809522e+00  3.43633297e-01 
 1.77827941e+01 -9.27858745e+00  3.43613824e-01 
 1.79887092e+01 -9.27909109e+00  3.43593900e-01 
 1.81970086e+01 -9.27960641e+00  3.43573516e-01 
 1.84077200e+01 -9.28013366e+00  3.43552661e-01 
 1.86208714e+01 -9.28067312e+00  3.43531325e-01 
 1.88364909e+01 -9.28122509e+00  3.43509495e-01 
 1.90546072e+01 -9.28178983e+00  3.43487161e-01 
 1.92752491e+01 -9.28236766e+00  3.43464311e-01 
 1.94984460e+01 -9.28295886e+00  3.43440934e-01 
 1.97242274e+01 -9.28356375e+00  3.43417018e-01 
 1.99526231e+01 -9.28418265e+00  3.43392549e-01 
 2.01836636e+01 -9.28481587e+00  3.43367516e-01 
 2.04173794e+01 -9.28546374e+00  3.43341905e-01 
 2.06538016e+01 -9.28612661e+00  3.43315704e-01 
 2.08929613e+01 -9.28680481e+00  3.43288899e-01 
 2.11348904e+01 -9.28749869e+00  3.43261476e-01 
 2.13796209e+01 -9.28820863e+00  3.43233421e-01 
 2.16271852e+01 -9.28893498e+00  3.43204719e-01 
 2.18776162e+01 -9.28967813e+00  3.43175357e-01 
 2.21309471e+01 -9.29043845e+00  3.43145318e-01 
 2.23872114e+01 -9.29121634e+00  3.43114588e-01 
 2.26464431e+01 -9.29201222e+00  3.43083150e-01 
 2.29086765e+01 -9.29282647e+00  3.43050989e-01 
 2.31739465e+01 -9.29365954e+00  3.43018089e-01 
 2.34422882e+01 -9.29451185e+00  3.42984432e-01 
 2.37137371e+01 -9.29538383e+00  3.42950001e-01 
 2.39883292e+01 -9.29627594e+00  3.42914779e-01 
 2.42661010e+01 -9.29718865e+00  3.42878748e-01 
 2.45470892e+01 -9.29812242e+00  3.42841889e-01 
 2.48313311e+01 -9.29907772e+00  3.42804184e-01 
 2.51188643e+01 -9.30005507e+00  3.42765613e-01 
 2.54097271e+01 -9.30105495e+00  3.42726158e-01 
 2.57039578e+01 -9.30207788e+00  3.42685798e-01 
 2.60015956e+01 -9.30312439e+00  3.42644512e-01 
 2.63026799e+01 -9.30419501e+00  3.42602280e-01 
 2.66072506e+01 -9.30529030e+00  3.42559081e-01 
 2.69153480e+01 -9.30641082e+00  3.42514892e-01 
 2.72270131e+01 -9.30755714e+00  3.42469692e-01 
 2.75422870e+01 -9.30872984e+00  3.42423457e-01 
 2.78612117e+01 -9.30992953e+00  3.42376165e-01 
 2.81838293e+01 -9.31115683e+00  3.42327792e-01 
 2.85101827e+01 -9.31241235e+00  3.42278313e-01 
 2.88403150e+01 -9.31369674e+00  3.42227703e-01 
 2.91742701e+01 -9.31501066e+00  3.42175939e-01 
 2.95120923e+01 -9.31635477e+00  3.42122992e-01 
 2.98538262e+01 -9.31772975e+00  3.42068838e-01 
 3.01995172e+01 -9.31913632e+00  3.42013449e-01 
 3.05492111e+01 -9.32057517e+00  3.41956798e-01 
 3.09029543e+01 -9.32204705e+00  3.41898856e-01 
 3.12607937e+01 -9.32355269e+00  3.41839595e-01 
 3.16227766e+01 -9.32509286e+00  3.41778986e-01 
 3.19889511e+01 -9.32666835e+00  3.41716998e-01 
 3.23593657e+01 -9.32827994e+00  3.41653601e-01 
 3.27340695e+01 -9.32992845e+00  3.41588765e-01 
 3.31131121e+01 -9.33161471e+00  3.41522456e-01 
 3.34965439e+01 -9.33333957e+00  3.41454642e-01 
 3.38844156e+01 -9.33510389e+00  3.41385291e-01 
 3.42767787e+01 -9.33690858e+00  3.41314368e-01 
 3.46736850e+01 -9.33875452e+00  3.41241839e-01 
 3.50751874e+01 -9.34064265e+00  3.41167668e-01 
 3.54813389e+01 -9.34257391e+00  3.41091820e-01 
 3.58921935e+01 -9.34454926e+00  3.41014258e-01 
 3.63078055e+01 -9.34656970e+00  3.40934943e-01 
 3.67282300e+01 -9.34863622e+00  3.40853838e-01 
 3.71535229e+01 -9.35074987e+00  3.40770904e-01 
 3.75837404e+01 -9.35291168e+00  3.40686101e-01 
 3.80189396e+01 -9.35512273e+00  3.40599388e-01 
 3.84591782e+01 -9.35738412e+00  3.40510724e-01 
 3.89045145e+01 -9.35969696e+00  3.40420066e-01 
 3.93550075e+01 -9.36206240e+00  3.40327372e-01 
 3.98107171e+01 -9.36448161e+00  3.40232596e-01 
 4.02717034e+01 -9.36695577e+00  3.40135696e-01 
 4.07380278e+01 -9.36948611e+00  3.40036623e-01 
 4.12097519e+01 -9.37207385e+00  3.39935333e-01 
 4.16869383e+01 -9.37472028e+00  3.39831777e-01 
 4.21696503e+01 -9.37742668e+00  3.39725906e-01 
 4.26579519e+01 -9.38019438e+00  3.39617672e-01 
 4.31519077e+01 -9.38302472e+00  3.39507024e-01 
 4.36515832e+01 -9.38591907e+00  3.39393911e-01 
 4.41570447e+01 -9.38887885e+00  3.39278280e-01 
 4.46683592e+01 -9.39190548e+00  3.39160078e-01 
 4.51855944e+01 -9.39500043e+00  3.39039250e-01 
 4.57088190e+01 -9.39816518e+00  3.38915742e-01 
 4.62381021e+01 -9.40140127e+00  3.38789496e-01 
 4.67735141e+01 -9.40471023e+00  3.38660456e-01 
 4.73151259e+01 -9.40809367e+00  3.38528562e-01 
 4.78630092e+01 -9.41155318e+00  3.38393756e-01 
 4.84172368e+01 -9.41509043e+00  3.38255976e-01 
 4.89778819e+01 -9.41870709e+00  3.38115162e-01 
 4.95450191e+01 -9.42240487e+00  3.37971249e-01 
 5.01187234e+01 -9.42618553e+00  3.37824174e-01 
 5.06990708e+01 -9.43005085e+00  3.37673872e-01 
 5.12861384e+01 -9.43400264e+00  3.37520277e-01 
 5.18800039e+01 -9.43804275e+00  3.37363320e-01 
 5.24807460e+01 -9.44217309e+00  3.37202935e-01 
 5.30884444e+01 -9.44639557e+00  3.37039050e-01 
 5.37031796e+01 -9.45071215e+00  3.36871595e-01 
 5.43250331e+01 -9.45512484e+00  3.36700497e-01 
 5.49540874e+01 -9.45963568e+00  3.36525684e-01 
 5.55904257e+01 -9.46424674e+00  3.36347081e-01 
 5.62341325e+01 -9.46896014e+00  3.36164612e-01 
 5.68852931e+01 -9.47377804e+00  3.35978199e-01 
 5.75439937e+01 -9.47870263e+00  3.35787766e-01 
 5.82103218e+01 -9.48373615e+00  3.35593231e-01 
 5.88843655e+01 -9.48888088e+00  3.35394515e-01 
 5.95662144e+01 -9.49413914e+00  3.35191535e-01 
 6.02559586e+01 -9.49951330e+00  3.34984209e-01 
 6.09536897e+01 -9.50500576e+00  3.34772451e-01 
 6.16595002e+01 -9.51061896e+00  3.34556176e-01 
 6.23734835e+01 -9.51635542e+00  3.34335297e-01 
 6.30957344e+01 -9.52221765e+00  3.34109725e-01 
 6.38263486e+01 -9.52820825e+00  3.33879372e-01 
 6.45654229e+01 -9.53432984e+00  3.33644145e-01 
 6.53130553e+01 -9.54058509e+00  3.33403954e-01 
 6.60693448e+01 -9.54697673e+00  3.33158704e-01 
 6.68343918e+01 -9.55350752e+00  3.32908301e-01 
 6.76082975e+01 -9.56018028e+00  3.32652649e-01 
 6.83911647e+01 -9.56699786e+00  3.32391651e-01 
 6.91830971e+01 -9.57396318e+00  3.32125209e-01 
 6.99841996e+01 -9.58107919e+00  3.31853224e-01 
 7.07945784e+01 -9.58834889e+00  3.31575593e-01 
 7.16143410e+01 -9.59577535e+00  3.31292217e-01 
 7.24435960e+01 -9.60336165e+00  3.31002990e-01 
 7.32824533e+01 -9.61111097e+00  3.30707810e-01 
 7.41310241e+01 -9.61902649e+00  3.30406571e-01 
 7.49894209e+01 -9.62711147e+00  3.30099165e-01 
 7.58577575e+01 -9.63536922e+00  3.29785487e-01 
 7.67361489e+01 -9.64380308e+00  3.29465426e-01 
 7.76247117e+01 -9.65241646e+00  3.29138873e-01 
 7.85235635e+01 -9.66121281e+00  3.28805717e-01 
 7.94328235e+01 -9.67019564e+00  3.28465846e-01 
 8.03526122e+01 -9.67936850e+00  3.28119148e-01 
 8.12830516e+01 -9.68873500e+00  3.27765509e-01 
 8.22242650e+01 -9.69829879e+00  3.27404814e-01 
 8.31763771e+01 -9.70806359e+00  3.27036948e-01 
 8.41395142e+01 -9.71803315e+00  3.26661794e-01 
 8.51138038e+01 -9.72821128e+00  3.26279235e-01 
 8.60993752e+01 -9.73860184e+00  3.25889155e-01 
 8.70963590e+01 -9.74920874e+00  3.25491433e-01 
 8.81048873e+01 -9.76003595e+00  3.25085952e-01 
 8.91250938e+01 -9.77108746e+00  3.24672591e-01 
 9.01571138e+01 -9.78236733e+00  3.24251231e-01 
 9.12010839e+01 -9.79387969e+00  3.23821750e-01 
 9.22571427e+01 -9.80562867e+00  3.23384028e-01 
 9.33254301e+01 -9.81761850e+00  3.22937943e-01 
 9.44060876e+01 -9.82985341e+00  3.22483374e-01 
 9.54992586e+01 -9.84233770e+00  3.22020200e-01 
 9.66050879e+01 -9.85507573e+00  3.21548297e-01 
 9.77237221e+01 -9.86807188e+00  3.21067544e-01 
 9.88553095e+01 -9.88133059e+00  3.20577819e-01 
 1.00000000e+02 -9.89485634e+00  3.20079001e-01 
 1.01157945e+02 -9.90865364e+00  3.19570968e-01 
 1.02329299e+02 -9.92272707e+00  3.19053598e-01 
 1.03514217e+02 -9.93708122e+00  3.18526771e-01 
 1.04712855e+02 -9.95172075e+00  3.17990366e-01 
 1.05925373e+02 -9.96665033e+00  3.17444263e-01 
 1.07151931e+02 -9.98187469e+00  3.16888344e-01 
 1.08392691e+02 -9.99739859e+00  3.16322490e-01 
 1.09647820e+02 -1.00132268e+01  3.15746583e-01 
 1.10917482e+02 -1.00293642e+01  3.15160507e-01 
 1.12201845e+02 -1.00458156e+01  3.14564147e-01 
 1.13501082e+02 -1.00625858e+01  3.13957388e-01 
 1.14815362e+02 -1.00796799e+01  3.13340119e-01 
 1.16144861e+02 -1.00971028e+01  3.12712226e-01 
 1.17489755e+02 -1.01148593e+01  3.12073601e-01 
 1.18850223e+02 -1.01329546e+01  3.11424136e-01 
 1.20226443e+02 -1.01513936e+01  3.10763725e-01 
 1.21618600e+02 -1.01701814e+01  3.10092263e-01 
 1.23026877e+02 -1.01893229e+01  3.09409649e-01 
 1.24451461e+02 -1.02088233e+01  3.08715783e-01 
 1.25892541e+02 -1.02286877e+01  3.08010566e-01 
 1.27350308e+02 -1.02489211e+01  3.07293905e-01 
 1.28824955e+02 -1.02695285e+01  3.06565708e-01 
 1.30316678e+02 -1.02905152e+01  3.05825884e-01 
 1.31825674e+02 -1.03118862e+01  3.05074347e-01 
 1.33352143e+02 -1.03336466e+01  3.04311014e-01 
 1.34896288e+02 -1.03558014e+01  3.03535806e-01 
 1.36458314e+02 -1.03783559e+01  3.02748644e-01 
 1.38038426e+02 -1.04013150e+01  3.01949456e-01 
 1.39636836e+02 -1.04246838e+01  3.01138172e-01 
 1.41253754e+02 -1.04484674e+01  3.00314726e-01 
 1.42889396e+02 -1.04726708e+01  2.99479058e-01 
 1.44543977e+02 -1.04972991e+01  2.98631108e-01 
 1.46217717e+02 -1.05223572e+01  2.97770824e-01 
 1.47910839e+02 -1.05478500e+01  2.96898156e-01 
 1.49623566e+02 -1.05737825e+01  2.96013061e-01 
 1.51356125e+02 -1.06001597e+01  2.95115497e-01 
 1.53108746e+02 -1.06269863e+01  2.94205431e-01 
 1.54881662e+02 -1.06542672e+01  2.93282833e-01 
 1.56675107e+02 -1.06820071e+01  2.92347676e-01 
 1.58489319e+02 -1.07102108e+01  2.91399942e-01 
 1.60324539e+02 -1.07388829e+01  2.90439615e-01 
 1.62181010e+02 -1.07680282e+01  2.89466688e-01 
 1.64058977e+02 -1.07976510e+01  2.88481156e-01 
 1.65958691e+02 -1.08277560e+01  2.87483022e-01 
 1.67880402e+02 -1.08583475e+01  2.86472294e-01 
 1.69824365e+02 -1.08894299e+01  2.85448986e-01 
 1.71790839e+02 -1.09210075e+01  2.84413118e-01 
 1.73780083e+02 -1.09530846e+01  2.83364715e-01 
 1.75792361e+02 -1.09856652e+01  2.82303811e-01 
 1.77827941e+02 -1.10187534e+01  2.81230443e-01 
 1.79887092e+02 -1.10523531e+01  2.80144657e-01 
 1.81970086e+02 -1.10864683e+01  2.79046503e-01 
 1.84077200e+02 -1.11211027e+01  2.77936040e-01 
 1.86208714e+02 -1.11562600e+01  2.76813332e-01 
 1.88364909e+02 -1.11919437e+01  2.75678449e-01 
 1.90546072e+02 -1.12281573e+01  2.74531469e-01 
 1.92752491e+02 -1.12649043e+01  2.73372476e-01 
 1.94984460e+02 -1.13021878e+01  2.72201561e-01 
 1.97242274e+02 -1.13400110e+01  2.71018821e-01 
 1.99526231e+02 -1.13783769e+01  2.69824360e-01 
 2.01836636e+02 -1.14172884e+01  2.68618289e-01 
 2.04173794e+02 -1.14567484e+01  2.67400726e-01 
 2.06538016e+02 -1.14967594e+01  2.66171794e-01 
 2.08929613e+02 -1.15373240e+01  2.64931624e-01 
 2.11348904e+02 -1.15784446e+01  2.63680353e-01 
 2.13796209e+02 -1.16201234e+01  2.62418126e-01 
 2.16271852e+02 -1.16623626e+01  2.61145092e-01 
 2.18776162e+02 -1.17051642e+01  2.59861409e-01 
 2.21309471e+02 -1.17485301e+01  2.58567238e-01 
 2.23872114e+02 -1.17924619e+01  2.57262749e-01 
 2.26464431e+02 -1.18369612e+01  2.55948119e-01 
 2.29086765e+02 -1.18820294e+01  2.54623528e-01 
 2.31739465e+02 -1.19276678e+01  2.53289162e-01 
 2.34422882e+02 -1.19738776e+01  2.51945217e-01 
 2.37137371e+02 -1.20206598e+01  2.50591890e-01 
 2.39883292e+02 -1.20680150e+01  2.49229386e-01 
 2.42661010e+02 -1.21159442e+01  2.47857915e-01 
 2.45470892e+02 -1.21644476e+01  2.46477691e-01 
 2.48313311e+02 -1.22135259e+01  2.45088936e-01 
 2.51188643e+02 -1.22631791e+01  2.43691873e-01 
 2.54097271e+02 -1.23134073e+01  2.42286733e-01 
 2.57039578e+02 -1.23642105e+01  2.40873750e-01 
 2.60015956e+02 -1.24155885e+01  2.39453162e-01 
 2.63026799e+02 -1.24675407e+01  2.38025214e-01 
 2.66072506e+02 -1.25200668e+01  2.36590150e-01 
 2.69153480e+02 -1.25731660e+01  2.35148223e-01 
 2.72270131e+02 -1.26268374e+01  2.33699686e-01 
 2.75422870e+02 -1.26810801e+01  2.32244797e-01 
 2.78612117e+02 -1.27358930e+01  2.30783816e-01 
 2.81838293e+02 -1.27912747e+01  2.29317006e-01 
 2.85101827e+02 -1.28472238e+01  2.27844636e-01 
 2.88403150e+02 -1.29037388e+01  2.26366971e-01 
 2.91742701e+02 -1.29608179e+01  2.24884284e-01 
 2.95120923e+02 -1.30184592e+01  2.23396848e-01 
 2.98538262e+02 -1.30766607e+01  2.21904937e-01 
 3.01995172e+02 -1.31354204e+01  2.20408826e-01 
 3.05492111e+02 -1.31947358e+01  2.18908794e-01 
 3.09029543e+02 -1.32546047e+01  2.17405119e-01 
 3.12607937e+02 -1.33150244e+01  2.15898080e-01 
 3.16227766e+02 -1.33759923e+01  2.14387956e-01 
 3.19889511e+02 -1.34375056e+01  2.12875028e-01 
 3.23593657e+02 -1.34995614e+01  2.11359577e-01 
 3.27340695e+02 -1.35621566e+01  2.09841881e-01 
 3.31131121e+02 -1.36252881e+01  2.08322221e-01 
 3.34965439e+02 -1.36889525e+01  2.06800876e-01 
 3.38844156e+02 -1.37531466e+01  2.05278124e-01 
 3.42767787e+02 -1.38178668e+01  2.03754242e-01 
 3.46736850e+02 -1.38831095e+01  2.02229507e-01 
 3.50751874e+02 -1.39488711e+01  2.00704193e-01 
 3.54813389e+02 -1.40151476e+01  1.99178574e-01 
 3.58921935e+02 -1.40819353e+01  1.97652920e-01 
 3.63078055e+02 -1.41492302e+01  1.96127500e-01 
 3.67282300e+02 -1.42170281e+01  1.94602581e-01 
 3.71535229e+02 -1.42853249e+01  1.93078429e-01 
 3.75837404e+02 -1.43541164e+01  1.91555303e-01 
 3.80189396e+02 -1.44233982e+01  1.90033465e-01 
 3.84591782e+02 -1.44931661e+01  1.88513170e-01 
 3.89045145e+02 -1.45634154e+01  1.86994671e-01 
 3.93550075e+02 -1.46341417e+01  1.85478218e-01 
 3.98107171e+02 -1.47053404e+01  1.83964057e-01 
 4.02717034e+02 -1.47770069e+01  1.82452432e-01 
 4.07380278e+02 -1.48491363e+01  1.80943582e-01 
 4.12097519e+02 -1.49217241e+01  1.79437742e-01 
 4.16869383e+02 -1.49947653e+01  1.77935144e-01 
 4.21696503e+02 -1.50682551e+01  1.76436016e-01 
 4.26579519e+02 -1.51421887e+01  1.74940582e-01 
 4.31519077e+02 -1.52165610e+01  1.73449060e-01 
 4.36515832e+02 -1.52913671e+01  1.71961666e-01 
 4.41570447e+02 -1.53666021e+01  1.70478611e-01 
 4.46683592e+02 -1.54422607e+01  1.69000100e-01 
 4.51855944e+02 -1.55183382e+01  1.67526337e-01 
 4.57088190e+02 -1.55948292e+01  1.66057517e-01 
 4.62381021e+02 -1.56717288e+01  1.64593833e-01 
 4.67735141e+02 -1.57490318e+01  1.63135474e-01 
 4.73151259e+02 -1.58267331e+01  1.61682622e-01 
 4.78630092e+02 -1.59048276e+01  1.60235456e-01 
 4.84172368e+02 -1.59833101e+01  1.58794149e-01 
 4.89778819e+02 -1.60621754e+01  1.57358871e-01 
 4.95450191e+02 -1.61414184e+01  1.55929784e-01 
 5.01187234e+02 -1.62210340e+01  1.54507049e-01 
 5.06990708e+02 -1.63010170e+01  1.53090820e-01 
 5.12861384e+02 -1.63813623e+01  1.51681245e-01 
 5.18800039e+02 -1.64620647e+01  1.50278471e-01 
 5.24807460e+02 -1.65431191e+01  1.48882635e-01 
 5.30884444e+02 -1.66245204e+01  1.47493874e-01 
 5.37031796e+02 -1.67062635e+01  1.46112317e-01 
 5.43250331e+02 -1.67883433e+01  1.44738090e-01 
 5.49540874e+02 -1.68707548e+01  1.43371313e-01 
 5.55904257e+02 -1.69534929e+01  1.42012102e-01 
 5.62341325e+02 -1.70365526e+01  1.40660569e-01 
 5.68852931e+02 -1.71199290e+01  1.39316820e-01 
 5.75439937e+02 -1.72036170e+01  1.37980956e-01 
 5.82103218e+02 -1.72876117e+01  1.36653077e-01 
 5.88843655e+02 -1.73719083e+01  1.35333273e-01 
 5.95662144e+02 -1.74565018e+01  1.34021634e-01 
 6.02559586e+02 -1.75413875e+01  1.32718244e-01 
 6.09536897e+02 -1.76265604e+01  1.31423182e-01 
 6.16595002e+02 -1.77120159e+01  1.30136525e-01 
 6.23734835e+02 -1.77977492e+01  1.28858342e-01 
 6.30957344e+02 -1.78837556e+01  1.27588702e-01 
 6.38263486e+02 -1.79700305e+01  1.26327667e-01 
 6.45654229e+02 -1.80565692e+01  1.25075296e-01 
 6.53130553e+02 -1.81433672e+01  1.23831645e-01 
 6.60693448e+02 -1.82304199e+01  1.22596763e-01 
 6.68343918e+02 -1.83177229e+01  1.21370700e-01 
 6.76082975e+02 -1.84052716e+01  1.20153498e-01 
 6.83911647e+02 -1.84930618e+01  1.18945197e-01 
 6.91830971e+02 -1.85810890e+01  1.17745835e-01 
 6.99841996e+02 -1.86693489e+01  1.16555442e-01 
 7.07945784e+02 -1.87578372e+01  1.15374050e-01 
 7.16143410e+02 -1.88465498e+01  1.14201684e-01 
 7.24435960e+02 -1.89354825e+01  1.13038368e-01 
 7.32824533e+02 -1.90246310e+01  1.11884119e-01 
 7.41310241e+02 -1.91139915e+01  1.10738956e-01 
 7.49894209e+02 -1.92035597e+01  1.09602892e-01 
 7.58577575e+02 -1.92933318e+01  1.08475937e-01 
 7.67361489e+02 -1.93833038e+01  1.07358098e-01 
 7.76247117e+02 -1.94734718e+01  1.06249382e-01 
 7.85235635e+02 -1.95638319e+01  1.05149789e-01 
 7.94328235e+02 -1.96543804e+01  1.04059319e-01 
 8.03526122e+02 -1.97451135e+01  1.02977970e-01 
 8.12830516e+02 -1.98360275e+01  1.01905735e-01 
 8.22242650e+02 -1.99271188e+01  1.00842606e-01 
 8.31763771e+02 -2.00183838e+01  9.97885727e-02 
 8.41395142e+02 -2.01098188e+01  9.87436230e-02 
 8.51138038e+02 -2.02014205e+01  9.77077415e-02 
 8.60993752e+02 -2.02931853e+01  9.66809112e-02 
 8.70963590e+02 -2.03851098e+01  9.56631130e-02 
 8.81048873e+02 -2.04771907e+01  9.46543257e-02 
 8.91250938e+02 -2.05694245e+01  9.36545265e-02 
 9.01571138e+02 -2.06618082e+01  9.26636900e-02 
 9.12010839e+02 -2.07543383e+01  9.16817897e-02 
 9.22571427e+02 -2.08470118e+01  9.07087974e-02 
 9.33254301e+02 -2.09398255e+01  8.97446825e-02 
 9.44060876e+02 -2.10327762e+01  8.87894137e-02 
 9.54992586e+02 -2.11258610e+01  8.78429573e-02 
 9.66050879e+02 -2.12190768e+01  8.69052790e-02 
 9.77237221e+02 -2.13124207e+01  8.59763425e-02 
 9.88553095e+02 -2.14058897e+01  8.50561100e-02 
 1.00000000e+03 -2.14994809e+01  8.41445430e-02 
 1.01157945e+03 -2.15931915e+01  8.32416011e-02 
 1.02329299e+03 -2.16870187e+01  8.23472433e-02 
 1.03514217e+03 -2.17809597e+01  8.14614271e-02 
 1.04712855e+03 -2.18750119e+01  8.05841088e-02 
 1.05925373e+03 -2.19691724e+01  7.97152441e-02 
 1.07151931e+03 -2.20634387e+01  7.88547871e-02 
 1.08392691e+03 -2.21578082e+01  7.80026918e-02 
 1.09647820e+03 -2.22522783e+01  7.71589106e-02 
 1.10917482e+03 -2.23468464e+01  7.63233952e-02 
 1.12201845e+03 -2.24415100e+01  7.54960968e-02 
 1.13501082e+03 -2.25362668e+01  7.46769654e-02 
 1.14815362e+03 -2.26311142e+01  7.38659508e-02 
 1.16144861e+03 -2.27260498e+01  7.30630015e-02 
 1.17489755e+03 -2.28210713e+01  7.22680661e-02 
 1.18850223e+03 -2.29161764e+01  7.14810919e-02 
 1.20226443e+03 -2.30113628e+01  7.07020263e-02 
 1.21618600e+03 -2.31066281e+01  6.99308157e-02 
 1.23026877e+03 -2.32019702e+01  6.91674063e-02 
 1.24451461e+03 -2.32973868e+01  6.84117437e-02 
 1.25892541e+03 -2.33928758e+01  6.76637731e-02 
 1.27350308e+03 -2.34884349e+01  6.69234395e-02 
 1.28824955e+03 -2.35840622e+01  6.61906872e-02 
 1.30316678e+03 -2.36797554e+01  6.54654607e-02 
 1.31825674e+03 -2.37755126e+01  6.47477038e-02 
 1.33352143e+03 -2.38713316e+01  6.40373603e-02 
 1.34896288e+03 -2.39672104e+01  6.33343737e-02 
 1.36458314e+03 -2.40631471e+01  6.26386870e-02 
 1.38038426e+03 -2.41591396e+01  6.19502436e-02 
 1.39636836e+03 -2.42551861e+01  6.12689863e-02 
 1.41253754e+03 -2.43512846e+01  6.05948580e-02 
 1.42889396e+03 -2.44474331e+01  5.99278015e-02 
 1.44543977e+03 -2.45436298e+01  5.92677595e-02 
 1.46217717e+03 -2.46398729e+01  5.86146745e-02 
 1.47910839e+03 -2.47361604e+01  5.79684892e-02 
 1.49623566e+03 -2.48324905e+01  5.73291462e-02 
 1.51356125e+03 -2.49288615e+01  5.66965882e-02 
 1.53108746e+03 -2.50252715e+01  5.60707576e-02 
 1.54881662e+03 -2.51217188e+01  5.54515973e-02 
 1.56675107e+03 -2.52182015e+01  5.48390500e-02 
 1.58489319e+03 -2.53147181e+01  5.42330585e-02 
 1.60324539e+03 -2.54112666e+01  5.36335658e-02 
 1.62181010e+03 -2.55078454e+01  5.30405150e-02 
 1.64058977e+03 -2.56044527e+01  5.24538492e-02 
 1.65958691e+03 -2.57010870e+01  5.18735118e-02 
 1.67880402e+03 -2.57977464e+01  5.12994463e-02 
 1.69824365e+03 -2.58944294e+01  5.07315965e-02 
 1.71790839e+03 -2.59911342e+01  5.01699062e-02 
 1.73780083e+03 -2.60878593e+01  4.96143193e-02 
 1.75792361e+03 -2.61846028e+01  4.90647803e-02 
 1.77827941e+03 -2.62813633e+01  4.85212336e-02 
 1.79887092e+03 -2.63781391e+01  4.79836239e-02 
 1.81970086e+03 -2.64749286e+01  4.74518962e-02 
 1.84077200e+03 -2.65717301e+01  4.69259958e-02 
 1.86208714e+03 -2.66685420e+01  4.64058681e-02 
 1.88364909e+03 -2.67653627e+01  4.58914588e-02 
 1.90546072e+03 -2.68621907e+01  4.53827142e-02 
 1.92752491e+03 -2.69590243e+01  4.48795803e-02 
 1.94984460e+03 -2.70558619e+01  4.43820039e-02 
 1.97242274e+03 -2.71527019e+01  4.38899319e-02 
 1.99526231e+03 -2.72495427e+01  4.34033115e-02 
 2.01836636e+03 -2.73463827e+01  4.29220903e-02 
 2.04173794e+03 -2.74432204e+01  4.24462160e-02 
 2.06538016e+03 -2.75400541e+01  4.19756370e-02 
 2.08929613e+03 -2.76368822e+01  4.15103015e-02 
 2.11348904e+03 -2.77337032e+01  4.10501587e-02 
 2.13796209e+03 -2.78305154e+01  4.05951576e-02 
 2.16271852e+03 -2.79273171e+01  4.01452479e-02 
 2.18776162e+03 -2.80241069e+01  3.97003791e-02 
 2.21309471e+03 -2.81208831e+01  3.92605018e-02 
 2.23872114e+03 -2.82176440e+01  3.88255663e-02 
 2.26464431e+03 -2.83143881e+01  3.83955238e-02 
 2.29086765e+03 -2.84111136e+01  3.79703254e-02 
 2.31739465e+03 -2.85078190e+01  3.75499229e-02 
 2.34422882e+03 -2.86045026e+01  3.71342683e-02 
 2.37137371e+03 -2.87011627e+01  3.67233140e-02 
 2.39883292e+03 -2.87977976e+01  3.63170128e-02 
 2.42661010e+03 -2.88944057e+01  3.59153178e-02 
 2.45470892e+03 -2.89909853e+01  3.55181825e-02 
 2.48313311e+03 -2.90875346e+01  3.51255609e-02 
 2.51188643e+03 -2.91840520e+01  3.47374071e-02 
 2.54097271e+03 -2.92805357e+01  3.43536759e-02 
 2.57039578e+03 -2.93769840e+01  3.39743222e-02 
 2.60015956e+03 -2.94733950e+01  3.35993015e-02 
 2.63026799e+03 -2.95697671e+01  3.32285696e-02 
 2.66072506e+03 -2.96660983e+01  3.28620827e-02 
 2.69153480e+03 -2.97623870e+01  3.24997971e-02 
 2.72270131e+03 -2.98586313e+01  3.21416699e-02 
 2.75422870e+03 -2.99548292e+01  3.17876585e-02 
 2.78612117e+03 -3.00509791e+01  3.14377203e-02 
 2.81838293e+03 -3.01470789e+01  3.10918136e-02 
 2.85101827e+03 -3.02431268e+01  3.07498967e-02 
 2.88403150e+03 -3.03391208e+01  3.04119285e-02 
 2.91742701e+03 -3.04350590e+01  3.00778681e-02 
 2.95120923e+03 -3.05309394e+01  2.97476752e-02 
 2.98538262e+03 -3.06267600e+01  2.94213095e-02 
 3.01995172e+03 -3.07225188e+01  2.90987316e-02 
 3.05492111e+03 -3.08182138e+01  2.87799020e-02 
 3.09029543e+03 -3.09138428e+01  2.84647817e-02 
 3.12607937e+03 -3.10094039e+01  2.81533323e-02 
 3.16227766e+03 -3.11048947e+01  2.78455155e-02 
 3.19889511e+03 -3.12003133e+01  2.75412936e-02 
 3.23593657e+03 -3.12956574e+01  2.72406289e-02 
 3.27340695e+03 -3.13909248e+01  2.69434844e-02 
 3.31131121e+03 -3.14861133e+01  2.66498234e-02 
 3.34965439e+03 -3.15812206e+01  2.63596094e-02 
 3.38844156e+03 -3.16762444e+01  2.60728065e-02 
 3.42767787e+03 -3.17711824e+01  2.57893788e-02 
 3.46736850e+03 -3.18660321e+01  2.55092913e-02 
 3.50751874e+03 -3.19607913e+01  2.52325088e-02 
 3.54813389e+03 -3.20554575e+01  2.49589967e-02 
 3.58921935e+03 -3.21500282e+01  2.46887209e-02 
 3.63078055e+03 -3.22445009e+01  2.44216472e-02 
 3.67282300e+03 -3.23388731e+01  2.41577423e-02 
 3.71535229e+03 -3.24331422e+01  2.38969728e-02 
 3.75837404e+03 -3.25273056e+01  2.36393058e-02 
 3.80189396e+03 -3.26213607e+01  2.33847087e-02 
 3.84591782e+03 -3.27153047e+01  2.31331494e-02 
 3.89045145e+03 -3.28091350e+01  2.28845960e-02 
 3.93550075e+03 -3.29028488e+01  2.26390168e-02 
 3.98107171e+03 -3.29964432e+01  2.23963806e-02 
 4.02717034e+03 -3.30899155e+01  2.21566565e-02 
 4.07380278e+03 -3.31832627e+01  2.19198139e-02 
 4.12097519e+03 -3.32764820e+01  2.16858226e-02 
 4.16869383e+03 -3.33695703e+01  2.14546525e-02 
 4.21696503e+03 -3.34625247e+01  2.12262740e-02 
 4.26579519e+03 -3.35553421e+01  2.10006578e-02 
 4.31519077e+03 -3.36480193e+01  2.07777748e-02 
 4.36515832e+03 -3.37405533e+01  2.05575963e-02 
 4.41570447e+03 -3.38329409e+01  2.03400939e-02 
 4.46683592e+03 -3.39251789e+01  2.01252395e-02 
 4.51855944e+03 -3.40172639e+01  1.99130052e-02 
 4.57088190e+03 -3.41091926e+01  1.97033635e-02 
 4.62381021e+03 -3.42009617e+01  1.94962872e-02 
 4.67735141e+03 -3.42925678e+01  1.92917494e-02 
 4.73151259e+03 -3.43840073e+01  1.90897233e-02 
 4.78630092e+03 -3.44752769e+01  1.88901826e-02 
 4.84172368e+03 -3.45663728e+01  1.86931013e-02 
 4.89778819e+03 -3.46572916e+01  1.84984533e-02 
 4.95450191e+03 -3.47480296e+01  1.83062133e-02 
 5.01187234e+03 -3.48385831e+01  1.81163560e-02 
 5.06990708e+03 -3.49289483e+01  1.79288562e-02 
 5.12861384e+03 -3.50191215e+01  1.77436894e-02 
 5.18800039e+03 -3.51090987e+01  1.75608310e-02 
 5.24807460e+03 -3.51988762e+01  1.73802569e-02 
 5.30884444e+03 -3.52884499e+01  1.72019430e-02 
 5.37031796e+03 -3.53778160e+01  1.70258656e-02 
 5.43250331e+03 -3.54669703e+01  1.68520014e-02 
 5.49540874e+03 -3.55559087e+01  1.66803271e-02 
 5.55904257e+03 -3.56446273e+01  1.65108198e-02 
 5.62341325e+03 -3.57331217e+01  1.63434567e-02 
 5.68852931e+03 -3.58213877e+01  1.61782154e-02 
 5.75439937e+03 -3.59094212e+01  1.60150737e-02 
 5.82103218e+03 -3.59972177e+01  1.58540095e-02 
 5.88843655e+03 -3.60847730e+01  1.56950011e-02 
 5.95662144e+03 -3.61720826e+01  1.55380270e-02 
 6.02559586e+03 -3.62591420e+01  1.53830658e-02 
 6.09536897e+03 -3.63459469e+01  1.52300966e-02 
 6.16595002e+03 -3.64324926e+01  1.50790983e-02 
 6.23734835e+03 -3.65187745e+01  1.49300504e-02 
 6.30957344e+03 -3.66047882e+01  1.47829324e-02 
 6.38263486e+03 -3.66905288e+01  1.46377241e-02 
 6.45654229e+03 -3.67759918e+01  1.44944056e-02 
 6.53130553e+03 -3.68611723e+01  1.43529570e-02 
 6.60693448e+03 -3.69460657e+01  1.42133586e-02 
 6.68343918e+03 -3.70306671e+01  1.40755912e-02 
 6.76082975e+03 -3.71149717e+01  1.39396354e-02 
 6.83911647e+03 -3.71989746e+01  1.38054724e-02 
 6.91830971e+03 -3.72826708e+01  1.36730833e-02 
 6.99841996e+03 -3.73660556e+01  1.35424494e-02 
 7.07945784e+03 -3.74491238e+01  1.34135524e-02 
 7.16143410e+03 -3.75318706e+01  1.32863739e-02 
 7.24435960e+03 -3.76142909e+01  1.31608960e-02 
 7.32824533e+03 -3.76963796e+01  1.30371007e-02 
 7.41310241e+03 -3.77781318e+01  1.29149703e-02 
 7.49894209e+03 -3.78595423e+01  1.27944873e-02 
 7.58577575e+03 -3.79406060e+01  1.26756343e-02 
 7.67361489e+03 -3.80213178e+01  1.25583941e-02 
 7.76247117e+03 -3.81016727e+01  1.24427497e-02 
 7.85235635e+03 -3.81816654e+01  1.23286842e-02 
 7.94328235e+03 -3.82612909e+01  1.22161809e-02 
 8.03526122e+03 -3.83405439e+01  1.21052233e-02 
 8.12830516e+03 -3.84194194e+01  1.19957948e-02 
 8.22242650e+03 -3.84979122e+01  1.18878794e-02 
 8.31763771e+03 -3.85760171e+01  1.17814609e-02 
 8.41395142e+03 -3.86537289e+01  1.16765234e-02 
 8.51138038e+03 -3.87310427e+01  1.15730510e-02 
 8.60993752e+03 -3.88079531e+01  1.14710282e-02 
 8.70963590e+03 -3.88844551e+01  1.13704393e-02 
 8.81048873e+03 -3.89605436e+01  1.12712691e-02 
 8.91250938e+03 -3.90362136e+01  1.11735023e-02 
 9.01571138e+03 -3.91114599e+01  1.10771237e-02 
 9.12010839e+03 -3.91862775e+01  1.09821185e-02 
 9.22571427e+03 -3.92606615e+01  1.08884717e-02 
 9.33254301e+03 -3.93346068e+01  1.07961687e-02 
 9.44060876e+03 -3.94081085e+01  1.07051948e-02 
 9.54992586e+03 -3.94811618e+01  1.06155356e-02 
 9.66050879e+03 -3.95537617e+01  1.05271768e-02 
 9.77237221e+03 -3.96259035e+01  1.04401040e-02 
 9.88553095e+03 -3.96975823e+01  1.03543033e-02 
 1.00000000e+04 -3.97687936e+01  1.02697606e-02 
 1.01157945e+04 -3.98395326e+01  1.01864621e-02 
 1.02329299e+04 -3.99097947e+01  1.01043939e-02 
 1.03514217e+04 -3.99795754e+01  1.00235423e-02 
 1.04712855e+04 -4.00488703e+01  9.94389396e-03 
 1.05925373e+04 -4.01176750e+01  9.86543529e-03 
 1.07151931e+04 -4.01859850e+01  9.78815298e-03 
 1.08392691e+04 -4.02537963e+01  9.71203380e-03 
 1.09647820e+04 -4.03211046e+01  9.63706459e-03 
 1.10917482e+04 -4.03879059e+01  9.56323231e-03 
 1.12201845e+04 -4.04541961e+01  9.49052402e-03 
 1.13501082e+04 -4.05199715e+01  9.41892690e-03 
 1.14815362e+04 -4.05852281e+01  9.34842817e-03 
 1.16144861e+04 -4.06499623e+01  9.27901520e-03 
 1.17489755e+04 -4.07141704e+01  9.21067544e-03 
 1.18850223e+04 -4.07778491e+01  9.14339637e-03 
 1.20226443e+04 -4.08409948e+01  9.07716562e-03 
 1.21618600e+04 -4.09036044e+01  9.01197093e-03 
 1.23026877e+04 -4.09656746e+01  8.94780008e-03 
 1.24451461e+04 -4.10272024e+01  8.88464096e-03 
 1.25892541e+04 -4.10881849e+01  8.82248152e-03 
 1.27350308e+04 -4.11486192e+01  8.76130981e-03 
 1.28824955e+04 -4.12085028e+01  8.70111400e-03 
 1.30316678e+04 -4.12678331e+01  8.64188227e-03 
 1.31825674e+04 -4.13266076e+01  8.58360298e-03 
 1.33352143e+04 -4.13848240e+01  8.52626445e-03 
 1.34896288e+04 -4.14424803e+01  8.46985518e-03 
 1.36458314e+04 -4.14995744e+01  8.41436370e-03 
 1.38038426e+04 -4.15561044e+01  8.35977866e-03 
 1.39636836e+04 -4.16120686e+01  8.30608877e-03 
 1.41253754e+04 -4.16674655e+01  8.25328277e-03 
 1.42889396e+04 -4.17222936e+01  8.20134955e-03 
 1.44543977e+04 -4.17765515e+01  8.15027805e-03 
 1.46217717e+04 -4.18302382e+01  8.10005731e-03 
 1.47910839e+04 -4.18833526e+01  8.05067638e-03 
 1.49623566e+04 -4.19358940e+01  8.00212445e-03 
 1.51356125e+04 -4.19878615e+01  7.95439079e-03 
 1.53108746e+04 -4.20392548e+01  7.90746469e-03 
 1.54881662e+04 -4.20900733e+01  7.86133556e-03 
 1.56675107e+04 -4.21403169e+01  7.81599290e-03 
 1.58489319e+04 -4.21899854e+01  7.77142626e-03 
 1.60324539e+04 -4.22390789e+01  7.72762525e-03 
 1.62181010e+04 -4.22875977e+01  7.68457959e-03 
 1.64058977e+04 -4.23355421e+01  7.64227907e-03 
 1.65958691e+04 -4.23829127e+01  7.60071354e-03 
 1.67880402e+04 -4.24297101e+01  7.55987293e-03 
 1.69824365e+04 -4.24759351e+01  7.51974728e-03 
 1.71790839e+04 -4.25215888e+01  7.48032664e-03 
 1.73780083e+04 -4.25666722e+01  7.44160120e-03 
 1.75792361e+04 -4.26111866e+01  7.40356121e-03 
 1.77827941e+04 -4.26551335e+01  7.36619697e-03 
 1.79887092e+04 -4.26985143e+01  7.32949890e-03 
 1.81970086e+04 -4.27413309e+01  7.29345745e-03 
 1.84077200e+04 -4.27835851e+01  7.25806319e-03 
 1.86208714e+04 -4.28252788e+01  7.22330676e-03 
 1.88364909e+04 -4.28664142e+01  7.18917885e-03 
 1.90546072e+04 -4.29069936e+01  7.15567028e-03 
 1.92752491e+04 -4.29470193e+01  7.12277189e-03 
 1.94984460e+04 -4.29864938e+01  7.09047463e-03 
 1.97242274e+04 -4.30254199e+01  7.05876956e-03 
 1.99526231e+04 -4.30638003e+01  7.02764774e-03 
 2.01836636e+04 -4.31016379e+01  6.99710039e-03 
 2.04173794e+04 -4.31389357e+01  6.96711877e-03 
 2.06538016e+04 -4.31756969e+01  6.93769426e-03 
 2.08929613e+04 -4.32119246e+01  6.90881825e-03 
 2.11348904e+04 -4.32476224e+01  6.88048227e-03 
 2.13796209e+04 -4.32827936e+01  6.85267791e-03 
 2.16271852e+04 -4.33174418e+01  6.82539689e-03 
 2.18776162e+04 -4.33515707e+01  6.79863091e-03 
 2.21309471e+04 -4.33851841e+01  6.77237184e-03 
 2.23872114e+04 -4.34182858e+01  6.74661162e-03 
 2.26464431e+04 -4.34508798e+01  6.72134223e-03 
 2.29086765e+04 -4.34829702e+01  6.69655579e-03 
 2.31739465e+04 -4.35145610e+01  6.67224448e-03 
 2.34422882e+04 -4.35456565e+01  6.64840054e-03 
 2.37137371e+04 -4.35762610e+01  6.62501632e-03 
 2.39883292e+04 -4.36063787e+01  6.60208427e-03 
 2.42661010e+04 -4.36360143e+01  6.57959687e-03 
 2.45470892e+04 -4.36651721e+01  6.55754674e-03 
 2.48313311e+04 -4.36938567e+01  6.53592658e-03 
 2.51188643e+04 -4.37220727e+01  6.51472912e-03 
 2.54097271e+04 -4.37498249e+01  6.49394723e-03 
 2.57039578e+04 -4.37771178e+01  6.47357387e-03 
 2.60015956e+04 -4.38039564e+01  6.45360203e-03 
 2.63026799e+04 -4.38303453e+01  6.43402485e-03 
 2.66072506e+04 -4.38562895e+01  6.41483548e-03 
 2.69153480e+04 -4.38817939e+01  6.39602723e-03 
 2.72270131e+04 -4.39068634e+01  6.37759344e-03 
 2.75422870e+04 -4.39315029e+01  6.35952756e-03 
 2.78612117e+04 -4.39557175e+01  6.34182315e-03 
 2.81838293e+04 -4.39795121e+01  6.32447378e-03 
 2.85101827e+04 -4.40028918e+01  6.30747317e-03 
 2.88403150e+04 -4.40258616e+01  6.29081510e-03 
 2.91742701e+04 -4.40484266e+01  6.27449344e-03 
 2.95120923e+04 -4.40705919e+01  6.25850213e-03 
 2.98538262e+04 -4.40923626e+01  6.24283520e-03 
 3.01995172e+04 -4.41137437e+01  6.22748678e-03 
 3.05492111e+04 -4.41347404e+01  6.21245105e-03 
 3.09029543e+04 -4.41553578e+01  6.19772229e-03 
 3.12607937e+04 -4.41756008e+01  6.18329487e-03 
 3.16227766e+04 -4.41954748e+01  6.16916322e-03 
 3.19889511e+04 -4.42149847e+01  6.15532186e-03 
 3.23593657e+04 -4.42341355e+01  6.14176540e-03 
 3.27340695e+04 -4.42529324e+01  6.12848853e-03 
 3.31131121e+04 -4.42713805e+01  6.11548600e-03 
 3.34965439e+04 -4.42894847e+01  6.10275264e-03 
 3.38844156e+04 -4.43072500e+01  6.09028339e-03 
 3.42767787e+04 -4.43246814e+01  6.07807323e-03 
 3.46736850e+04 -4.43417840e+01  6.06611725e-03 
 3.50751874e+04 -4.43585626e+01  6.05441058e-03 
 3.54813389e+04 -4.43750222e+01  6.04294846e-03 
 3.58921935e+04 -4.43911676e+01  6.03172618e-03 
 3.63078055e+04 -4.44070038e+01  6.02073913e-03 
 3.67282300e+04 -4.44225355e+01  6.00998275e-03 
 3.71535229e+04 -4.44377675e+01  5.99945257e-03 
 3.75837404e+04 -4.44527046e+01  5.98914419e-03 
 3.80189396e+04 -4.44673515e+01  5.97905327e-03 
 3.84591782e+04 -4.44817130e+01  5.96917556e-03 
 3.89045145e+04 -4.44957935e+01  5.95950686e-03 
 3.93550075e+04 -4.45095978e+01  5.95004306e-03 
 3.98107171e+04 -4.45231304e+01  5.94078011e-03 
 4.02717034e+04 -4.45363959e+01  5.93171403e-03 
 4.07380278e+04 -4.45493987e+01  5.92284090e-03 
 4.12097519e+04 -4.45621432e+01  5.91415688e-03 
 4.16869383e+04 -4.45746339e+01  5.90565819e-03 
 4.21696503e+04 -4.45868750e+01  5.89734112e-03 
 4.26579519e+04 -4.45988710e+01  5.88920202e-03 
 4.31519077e+04 -4.46106259e+01  5.88123730e-03 
 4.36515832e+04 -4.46221442e+01  5.87344344e-03 
 4.41570447e+04 -4.46334298e+01  5.86581699e-03 
 4.46683592e+04 -4.46444870e+01  5.85835455e-03 
 4.51855944e+04 -4.46553197e+01  5.85105277e-03 
 4.57088190e+04 -4.46659320e+01  5.84390840e-03 
 4.62381021e+04 -4.46763279e+01  5.83691820e-03 
 4.67735141e+04 -4.46865112e+01  5.83007903e-03 
 4.73151259e+04 -4.46964858e+01  5.82338778e-03 
 4.78630092e+04 -4.47062555e+01  5.81684140e-03 
 4.84172368e+04 -4.47158242e+01  5.81043693e-03 
 4.89778819e+04 -4.47251954e+01  5.80417141e-03 
 4.95450191e+04 -4.47343729e+01  5.79804198e-03 
 5.01187234e+04 -4.47433602e+01  5.79204581e-03 
 5.06990708e+04 -4.47521610e+01  5.78618013e-03 
 5.12861384e+04 -4.47607787e+01  5.78044224e-03 
 5.18800039e+04 -4.47692167e+01  5.77482945e-03 
 5.24807460e+04 -4.47774786e+01  5.76933916e-03 
 5.30884444e+04 -4.47855676e+01  5.76396880e-03 
 5.37031796e+04 -4.47934870e+01  5.75871586e-03 
 5.43250331e+04 -4.48012401e+01  5.75357787e-03 
 5.49540874e+04 -4.48088301e+01  5.74855241e-03 
 5.55904257e+04 -4.48162601e+01  5.74363711e-03 
 5.62341325e+04 -4.48235334e+01  5.73882964e-03 
 5.68852931e+04 -4.48306528e+01  5.73412772e-03 
 5.75439937e+04 -4.48376214e+01  5.72952912e-03 
 5.82103218e+04 -4.48444422e+01  5.72503164e-03 
 5.88843655e+04 -4.48511181e+01  5.72063313e-03 
 5.95662144e+04 -4.48576519e+01  5.71633150e-03 
 6.02559586e+04 -4.48640465e+01  5.71212467e-03 
 6.09536897e+04 -4.48703046e+01  5.70801062e-03 
 6.16595002e+04 -4.48764289e+01  5.70398737e-03 
 6.23734835e+04 -4.48824222e+01  5.70005297e-03 
 6.30957344e+04 -4.48882870e+01  5.69620553e-03 
 6.38263486e+04 -4.48940259e+01  5.69244318e-03 
 6.45654229e+04 -4.48996415e+01  5.68876408e-03 
 6.53130553e+04 -4.49051363e+01  5.68516645e-03 
 6.60693448e+04 -4.49105127e+01  5.68164854e-03 
 6.68343918e+04 -4.49157731e+01  5.67820862e-03 
 6.76082975e+04 -4.49209199e+01  5.67484501e-03 
 6.83911647e+04 -4.49259554e+01  5.67155607e-03 
 6.91830971e+04 -4.49308819e+01  5.66834017e-03 
 6.99841996e+04 -4.49357016e+01  5.66519574e-03 
 7.07945784e+04 -4.49404167e+01  5.66212123e-03 
 7.16143410e+04 -4.49450294e+01  5.65911511e-03 
 7.24435960e+04 -4.49495419e+01  5.65617590e-03 
 7.32824533e+04 -4.49539560e+01  5.65330216e-03 
 7.41310241e+04 -4.49582740e+01  5.65049244e-03 
 7.49894209e+04 -4.49624978e+01  5.64774536e-03 
 7.58577575e+04 -4.49666294e+01  5.64505956e-03 
 7.67361489e+04 -4.49706707e+01  5.64243369e-03 
 7.76247117e+04 -4.49746236e+01  5.63986644e-03 
 7.85235635e+04 -4.49784899e+01  5.63735654e-03 
 7.94328235e+04 -4.49822715e+01  5.63490272e-03 
 8.03526122e+04 -4.49859702e+01  5.63250376e-03 
 8.12830516e+04 -4.49895876e+01  5.63015846e-03 
 8.22242650e+04 -4.49931256e+01  5.62786564e-03 
 8.31763771e+04 -4.49965857e+01  5.62562415e-03 
 8.41395142e+04 -4.49999697e+01  5.62343285e-03 
 8.51138038e+04 -4.50032792e+01  5.62129065e-03 
 8.60993752e+04 -4.50065157e+01  5.61919647e-03 
 8.70963590e+04 -4.50096807e+01  5.61714924e-03 
 8.81048873e+04 -4.50127759e+01  5.61514794e-03 
 8.91250938e+04 -4.50158027e+01  5.61319155e-03 
 9.01571138e+04 -4.50187626e+01  5.61127908e-03 
 9.12010839e+04 -4.50216570e+01  5.60940957e-03 
 9.22571427e+04 -4.50244873e+01  5.60758205e-03 
 9.33254301e+04 -4.50272548e+01  5.60579561e-03 
 9.44060876e+04 -4.50299610e+01  5.60404933e-03 
 9.54992586e+04 -4.50326071e+01  5.60234233e-03 
 9.66050879e+04 -4.50351945e+01  5.60067374e-03 
 9.77237221e+04 -4.50377244e+01  5.59904270e-03 
 9.88553095e+04 -4.50401980e+01  5.59744839e-03 
 1.00000000e+05 -4.50426166e+01  5.59588998e-03 
 1.01157945e+05 -4.50449814e+01  5.59436669e-03 
 1.02329299e+05 -4.50472935e+01  5.59287774e-03 
 1.03514217e+05 -4.50495540e+01  5.59142236e-03 
 1.04712855e+05 -4.50517642e+01  5.58999980e-03 
 1.05925373e+05 -4.50539250e+01  5.58860934e-03 
 1.07151931e+05 -4.50560375e+01  5.58725026e-03 
 1.08392691e+05 -4.50581029e+01  5.58592187e-03 
 1.09647820e+05 -4.50601220e+01  5.58462348e-03 
 1.10917482e+05 -4.50620961e+01  5.58335442e-03 
 1.12201845e+05 -4.50640259e+01  5.58211405e-03 
 1.13501082e+05 -4.50659125e+01  5.58090172e-03 
 1.14815362e+05 -4.50677569e+01  5.57971681e-03 
 1.16144861e+05 -4.50695599e+01  5.57855870e-03 
 1.17489755e+05 -4.50713224e+01  5.57742681e-03 
 1.18850223e+05 -4.50730454e+01  5.57632054e-03 
 1.20226443e+05 -4.50747297e+01  5.57523932e-03 
 1.21618600e+05 -4.50763762e+01  5.57418260e-03 
 1.23026877e+05 -4.50779856e+01  5.57314983e-03 
 1.24451461e+05 -4.50795589e+01  5.57214047e-03 
 1.25892541e+05 -4.50810967e+01  5.57115401e-03 
 1.27350308e+05 -4.50825999e+01  5.57018992e-03 
 1.28824955e+05 -4.50840693e+01  5.56924772e-03 
 1.30316678e+05 -4.50855055e+01  5.56832691e-03 
 1.31825674e+05 -4.50869094e+01  5.56742701e-03 
 1.33352143e+05 -4.50882815e+01  5.56654756e-03 
 1.34896288e+05 -4.50896227e+01  5.56568810e-03 
 1.36458314e+05 -4.50909336e+01  5.56484819e-03 
 1.38038426e+05 -4.50922148e+01  5.56402738e-03 
 1.39636836e+05 -4.50934671e+01  5.56322526e-03 
 1.41253754e+05 -4.50946910e+01  5.56244140e-03 
 1.42889396e+05 -4.50958873e+01  5.56167539e-03 
 1.44543977e+05 -4.50970564e+01  5.56092684e-03 
 1.46217717e+05 -4.50981990e+01  5.56019536e-03 
 1.47910839e+05 -4.50993157e+01  5.55948056e-03 
 1.49623566e+05 -4.51004070e+01  5.55878208e-03 
 1.51356125e+05 -4.51014736e+01  5.55809954e-03 
 1.53108746e+05 -4.51025159e+01  5.55743260e-03 
 1.54881662e+05 -4.51035345e+01  5.55678091e-03 
 1.56675107e+05 -4.51045300e+01  5.55614411e-03 
 1.58489319e+05 -4.51055027e+01  5.55552189e-03 
 1.60324539e+05 -4.51064533e+01  5.55491392e-03 
 1.62181010e+05 -4.51073823e+01  5.55431988e-03 
 1.64058977e+05 -4.51082900e+01  5.55373945e-03 
 1.65958691e+05 -4.51091770e+01  5.55317234e-03 
 1.67880402e+05 -4.51100437e+01  5.55261825e-03 
 1.69824365e+05 -4.51108906e+01  5.55207689e-03 
 1.71790839e+05 -4.51117181e+01  5.55154797e-03 
 1.73780083e+05 -4.51125266e+01  5.55103122e-03 
 1.75792361e+05 -4.51133166e+01  5.55052637e-03 
 1.77827941e+05 -4.51140885e+01  5.55003315e-03 
 1.79887092e+05 -4.51148426e+01  5.54955130e-03 
 1.81970086e+05 -4.51155794e+01  5.54908058e-03 
 1.84077200e+05 -4.51162992e+01  5.54862073e-03 
 1.86208714e+05 -4.51170024e+01  5.54817152e-03 
 1.88364909e+05 -4.51176894e+01  5.54773271e-03 
 1.90546072e+05 -4.51183606e+01  5.54730406e-03 
 1.92752491e+05 -4.51190162e+01  5.54688536e-03 
 1.94984460e+05 -4.51196566e+01  5.54647638e-03 
 1.97242274e+05 -4.51202822e+01  5.54607691e-03 
 1.99526231e+05 -4.51208933e+01  5.54568674e-03 
 2.01836636e+05 -4.51214902e+01  5.54530567e-03 
 2.04173794e+05 -4.51220732e+01  5.54493349e-03 
 2.06538016e+05 -4.51226426e+01  5.54457000e-03 
 2.08929613e+05 -4.51231987e+01  5.54421503e-03 
 2.11348904e+05 -4.51237418e+01  5.54386837e-03 
 2.13796209e+05 -4.51242722e+01  5.54352986e-03 
 2.16271852e+05 -4.51247901e+01  5.54319930e-03 
 2.18776162e+05 -4.51252959e+01  5.54287653e-03 
 2.21309471e+05 -4.51257898e+01  5.54256138e-03 
 2.23872114e+05 -4.51262720e+01  5.54225368e-03 
 2.26464431e+05 -4.51267428e+01  5.54195327e-03 
 2.29086765e+05 -4.51272025e+01  5.54165999e-03 
 2.31739465e+05 -4.51276512e+01  5.54137368e-03 
 2.34422882e+05 -4.51280893e+01  5.54109421e-03 
 2.37137371e+05 -4.51285170e+01  5.54082141e-03 
 2.39883292e+05 -4.51289344e+01  5.54055515e-03 
 2.42661010e+05 -4.51293418e+01  5.54029528e-03 
 2.45470892e+05 -4.51297394e+01  5.54004167e-03 
 2.48313311e+05 -4.51301274e+01  5.53979418e-03 
 2.51188643e+05 -4.51305060e+01  5.53955269e-03 
 2.54097271e+05 -4.51308755e+01  5.53931706e-03 
 2.57039578e+05 -4.51312360e+01  5.53908718e-03 
 2.60015956e+05 -4.51315877e+01  5.53886292e-03 
 2.63026799e+05 -4.51319307e+01  5.53864416e-03 
 2.66072506e+05 -4.51322653e+01  5.53843079e-03 
 2.69153480e+05 -4.51325917e+01  5.53822270e-03 
 2.72270131e+05 -4.51329100e+01  5.53801977e-03 
 2.75422870e+05 -4.51332203e+01  5.53782190e-03 
 2.78612117e+05 -4.51335229e+01  5.53762898e-03 
 2.81838293e+05 -4.51338179e+01  5.53744091e-03 
 2.85101827e+05 -4.51341054e+01  5.53725765e-03 
 2.88403150e+05 -4.51343856e+01  5.53707899e-03 
 2.91742701e+05 -4.51346587e+01  5.53690490e-03 
 2.95120923e+05 -4.51349248e+01  5.53673528e-03 
 2.98538262e+05 -4.51351840e+01  5.53657004e-03 
 3.01995172e+05 -4.51354365e+01  5.53640909e-03 
 3.05492111e+05 -4.51356825e+01  5.53625235e-03 
 3.09029543e+05 -4.51359219e+01  5.53609973e-03 
 3.12607937e+05 -4.51361550e+01  5.53595116e-03 
 3.16227766e+05 -4.51363819e+01  5.53580656e-03 
 3.19889511e+05 -4.51366027e+01  5.53566584e-03 
 3.23593657e+05 -4.51368175e+01  5.53552895e-03 
 3.27340695e+05 -4.51370264e+01  5.53539579e-03 
 3.31131121e+05 -4.51372296e+01  5.53526631e-03 
 3.34965439e+05 -4.51374271e+01  5.53514044e-03 
 3.38844156e+05 -4.51376191e+01  5.53501810e-03 
 3.42767787e+05 -4.51378056e+01  5.53489924e-03 
 3.46736850e+05 -4.51379868e+01  5.53478379e-03 
 3.50751874e+05 -4.51381627e+01  5.53467169e-03 
 3.54813389e+05 -4.51383335e+01  5.53456287e-03 
 3.58921935e+05 -4.51384992e+01  5.53445729e-03 
 3.63078055e+05 -4.51386599e+01  5.53435489e-03 
 3.67282300e+05 -4.51388157e+01  5.53425562e-03 
 3.71535229e+05 -4.51389667e+01  5.53415941e-03 
 3.75837404e+05 -4.51391130e+01  5.53406622e-03 
 3.80189396e+05 -4.51392546e+01  5.53397600e-03 
 3.84591782e+05 -4.51393917e+01  5.53388866e-03 
 3.89045145e+05 -4.51395242e+01  5.53380425e-03 
 3.93550075e+05 -4.51396522e+01  5.53372266e-03 
 3.98107171e+05 -4.51397759e+01  5.53364386e-03 
 4.02717034e+05 -4.51398953e+01  5.53356782e-03 
 4.07380278e+05 -4.51400104e+01  5.53349447e-03 
 4.12097519e+05 -4.51401213e+01  5.53342380e-03 
 4.16869383e+05 -4.51402281e+01  5.53335575e-03 
 4.21696503e+05 -4.51403309e+01  5.53329031e-03 
 4.26579519e+05 -4.51404296e+01  5.53322742e-03 
 4.31519077e+05 -4.51405244e+01  5.53316705e-03 
 4.36515832e+05 -4.51406152e+01  5.53310919e-03 
 4.41570447e+05 -4.51407022e+01  5.53305378e-03 
 4.46683592e+05 -4.51407853e+01  5.53300082e-03 
 4.51855944e+05 -4.51408647e+01  5.53295026e-03 
 4.57088190e+05 -4.51409403e+01  5.53290207e-03 
 4.62381021e+05 -4.51410123e+01  5.53285625e-03 
 4.67735141e+05 -4.51410806e+01  5.53281275e-03 
 4.73151259e+05 -4.51411452e+01  5.53277156e-03 
 4.78630092e+05 -4.51412063e+01  5.53273266e-03 
 4.84172368e+05 -4.51412638e+01  5.53269602e-03 
 4.89778819e+05 -4.51413177e+01  5.53266167e-03 
 4.95450191e+05 -4.51413682e+01  5.53262950e-03 
 5.01187234e+05 -4.51414153e+01  5.53259955e-03 
 5.06990708e+05 -4.51414589e+01  5.53257178e-03 
 5.12861384e+05 -4.51414990e+01  5.53254620e-03 
 5.18800039e+05 -4.51415358e+01  5.53252278e-03 
 5.24807460e+05 -4.51415692e+01  5.53250152e-03 
 5.30884444e+05 -4.51415992e+01  5.53248239e-03 
 5.37031796e+05 -4.51416259e+01  5.53246540e-03 
 5.43250331e+05 -4.51416492e+01  5.53245053e-03 
 5.49540874e+05 -4.51416692e+01  5.53243778e-03 
 5.55904257e+05 -4.51416859e+01  5.53242713e-03 
 5.62341325e+05 -4.51416994e+01  5.53241859e-03 
 5.68852931e+05 -4.51417095e+01  5.53241214e-03 
 5.75439937e+05 -4.51417163e+01  5.53240779e-03 
 5.82103218e+05 -4.51417199e+01  5.53240553e-03 
 5.88843655e+05 -4.51417201e+01  5.53240536e-03 
 5.95662144e+05 -4.51417171e+01  5.53240728e-03 
 6.02559586e+05 -4.51417108e+01  5.53241129e-03 
 6.09536897e+05 -4.51417012e+01  5.53241740e-03 
 6.16595002e+05 -4.51416884e+01  5.53242560e-03 
 6.23734835e+05 -4.51416722e+01  5.53243590e-03 
 6.30957344e+05 -4.51416527e+01  5.53244830e-03 
 6.38263486e+05 -4.51416298e+01  5.53246287e-03 
 6.45654229e+05 -4.51416037e+01  5.53247951e-03 
 6.53130553e+05 -4.51415743e+01  5.53249823e-03 
 6.60693448e+05 -4.51415415e+01  5.53251913e-03 
 6.68343918e+05 -4.51415053e+01  5.53254218e-03 
 6.76082975e+05 -4.51414657e+01  5.53256740e-03 
 6.83911647e+05 -4.51414227e+01  5.53259478e-03 
 6.91830971e+05 -4.51413763e+01  5.53262436e-03 
 6.99841996e+05 -4.51413264e+01  5.53265614e-03 
 7.07945784e+05 -4.51412730e+01  5.53269014e-03 
 7.16143410e+05 -4.51412161e+01  5.53272638e-03 
 7.24435960e+05 -4.51411557e+01  5.53276487e-03 
 7.32824533e+05 -4.51410918e+01  5.53280560e-03 
 7.41310241e+05 -4.51410242e+01  5.53284867e-03 
 7.49894209e+05 -4.51409528e+01  5.53289411e-03 
 7.58577575e+05 -4.51408779e+01  5.53294184e-03 
 7.67361489e+05 -4.51407992e+01  5.53299195e-03 
 7.76247117e+05 -4.51407168e+01  5.53304445e-03 
 7.85235635e+05 -4.51406306e+01  5.53309937e-03 
 7.94328235e+05 -4.51405405e+01  5.53315675e-03 
 8.03526122e+05 -4.51404466e+01  5.53321661e-03 
 8.12830516e+05 -4.51403487e+01  5.53327898e-03 
 8.22242650e+05 -4.51402468e+01  5.53334389e-03 
 8.31763771e+05 -4.51401408e+01  5.53341139e-03 
 8.41395142e+05 -4.51400307e+01  5.53348151e-03 
 8.51138038e+05 -4.51399165e+01  5.53355431e-03 
 8.60993752e+05 -4.51397980e+01  5.53362977e-03 
 8.70963590e+05 -4.51396753e+01  5.53370795e-03 
 8.81048873e+05 -4.51395482e+01  5.53378890e-03 
 8.91250938e+05 -4.51394168e+01  5.53387266e-03 
 9.01571138e+05 -4.51392808e+01  5.53395928e-03 
 9.12010839e+05 -4.51391403e+01  5.53404879e-03 
 9.22571427e+05 -4.51389952e+01  5.53414126e-03 
 9.33254301e+05 -4.51388454e+01  5.53423672e-03 
 9.44060876e+05 -4.51386907e+01  5.53433527e-03 
 9.54992586e+05 -4.51385313e+01  5.53443683e-03 
 9.66050879e+05 -4.51383669e+01  5.53454158e-03 
 9.77237221e+05 -4.51381975e+01  5.53464954e-03 
 9.88553095e+05 -4.51380229e+01  5.53476076e-03 
 1.00000000e+06 -4.51378433e+01  5.53487524e-03 
 1.01157945e+06 -4.51376582e+01  5.53499316e-03 
 1.02329299e+06 -4.51374677e+01  5.53511455e-03 
 1.03514217e+06 -4.51372718e+01  5.53523941e-03 
 1.04712855e+06 -4.51370703e+01  5.53536783e-03 
 1.05925373e+06 -4.51368631e+01  5.53549988e-03 
 1.07151931e+06 -4.51366501e+01  5.53563564e-03 
 1.08392691e+06 -4.51364311e+01  5.53577517e-03 
 1.09647820e+06 -4.51362061e+01  5.53591859e-03 
 1.10917482e+06 -4.51359750e+01  5.53606589e-03 
 1.12201845e+06 -4.51357376e+01  5.53621718e-03 
 1.13501082e+06 -4.51354939e+01  5.53637250e-03 
 1.14815362e+06 -4.51352437e+01  5.53653202e-03 
 1.16144861e+06 -4.51349868e+01  5.53669578e-03 
 1.17489755e+06 -4.51347230e+01  5.53686390e-03 
 1.18850223e+06 -4.51344524e+01  5.53703639e-03 
 1.20226443e+06 -4.51341748e+01  5.53721338e-03 
 1.21618600e+06 -4.51338900e+01  5.53739495e-03 
 1.23026877e+06 -4.51335978e+01  5.53758121e-03 
 1.24451461e+06 -4.51332982e+01  5.53777225e-03 
 1.25892541e+06 -4.51329909e+01  5.53796817e-03 
 1.27350308e+06 -4.51326758e+01  5.53816907e-03 
 1.28824955e+06 -4.51323528e+01  5.53837505e-03 
 1.30316678e+06 -4.51320215e+01  5.53858627e-03 
 1.31825674e+06 -4.51316820e+01  5.53880274e-03 
 1.33352143e+06 -4.51313341e+01  5.53902461e-03 
 1.34896288e+06 -4.51309775e+01  5.53925201e-03 
 1.36458314e+06 -4.51306121e+01  5.53948505e-03 
 1.38038426e+06 -4.51302377e+01  5.53972385e-03 
 1.39636836e+06 -4.51298540e+01  5.53996853e-03 
 1.41253754e+06 -4.51294610e+01  5.54021922e-03 
 1.42889396e+06 -4.51290582e+01  5.54047614e-03 
 1.44543977e+06 -4.51286458e+01  5.54073923e-03 
 1.46217717e+06 -4.51282234e+01  5.54100867e-03 
 1.47910839e+06 -4.51277906e+01  5.54128475e-03 
 1.49623566e+06 -4.51273475e+01  5.54156747e-03 
 1.51356125e+06 -4.51268937e+01  5.54185700e-03 
 1.53108746e+06 -4.51264289e+01  5.54215356e-03 
 1.54881662e+06 -4.51259531e+01  5.54245715e-03 
 1.56675107e+06 -4.51254659e+01  5.54276806e-03 
 1.58489319e+06 -4.51249670e+01  5.54308645e-03 
 1.60324539e+06 -4.51244562e+01  5.54341240e-03 
 1.62181010e+06 -4.51239334e+01  5.54374610e-03 
 1.64058977e+06 -4.51233981e+01  5.54408774e-03 
 1.65958691e+06 -4.51228502e+01  5.54443749e-03 
 1.67880402e+06 -4.51222892e+01  5.54479556e-03 
 1.69824365e+06 -4.51217152e+01  5.54516205e-03 
 1.71790839e+06 -4.51211276e+01  5.54553714e-03 
 1.73780083e+06 -4.51205262e+01  5.54592116e-03 
 1.75792361e+06 -4.51199107e+01  5.54631416e-03 
 1.77827941e+06 -4.51192807e+01  5.54671644e-03 
 1.79887092e+06 -4.51186362e+01  5.54712806e-03 
 1.81970086e+06 -4.51179764e+01  5.54754940e-03 
 1.84077200e+06 -4.51173014e+01  5.54798055e-03 
 1.86208714e+06 -4.51166106e+01  5.54842180e-03 
 1.88364909e+06 -4.51159040e+01  5.54887320e-03 
 1.90546072e+06 -4.51151807e+01  5.54933525e-03 
 1.92752491e+06 -4.51144408e+01  5.54980799e-03 
 1.94984460e+06 -4.51136838e+01  5.55029171e-03 
 1.97242274e+06 -4.51129093e+01  5.55078664e-03 
 1.99526231e+06 -4.51121169e+01  5.55129308e-03 
 2.01836636e+06 -4.51113063e+01  5.55181114e-03 
 2.04173794e+06 -4.51104770e+01  5.55234126e-03 
 2.06538016e+06 -4.51096286e+01  5.55288360e-03 
 2.08929613e+06 -4.51087609e+01  5.55343836e-03 
 2.11348904e+06 -4.51078732e+01  5.55400597e-03 
 2.13796209e+06 -4.51069651e+01  5.55458663e-03 
 2.16271852e+06 -4.51060365e+01  5.55518049e-03 
 2.18776162e+06 -4.51050865e+01  5.55578811e-03 
 2.21309471e+06 -4.51041149e+01  5.55640965e-03 
 2.23872114e+06 -4.51031212e+01  5.55704533e-03 
 2.26464431e+06 -4.51021048e+01  5.55769562e-03 
 2.29086765e+06 -4.51010654e+01  5.55836077e-03 
 2.31739465e+06 -4.51000024e+01  5.55904105e-03 
 2.34422882e+06 -4.50989154e+01  5.55973678e-03 
 2.37137371e+06 -4.50978036e+01  5.56044843e-03 
 2.39883292e+06 -4.50966669e+01  5.56117622e-03 
 2.42661010e+06 -4.50955043e+01  5.56192059e-03 
 2.45470892e+06 -4.50943156e+01  5.56268180e-03 
 2.48313311e+06 -4.50931001e+01  5.56346033e-03 
 2.51188643e+06 -4.50918574e+01  5.56425632e-03 
 2.54097271e+06 -4.50905867e+01  5.56507044e-03 
 2.57039578e+06 -4.50892875e+01  5.56590290e-03 
 2.60015956e+06 -4.50879591e+01  5.56675419e-03 
 2.63026799e+06 -4.50866011e+01  5.56762461e-03 
 2.66072506e+06 -4.50852126e+01  5.56851467e-03 
 2.69153480e+06 -4.50837933e+01  5.56942470e-03 
 2.72270131e+06 -4.50823423e+01  5.57035516e-03 
 2.75422870e+06 -4.50808589e+01  5.57130653e-03 
 2.78612117e+06 -4.50793426e+01  5.57227922e-03 
 2.81838293e+06 -4.50777927e+01  5.57327363e-03 
 2.85101827e+06 -4.50762084e+01  5.57429030e-03 
 2.88403150e+06 -4.50745891e+01  5.57532957e-03 
 2.91742701e+06 -4.50729339e+01  5.57639215e-03 
 2.95120923e+06 -4.50712423e+01  5.57747824e-03 
 2.98538262e+06 -4.50695133e+01  5.57858858e-03 
 3.01995172e+06 -4.50677464e+01  5.57972352e-03 
 3.05492111e+06 -4.50659406e+01  5.58088368e-03 
 3.09029543e+06 -4.50640952e+01  5.58206952e-03 
 3.12607937e+06 -4.50622095e+01  5.58328150e-03 
 3.16227766e+06 -4.50602825e+01  5.58452033e-03 
 3.19889511e+06 -4.50583134e+01  5.58578648e-03 
 3.23593657e+06 -4.50563013e+01  5.58708055e-03 
 3.27340695e+06 -4.50542457e+01  5.58840298e-03 
 3.31131121e+06 -4.50521453e+01  5.58975449e-03 
 3.34965439e+06 -4.50499995e+01  5.59113557e-03 
 3.38844156e+06 -4.50478073e+01  5.59254688e-03 
 3.42767787e+06 -4.50455677e+01  5.59398906e-03 
 3.46736850e+06 -4.50432800e+01  5.59546266e-03 
 3.50751874e+06 -4.50409429e+01  5.59696839e-03 
 3.54813389e+06 -4.50385558e+01  5.59850681e-03 
 3.58921935e+06 -4.50361175e+01  5.60007865e-03 
 3.63078055e+06 -4.50336271e+01  5.60168450e-03 
 3.67282300e+06 -4.50310836e+01  5.60332512e-03 
 3.71535229e+06 -4.50284859e+01  5.60500114e-03 
 3.75837404e+06 -4.50258332e+01  5.60671321e-03 
 3.80189396e+06 -4.50231241e+01  5.60846218e-03 
 3.84591782e+06 -4.50203578e+01  5.61024868e-03 
 3.89045145e+06 -4.50175332e+01  5.61207338e-03 
 3.93550075e+06 -4.50146492e+01  5.61393707e-03 
 3.98107171e+06 -4.50117048e+01  5.61584041e-03 
 4.02717034e+06 -4.50086987e+01  5.61778433e-03 
 4.07380278e+06 -4.50056298e+01  5.61976957e-03 
 4.12097519e+06 -4.50024973e+01  5.62179671e-03 
 4.16869383e+06 -4.49992994e+01  5.62386682e-03 
 4.21696503e+06 -4.49960356e+01  5.62598049e-03 
 4.26579519e+06 -4.49927042e+01  5.62813868e-03 
 4.31519077e+06 -4.49893043e+01  5.63034209e-03 
 4.36515832e+06 -4.49858347e+01  5.63259161e-03 
 4.41570447e+06 -4.49822941e+01  5.63488808e-03 
 4.46683592e+06 -4.49786813e+01  5.63723233e-03 
 4.51855944e+06 -4.49749950e+01  5.63962528e-03 
 4.57088190e+06 -4.49712342e+01  5.64206767e-03 
 4.62381021e+06 -4.49673973e+01  5.64456051e-03 
 4.67735141e+06 -4.49634832e+01  5.64710468e-03 
 4.73151259e+06 -4.49594907e+01  5.64970099e-03 
 4.78630092e+06 -4.49554185e+01  5.65235040e-03 
 4.84172368e+06 -4.49512651e+01  5.65505382e-03 
 4.89778819e+06 -4.49470295e+01  5.65781218e-03 
 4.95450191e+06 -4.49427101e+01  5.66062643e-03 
 5.01187234e+06 -4.49383059e+01  5.66349740e-03 
 5.06990708e+06 -4.49338153e+01  5.66642620e-03 
 5.12861384e+06 -4.49292371e+01  5.66941368e-03 
 5.18800039e+06 -4.49245699e+01  5.67246082e-03 
 5.24807460e+06 -4.49198126e+01  5.67556852e-03 
 5.30884444e+06 -4.49149636e+01  5.67873781e-03 
 5.37031796e+06 -4.49100217e+01  5.68196969e-03 
 5.43250331e+06 -4.49049857e+01  5.68526506e-03 
 5.49540874e+06 -4.48998539e+01  5.68862497e-03 
 5.55904257e+06 -4.48946254e+01  5.69205033e-03 
 5.62341325e+06 -4.48892984e+01  5.69554225e-03 
 5.68852931e+06 -4.48838722e+01  5.69910151e-03 
 5.75439937e+06 -4.48783449e+01  5.70272930e-03 
 5.82103218e+06 -4.48727154e+01  5.70642656e-03 
 5.88843655e+06 -4.48669824e+01  5.71019420e-03 
 5.95662144e+06 -4.48611447e+01  5.71403325e-03 
 6.02559586e+06 -4.48552011e+01  5.71794465e-03 
 6.09536897e+06 -4.48491501e+01  5.72192941e-03 
 6.16595002e+06 -4.48429904e+01  5.72598861e-03 
 6.23734835e+06 -4.48367210e+01  5.73012307e-03 
 6.30957344e+06 -4.48303407e+01  5.73433377e-03 
 6.38263486e+06 -4.48238480e+01  5.73862178e-03 
 6.45654229e+06 -4.48172419e+01  5.74298798e-03 
 6.53130553e+06 -4.48105212e+01  5.74743329e-03 
 6.60693448e+06 -4.48036850e+01  5.75195860e-03 
 6.68343918e+06 -4.47967320e+01  5.75656484e-03 
 6.76082975e+06 -4.47896610e+01  5.76125301e-03 
 6.83911647e+06 -4.47824712e+01  5.76602393e-03 
 6.91830971e+06 -4.47751615e+01  5.77087842e-03 
 6.99841996e+06 -4.47677309e+01  5.77581742e-03 
 7.07945784e+06 -4.47601784e+01  5.78084172e-03 
 7.16143410e+06 -4.47525034e+01  5.78595207e-03 
 7.24435960e+06 -4.47447047e+01  5.79114934e-03 
 7.32824533e+06 -4.47367816e+01  5.79643434e-03 
 7.41310241e+06 -4.47287333e+01  5.80180774e-03 
 7.49894209e+06 -4.47205593e+01  5.80727021e-03 
 7.58577575e+06 -4.47122589e+01  5.81282243e-03 
 7.67361489e+06 -4.47038313e+01  5.81846513e-03 
 7.76247117e+06 -4.46952761e+01  5.82419889e-03 
 7.85235635e+06 -4.46865927e+01  5.83002427e-03 
 7.94328235e+06 -4.46777808e+01  5.83594188e-03 
 8.03526122e+06 -4.46688401e+01  5.84195212e-03 
 8.12830516e+06 -4.46597703e+01  5.84805550e-03 
 8.22242650e+06 -4.46505710e+01  5.85425250e-03 
 8.31763771e+06 -4.46412423e+01  5.86054336e-03 
 8.41395142e+06 -4.46317841e+01  5.86692846e-03 
 8.51138038e+06 -4.46221964e+01  5.87340815e-03 
 8.60993752e+06 -4.46124793e+01  5.87998254e-03 
 8.70963590e+06 -4.46026330e+01  5.88665182e-03 
 8.81048873e+06 -4.45926579e+01  5.89341610e-03 
 8.91250938e+06 -4.45825543e+01  5.90027541e-03 
 9.01571138e+06 -4.45723227e+01  5.90722979e-03 
 9.12010839e+06 -4.45619639e+01  5.91427898e-03 
 9.22571427e+06 -4.45514781e+01  5.92142312e-03 
 9.33254301e+06 -4.45408666e+01  5.92866168e-03 
 9.44060876e+06 -4.45301301e+01  5.93599459e-03 
 9.54992586e+06 -4.45192697e+01  5.94342130e-03 
 9.66050879e+06 -4.45082864e+01  5.95094150e-03 
 9.77237221e+06 -4.44971816e+01  5.95855458e-03 
 9.88553095e+06 -4.44859567e+01  5.96625985e-03 
 1.00000000e+07 -4.44746131e+01  5.97405675e-03 
 1.01157945e+07 -4.44631526e+01  5.98194434e-03 
 1.02329299e+07 -4.44515769e+01  5.98992185e-03 
 1.03514217e+07 -4.44398879e+01  5.99798820e-03 
 1.04712855e+07 -4.44280874e+01  6.00614246e-03 
 1.05925373e+07 -4.44161780e+01  6.01438330e-03 
 1.07151931e+07 -4.44041618e+01  6.02270943e-03 
 1.08392691e+07 -4.43920412e+01  6.03111958e-03 
 1.09647820e+07 -4.43798190e+01  6.03961217e-03 
 1.10917482e+07 -4.43674978e+01  6.04818564e-03 
 1.12201845e+07 -4.43550805e+01  6.05683824e-03 
 1.13501082e+07 -4.43425703e+01  6.06556815e-03 
 1.14815362e+07 -4.43299703e+01  6.07437341e-03 
 1.16144861e+07 -4.43172839e+01  6.08325199e-03 
 1.17489755e+07 -4.43045145e+01  6.09220175e-03 
 1.18850223e+07 -4.42916659e+01  6.10122027e-03 
 1.20226443e+07 -4.42787420e+01  6.11030516e-03 
 1.21618600e+07 -4.42657466e+01  6.11945393e-03 
 1.23026877e+07 -4.42526839e+01  6.12866391e-03 
 1.24451461e+07 -4.42395582e+01  6.13793221e-03 
 1.25892541e+07 -4.42263740e+01  6.14725597e-03 
 1.27350308e+07 -4.42131359e+01  6.15663211e-03 
 1.28824955e+07 -4.41998487e+01  6.16605743e-03 
 1.30316678e+07 -4.41865172e+01  6.17552862e-03 
 1.31825674e+07 -4.41731466e+01  6.18504223e-03 
 1.33352143e+07 -4.41597421e+01  6.19459471e-03 
 1.34896288e+07 -4.41463090e+01  6.20418230e-03 
 1.36458314e+07 -4.41328529e+01  6.21380120e-03 
 1.38038426e+07 -4.41193794e+01  6.22344753e-03 
 1.39636836e+07 -4.41058944e+01  6.23311704e-03 
 1.41253754e+07 -4.40924038e+01  6.24280560e-03 
 1.42889396e+07 -4.40789136e+01  6.25250895e-03 
 1.44543977e+07 -4.40654301e+01  6.26222254e-03 
 1.46217717e+07 -4.40519596e+01  6.27194183e-03 
 1.47910839e+07 -4.40385085e+01  6.28166213e-03 
 1.49623566e+07 -4.40250836e+01  6.29137860e-03 
 1.51356125e+07 -4.40116913e+01  6.30108638e-03 
 1.53108746e+07 -4.39983385e+01  6.31078048e-03 
 1.54881662e+07 -4.39850322e+01  6.32045569e-03 
 1.56675107e+07 -4.39717791e+01  6.33010689e-03 
 1.58489319e+07 -4.39585865e+01  6.33972870e-03 
 1.60324539e+07 -4.39454615e+01  6.34931578e-03 
 1.62181010e+07 -4.39324110e+01  6.35886271e-03 
 1.64058977e+07 -4.39194426e+01  6.36836384e-03 
 1.65958691e+07 -4.39065634e+01  6.37781368e-03 
 1.67880402e+07 -4.38937809e+01  6.38720646e-03 
 1.69824365e+07 -4.38811023e+01  6.39653655e-03 
 1.71790839e+07 -4.38685350e+01  6.40579816e-03 
 1.73780083e+07 -4.38560864e+01  6.41498548e-03 
 1.75792361e+07 -4.38437640e+01  6.42409273e-03 
 1.77827941e+07 -4.38315749e+01  6.43311408e-03 
 1.79887092e+07 -4.38195266e+01  6.44204372e-03 
 1.81970086e+07 -4.38076264e+01  6.45087576e-03 
 1.84077200e+07 -4.37958815e+01  6.45960444e-03 
 1.86208714e+07 -4.37842990e+01  6.46822394e-03 
 1.88364909e+07 -4.37728860e+01  6.47672860e-03 
 1.90546072e+07 -4.37616495e+01  6.48511269e-03 
 1.92752491e+07 -4.37505962e+01  6.49337060e-03 
 1.94984460e+07 -4.37397329e+01  6.50149680e-03 
 1.97242274e+07 -4.37290662e+01  6.50948586e-03 
 1.99526231e+07 -4.37186025e+01  6.51733246e-03 
 2.01836636e+07 -4.37083479e+01  6.52503141e-03 
 2.04173794e+07 -4.36983084e+01  6.53257762e-03 
 2.06538016e+07 -4.36884899e+01  6.53996624e-03 
 2.08929613e+07 -4.36788978e+01  6.54719253e-03 
 2.11348904e+07 -4.36695374e+01  6.55425193e-03 
 2.13796209e+07 -4.36604137e+01  6.56114017e-03 
 2.16271852e+07 -4.36515314e+01  6.56785311e-03 
 2.18776162e+07 -4.36428948e+01  6.57438691e-03 
 2.21309471e+07 -4.36345080e+01  6.58073800e-03 
 2.23872114e+07 -4.36263746e+01  6.58690306e-03 
 2.26464431e+07 -4.36184978e+01  6.59287907e-03 
 2.29086765e+07 -4.36108805e+01  6.59866338e-03 
 2.31739465e+07 -4.36035251e+01  6.60425363e-03 
 2.34422882e+07 -4.35964336e+01  6.60964783e-03 
 2.37137371e+07 -4.35896073e+01  6.61484441e-03 
 2.39883292e+07 -4.35830474e+01  6.61984211e-03 
 2.42661010e+07 -4.35767541e+01  6.62464019e-03 
 2.45470892e+07 -4.35707274e+01  6.62923831e-03 
 2.48313311e+07 -4.35649665e+01  6.63363656e-03 
 2.51188643e+07 -4.35594702e+01  6.63783555e-03 
 2.54097271e+07 -4.35542365e+01  6.64183640e-03 
 2.57039578e+07 -4.35492629e+01  6.64564070e-03 
 2.60015956e+07 -4.35445459e+01  6.64925063e-03 
 2.63026799e+07 -4.35400818e+01  6.65266891e-03 
 2.66072506e+07 -4.35358658e+01  6.65589884e-03 
 2.69153480e+07 -4.35318923e+01  6.65894431e-03 
 2.72270131e+07 -4.35281554e+01  6.66180984e-03 
 2.75422870e+07 -4.35246478e+01  6.66450057e-03 
 2.78612117e+07 -4.35213618e+01  6.66702230e-03 
 2.81838293e+07 -4.35182888e+01  6.66938150e-03 
 2.85101827e+07 -4.35154191e+01  6.67158530e-03 
 2.88403150e+07 -4.35127425e+01  6.67364154e-03 
 2.91742701e+07 -4.35102475e+01  6.67555878e-03 
 2.95120923e+07 -4.35079220e+01  6.67734627e-03 
 2.98538262e+07 -4.35057529e+01  6.67901402e-03 
 3.01995172e+07 -4.35037260e+01  6.68057278e-03 
 3.05492111e+07 -4.35018264e+01  6.68203402e-03 
 3.09029543e+07 -4.35000379e+01  6.68341001e-03 
 3.12607937e+07 -4.34983437e+01  6.68471375e-03 
 3.16227766e+07 -4.34967258e+01  6.68595901e-03 
 3.19889511e+07 -4.34951653e+01  6.68716035e-03 
 3.23593657e+07 -4.34936422e+01  6.68833305e-03 
 3.27340695e+07 -4.34921357e+01  6.68949320e-03 
 3.31131121e+07 -4.34906239e+01  6.69065762e-03 
 3.34965439e+07 -4.34890840e+01  6.69184389e-03 
 3.38844156e+07 -4.34874922e+01  6.69307033e-03 
 3.42767787e+07 -4.34858240e+01  6.69435597e-03 
 3.46736850e+07 -4.34840535e+01  6.69572059e-03 
 3.50751874e+07 -4.34821546e+01  6.69718463e-03 
 3.54813389e+07 -4.34800997e+01  6.69876923e-03 
 3.58921935e+07 -4.34778608e+01  6.70049615e-03 
 3.63078055e+07 -4.34754089e+01  6.70238780e-03 
 3.67282300e+07 -4.34727146e+01  6.70446718e-03 
 3.71535229e+07 -4.34697475e+01  6.70675783e-03 
 3.75837404e+07 -4.34664767e+01  6.70928384e-03 
 3.80189396e+07 -4.34628708e+01  6.71206976e-03 
 3.84591782e+07 -4.34588978e+01  6.71514060e-03 
 3.89045145e+07 -4.34545255e+01  6.71852174e-03 
 3.93550075e+07 -4.34497211e+01  6.72223891e-03 
 3.98107171e+07 -4.34444519e+01  6.72631817e-03 
 4.02717034e+07 -4.34386847e+01  6.73078576e-03 
 4.07380278e+07 -4.34323864e+01  6.73566811e-03 
 4.12097519e+07 -4.34255240e+01  6.74099179e-03 
 4.16869383e+07 -4.34180647e+01  6.74678338e-03 
 4.21696503e+07 -4.34099757e+01  6.75306947e-03 
 4.26579519e+07 -4.34012247e+01  6.75987653e-03 
 4.31519077e+07 -4.33917801e+01  6.76723089e-03 
 4.36515832e+07 -4.33816106e+01  6.77515864e-03 
 4.41570447e+07 -4.33706859e+01  6.78368553e-03 
 4.46683592e+07 -4.33589762e+01  6.79283695e-03 
 4.51855944e+07 -4.33464530e+01  6.80263779e-03 
 4.57088190e+07 -4.33330889e+01  6.81311240e-03 
 4.62381021e+07 -4.33188575e+01  6.82428450e-03 
 4.67735141e+07 -4.33037339e+01  6.83617707e-03 
 4.73151259e+07 -4.32876947e+01  6.84881233e-03 
 4.78630092e+07 -4.32707179e+01  6.86221158e-03 
 4.84172368e+07 -4.32527834e+01  6.87639521e-03 
 4.89778819e+07 -4.32338728e+01  6.89138259e-03 
 4.95450191e+07 -4.32139696e+01  6.90719188e-03 
 5.01187234e+07 -4.31930593e+01  6.92384017e-03 
 5.06990708e+07 -4.31711296e+01  6.94134326e-03 
 5.12861384e+07 -4.31481701e+01  6.95971561e-03 
 5.18800039e+07 -4.31241730e+01  6.97897034e-03 
 5.24807460e+07 -4.30991324e+01  6.99911908e-03 
 5.30884444e+07 -4.30730449e+01  7.02017200e-03 
 5.37031796e+07 -4.30459097e+01  7.04213771e-03 
 5.43250331e+07 -4.30177281e+01  7.06502323e-03 
 5.49540874e+07 -4.29885040e+01  7.08883393e-03 
 5.55904257e+07 -4.29582435e+01  7.11357352e-03 
 5.62341325e+07 -4.29269555e+01  7.13924403e-03 
 5.68852931e+07 -4.28946509e+01  7.16584572e-03 
 5.75439937e+07 -4.28613434e+01  7.19337717e-03 
 5.82103218e+07 -4.28270486e+01  7.22183515e-03 
 5.88843655e+07 -4.27917847e+01  7.25121471e-03 
 5.95662144e+07 -4.27555721e+01  7.28150911e-03 
 6.02559586e+07 -4.27184331e+01  7.31270991e-03 
 6.09536897e+07 -4.26803924e+01  7.34480687e-03 
 6.16595002e+07 -4.26414765e+01  7.37778808e-03 
 6.23734835e+07 -4.26017138e+01  7.41163989e-03 
 6.30957344e+07 -4.25611346e+01  7.44634700e-03 
 6.38263486e+07 -4.25197707e+01  7.48189250e-03 
 6.45654229e+07 -4.24776557e+01  7.51825781e-03 
 6.53130553e+07 -4.24348245e+01  7.55542289e-03 
 6.60693448e+07 -4.23913132e+01  7.59336612e-03 
 6.68343918e+07 -4.23471594e+01  7.63206447e-03 
 6.76082975e+07 -4.23024016e+01  7.67149349e-03 
 6.83911647e+07 -4.22570793e+01  7.71162739e-03 
 6.91830971e+07 -4.22112327e+01  7.75243917e-03 
 6.99841996e+07 -4.21649028e+01  7.79390052e-03 
 7.07945784e+07 -4.21181314e+01  7.83598202e-03 
 7.16143410e+07 -4.20709603e+01  7.87865326e-03 
 7.24435960e+07 -4.20234319e+01  7.92188270e-03 
 7.32824533e+07 -4.19755887e+01  7.96563796e-03 
 7.41310241e+07 -4.19274735e+01  8.00988577e-03 
 7.49894209e+07 -4.18791290e+01  8.05459208e-03 
 7.58577575e+07 -4.18305976e+01  8.09972216e-03 
 7.67361489e+07 -4.17819216e+01  8.14524065e-03 
 7.76247117e+07 -4.17331431e+01  8.19111159e-03 
 7.85235635e+07 -4.16843038e+01  8.23729861e-03 
 7.94328235e+07 -4.16354447e+01  8.28376486e-03 
 8.03526122e+07 -4.15866065e+01  8.33047324e-03 
 8.12830516e+07 -4.15378291e+01  8.37738632e-03 
 8.22242650e+07 -4.14891518e+01  8.42446656e-03 
 8.31763771e+07 -4.14406130e+01  8.47167626e-03 
 8.41395142e+07 -4.13922504e+01  8.51897769e-03 
 8.51138038e+07 -4.13441008e+01  8.56633312e-03 
 8.60993752e+07 -4.12962002e+01  8.61370496e-03 
 8.70963590e+07 -4.12485833e+01  8.66105575e-03 
 8.81048873e+07 -4.12012842e+01  8.70834824e-03 
 8.91250938e+07 -4.11543358e+01  8.75554549e-03 
 9.01571138e+07 -4.11077699e+01  8.80261086e-03 
 9.12010839e+07 -4.10616173e+01  8.84950814e-03 
 9.22571427e+07 -4.10159077e+01  8.89620156e-03 
 9.33254301e+07 -4.09706697e+01  8.94265584e-03 
 9.44060876e+07 -4.09259306e+01  8.98883626e-03 
 9.54992586e+07 -4.08817169e+01  9.03470873e-03 
 9.66050879e+07 -4.08380537e+01  9.08023976e-03 
 9.77237221e+07 -4.07949650e+01  9.12539660e-03 
 9.88553095e+07 -4.07524739e+01  9.17014720e-03 
 1.00000000e+08 -4.07106019e+01  9.21446030e-03 
 1.01157945e+08 -4.06693699e+01  9.25830543e-03 
 1.02329299e+08 -4.06287973e+01  9.30165297e-03 
 1.03514217e+08 -4.05889026e+01  9.34447419e-03 
 1.04712855e+08 -4.05497030e+01  9.38674127e-03 
 1.05925373e+08 -4.05112149e+01  9.42842730e-03 
 1.07151931e+08 -4.04734532e+01  9.46950633e-03 
 1.08392691e+08 -4.04364322e+01  9.50995343e-03 
 1.09647820e+08 -4.04001648e+01  9.54974462e-03 
 1.10917482e+08 -4.03646632e+01  9.58885697e-03 
 1.12201845e+08 -4.03299382e+01  9.62726861e-03 
 1.13501082e+08 -4.02960000e+01  9.66495869e-03 
 1.14815362e+08 -4.02628575e+01  9.70190743e-03 
 1.16144861e+08 -4.02305188e+01  9.73809615e-03 
 1.17489755e+08 -4.01989912e+01  9.77350723e-03 
 1.18850223e+08 -4.01682809e+01  9.80812415e-03 
 1.20226443e+08 -4.01383932e+01  9.84193149e-03 
 1.21618600e+08 -4.01093327e+01  9.87491494e-03 
 1.23026877e+08 -4.00811030e+01  9.90706125e-03 
 1.24451461e+08 -4.00537070e+01  9.93835830e-03 
 1.25892541e+08 -4.00271466e+01  9.96879508e-03 
 1.27350308e+08 -4.00014232e+01  9.99836161e-03 
 1.28824955e+08 -3.99765372e+01  1.00270491e-02 
 1.30316678e+08 -3.99524884e+01  1.00548496e-02 
 1.31825674e+08 -3.99292758e+01  1.00817566e-02 
 1.33352143e+08 -3.99068979e+01  1.01077643e-02 
 1.34896288e+08 -3.98853522e+01  1.01328681e-02 
 1.36458314e+08 -3.98646358e+01  1.01570645e-02 
 1.38038426e+08 -3.98447452e+01  1.01803508e-02 
 1.39636836e+08 -3.98256760e+01  1.02027254e-02 
 1.41253754e+08 -3.98074237e+01  1.02241878e-02 
 1.42889396e+08 -3.97899827e+01  1.02447382e-02 
 1.44543977e+08 -3.97733473e+01  1.02643780e-02 
 1.46217717e+08 -3.97575110e+01  1.02831093e-02 
 1.47910839e+08 -3.97424669e+01  1.03009352e-02 
 1.49623566e+08 -3.97282076e+01  1.03178597e-02 
 1.51356125e+08 -3.97147253e+01  1.03338876e-02 
 1.53108746e+08 -3.97020117e+01  1.03490245e-02 
 1.54881662e+08 -3.96900580e+01  1.03632768e-02 
 1.56675107e+08 -3.96788552e+01  1.03766517e-02 
 1.58489319e+08 -3.96683937e+01  1.03891571e-02 
 1.60324539e+08 -3.96586638e+01  1.04008016e-02 
 1.62181010e+08 -3.96496551e+01  1.04115945e-02 
 1.64058977e+08 -3.96413572e+01  1.04215457e-02 
 1.65958691e+08 -3.96337592e+01  1.04306660e-02 
 1.67880402e+08 -3.96268500e+01  1.04389664e-02 
 1.69824365e+08 -3.96206182e+01  1.04464587e-02 
 1.71790839e+08 -3.96150521e+01  1.04531551e-02 
 1.73780083e+08 -3.96101398e+01  1.04590686e-02 
 1.75792361e+08 -3.96058692e+01  1.04642122e-02 
 1.77827941e+08 -3.96022280e+01  1.04685998e-02 
 1.79887092e+08 -3.95992037e+01  1.04722455e-02 
 1.81970086e+08 -3.95967836e+01  1.04751637e-02 
 1.84077200e+08 -3.95949549e+01  1.04773694e-02 
 1.86208714e+08 -3.95937045e+01  1.04788778e-02 
 1.88364909e+08 -3.95930194e+01  1.04797043e-02 
 1.90546072e+08 -3.95928864e+01  1.04798648e-02 
 1.92752491e+08 -3.95932922e+01  1.04793752e-02 
 1.94984460e+08 -3.95942234e+01  1.04782518e-02 
 1.97242274e+08 -3.95956666e+01  1.04765110e-02 
 1.99526231e+08 -3.95976082e+01  1.04741694e-02 
 2.01836636e+08 -3.96000347e+01  1.04712437e-02 
 2.04173794e+08 -3.96029326e+01  1.04677507e-02 
 2.06538016e+08 -3.96062883e+01  1.04637074e-02 
 2.08929613e+08 -3.96100882e+01  1.04591307e-02 
 2.11348904e+08 -3.96143189e+01  1.04540376e-02 
 2.13796209e+08 -3.96189666e+01  1.04484452e-02 
 2.16271852e+08 -3.96240181e+01  1.04423704e-02 
 2.18776162e+08 -3.96294598e+01  1.04358304e-02 
 2.21309471e+08 -3.96352783e+01  1.04288419e-02 
 2.23872114e+08 -3.96414604e+01  1.04214220e-02 
 2.26464431e+08 -3.96479928e+01  1.04135872e-02 
 2.29086765e+08 -3.96548624e+01  1.04053544e-02 
 2.31739465e+08 -3.96620562e+01  1.03967401e-02 
 2.34422882e+08 -3.96695613e+01  1.03877607e-02 
 2.37137371e+08 -3.96773648e+01  1.03784324e-02 
 2.39883292e+08 -3.96854540e+01  1.03687714e-02 
 2.42661010e+08 -3.96938166e+01  1.03587934e-02 
 2.45470892e+08 -3.97024400e+01  1.03485142e-02 
 2.48313311e+08 -3.97113120e+01  1.03379493e-02 
 2.51188643e+08 -3.97204207e+01  1.03271139e-02 
 2.54097271e+08 -3.97297539e+01  1.03160231e-02 
 2.57039578e+08 -3.97393001e+01  1.03046915e-02 
 2.60015956e+08 -3.97490477e+01  1.02931338e-02 
 2.63026799e+08 -3.97589852e+01  1.02813641e-02 
 2.66072506e+08 -3.97691015e+01  1.02693965e-02 
 2.69153480e+08 -3.97793857e+01  1.02572446e-02 
 2.72270131e+08 -3.97898269e+01  1.02449219e-02 
 2.75422870e+08 -3.98004146e+01  1.02324415e-02 
 2.78612117e+08 -3.98111384e+01  1.02198161e-02 
 2.81838293e+08 -3.98219880e+01  1.02070584e-02 
 2.85101827e+08 -3.98329537e+01  1.01941804e-02 
 2.88403150e+08 -3.98440255e+01  1.01811942e-02 
 2.91742701e+08 -3.98551941e+01  1.01681113e-02 
 2.95120923e+08 -3.98664502e+01  1.01549430e-02 
 2.98538262e+08 -3.98777846e+01  1.01417003e-02 
 3.01995172e+08 -3.98891885e+01  1.01283937e-02 
 3.05492111e+08 -3.99006534e+01  1.01150336e-02 
 3.09029543e+08 -3.99121708e+01  1.01016301e-02 
 3.12607937e+08 -3.99237325e+01  1.00881928e-02 
 3.16227766e+08 -3.99353308e+01  1.00747311e-02 
 3.19889511e+08 -3.99469577e+01  1.00612540e-02 
 3.23593657e+08 -3.99586059e+01  1.00477704e-02 
 3.27340695e+08 -3.99702682e+01  1.00342886e-02 
 3.31131121e+08 -3.99819375e+01  1.00208168e-02 
 3.34965439e+08 -3.99936070e+01  1.00073629e-02 
 3.38844156e+08 -4.00052702e+01  9.99393428e-03 
 3.42767787e+08 -4.00169207e+01  9.98053824e-03 
 3.46736850e+08 -4.00285525e+01  9.96718173e-03 
 3.50751874e+08 -4.00401595e+01  9.95387137e-03 
 3.54813389e+08 -4.00517362e+01  9.94061354e-03 
 3.58921935e+08 -4.00632771e+01  9.92741431e-03 
 3.63078055e+08 -4.00747768e+01  9.91427949e-03 
 3.67282300e+08 -4.00862305e+01  9.90121460e-03 
 3.71535229e+08 -4.00976333e+01  9.88822493e-03 
 3.75837404e+08 -4.01089804e+01  9.87531546e-03 
 3.80189396e+08 -4.01202676e+01  9.86249095e-03 
 3.84591782e+08 -4.01314906e+01  9.84975590e-03 
 3.89045145e+08 -4.01426454e+01  9.83711457e-03 
 3.93550075e+08 -4.01537281e+01  9.82457097e-03 
 3.98107171e+08 -4.01647351e+01  9.81212889e-03 
 4.02717034e+08 -4.01756629e+01  9.79979188e-03 
 4.07380278e+08 -4.01865083e+01  9.78756327e-03 
 4.12097519e+08 -4.01972682e+01  9.77544620e-03 
 4.16869383e+08 -4.02079396e+01  9.76344356e-03 
 4.21696503e+08 -4.02185198e+01  9.75155806e-03 
 4.26579519e+08 -4.02290062e+01  9.73979222e-03 
 4.31519077e+08 -4.02393963e+01  9.72814836e-03 
 4.36515832e+08 -4.02496879e+01  9.71662859e-03 
 4.41570447e+08 -4.02598790e+01  9.70523489e-03 
 4.46683592e+08 -4.02699674e+01  9.69396902e-03 
 4.51855944e+08 -4.02799515e+01  9.68283260e-03 
 4.57088190e+08 -4.02898295e+01  9.67182708e-03 
 4.62381021e+08 -4.02995999e+01  9.66095374e-03 
 4.67735141e+08 -4.03092614e+01  9.65021373e-03 
 4.73151259e+08 -4.03188125e+01  9.63960804e-03 
 4.78630092e+08 -4.03282522e+01  9.62913753e-03 
 4.84172368e+08 -4.03375795e+01  9.61880292e-03 
 4.89778819e+08 -4.03467934e+01  9.60860480e-03 
 4.95450191e+08 -4.03558931e+01  9.59854364e-03 
 5.01187234e+08 -4.03648780e+01  9.58861978e-03 
 5.06990708e+08 -4.03737475e+01  9.57883346e-03 
 5.12861384e+08 -4.03825012e+01  9.56918481e-03 
 5.18800039e+08 -4.03911385e+01  9.55967383e-03 
 5.24807460e+08 -4.03996593e+01  9.55030047e-03 
 5.30884444e+08 -4.04080633e+01  9.54106453e-03 
 5.37031796e+08 -4.04163505e+01  9.53196577e-03 
 5.43250331e+08 -4.04245208e+01  9.52300382e-03 
 5.49540874e+08 -4.04325743e+01  9.51417825e-03 
 5.55904257e+08 -4.04405111e+01  9.50548857e-03 
 5.62341325e+08 -4.04483314e+01  9.49693417e-03 
 5.68852931e+08 -4.04560356e+01  9.48851441e-03 
 5.75439937e+08 -4.04636238e+01  9.48022858e-03 
 5.82103218e+08 -4.04710966e+01  9.47207588e-03 
 5.88843655e+08 -4.04784544e+01  9.46405548e-03 
 5.95662144e+08 -4.04856978e+01  9.45616649e-03 
 6.02559586e+08 -4.04928273e+01  9.44840796e-03 
 6.09536897e+08 -4.04998435e+01  9.44077889e-03 
 6.16595002e+08 -4.05067471e+01  9.43327825e-03 
 6.23734835e+08 -4.05135389e+01  9.42590495e-03 
 6.30957344e+08 -4.05202196e+01  9.41865787e-03 
 6.38263486e+08 -4.05267900e+01  9.41153586e-03 
 6.45654229e+08 -4.05332509e+01  9.40453772e-03 
 6.53130553e+08 -4.05396034e+01  9.39766223e-03 
 6.60693448e+08 -4.05458481e+01  9.39090814e-03 
 6.68343918e+08 -4.05519862e+01  9.38427418e-03 
 6.76082975e+08 -4.05580186e+01  9.37775903e-03 
 6.83911647e+08 -4.05639463e+01  9.37136139e-03 
 6.91830971e+08 -4.05697703e+01  9.36507991e-03 
 6.99841996e+08 -4.05754916e+01  9.35891323e-03 
 7.07945784e+08 -4.05811114e+01  9.35285997e-03 
 7.16143410e+08 -4.05866306e+01  9.34691876e-03 
 7.24435960e+08 -4.05920506e+01  9.34108819e-03 
 7.32824533e+08 -4.05973722e+01  9.33536685e-03 
 7.41310241e+08 -4.06025968e+01  9.32975333e-03 
 7.49894209e+08 -4.06077253e+01  9.32424621e-03 
 7.58577575e+08 -4.06127591e+01  9.31884405e-03 
 7.67361489e+08 -4.06176993e+01  9.31354543e-03 
 7.76247117e+08 -4.06225469e+01  9.30834892e-03 
 7.85235635e+08 -4.06273033e+01  9.30325307e-03 
 7.94328235e+08 -4.06319696e+01  9.29825646e-03 
 8.03526122e+08 -4.06365470e+01  9.29335765e-03 
 8.12830516e+08 -4.06410367e+01  9.28855522e-03 
 8.22242650e+08 -4.06454398e+01  9.28384773e-03 
 8.31763771e+08 -4.06497577e+01  9.27923376e-03 
 8.41395142e+08 -4.06539914e+01  9.27471190e-03 
 8.51138038e+08 -4.06581423e+01  9.27028075e-03 
 8.60993752e+08 -4.06622114e+01  9.26593889e-03 
 8.70963590e+08 -4.06661999e+01  9.26168493e-03 
 8.81048873e+08 -4.06701092e+01  9.25751749e-03 
 8.91250938e+08 -4.06739403e+01  9.25343518e-03 
 9.01571138e+08 -4.06776943e+01  9.24943666e-03 
 9.12010839e+08 -4.06813726e+01  9.24552055e-03 
 9.22571427e+08 -4.06849763e+01  9.24168552e-03 
 9.33254301e+08 -4.06885064e+01  9.23793023e-03 
 9.44060876e+08 -4.06919643e+01  9.23425336e-03 
 9.54992586e+08 -4.06953509e+01  9.23065360e-03 
 9.66050879e+08 -4.06986675e+01  9.22712967e-03 
 9.77237221e+08 -4.07019152e+01  9.22368027e-03 
 9.88553095e+08 -4.07050951e+01  9.22030414e-03 
 1.00000000e+09 -4.07082082e+01  9.21700003e-03 
