 1.00000000e+00 -1.14993194e+01  2.66093356e-01 
 1.01157945e+00 -1.14993211e+01  2.66093302e-01 
 1.02329299e+00 -1.14993229e+01  2.66093248e-01 
 1.03514217e+00 -1.14993247e+01  2.66093192e-01 
 1.04712855e+00 -1.14993266e+01  2.66093135e-01 
 1.05925373e+00 -1.14993285e+01  2.66093076e-01 
 1.07151931e+00 -1.14993305e+01  2.66093016e-01 
 1.08392691e+00 -1.14993325e+01  2.66092955e-01 
 1.09647820e+00 -1.14993345e+01  2.66092892e-01 
 1.10917482e+00 -1.14993366e+01  2.66092828e-01 
 1.12201845e+00 -1.14993387e+01  2.66092763e-01 
 1.13501082e+00 -1.14993409e+01  2.66092696e-01 
 1.14815362e+00 -1.14993432e+01  2.66092627e-01 
 1.16144861e+00 -1.14993455e+01  2.66092557e-01 
 1.17489755e+00 -1.14993478e+01  2.66092485e-01 
 1.18850223e+00 -1.14993502e+01  2.66092411e-01 
 1.20226443e+00 -1.14993527e+01  2.66092336e-01 
 1.21618600e+00 -1.14993552e+01  2.66092259e-01 
 1.23026877e+00 -1.14993578e+01  2.66092180e-01 
 1.24451461e+00 -1.14993604e+01  2.66092099e-01 
 1.25892541e+00 -1.14993631e+01  2.66092016e-01 
 1.27350308e+00 -1.14993659e+01  2.66091932e-01 
 1.28824955e+00 -1.14993687e+01  2.66091845e-01 
 1.30316678e+00 -1.14993716e+01  2.66091757e-01 
 1.31825674e+00 -1.14993745e+01  2.66091666e-01 
 1.33352143e+00 -1.14993776e+01  2.66091574e-01 
 1.34896288e+00 -1.14993807e+01  2.66091479e-01 
 1.36458314e+00 -1.14993838e+01  2.66091382e-01 
 1.38038426e+00 -1.14993871e+01  2.66091283e-01 
 1.39636836e+00 -1.14993904e+01  2.66091181e-01 
 1.41253754e+00 -1.14993938e+01  2.66091077e-01 
 1.42889396e+00 -1.14993972e+01  2.66090971e-01 
 1.44543977e+00 -1.14994008e+01  2.66090862e-01 
 1.46217717e+00 -1.14994044e+01  2.66090750e-01 
 1.47910839e+00 -1.14994082e+01  2.66090636e-01 
 1.49623566e+00 -1.14994120e+01  2.66090520e-01 
 1.51356125e+00 -1.14994159e+01  2.66090400e-01 
 1.53108746e+00 -1.14994199e+01  2.66090278e-01 
 1.54881662e+00 -1.14994239e+01  2.66090153e-01 
 1.56675107e+00 -1.14994281e+01  2.66090025e-01 
 1.58489319e+00 -1.14994324e+01  2.66089894e-01 
 1.60324539e+00 -1.14994368e+01  2.66089760e-01 
 1.62181010e+00 -1.14994412e+01  2.66089623e-01 
 1.64058977e+00 -1.14994458e+01  2.66089483e-01 
 1.65958691e+00 -1.14994505e+01  2.66089339e-01 
 1.67880402e+00 -1.14994553e+01  2.66089193e-01 
 1.69824365e+00 -1.14994602e+01  2.66089042e-01 
 1.71790839e+00 -1.14994652e+01  2.66088889e-01 
 1.73780083e+00 -1.14994703e+01  2.66088731e-01 
 1.75792361e+00 -1.14994756e+01  2.66088570e-01 
 1.77827941e+00 -1.14994810e+01  2.66088405e-01 
 1.79887092e+00 -1.14994865e+01  2.66088237e-01 
 1.81970086e+00 -1.14994921e+01  2.66088064e-01 
 1.84077200e+00 -1.14994979e+01  2.66087888e-01 
 1.86208714e+00 -1.14995038e+01  2.66087707e-01 
 1.88364909e+00 -1.14995098e+01  2.66087522e-01 
 1.90546072e+00 -1.14995160e+01  2.66087333e-01 
 1.92752491e+00 -1.14995223e+01  2.66087139e-01 
 1.94984460e+00 -1.14995288e+01  2.66086941e-01 
 1.97242274e+00 -1.14995354e+01  2.66086738e-01 
 1.99526231e+00 -1.14995422e+01  2.66086531e-01 
 2.01836636e+00 -1.14995491e+01  2.66086319e-01 
 2.04173794e+00 -1.14995562e+01  2.66086101e-01 
 2.06538016e+00 -1.14995634e+01  2.66085879e-01 
 2.08929613e+00 -1.14995709e+01  2.66085652e-01 
 2.11348904e+00 -1.14995785e+01  2.66085419e-01 
 2.13796209e+00 -1.14995862e+01  2.66085181e-01 
 2.16271852e+00 -1.14995942e+01  2.66084937e-01 
 2.18776162e+00 -1.14996023e+01  2.66084688e-01 
 2.21309471e+00 -1.14996107e+01  2.66084432e-01 
 2.23872114e+00 -1.14996192e+01  2.66084171e-01 
 2.26464431e+00 -1.14996279e+01  2.66083904e-01 
 2.29086765e+00 -1.14996369e+01  2.66083630e-01 
 2.31739465e+00 -1.14996460e+01  2.66083351e-01 
 2.34422882e+00 -1.14996553e+01  2.66083064e-01 
 2.37137371e+00 -1.14996649e+01  2.66082771e-01 
 2.39883292e+00 -1.14996747e+01  2.66082471e-01 
 2.42661010e+00 -1.14996847e+01  2.66082165e-01 
 2.45470892e+00 -1.14996950e+01  2.66081851e-01 
 2.48313311e+00 -1.14997054e+01  2.66081529e-01 
 2.51188643e+00 -1.14997162e+01  2.66081201e-01 
 2.54097271e+00 -1.14997272e+01  2.66080864e-01 
 2.57039578e+00 -1.14997384e+01  2.66080520e-01 
 2.60015956e+00 -1.14997499e+01  2.66080168e-01 
 2.63026799e+00 -1.14997617e+01  2.66079807e-01 
 2.66072506e+00 -1.14997737e+01  2.66079438e-01 
 2.69153480e+00 -1.14997860e+01  2.66079061e-01 
 2.72270131e+00 -1.14997986e+01  2.66078675e-01 
 2.75422870e+00 -1.14998115e+01  2.66078279e-01 
 2.78612117e+00 -1.14998247e+01  2.66077875e-01 
 2.81838293e+00 -1.14998382e+01  2.66077461e-01 
 2.85101827e+00 -1.14998521e+01  2.66077037e-01 
 2.88403150e+00 -1.14998662e+01  2.66076604e-01 
 2.91742701e+00 -1.14998807e+01  2.66076161e-01 
 2.95120923e+00 -1.14998955e+01  2.66075707e-01 
 2.98538262e+00 -1.14999107e+01  2.66075242e-01 
 3.01995172e+00 -1.14999262e+01  2.66074767e-01 
 3.05492111e+00 -1.14999421e+01  2.66074281e-01 
 3.09029543e+00 -1.14999583e+01  2.66073783e-01 
 3.12607937e+00 -1.14999749e+01  2.66073274e-01 
 3.16227766e+00 -1.14999919e+01  2.66072753e-01 
 3.19889511e+00 -1.15000093e+01  2.66072220e-01 
 3.23593657e+00 -1.15000271e+01  2.66071675e-01 
 3.27340695e+00 -1.15000454e+01  2.66071116e-01 
 3.31131121e+00 -1.15000640e+01  2.66070545e-01 
 3.34965439e+00 -1.15000831e+01  2.66069960e-01 
 3.38844156e+00 -1.15001026e+01  2.66069362e-01 
 3.42767787e+00 -1.15001226e+01  2.66068750e-01 
 3.46736850e+00 -1.15001431e+01  2.66068124e-01 
 3.50751874e+00 -1.15001640e+01  2.66067483e-01 
 3.54813389e+00 -1.15001854e+01  2.66066827e-01 
 3.58921935e+00 -1.15002073e+01  2.66066156e-01 
 3.63078055e+00 -1.15002297e+01  2.66065469e-01 
 3.67282300e+00 -1.15002527e+01  2.66064766e-01 
 3.71535229e+00 -1.15002761e+01  2.66064047e-01 
 3.75837404e+00 -1.15003002e+01  2.66063311e-01 
 3.80189396e+00 -1.15003247e+01  2.66062558e-01 
 3.84591782e+00 -1.15003499e+01  2.66061788e-01 
 3.89045145e+00 -1.15003756e+01  2.66060999e-01 
 3.93550075e+00 -1.15004020e+01  2.66060192e-01 
 3.98107171e+00 -1.15004289e+01  2.66059367e-01 
 4.02717034e+00 -1.15004565e+01  2.66058522e-01 
 4.07380278e+00 -1.15004847e+01  2.66057657e-01 
 4.12097519e+00 -1.15005136e+01  2.66056773e-01 
 4.16869383e+00 -1.15005432e+01  2.66055867e-01 
 4.21696503e+00 -1.15005734e+01  2.66054941e-01 
 4.26579519e+00 -1.15006044e+01  2.66053993e-01 
 4.31519077e+00 -1.15006360e+01  2.66053023e-01 
 4.36515832e+00 -1.15006684e+01  2.66052031e-01 
 4.41570447e+00 -1.15007016e+01  2.66051015e-01 
 4.46683592e+00 -1.15007355e+01  2.66049976e-01 
 4.51855944e+00 -1.15007702e+01  2.66048912e-01 
 4.57088190e+00 -1.15008058e+01  2.66047824e-01 
 4.62381021e+00 -1.15008421e+01  2.66046710e-01 
 4.67735141e+00 -1.15008793e+01  2.66045571e-01 
 4.73151259e+00 -1.15009174e+01  2.66044405e-01 
 4.78630092e+00 -1.15009564e+01  2.66043212e-01 
 4.84172368e+00 -1.15009962e+01  2.66041991e-01 
 4.89778819e+00 -1.15010370e+01  2.66040741e-01 
 4.95450191e+00 -1.15010788e+01  2.66039463e-01 
 5.01187234e+00 -1.15011215e+01  2.66038155e-01 
 5.06990708e+00 -1.15011652e+01  2.66036816e-01 
 5.12861384e+00 -1.15012099e+01  2.66035446e-01 
 5.18800039e+00 -1.15012557e+01  2.66034044e-01 
 5.24807460e+00 -1.15013025e+01  2.66032610e-01 
 5.30884444e+00 -1.15013504e+01  2.66031142e-01 
 5.37031796e+00 -1.15013994e+01  2.66029640e-01 
 5.43250331e+00 -1.15014496e+01  2.66028104e-01 
 5.49540874e+00 -1.15015010e+01  2.66026531e-01 
 5.55904257e+00 -1.15015535e+01  2.66024922e-01 
 5.62341325e+00 -1.15016073e+01  2.66023275e-01 
 5.68852931e+00 -1.15016623e+01  2.66021590e-01 
 5.75439937e+00 -1.15017186e+01  2.66019866e-01 
 5.82103218e+00 -1.15017762e+01  2.66018102e-01 
 5.88843655e+00 -1.15018352e+01  2.66016296e-01 
 5.95662144e+00 -1.15018955e+01  2.66014449e-01 
 6.02559586e+00 -1.15019572e+01  2.66012558e-01 
 6.09536897e+00 -1.15020204e+01  2.66010624e-01 
 6.16595002e+00 -1.15020850e+01  2.66008644e-01 
 6.23734835e+00 -1.15021511e+01  2.66006619e-01 
 6.30957344e+00 -1.15022188e+01  2.66004546e-01 
 6.38263486e+00 -1.15022881e+01  2.66002425e-01 
 6.45654229e+00 -1.15023589e+01  2.66000255e-01 
 6.53130553e+00 -1.15024314e+01  2.65998035e-01 
 6.60693448e+00 -1.15025056e+01  2.65995762e-01 
 6.68343918e+00 -1.15025816e+01  2.65993437e-01 
 6.76082975e+00 -1.15026593e+01  2.65991058e-01 
 6.83911647e+00 -1.15027388e+01  2.65988623e-01 
 6.91830971e+00 -1.15028201e+01  2.65986132e-01 
 6.99841996e+00 -1.15029034e+01  2.65983582e-01 
 7.07945784e+00 -1.15029886e+01  2.65980974e-01 
 7.16143410e+00 -1.15030757e+01  2.65978305e-01 
 7.24435960e+00 -1.15031649e+01  2.65975573e-01 
 7.32824533e+00 -1.15032562e+01  2.65972778e-01 
 7.41310241e+00 -1.15033496e+01  2.65969918e-01 
 7.49894209e+00 -1.15034452e+01  2.65966992e-01 
 7.58577575e+00 -1.15035430e+01  2.65963997e-01 
 7.67361489e+00 -1.15036430e+01  2.65960933e-01 
 7.76247117e+00 -1.15037454e+01  2.65957798e-01 
 7.85235635e+00 -1.15038502e+01  2.65954590e-01 
 7.94328235e+00 -1.15039574e+01  2.65951307e-01 
 8.03526122e+00 -1.15040671e+01  2.65947947e-01 
 8.12830516e+00 -1.15041794e+01  2.65944510e-01 
 8.22242650e+00 -1.15042943e+01  2.65940993e-01 
 8.31763771e+00 -1.15044118e+01  2.65937394e-01 
 8.41395142e+00 -1.15045321e+01  2.65933711e-01 
 8.51138038e+00 -1.15046552e+01  2.65929942e-01 
 8.60993752e+00 -1.15047812e+01  2.65926086e-01 
 8.70963590e+00 -1.15049100e+01  2.65922141e-01 
 8.81048873e+00 -1.15050419e+01  2.65918103e-01 
 8.91250938e+00 -1.15051769e+01  2.65913972e-01 
 9.01571138e+00 -1.15053149e+01  2.65909745e-01 
 9.12010839e+00 -1.15054562e+01  2.65905419e-01 
 9.22571427e+00 -1.15056008e+01  2.65900993e-01 
 9.33254301e+00 -1.15057487e+01  2.65896464e-01 
 9.44060876e+00 -1.15059001e+01  2.65891830e-01 
 9.54992586e+00 -1.15060550e+01  2.65887088e-01 
 9.66050879e+00 -1.15062135e+01  2.65882236e-01 
 9.77237221e+00 -1.15063757e+01  2.65877271e-01 
 9.88553095e+00 -1.15065417e+01  2.65872191e-01 
 1.00000000e+01 -1.15067115e+01  2.65866993e-01 
 1.01157945e+01 -1.15068853e+01  2.65861674e-01 
 1.02329299e+01 -1.15070631e+01  2.65856232e-01 
 1.03514217e+01 -1.15072451e+01  2.65850663e-01 
 1.04712855e+01 -1.15074312e+01  2.65844964e-01 
 1.05925373e+01 -1.15076217e+01  2.65839134e-01 
 1.07151931e+01 -1.15078167e+01  2.65833168e-01 
 1.08392691e+01 -1.15080161e+01  2.65827063e-01 
 1.09647820e+01 -1.15082202e+01  2.65820817e-01 
 1.10917482e+01 -1.15084291e+01  2.65814425e-01 
 1.12201845e+01 -1.15086428e+01  2.65807885e-01 
 1.13501082e+01 -1.15088615e+01  2.65801194e-01 
 1.14815362e+01 -1.15090852e+01  2.65794347e-01 
 1.16144861e+01 -1.15093142e+01  2.65787341e-01 
 1.17489755e+01 -1.15095484e+01  2.65780172e-01 
 1.18850223e+01 -1.15097881e+01  2.65772837e-01 
 1.20226443e+01 -1.15100334e+01  2.65765332e-01 
 1.21618600e+01 -1.15102844e+01  2.65757653e-01 
 1.23026877e+01 -1.15105412e+01  2.65749795e-01 
 1.24451461e+01 -1.15108040e+01  2.65741756e-01 
 1.25892541e+01 -1.15110729e+01  2.65733529e-01 
 1.27350308e+01 -1.15113480e+01  2.65725112e-01 
 1.28824955e+01 -1.15116295e+01  2.65716500e-01 
 1.30316678e+01 -1.15119176e+01  2.65707688e-01 
 1.31825674e+01 -1.15122124e+01  2.65698671e-01 
 1.33352143e+01 -1.15125139e+01  2.65689446e-01 
 1.34896288e+01 -1.15128225e+01  2.65680006e-01 
 1.36458314e+01 -1.15131383e+01  2.65670348e-01 
 1.38038426e+01 -1.15134614e+01  2.65660466e-01 
 1.39636836e+01 -1.15137920e+01  2.65650355e-01 
 1.41253754e+01 -1.15141303e+01  2.65640009e-01 
 1.42889396e+01 -1.15144764e+01  2.65629424e-01 
 1.44543977e+01 -1.15148305e+01  2.65618593e-01 
 1.46217717e+01 -1.15151929e+01  2.65607512e-01 
 1.47910839e+01 -1.15155637e+01  2.65596174e-01 
 1.49623566e+01 -1.15159431e+01  2.65584573e-01 
 1.51356125e+01 -1.15163313e+01  2.65572704e-01 
 1.53108746e+01 -1.15167285e+01  2.65560560e-01 
 1.54881662e+01 -1.15171349e+01  2.65548135e-01 
 1.56675107e+01 -1.15175507e+01  2.65535422e-01 
 1.58489319e+01 -1.15179762e+01  2.65522415e-01 
 1.60324539e+01 -1.15184116e+01  2.65509106e-01 
 1.62181010e+01 -1.15188570e+01  2.65495490e-01 
 1.64058977e+01 -1.15193128e+01  2.65481559e-01 
 1.65958691e+01 -1.15197791e+01  2.65467306e-01 
 1.67880402e+01 -1.15202563e+01  2.65452723e-01 
 1.69824365e+01 -1.15207445e+01  2.65437803e-01 
 1.71790839e+01 -1.15212440e+01  2.65422538e-01 
 1.73780083e+01 -1.15217551e+01  2.65406920e-01 
 1.75792361e+01 -1.15222781e+01  2.65390942e-01 
 1.77827941e+01 -1.15228132e+01  2.65374594e-01 
 1.79887092e+01 -1.15233606e+01  2.65357868e-01 
 1.81970086e+01 -1.15239207e+01  2.65340756e-01 
 1.84077200e+01 -1.15244939e+01  2.65323249e-01 
 1.86208714e+01 -1.15250802e+01  2.65305338e-01 
 1.88364909e+01 -1.15256802e+01  2.65287013e-01 
 1.90546072e+01 -1.15262940e+01  2.65268265e-01 
 1.92752491e+01 -1.15269221e+01  2.65249085e-01 
 1.94984460e+01 -1.15275647e+01  2.65229463e-01 
 1.97242274e+01 -1.15282222e+01  2.65209387e-01 
 1.99526231e+01 -1.15288948e+01  2.65188849e-01 
 2.01836636e+01 -1.15295831e+01  2.65167838e-01 
 2.04173794e+01 -1.15302872e+01  2.65146342e-01 
 2.06538016e+01 -1.15310076e+01  2.65124351e-01 
 2.08929613e+01 -1.15317447e+01  2.65101853e-01 
 2.11348904e+01 -1.15324989e+01  2.65078837e-01 
 2.13796209e+01 -1.15332704e+01  2.65055292e-01 
 2.16271852e+01 -1.15340598e+01  2.65031204e-01 
 2.18776162e+01 -1.15348674e+01  2.65006562e-01 
 2.21309471e+01 -1.15356937e+01  2.64981353e-01 
 2.23872114e+01 -1.15365391e+01  2.64955565e-01 
 2.26464431e+01 -1.15374040e+01  2.64929183e-01 
 2.29086765e+01 -1.15382888e+01  2.64902195e-01 
 2.31739465e+01 -1.15391941e+01  2.64874588e-01 
 2.34422882e+01 -1.15401203e+01  2.64846346e-01 
 2.37137371e+01 -1.15410678e+01  2.64817455e-01 
 2.39883292e+01 -1.15420372e+01  2.64787902e-01 
 2.42661010e+01 -1.15430290e+01  2.64757670e-01 
 2.45470892e+01 -1.15440436e+01  2.64726745e-01 
 2.48313311e+01 -1.15450816e+01  2.64695110e-01 
 2.51188643e+01 -1.15461436e+01  2.64662751e-01 
 2.54097271e+01 -1.15472300e+01  2.64629650e-01 
 2.57039578e+01 -1.15483414e+01  2.64595791e-01 
 2.60015956e+01 -1.15494784e+01  2.64561156e-01 
 2.63026799e+01 -1.15506416e+01  2.64525729e-01 
 2.66072506e+01 -1.15518315e+01  2.64489492e-01 
 2.69153480e+01 -1.15530489e+01  2.64452426e-01 
 2.72270131e+01 -1.15542942e+01  2.64414513e-01 
 2.75422870e+01 -1.15555682e+01  2.64375733e-01 
 2.78612117e+01 -1.15568715e+01  2.64336068e-01 
 2.81838293e+01 -1.15582047e+01  2.64295497e-01 
 2.85101827e+01 -1.15595686e+01  2.64254001e-01 
 2.88403150e+01 -1.15609637e+01  2.64211558e-01 
 2.91742701e+01 -1.15623910e+01  2.64168148e-01 
 2.95120923e+01 -1.15638509e+01  2.64123749e-01 
 2.98538262e+01 -1.15653444e+01  2.64078339e-01 
 3.01995172e+01 -1.15668721e+01  2.64031896e-01 
 3.05492111e+01 -1.15684349e+01  2.63984396e-01 
 3.09029543e+01 -1.15700334e+01  2.63935816e-01 
 3.12607937e+01 -1.15716686e+01  2.63886132e-01 
 3.16227766e+01 -1.15733413e+01  2.63835321e-01 
 3.19889511e+01 -1.15750522e+01  2.63783356e-01 
 3.23593657e+01 -1.15768023e+01  2.63730212e-01 
 3.27340695e+01 -1.15785925e+01  2.63675864e-01 
 3.31131121e+01 -1.15804235e+01  2.63620284e-01 
 3.34965439e+01 -1.15822964e+01  2.63563447e-01 
 3.38844156e+01 -1.15842121e+01  2.63505323e-01 
 3.42767787e+01 -1.15861716e+01  2.63445886e-01 
 3.46736850e+01 -1.15881758e+01  2.63385105e-01 
 3.50751874e+01 -1.15902257e+01  2.63322953e-01 
 3.54813389e+01 -1.15923223e+01  2.63259398e-01 
 3.58921935e+01 -1.15944668e+01  2.63194411e-01 
 3.63078055e+01 -1.15966601e+01  2.63127959e-01 
 3.67282300e+01 -1.15989033e+01  2.63060012e-01 
 3.71535229e+01 -1.16011976e+01  2.62990537e-01 
 3.75837404e+01 -1.16035441e+01  2.62919500e-01 
 3.80189396e+01 -1.16059439e+01  2.62846868e-01 
 3.84591782e+01 -1.16083982e+01  2.62772607e-01 
 3.89045145e+01 -1.16109083e+01  2.62696681e-01 
 3.93550075e+01 -1.16134753e+01  2.62619055e-01 
 3.98107171e+01 -1.16161006e+01  2.62539692e-01 
 4.02717034e+01 -1.16187854e+01  2.62458554e-01 
 4.07380278e+01 -1.16215309e+01  2.62375605e-01 
 4.12097519e+01 -1.16243387e+01  2.62290805e-01 
 4.16869383e+01 -1.16272100e+01  2.62204115e-01 
 4.21696503e+01 -1.16301461e+01  2.62115494e-01 
 4.26579519e+01 -1.16331486e+01  2.62024902e-01 
 4.31519077e+01 -1.16362189e+01  2.61932298e-01 
 4.36515832e+01 -1.16393585e+01  2.61837638e-01 
 4.41570447e+01 -1.16425689e+01  2.61740879e-01 
 4.46683592e+01 -1.16458516e+01  2.61641977e-01 
 4.51855944e+01 -1.16492081e+01  2.61540888e-01 
 4.57088190e+01 -1.16526402e+01  2.61437565e-01 
 4.62381021e+01 -1.16561494e+01  2.61331963e-01 
 4.67735141e+01 -1.16597374e+01  2.61224033e-01 
 4.73151259e+01 -1.16634059e+01  2.61113727e-01 
 4.78630092e+01 -1.16671567e+01  2.61000997e-01 
 4.84172368e+01 -1.16709914e+01  2.60885792e-01 
 4.89778819e+01 -1.16749120e+01  2.60768061e-01 
 4.95450191e+01 -1.16789203e+01  2.60647753e-01 
 5.01187234e+01 -1.16830181e+01  2.60524815e-01 
 5.06990708e+01 -1.16872073e+01  2.60399194e-01 
 5.12861384e+01 -1.16914899e+01  2.60270834e-01 
 5.18800039e+01 -1.16958679e+01  2.60139681e-01 
 5.24807460e+01 -1.17003433e+01  2.60005678e-01 
 5.30884444e+01 -1.17049182e+01  2.59868768e-01 
 5.37031796e+01 -1.17095947e+01  2.59728893e-01 
 5.43250331e+01 -1.17143749e+01  2.59585994e-01 
 5.49540874e+01 -1.17192610e+01  2.59440009e-01 
 5.55904257e+01 -1.17242552e+01  2.59290880e-01 
 5.62341325e+01 -1.17293598e+01  2.59138542e-01 
 5.68852931e+01 -1.17345770e+01  2.58982935e-01 
 5.75439937e+01 -1.17399094e+01  2.58823992e-01 
 5.82103218e+01 -1.17453591e+01  2.58661650e-01 
 5.88843655e+01 -1.17509287e+01  2.58495843e-01 
 5.95662144e+01 -1.17566207e+01  2.58326503e-01 
 6.02559586e+01 -1.17624375e+01  2.58153563e-01 
 6.09536897e+01 -1.17683818e+01  2.57976954e-01 
 6.16595002e+01 -1.17744561e+01  2.57796607e-01 
 6.23734835e+01 -1.17806631e+01  2.57612449e-01 
 6.30957344e+01 -1.17870055e+01  2.57424411e-01 
 6.38263486e+01 -1.17934860e+01  2.57232418e-01 
 6.45654229e+01 -1.18001075e+01  2.57036397e-01 
 6.53130553e+01 -1.18068728e+01  2.56836274e-01 
 6.60693448e+01 -1.18137847e+01  2.56631973e-01 
 6.68343918e+01 -1.18208463e+01  2.56423418e-01 
 6.76082975e+01 -1.18280605e+01  2.56210530e-01 
 6.83911647e+01 -1.18354303e+01  2.55993232e-01 
 6.91830971e+01 -1.18429589e+01  2.55771444e-01 
 6.99841996e+01 -1.18506493e+01  2.55545086e-01 
 7.07945784e+01 -1.18585048e+01  2.55314077e-01 
 7.16143410e+01 -1.18665286e+01  2.55078334e-01 
 7.24435960e+01 -1.18747239e+01  2.54837776e-01 
 7.32824533e+01 -1.18830941e+01  2.54592318e-01 
 7.41310241e+01 -1.18916426e+01  2.54341876e-01 
 7.49894209e+01 -1.19003728e+01  2.54086364e-01 
 7.58577575e+01 -1.19092883e+01  2.53825697e-01 
 7.67361489e+01 -1.19183924e+01  2.53559787e-01 
 7.76247117e+01 -1.19276889e+01  2.53288547e-01 
 7.85235635e+01 -1.19371814e+01  2.53011889e-01 
 7.94328235e+01 -1.19468735e+01  2.52729724e-01 
 8.03526122e+01 -1.19567691e+01  2.52441962e-01 
 8.12830516e+01 -1.19668718e+01  2.52148513e-01 
 8.22242650e+01 -1.19771855e+01  2.51849286e-01 
 8.31763771e+01 -1.19877142e+01  2.51544190e-01 
 8.41395142e+01 -1.19984617e+01  2.51233133e-01 
 8.51138038e+01 -1.20094321e+01  2.50916023e-01 
 8.60993752e+01 -1.20206293e+01  2.50592768e-01 
 8.70963590e+01 -1.20320576e+01  2.50263273e-01 
 8.81048873e+01 -1.20437210e+01  2.49927446e-01 
 8.91250938e+01 -1.20556236e+01  2.49585194e-01 
 9.01571138e+01 -1.20677698e+01  2.49236422e-01 
 9.12010839e+01 -1.20801639e+01  2.48881036e-01 
 9.22571427e+01 -1.20928101e+01  2.48518942e-01 
 9.33254301e+01 -1.21057128e+01  2.48150047e-01 
 9.44060876e+01 -1.21188764e+01  2.47774255e-01 
 9.54992586e+01 -1.21323055e+01  2.47391473e-01 
 9.66050879e+01 -1.21460044e+01  2.47001607e-01 
 9.77237221e+01 -1.21599778e+01  2.46604563e-01 
 9.88553095e+01 -1.21742303e+01  2.46200247e-01 
 1.00000000e+02 -1.21887665e+01  2.45788567e-01 
 1.01157945e+02 -1.22035909e+01  2.45369430e-01 
 1.02329299e+02 -1.22187085e+01  2.44942743e-01 
 1.03514217e+02 -1.22341238e+01  2.44508415e-01 
 1.04712855e+02 -1.22498417e+01  2.44066355e-01 
 1.05925373e+02 -1.22658670e+01  2.43616473e-01 
 1.07151931e+02 -1.22822045e+01  2.43158679e-01 
 1.08392691e+02 -1.22988591e+01  2.42692885e-01 
 1.09647820e+02 -1.23158358e+01  2.42219003e-01 
 1.10917482e+02 -1.23331393e+01  2.41736948e-01 
 1.12201845e+02 -1.23507748e+01  2.41246633e-01 
 1.13501082e+02 -1.23687471e+01  2.40747976e-01 
 1.14815362e+02 -1.23870613e+01  2.40240893e-01 
 1.16144861e+02 -1.24057225e+01  2.39725303e-01 
 1.17489755e+02 -1.24247355e+01  2.39201128e-01 
 1.18850223e+02 -1.24441056e+01  2.38668289e-01 
 1.20226443e+02 -1.24638377e+01  2.38126712e-01 
 1.21618600e+02 -1.24839370e+01  2.37576320e-01 
 1.23026877e+02 -1.25044085e+01  2.37017044e-01 
 1.24451461e+02 -1.25252573e+01  2.36448812e-01 
 1.25892541e+02 -1.25464885e+01  2.35871558e-01 
 1.27350308e+02 -1.25681072e+01  2.35285216e-01 
 1.28824955e+02 -1.25901185e+01  2.34689723e-01 
 1.30316678e+02 -1.26125276e+01  2.34085020e-01 
 1.31825674e+02 -1.26353393e+01  2.33471048e-01 
 1.33352143e+02 -1.26585590e+01  2.32847753e-01 
 1.34896288e+02 -1.26821915e+01  2.32215084e-01 
 1.36458314e+02 -1.27062419e+01  2.31572991e-01 
 1.38038426e+02 -1.27307153e+01  2.30921428e-01 
 1.39636836e+02 -1.27556166e+01  2.30260354e-01 
 1.41253754e+02 -1.27809509e+01  2.29589729e-01 
 1.42889396e+02 -1.28067230e+01  2.28909518e-01 
 1.44543977e+02 -1.28329379e+01  2.28219688e-01 
 1.46217717e+02 -1.28596003e+01  2.27520212e-01 
 1.47910839e+02 -1.28867153e+01  2.26811064e-01 
 1.49623566e+02 -1.29142874e+01  2.26092225e-01 
 1.51356125e+02 -1.29423216e+01  2.25363677e-01 
 1.53108746e+02 -1.29708224e+01  2.24625408e-01 
 1.54881662e+02 -1.29997945e+01  2.23877410e-01 
 1.56675107e+02 -1.30292425e+01  2.23119678e-01 
 1.58489319e+02 -1.30591709e+01  2.22352212e-01 
 1.60324539e+02 -1.30895841e+01  2.21575018e-01 
 1.62181010e+02 -1.31204866e+01  2.20788104e-01 
 1.64058977e+02 -1.31518826e+01  2.19991485e-01 
 1.65958691e+02 -1.31837764e+01  2.19185178e-01 
 1.67880402e+02 -1.32161721e+01  2.18369207e-01 
 1.69824365e+02 -1.32490738e+01  2.17543600e-01 
 1.71790839e+02 -1.32824854e+01  2.16708391e-01 
 1.73780083e+02 -1.33164110e+01  2.15863617e-01 
 1.75792361e+02 -1.33508543e+01  2.15009320e-01 
 1.77827941e+02 -1.33858190e+01  2.14145549e-01 
 1.79887092e+02 -1.34213086e+01  2.13272356e-01 
 1.81970086e+02 -1.34573269e+01  2.12389801e-01 
 1.84077200e+02 -1.34938770e+01  2.11497945e-01 
 1.86208714e+02 -1.35309623e+01  2.10596857e-01 
 1.88364909e+02 -1.35685860e+01  2.09686611e-01 
 1.90546072e+02 -1.36067511e+01  2.08767285e-01 
 1.92752491e+02 -1.36454606e+01  2.07838964e-01 
 1.94984460e+02 -1.36847174e+01  2.06901735e-01 
 1.97242274e+02 -1.37245240e+01  2.05955693e-01 
 1.99526231e+02 -1.37648831e+01  2.05000937e-01 
 2.01836636e+02 -1.38057971e+01  2.04037572e-01 
 2.04173794e+02 -1.38472683e+01  2.03065706e-01 
 2.06538016e+02 -1.38892989e+01  2.02085455e-01 
 2.08929613e+02 -1.39318909e+01  2.01096937e-01 
 2.11348904e+02 -1.39750462e+01  2.00100277e-01 
 2.13796209e+02 -1.40187666e+01  1.99095603e-01 
 2.16271852e+02 -1.40630537e+01  1.98083051e-01 
 2.18776162e+02 -1.41079089e+01  1.97062757e-01 
 2.21309471e+02 -1.41533336e+01  1.96034866e-01 
 2.23872114e+02 -1.41993290e+01  1.94999525e-01 
 2.26464431e+02 -1.42458960e+01  1.93956885e-01 
 2.29086765e+02 -1.42930355e+01  1.92907105e-01 
 2.31739465e+02 -1.43407484e+01  1.91850343e-01 
 2.34422882e+02 -1.43890351e+01  1.90786766e-01 
 2.37137371e+02 -1.44378961e+01  1.89716541e-01 
 2.39883292e+02 -1.44873316e+01  1.88639841e-01 
 2.42661010e+02 -1.45373417e+01  1.87556842e-01 
 2.45470892e+02 -1.45879265e+01  1.86467725e-01 
 2.48313311e+02 -1.46390858e+01  1.85372672e-01 
 2.51188643e+02 -1.46908191e+01  1.84271871e-01 
 2.54097271e+02 -1.47431260e+01  1.83165510e-01 
 2.57039578e+02 -1.47960059e+01  1.82053782e-01 
 2.60015956e+02 -1.48494579e+01  1.80936883e-01 
 2.63026799e+02 -1.49034811e+01  1.79815011e-01 
 2.66072506e+02 -1.49580745e+01  1.78688366e-01 
 2.69153480e+02 -1.50132367e+01  1.77557150e-01 
 2.72270131e+02 -1.50689663e+01  1.76421570e-01 
 2.75422870e+02 -1.51252619e+01  1.75281833e-01 
 2.78612117e+02 -1.51821217e+01  1.74138146e-01 
 2.81838293e+02 -1.52395439e+01  1.72990719e-01 
 2.85101827e+02 -1.52975266e+01  1.71839766e-01 
 2.88403150e+02 -1.53560676e+01  1.70685497e-01 
 2.91742701e+02 -1.54151647e+01  1.69528128e-01 
 2.95120923e+02 -1.54748154e+01  1.68367874e-01 
 2.98538262e+02 -1.55350175e+01  1.67204949e-01 
 3.01995172e+02 -1.55957680e+01  1.66039570e-01 
 3.05492111e+02 -1.56570644e+01  1.64871953e-01 
 3.09029543e+02 -1.57189036e+01  1.63702314e-01 
 3.12607937e+02 -1.57812828e+01  1.62530871e-01 
 3.16227766e+02 -1.58441987e+01  1.61357838e-01 
 3.19889511e+02 -1.59076481e+01  1.60183432e-01 
 3.23593657e+02 -1.59716276e+01  1.59007869e-01 
 3.27340695e+02 -1.60361339e+01  1.57831363e-01 
 3.31131121e+02 -1.61011632e+01  1.56654127e-01 
 3.34965439e+02 -1.61667120e+01  1.55476373e-01 
 3.38844156e+02 -1.62327763e+01  1.54298315e-01 
 3.42767787e+02 -1.62993525e+01  1.53120160e-01 
 3.46736850e+02 -1.63664364e+01  1.51942119e-01 
 3.50751874e+02 -1.64340241e+01  1.50764397e-01 
 3.54813389e+02 -1.65021113e+01  1.49587200e-01 
 3.58921935e+02 -1.65706940e+01  1.48410730e-01 
 3.63078055e+02 -1.66397676e+01  1.47235190e-01 
 3.67282300e+02 -1.67093279e+01  1.46060776e-01 
 3.71535229e+02 -1.67793704e+01  1.44887686e-01 
 3.75837404e+02 -1.68498907e+01  1.43716114e-01 
 3.80189396e+02 -1.69208839e+01  1.42546252e-01 
 3.84591782e+02 -1.69923457e+01  1.41378287e-01 
 3.89045145e+02 -1.70642711e+01  1.40212406e-01 
 3.93550075e+02 -1.71366556e+01  1.39048793e-01 
 3.98107171e+02 -1.72094942e+01  1.37887625e-01 
 4.02717034e+02 -1.72827820e+01  1.36729082e-01 
 4.07380278e+02 -1.73565143e+01  1.35573337e-01 
 4.12097519e+02 -1.74306860e+01  1.34420560e-01 
 4.16869383e+02 -1.75052921e+01  1.33270920e-01 
 4.21696503e+02 -1.75803277e+01  1.32124579e-01 
 4.26579519e+02 -1.76557877e+01  1.30981698e-01 
 4.31519077e+02 -1.77316670e+01  1.29842435e-01 
 4.36515832e+02 -1.78079605e+01  1.28706944e-01 
 4.41570447e+02 -1.78846630e+01  1.27575373e-01 
 4.46683592e+02 -1.79617696e+01  1.26447871e-01 
 4.51855944e+02 -1.80392749e+01  1.25324579e-01 
 4.57088190e+02 -1.81171739e+01  1.24205636e-01 
 4.62381021e+02 -1.81954614e+01  1.23091179e-01 
 4.67735141e+02 -1.82741321e+01  1.21981339e-01 
 4.73151259e+02 -1.83531809e+01  1.20876243e-01 
 4.78630092e+02 -1.84326027e+01  1.19776017e-01 
 4.84172368e+02 -1.85123921e+01  1.18680781e-01 
 4.89778819e+02 -1.85925441e+01  1.17590651e-01 
 4.95450191e+02 -1.86730535e+01  1.16505740e-01 
 5.01187234e+02 -1.87539151e+01  1.15426159e-01 
 5.06990708e+02 -1.88351238e+01  1.14352012e-01 
 5.12861384e+02 -1.89166744e+01  1.13283401e-01 
 5.18800039e+02 -1.89985618e+01  1.12220425e-01 
 5.24807460e+02 -1.90807809e+01  1.11163178e-01 
 5.30884444e+02 -1.91633266e+01  1.10111751e-01 
 5.37031796e+02 -1.92461938e+01  1.09066232e-01 
 5.43250331e+02 -1.93293776e+01  1.08026703e-01 
 5.49540874e+02 -1.94128729e+01  1.06993244e-01 
 5.55904257e+02 -1.94966746e+01  1.05965934e-01 
 5.62341325e+02 -1.95807779e+01  1.04944843e-01 
 5.68852931e+02 -1.96651779e+01  1.03930043e-01 
 5.75439937e+02 -1.97498695e+01  1.02921599e-01 
 5.82103218e+02 -1.98348480e+01  1.01919574e-01 
 5.88843655e+02 -1.99201085e+01  1.00924028e-01 
 5.95662144e+02 -2.00056463e+01  9.99350160e-02 
 6.02559586e+02 -2.00914565e+01  9.89525924e-02 
 6.09536897e+02 -2.01775344e+01  9.79768061e-02 
 6.16595002e+02 -2.02638754e+01  9.70077045e-02 
 6.23734835e+02 -2.03504749e+01  9.60453306e-02 
 6.30957344e+02 -2.04373281e+01  9.50897256e-02 
 6.38263486e+02 -2.05244306e+01  9.41409269e-02 
 6.45654229e+02 -2.06117778e+01  9.31989691e-02 
 6.53130553e+02 -2.06993653e+01  9.22638846e-02 
 6.60693448e+02 -2.07871886e+01  9.13357022e-02 
 6.68343918e+02 -2.08752432e+01  9.04144485e-02 
 6.76082975e+02 -2.09635250e+01  8.95001472e-02 
 6.83911647e+02 -2.10520296e+01  8.85928192e-02 
 6.91830971e+02 -2.11407526e+01  8.76924836e-02 
 6.99841996e+02 -2.12296899e+01  8.67991563e-02 
 7.07945784e+02 -2.13188374e+01  8.59128509e-02 
 7.16143410e+02 -2.14081909e+01  8.50335788e-02 
 7.24435960e+02 -2.14977462e+01  8.41613492e-02 
 7.32824533e+02 -2.15874995e+01  8.32961685e-02 
 7.41310241e+02 -2.16774467e+01  8.24380414e-02 
 7.49894209e+02 -2.17675839e+01  8.15869704e-02 
 7.58577575e+02 -2.18579071e+01  8.07429560e-02 
 7.67361489e+02 -2.19484126e+01  7.99059963e-02 
 7.76247117e+02 -2.20390965e+01  7.90760878e-02 
 7.85235635e+02 -2.21299551e+01  7.82532253e-02 
 7.94328235e+02 -2.22209846e+01  7.74374010e-02 
 8.03526122e+02 -2.23121815e+01  7.66286062e-02 
 8.12830516e+02 -2.24035420e+01  7.58268299e-02 
 8.22242650e+02 -2.24950627e+01  7.50320595e-02 
 8.31763771e+02 -2.25867399e+01  7.42442808e-02 
 8.41395142e+02 -2.26785702e+01  7.34634785e-02 
 8.51138038e+02 -2.27705502e+01  7.26896352e-02 
 8.60993752e+02 -2.28626765e+01  7.19227322e-02 
 8.70963590e+02 -2.29549456e+01  7.11627495e-02 
 8.81048873e+02 -2.30473544e+01  7.04096657e-02 
 8.91250938e+02 -2.31398994e+01  6.96634583e-02 
 9.01571138e+02 -2.32325776e+01  6.89241028e-02 
 9.12010839e+02 -2.33253856e+01  6.81915744e-02 
 9.22571427e+02 -2.34183205e+01  6.74658469e-02 
 9.33254301e+02 -2.35113790e+01  6.67468924e-02 
 9.44060876e+02 -2.36045581e+01  6.60346829e-02 
 9.54992586e+02 -2.36978547e+01  6.53291884e-02 
 9.66050879e+02 -2.37912660e+01  6.46303788e-02 
 9.77237221e+02 -2.38847888e+01  6.39382224e-02 
 9.88553095e+02 -2.39784204e+01  6.32526869e-02 
 1.00000000e+03 -2.40721579e+01  6.25737392e-02 
 1.01157945e+03 -2.41659983e+01  6.19013451e-02 
 1.02329299e+03 -2.42599389e+01  6.12354699e-02 
 1.03514217e+03 -2.43539769e+01  6.05760783e-02 
 1.04712855e+03 -2.44481097e+01  5.99231337e-02 
 1.05925373e+03 -2.45423344e+01  5.92765995e-02 
 1.07151931e+03 -2.46366484e+01  5.86364380e-02 
 1.08392691e+03 -2.47310491e+01  5.80026112e-02 
 1.09647820e+03 -2.48255338e+01  5.73750805e-02 
 1.10917482e+03 -2.49201001e+01  5.67538066e-02 
 1.12201845e+03 -2.50147453e+01  5.61387497e-02 
 1.13501082e+03 -2.51094669e+01  5.55298699e-02 
 1.14815362e+03 -2.52042624e+01  5.49271266e-02 
 1.16144861e+03 -2.52991294e+01  5.43304785e-02 
 1.17489755e+03 -2.53940654e+01  5.37398847e-02 
 1.18850223e+03 -2.54890680e+01  5.31553029e-02 
 1.20226443e+03 -2.55841349e+01  5.25766917e-02 
 1.21618600e+03 -2.56792636e+01  5.20040083e-02 
 1.23026877e+03 -2.57744519e+01  5.14372103e-02 
 1.24451461e+03 -2.58696973e+01  5.08762549e-02 
 1.25892541e+03 -2.59649977e+01  5.03210988e-02 
 1.27350308e+03 -2.60603507e+01  4.97716990e-02 
 1.28824955e+03 -2.61557541e+01  4.92280117e-02 
 1.30316678e+03 -2.62512056e+01  4.86899936e-02 
 1.31825674e+03 -2.63467031e+01  4.81576009e-02 
 1.33352143e+03 -2.64422444e+01  4.76307896e-02 
 1.34896288e+03 -2.65378272e+01  4.71095159e-02 
 1.36458314e+03 -2.66334494e+01  4.65937356e-02 
 1.38038426e+03 -2.67291088e+01  4.60834048e-02 
 1.39636836e+03 -2.68248034e+01  4.55784793e-02 
 1.41253754e+03 -2.69205310e+01  4.50789148e-02 
 1.42889396e+03 -2.70162894e+01  4.45846672e-02 
 1.44543977e+03 -2.71120767e+01  4.40956924e-02 
 1.46217717e+03 -2.72078907e+01  4.36119461e-02 
 1.47910839e+03 -2.73037293e+01  4.31333844e-02 
 1.49623566e+03 -2.73995905e+01  4.26599631e-02 
 1.51356125e+03 -2.74954722e+01  4.21916383e-02 
 1.53108746e+03 -2.75913724e+01  4.17283659e-02 
 1.54881662e+03 -2.76872891e+01  4.12701022e-02 
 1.56675107e+03 -2.77832202e+01  4.08168034e-02 
 1.58489319e+03 -2.78791637e+01  4.03684259e-02 
 1.60324539e+03 -2.79751176e+01  3.99249262e-02 
 1.62181010e+03 -2.80710798e+01  3.94862610e-02 
 1.64058977e+03 -2.81670483e+01  3.90523869e-02 
 1.65958691e+03 -2.82630212e+01  3.86232610e-02 
 1.67880402e+03 -2.83589965e+01  3.81988402e-02 
 1.69824365e+03 -2.84549720e+01  3.77790819e-02 
 1.71790839e+03 -2.85509459e+01  3.73639434e-02 
 1.73780083e+03 -2.86469161e+01  3.69533824e-02 
 1.75792361e+03 -2.87428805e+01  3.65473568e-02 
 1.77827941e+03 -2.88388373e+01  3.61458245e-02 
 1.79887092e+03 -2.89347843e+01  3.57487436e-02 
 1.81970086e+03 -2.90307196e+01  3.53560727e-02 
 1.84077200e+03 -2.91266412e+01  3.49677704e-02 
 1.86208714e+03 -2.92225469e+01  3.45837956e-02 
 1.88364909e+03 -2.93184348e+01  3.42041073e-02 
 1.90546072e+03 -2.94143028e+01  3.38286650e-02 
 1.92752491e+03 -2.95101489e+01  3.34574281e-02 
 1.94984460e+03 -2.96059711e+01  3.30903566e-02 
 1.97242274e+03 -2.97017671e+01  3.27274105e-02 
 1.99526231e+03 -2.97975351e+01  3.23685501e-02 
 2.01836636e+03 -2.98932728e+01  3.20137361e-02 
 2.04173794e+03 -2.99889782e+01  3.16629291e-02 
 2.06538016e+03 -3.00846492e+01  3.13160907e-02 
 2.08929613e+03 -3.01802836e+01  3.09731817e-02 
 2.11348904e+03 -3.02758793e+01  3.06341642e-02 
 2.13796209e+03 -3.03714341e+01  3.02990000e-02 
 2.16271852e+03 -3.04669459e+01  2.99676512e-02 
 2.18776162e+03 -3.05624125e+01  2.96400804e-02 
 2.21309471e+03 -3.06578316e+01  2.93162503e-02 
 2.23872114e+03 -3.07532010e+01  2.89961240e-02 
 2.26464431e+03 -3.08485186e+01  2.86796648e-02 
 2.29086765e+03 -3.09437819e+01  2.83668364e-02 
 2.31739465e+03 -3.10389888e+01  2.80576026e-02 
 2.34422882e+03 -3.11341369e+01  2.77519276e-02 
 2.37137371e+03 -3.12292239e+01  2.74497760e-02 
 2.39883292e+03 -3.13242474e+01  2.71511124e-02 
 2.42661010e+03 -3.14192051e+01  2.68559020e-02 
 2.45470892e+03 -3.15140946e+01  2.65641101e-02 
 2.48313311e+03 -3.16089133e+01  2.62757024e-02 
 2.51188643e+03 -3.17036590e+01  2.59906447e-02 
 2.54097271e+03 -3.17983290e+01  2.57089033e-02 
 2.57039578e+03 -3.18929209e+01  2.54304448e-02 
 2.60015956e+03 -3.19874321e+01  2.51552359e-02 
 2.63026799e+03 -3.20818601e+01  2.48832438e-02 
 2.66072506e+03 -3.21762023e+01  2.46144359e-02 
 2.69153480e+03 -3.22704560e+01  2.43487797e-02 
 2.72270131e+03 -3.23646186e+01  2.40862435e-02 
 2.75422870e+03 -3.24586873e+01  2.38267953e-02 
 2.78612117e+03 -3.25526596e+01  2.35704037e-02 
 2.81838293e+03 -3.26465325e+01  2.33170378e-02 
 2.85101827e+03 -3.27403033e+01  2.30666663e-02 
 2.88403150e+03 -3.28339692e+01  2.28192590e-02 
 2.91742701e+03 -3.29275274e+01  2.25747855e-02 
 2.95120923e+03 -3.30209748e+01  2.23332157e-02 
 2.98538262e+03 -3.31143086e+01  2.20945199e-02 
 3.01995172e+03 -3.32075258e+01  2.18586688e-02 
 3.05492111e+03 -3.33006234e+01  2.16256331e-02 
 3.09029543e+03 -3.33935983e+01  2.13953839e-02 
 3.12607937e+03 -3.34864475e+01  2.11678927e-02 
 3.16227766e+03 -3.35791678e+01  2.09431311e-02 
 3.19889511e+03 -3.36717559e+01  2.07210712e-02 
 3.23593657e+03 -3.37642089e+01  2.05016850e-02 
 3.27340695e+03 -3.38565232e+01  2.02849451e-02 
 3.31131121e+03 -3.39486958e+01  2.00708244e-02 
 3.34965439e+03 -3.40407231e+01  1.98592958e-02 
 3.38844156e+03 -3.41326019e+01  1.96503326e-02 
 3.42767787e+03 -3.42243287e+01  1.94439083e-02 
 3.46736850e+03 -3.43159001e+01  1.92399969e-02 
 3.50751874e+03 -3.44073124e+01  1.90385723e-02 
 3.54813389e+03 -3.44985623e+01  1.88396090e-02 
 3.58921935e+03 -3.45896460e+01  1.86430815e-02 
 3.63078055e+03 -3.46805600e+01  1.84489648e-02 
 3.67282300e+03 -3.47713004e+01  1.82572339e-02 
 3.71535229e+03 -3.48618637e+01  1.80678642e-02 
 3.75837404e+03 -3.49522459e+01  1.78808313e-02 
 3.80189396e+03 -3.50424433e+01  1.76961111e-02 
 3.84591782e+03 -3.51324520e+01  1.75136796e-02 
 3.89045145e+03 -3.52222680e+01  1.73335134e-02 
 3.93550075e+03 -3.53118874e+01  1.71555888e-02 
 3.98107171e+03 -3.54013062e+01  1.69798828e-02 
 4.02717034e+03 -3.54905204e+01  1.68063724e-02 
 4.07380278e+03 -3.55795257e+01  1.66350349e-02 
 4.12097519e+03 -3.56683180e+01  1.64658478e-02 
 4.16869383e+03 -3.57568933e+01  1.62987890e-02 
 4.21696503e+03 -3.58452471e+01  1.61338363e-02 
 4.26579519e+03 -3.59333752e+01  1.59709679e-02 
 4.31519077e+03 -3.60212734e+01  1.58101624e-02 
 4.36515832e+03 -3.61089371e+01  1.56513983e-02 
 4.41570447e+03 -3.61963620e+01  1.54946545e-02 
 4.46683592e+03 -3.62835437e+01  1.53399102e-02 
 4.51855944e+03 -3.63704775e+01  1.51871444e-02 
 4.57088190e+03 -3.64571590e+01  1.50363369e-02 
 4.62381021e+03 -3.65435836e+01  1.48874672e-02 
 4.67735141e+03 -3.66297466e+01  1.47405154e-02 
 4.73151259e+03 -3.67156434e+01  1.45954615e-02 
 4.78630092e+03 -3.68012692e+01  1.44522857e-02 
 4.84172368e+03 -3.68866194e+01  1.43109687e-02 
 4.89778819e+03 -3.69716890e+01  1.41714911e-02 
 4.95450191e+03 -3.70564734e+01  1.40338338e-02 
 5.01187234e+03 -3.71409676e+01  1.38979780e-02 
 5.06990708e+03 -3.72251668e+01  1.37639048e-02 
 5.12861384e+03 -3.73090660e+01  1.36315958e-02 
 5.18800039e+03 -3.73926603e+01  1.35010326e-02 
 5.24807460e+03 -3.74759447e+01  1.33721969e-02 
 5.30884444e+03 -3.75589142e+01  1.32450709e-02 
 5.37031796e+03 -3.76415638e+01  1.31196367e-02 
 5.43250331e+03 -3.77238885e+01  1.29958765e-02 
 5.49540874e+03 -3.78058830e+01  1.28737731e-02 
 5.55904257e+03 -3.78875424e+01  1.27533089e-02 
 5.62341325e+03 -3.79688615e+01  1.26344669e-02 
 5.68852931e+03 -3.80498353e+01  1.25172301e-02 
 5.75439937e+03 -3.81304584e+01  1.24015817e-02 
 5.82103218e+03 -3.82107259e+01  1.22875050e-02 
 5.88843655e+03 -3.82906324e+01  1.21749834e-02 
 5.95662144e+03 -3.83701729e+01  1.20640007e-02 
 6.02559586e+03 -3.84493421e+01  1.19545406e-02 
 6.09536897e+03 -3.85281350e+01  1.18465871e-02 
 6.16595002e+03 -3.86065462e+01  1.17401242e-02 
 6.23734835e+03 -3.86845706e+01  1.16351362e-02 
 6.30957344e+03 -3.87622030e+01  1.15316075e-02 
 6.38263486e+03 -3.88394383e+01  1.14295225e-02 
 6.45654229e+03 -3.89162712e+01  1.13288660e-02 
 6.53130553e+03 -3.89926967e+01  1.12296227e-02 
 6.60693448e+03 -3.90687097e+01  1.11317774e-02 
 6.68343918e+03 -3.91443050e+01  1.10353154e-02 
 6.76082975e+03 -3.92194775e+01  1.09402217e-02 
 6.83911647e+03 -3.92942223e+01  1.08464817e-02 
 6.91830971e+03 -3.93685341e+01  1.07540808e-02 
 6.99841996e+03 -3.94424082e+01  1.06630045e-02 
 7.07945784e+03 -3.95158394e+01  1.05732386e-02 
 7.16143410e+03 -3.95888229e+01  1.04847687e-02 
 7.24435960e+03 -3.96613538e+01  1.03975809e-02 
 7.32824533e+03 -3.97334273e+01  1.03116612e-02 
 7.41310241e+03 -3.98050386e+01  1.02269957e-02 
 7.49894209e+03 -3.98761829e+01  1.01435706e-02 
 7.58577575e+03 -3.99468557e+01  1.00613723e-02 
 7.67361489e+03 -4.00170522e+01  9.98038721e-03 
 7.76247117e+03 -4.00867680e+01  9.90060200e-03 
 7.85235635e+03 -4.01559985e+01  9.82200328e-03 
 7.94328235e+03 -4.02247394e+01  9.74457785e-03 
 8.03526122e+03 -4.02929863e+01  9.66831262e-03 
 8.12830516e+03 -4.03607350e+01  9.59319451e-03 
 8.22242650e+03 -4.04279813e+01  9.51921063e-03 
 8.31763771e+03 -4.04947210e+01  9.44634815e-03 
 8.41395142e+03 -4.05609503e+01  9.37459436e-03 
 8.51138038e+03 -4.06266652e+01  9.30393656e-03 
 8.60993752e+03 -4.06918619e+01  9.23436225e-03 
 8.70963590e+03 -4.07565366e+01  9.16585896e-03 
 8.81048873e+03 -4.08206858e+01  9.09841434e-03 
 8.91250938e+03 -4.08843060e+01  9.03201609e-03 
 9.01571138e+03 -4.09473937e+01  8.96665204e-03 
 9.12010839e+03 -4.10099457e+01  8.90231008e-03 
 9.22571427e+03 -4.10719588e+01  8.83897819e-03 
 9.33254301e+03 -4.11334299e+01  8.77664449e-03 
 9.44060876e+03 -4.11943561e+01  8.71529703e-03 
 9.54992586e+03 -4.12547347e+01  8.65492410e-03 
 9.66050879e+03 -4.13145629e+01  8.59551402e-03 
 9.77237221e+03 -4.13738382e+01  8.53705519e-03 
 9.88553095e+03 -4.14325582e+01  8.47953605e-03 
 1.00000000e+04 -4.14907205e+01  8.42294520e-03 
 1.01157945e+04 -4.15483230e+01  8.36727127e-03 
 1.02329299e+04 -4.16053638e+01  8.31250294e-03 
 1.03514217e+04 -4.16618409e+01  8.25862901e-03 
 1.04712855e+04 -4.17177525e+01  8.20563837e-03 
 1.05925373e+04 -4.17730972e+01  8.15351995e-03 
 1.07151931e+04 -4.18278735e+01  8.10226278e-03 
 1.08392691e+04 -4.18820800e+01  8.05185597e-03 
 1.09647820e+04 -4.19357157e+01  8.00228867e-03 
 1.10917482e+04 -4.19887795e+01  7.95355013e-03 
 1.12201845e+04 -4.20412707e+01  7.90562968e-03 
 1.13501082e+04 -4.20931884e+01  7.85851673e-03 
 1.14815362e+04 -4.21445321e+01  7.81220076e-03 
 1.16144861e+04 -4.21953015e+01  7.76667129e-03 
 1.17489755e+04 -4.22454963e+01  7.72191797e-03 
 1.18850223e+04 -4.22951165e+01  7.67793048e-03 
 1.20226443e+04 -4.23441621e+01  7.63469860e-03 
 1.21618600e+04 -4.23926332e+01  7.59221221e-03 
 1.23026877e+04 -4.24405304e+01  7.55046120e-03 
 1.24451461e+04 -4.24878541e+01  7.50943555e-03 
 1.25892541e+04 -4.25346050e+01  7.46912538e-03 
 1.27350308e+04 -4.25807839e+01  7.42952082e-03 
 1.28824955e+04 -4.26263918e+01  7.39061209e-03 
 1.30316678e+04 -4.26714299e+01  7.35238948e-03 
 1.31825674e+04 -4.27158994e+01  7.31484338e-03 
 1.33352143e+04 -4.27598016e+01  7.27796424e-03 
 1.34896288e+04 -4.28031383e+01  7.24174259e-03 
 1.36458314e+04 -4.28459111e+01  7.20616900e-03 
 1.38038426e+04 -4.28881219e+01  7.17123421e-03 
 1.39636836e+04 -4.29297725e+01  7.13692894e-03 
 1.41253754e+04 -4.29708653e+01  7.10324401e-03 
 1.42889396e+04 -4.30114024e+01  7.07017036e-03 
 1.44543977e+04 -4.30513862e+01  7.03769899e-03 
 1.46217717e+04 -4.30908193e+01  7.00582094e-03 
 1.47910839e+04 -4.31297043e+01  6.97452736e-03 
 1.49623566e+04 -4.31680440e+01  6.94380951e-03 
 1.51356125e+04 -4.32058413e+01  6.91365864e-03 
 1.53108746e+04 -4.32430992e+01  6.88406619e-03 
 1.54881662e+04 -4.32798209e+01  6.85502358e-03 
 1.56675107e+04 -4.33160096e+01  6.82652238e-03 
 1.58489319e+04 -4.33516687e+01  6.79855422e-03 
 1.60324539e+04 -4.33868016e+01  6.77111080e-03 
 1.62181010e+04 -4.34214119e+01  6.74418388e-03 
 1.64058977e+04 -4.34555034e+01  6.71776535e-03 
 1.65958691e+04 -4.34890797e+01  6.69184719e-03 
 1.67880402e+04 -4.35221448e+01  6.66642138e-03 
 1.69824365e+04 -4.35547025e+01  6.64148008e-03 
 1.71790839e+04 -4.35867570e+01  6.61701544e-03 
 1.73780083e+04 -4.36183124e+01  6.59301979e-03 
 1.75792361e+04 -4.36493729e+01  6.56948544e-03 
 1.77827941e+04 -4.36799428e+01  6.54640489e-03 
 1.79887092e+04 -4.37100264e+01  6.52377062e-03 
 1.81970086e+04 -4.37396281e+01  6.50157527e-03 
 1.84077200e+04 -4.37687525e+01  6.47981152e-03 
 1.86208714e+04 -4.37974042e+01  6.45847216e-03 
 1.88364909e+04 -4.38255876e+01  6.43755004e-03 
 1.90546072e+04 -4.38533076e+01  6.41703813e-03 
 1.92752491e+04 -4.38805688e+01  6.39692941e-03 
 1.94984460e+04 -4.39073760e+01  6.37721705e-03 
 1.97242274e+04 -4.39337340e+01  6.35789422e-03 
 1.99526231e+04 -4.39596477e+01  6.33895419e-03 
 2.01836636e+04 -4.39851220e+01  6.32039034e-03 
 2.04173794e+04 -4.40101617e+01  6.30219611e-03 
 2.06538016e+04 -4.40347719e+01  6.28436504e-03 
 2.08929613e+04 -4.40589576e+01  6.26689072e-03 
 2.11348904e+04 -4.40827237e+01  6.24976686e-03 
 2.13796209e+04 -4.41060752e+01  6.23298727e-03 
 2.16271852e+04 -4.41290173e+01  6.21654575e-03 
 2.18776162e+04 -4.41515550e+01  6.20043629e-03 
 2.21309471e+04 -4.41736934e+01  6.18465292e-03 
 2.23872114e+04 -4.41954375e+01  6.16918972e-03 
 2.26464431e+04 -4.42167924e+01  6.15404090e-03 
 2.29086765e+04 -4.42377634e+01  6.13920071e-03 
 2.31739465e+04 -4.42583553e+01  6.12466352e-03 
 2.34422882e+04 -4.42785734e+01  6.11042378e-03 
 2.37137371e+04 -4.42984227e+01  6.09647596e-03 
 2.39883292e+04 -4.43179083e+01  6.08281469e-03 
 2.42661010e+04 -4.43370353e+01  6.06943461e-03 
 2.45470892e+04 -4.43558087e+01  6.05633050e-03 
 2.48313311e+04 -4.43742335e+01  6.04349717e-03 
 2.51188643e+04 -4.43923149e+01  6.03092954e-03 
 2.54097271e+04 -4.44100578e+01  6.01862258e-03 
 2.57039578e+04 -4.44274672e+01  6.00657136e-03 
 2.60015956e+04 -4.44445480e+01  5.99477102e-03 
 2.63026799e+04 -4.44613053e+01  5.98321676e-03 
 2.66072506e+04 -4.44777438e+01  5.97190388e-03 
 2.69153480e+04 -4.44938686e+01  5.96082773e-03 
 2.72270131e+04 -4.45096844e+01  5.94998376e-03 
 2.75422870e+04 -4.45251961e+01  5.93936747e-03 
 2.78612117e+04 -4.45404084e+01  5.92897445e-03 
 2.81838293e+04 -4.45553262e+01  5.91880034e-03 
 2.85101827e+04 -4.45699541e+01  5.90884087e-03 
 2.88403150e+04 -4.45842968e+01  5.89909185e-03 
 2.91742701e+04 -4.45983590e+01  5.88954913e-03 
 2.95120923e+04 -4.46121453e+01  5.88020865e-03 
 2.98538262e+04 -4.46256601e+01  5.87106641e-03 
 3.01995172e+04 -4.46389082e+01  5.86211849e-03 
 3.05492111e+04 -4.46518938e+01  5.85336102e-03 
 3.09029543e+04 -4.46646215e+01  5.84479020e-03 
 3.12607937e+04 -4.46770956e+01  5.83640230e-03 
 3.16227766e+04 -4.46893205e+01  5.82819367e-03 
 3.19889511e+04 -4.47013005e+01  5.82016070e-03 
 3.23593657e+04 -4.47130398e+01  5.81229984e-03 
 3.27340695e+04 -4.47245426e+01  5.80460763e-03 
 3.31131121e+04 -4.47358131e+01  5.79708065e-03 
 3.34965439e+04 -4.47468555e+01  5.78971555e-03 
 3.38844156e+04 -4.47576736e+01  5.78250903e-03 
 3.42767787e+04 -4.47682716e+01  5.77545787e-03 
 3.46736850e+04 -4.47786534e+01  5.76855889e-03 
 3.50751874e+04 -4.47888229e+01  5.76180896e-03 
 3.54813389e+04 -4.47987840e+01  5.75520504e-03 
 3.58921935e+04 -4.48085404e+01  5.74874411e-03 
 3.63078055e+04 -4.48180960e+01  5.74242324e-03 
 3.67282300e+04 -4.48274545e+01  5.73623952e-03 
 3.71535229e+04 -4.48366194e+01  5.73019012e-03 
 3.75837404e+04 -4.48455944e+01  5.72427225e-03 
 3.80189396e+04 -4.48543830e+01  5.71848318e-03 
 3.84591782e+04 -4.48629888e+01  5.71282023e-03 
 3.89045145e+04 -4.48714153e+01  5.70728076e-03 
 3.93550075e+04 -4.48796657e+01  5.70186220e-03 
 3.98107171e+04 -4.48877434e+01  5.69656202e-03 
 4.02717034e+04 -4.48956518e+01  5.69137772e-03 
 4.07380278e+04 -4.49033941e+01  5.68630689e-03 
 4.12097519e+04 -4.49109735e+01  5.68134712e-03 
 4.16869383e+04 -4.49183932e+01  5.67649608e-03 
 4.21696503e+04 -4.49256562e+01  5.67175147e-03 
 4.26579519e+04 -4.49327656e+01  5.66711104e-03 
 4.31519077e+04 -4.49397244e+01  5.66257258e-03 
 4.36515832e+04 -4.49465355e+01  5.65813394e-03 
 4.41570447e+04 -4.49532019e+01  5.65379298e-03 
 4.46683592e+04 -4.49597265e+01  5.64954764e-03 
 4.51855944e+04 -4.49661120e+01  5.64539587e-03 
 4.57088190e+04 -4.49723612e+01  5.64133568e-03 
 4.62381021e+04 -4.49784767e+01  5.63736511e-03 
 4.67735141e+04 -4.49844614e+01  5.63348224e-03 
 4.73151259e+04 -4.49903178e+01  5.62968519e-03 
 4.78630092e+04 -4.49960485e+01  5.62597212e-03 
 4.84172368e+04 -4.50016560e+01  5.62234124e-03 
 4.89778819e+04 -4.50071428e+01  5.61879077e-03 
 4.95450191e+04 -4.50125114e+01  5.61531897e-03 
 5.01187234e+04 -4.50177641e+01  5.61192416e-03 
 5.06990708e+04 -4.50229034e+01  5.60860467e-03 
 5.12861384e+04 -4.50279315e+01  5.60535888e-03 
 5.18800039e+04 -4.50328508e+01  5.60218519e-03 
 5.24807460e+04 -4.50376634e+01  5.59908203e-03 
 5.30884444e+04 -4.50423716e+01  5.59604788e-03 
 5.37031796e+04 -4.50469774e+01  5.59308125e-03 
 5.43250331e+04 -4.50514831e+01  5.59018066e-03 
 5.49540874e+04 -4.50558907e+01  5.58734469e-03 
 5.55904257e+04 -4.50602022e+01  5.58457191e-03 
 5.62341325e+04 -4.50644197e+01  5.58186097e-03 
 5.68852931e+04 -4.50685451e+01  5.57921050e-03 
 5.75439937e+04 -4.50725802e+01  5.57661919e-03 
 5.82103218e+04 -4.50765271e+01  5.57408574e-03 
 5.88843655e+04 -4.50803875e+01  5.57160890e-03 
 5.95662144e+04 -4.50841633e+01  5.56918742e-03 
 6.02559586e+04 -4.50878563e+01  5.56682010e-03 
 6.09536897e+04 -4.50914681e+01  5.56450573e-03 
 6.16595002e+04 -4.50950006e+01  5.56224317e-03 
 6.23734835e+04 -4.50984553e+01  5.56003127e-03 
 6.30957344e+04 -4.51018340e+01  5.55786893e-03 
 6.38263486e+04 -4.51051382e+01  5.55575504e-03 
 6.45654229e+04 -4.51083696e+01  5.55368856e-03 
 6.53130553e+04 -4.51115296e+01  5.55166843e-03 
 6.60693448e+04 -4.51146198e+01  5.54969363e-03 
 6.68343918e+04 -4.51176418e+01  5.54776316e-03 
 6.76082975e+04 -4.51205968e+01  5.54587605e-03 
 6.83911647e+04 -4.51234865e+01  5.54403134e-03 
 6.91830971e+04 -4.51263121e+01  5.54222810e-03 
 6.99841996e+04 -4.51290751e+01  5.54046540e-03 
 7.07945784e+04 -4.51317767e+01  5.53874235e-03 
 7.16143410e+04 -4.51344184e+01  5.53705808e-03 
 7.24435960e+04 -4.51370014e+01  5.53541172e-03 
 7.32824533e+04 -4.51395270e+01  5.53380243e-03 
 7.41310241e+04 -4.51419964e+01  5.53222941e-03 
 7.49894209e+04 -4.51444108e+01  5.53069183e-03 
 7.58577575e+04 -4.51467714e+01  5.52918892e-03 
 7.67361489e+04 -4.51490794e+01  5.52771991e-03 
 7.76247117e+04 -4.51513359e+01  5.52628405e-03 
 7.85235635e+04 -4.51535421e+01  5.52488059e-03 
 7.94328235e+04 -4.51556990e+01  5.52350882e-03 
 8.03526122e+04 -4.51578076e+01  5.52216804e-03 
 8.12830516e+04 -4.51598692e+01  5.52085755e-03 
 8.22242650e+04 -4.51618846e+01  5.51957669e-03 
 8.31763771e+04 -4.51638548e+01  5.51832479e-03 
 8.41395142e+04 -4.51657810e+01  5.51710122e-03 
 8.51138038e+04 -4.51676639e+01  5.51590533e-03 
 8.60993752e+04 -4.51695046e+01  5.51473652e-03 
 8.70963590e+04 -4.51713040e+01  5.51359418e-03 
 8.81048873e+04 -4.51730630e+01  5.51247773e-03 
 8.91250938e+04 -4.51747825e+01  5.51138658e-03 
 9.01571138e+04 -4.51764633e+01  5.51032017e-03 
 9.12010839e+04 -4.51781063e+01  5.50927795e-03 
 9.22571427e+04 -4.51797123e+01  5.50825939e-03 
 9.33254301e+04 -4.51812822e+01  5.50726395e-03 
 9.44060876e+04 -4.51828166e+01  5.50629112e-03 
 9.54992586e+04 -4.51843165e+01  5.50534039e-03 
 9.66050879e+04 -4.51857825e+01  5.50441128e-03 
 9.77237221e+04 -4.51872154e+01  5.50350330e-03 
 9.88553095e+04 -4.51886159e+01  5.50261598e-03 
 1.00000000e+05 -4.51899848e+01  5.50174886e-03 
 1.01157945e+05 -4.51913226e+01  5.50090149e-03 
 1.02329299e+05 -4.51926303e+01  5.50007343e-03 
 1.03514217e+05 -4.51939082e+01  5.49926424e-03 
 1.04712855e+05 -4.51951572e+01  5.49847352e-03 
 1.05925373e+05 -4.51963779e+01  5.49770084e-03 
 1.07151931e+05 -4.51975709e+01  5.49694580e-03 
 1.08392691e+05 -4.51987368e+01  5.49620802e-03 
 1.09647820e+05 -4.51998761e+01  5.49548710e-03 
 1.10917482e+05 -4.52009896e+01  5.49478268e-03 
 1.12201845e+05 -4.52020777e+01  5.49409438e-03 
 1.13501082e+05 -4.52031410e+01  5.49342184e-03 
 1.14815362e+05 -4.52041801e+01  5.49276472e-03 
 1.16144861e+05 -4.52051954e+01  5.49212267e-03 
 1.17489755e+05 -4.52061876e+01  5.49149535e-03 
 1.18850223e+05 -4.52071571e+01  5.49088245e-03 
 1.20226443e+05 -4.52081044e+01  5.49028363e-03 
 1.21618600e+05 -4.52090300e+01  5.48969859e-03 
 1.23026877e+05 -4.52099344e+01  5.48912702e-03 
 1.24451461e+05 -4.52108180e+01  5.48856861e-03 
 1.25892541e+05 -4.52116814e+01  5.48802309e-03 
 1.27350308e+05 -4.52125249e+01  5.48749016e-03 
 1.28824955e+05 -4.52133490e+01  5.48696954e-03 
 1.30316678e+05 -4.52141541e+01  5.48646097e-03 
 1.31825674e+05 -4.52149407e+01  5.48596417e-03 
 1.33352143e+05 -4.52157090e+01  5.48547889e-03 
 1.34896288e+05 -4.52164597e+01  5.48500486e-03 
 1.36458314e+05 -4.52171929e+01  5.48454185e-03 
 1.38038426e+05 -4.52179091e+01  5.48408961e-03 
 1.39636836e+05 -4.52186088e+01  5.48364790e-03 
 1.41253754e+05 -4.52192921e+01  5.48321649e-03 
 1.42889396e+05 -4.52199596e+01  5.48279516e-03 
 1.44543977e+05 -4.52206115e+01  5.48238368e-03 
 1.46217717e+05 -4.52212481e+01  5.48198184e-03 
 1.47910839e+05 -4.52218699e+01  5.48158942e-03 
 1.49623566e+05 -4.52224771e+01  5.48120623e-03 
 1.51356125e+05 -4.52230701e+01  5.48083205e-03 
 1.53108746e+05 -4.52236491e+01  5.48046670e-03 
 1.54881662e+05 -4.52242145e+01  5.48010997e-03 
 1.56675107e+05 -4.52247666e+01  5.47976169e-03 
 1.58489319e+05 -4.52253055e+01  5.47942167e-03 
 1.60324539e+05 -4.52258317e+01  5.47908973e-03 
 1.62181010e+05 -4.52263454e+01  5.47876570e-03 
 1.64058977e+05 -4.52268469e+01  5.47844941e-03 
 1.65958691e+05 -4.52273364e+01  5.47814068e-03 
 1.67880402e+05 -4.52278142e+01  5.47783936e-03 
 1.69824365e+05 -4.52282805e+01  5.47754529e-03 
 1.71790839e+05 -4.52287355e+01  5.47725832e-03 
 1.73780083e+05 -4.52291796e+01  5.47697828e-03 
 1.75792361e+05 -4.52296130e+01  5.47670505e-03 
 1.77827941e+05 -4.52300358e+01  5.47643846e-03 
 1.79887092e+05 -4.52304483e+01  5.47617839e-03 
 1.81970086e+05 -4.52308507e+01  5.47592469e-03 
 1.84077200e+05 -4.52312432e+01  5.47567723e-03 
 1.86208714e+05 -4.52316260e+01  5.47543589e-03 
 1.88364909e+05 -4.52319994e+01  5.47520052e-03 
 1.90546072e+05 -4.52323635e+01  5.47497102e-03 
 1.92752491e+05 -4.52327185e+01  5.47474725e-03 
 1.94984460e+05 -4.52330646e+01  5.47452911e-03 
 1.97242274e+05 -4.52334020e+01  5.47431647e-03 
 1.99526231e+05 -4.52337308e+01  5.47410922e-03 
 2.01836636e+05 -4.52340513e+01  5.47390726e-03 
 2.04173794e+05 -4.52343636e+01  5.47371047e-03 
 2.06538016e+05 -4.52346678e+01  5.47351876e-03 
 2.08929613e+05 -4.52349641e+01  5.47333202e-03 
 2.11348904e+05 -4.52352527e+01  5.47315015e-03 
 2.13796209e+05 -4.52355338e+01  5.47297307e-03 
 2.16271852e+05 -4.52358074e+01  5.47280066e-03 
 2.18776162e+05 -4.52360737e+01  5.47263285e-03 
 2.21309471e+05 -4.52363329e+01  5.47246955e-03 
 2.23872114e+05 -4.52365851e+01  5.47231067e-03 
 2.26464431e+05 -4.52368304e+01  5.47215612e-03 
 2.29086765e+05 -4.52370690e+01  5.47200582e-03 
 2.31739465e+05 -4.52373009e+01  5.47185970e-03 
 2.34422882e+05 -4.52375264e+01  5.47171767e-03 
 2.37137371e+05 -4.52377455e+01  5.47157967e-03 
 2.39883292e+05 -4.52379583e+01  5.47144562e-03 
 2.42661010e+05 -4.52381649e+01  5.47131544e-03 
 2.45470892e+05 -4.52383655e+01  5.47118907e-03 
 2.48313311e+05 -4.52385602e+01  5.47106645e-03 
 2.51188643e+05 -4.52387490e+01  5.47094751e-03 
 2.54097271e+05 -4.52389321e+01  5.47083218e-03 
 2.57039578e+05 -4.52391096e+01  5.47072040e-03 
 2.60015956e+05 -4.52392815e+01  5.47061212e-03 
 2.63026799e+05 -4.52394480e+01  5.47050728e-03 
 2.66072506e+05 -4.52396091e+01  5.47040582e-03 
 2.69153480e+05 -4.52397649e+01  5.47030769e-03 
 2.72270131e+05 -4.52399155e+01  5.47021283e-03 
 2.75422870e+05 -4.52400610e+01  5.47012121e-03 
 2.78612117e+05 -4.52402015e+01  5.47003276e-03 
 2.81838293e+05 -4.52403369e+01  5.46994744e-03 
 2.85101827e+05 -4.52404675e+01  5.46986521e-03 
 2.88403150e+05 -4.52405932e+01  5.46978603e-03 
 2.91742701e+05 -4.52407142e+01  5.46970984e-03 
 2.95120923e+05 -4.52408305e+01  5.46963662e-03 
 2.98538262e+05 -4.52409421e+01  5.46956636e-03 
 3.01995172e+05 -4.52410491e+01  5.46949895e-03 
 3.05492111e+05 -4.52411517e+01  5.46943438e-03 
 3.09029543e+05 -4.52412497e+01  5.46937263e-03 
 3.12607937e+05 -4.52413434e+01  5.46931366e-03 
 3.16227766e+05 -4.52414327e+01  5.46925744e-03 
 3.19889511e+05 -4.52415176e+01  5.46920395e-03 
 3.23593657e+05 -4.52415983e+01  5.46915315e-03 
 3.27340695e+05 -4.52416748e+01  5.46910501e-03 
 3.31131121e+05 -4.52417470e+01  5.46905952e-03 
 3.34965439e+05 -4.52418151e+01  5.46901664e-03 
 3.38844156e+05 -4.52418791e+01  5.46897636e-03 
 3.42767787e+05 -4.52419390e+01  5.46893865e-03 
 3.46736850e+05 -4.52419948e+01  5.46890349e-03 
 3.50751874e+05 -4.52420466e+01  5.46887087e-03 
 3.54813389e+05 -4.52420944e+01  5.46884076e-03 
 3.58921935e+05 -4.52421383e+01  5.46881316e-03 
 3.63078055e+05 -4.52421782e+01  5.46878804e-03 
 3.67282300e+05 -4.52422141e+01  5.46876539e-03 
 3.71535229e+05 -4.52422462e+01  5.46874521e-03 
 3.75837404e+05 -4.52422744e+01  5.46872748e-03 
 3.80189396e+05 -4.52422987e+01  5.46871219e-03 
 3.84591782e+05 -4.52423191e+01  5.46869933e-03 
 3.89045145e+05 -4.52423356e+01  5.46868889e-03 
 3.93550075e+05 -4.52423484e+01  5.46868088e-03 
 3.98107171e+05 -4.52423573e+01  5.46867529e-03 
 4.02717034e+05 -4.52423623e+01  5.46867210e-03 
 4.07380278e+05 -4.52423635e+01  5.46867133e-03 
 4.12097519e+05 -4.52423609e+01  5.46867297e-03 
 4.16869383e+05 -4.52423545e+01  5.46867702e-03 
 4.21696503e+05 -4.52423442e+01  5.46868349e-03 
 4.26579519e+05 -4.52423301e+01  5.46869237e-03 
 4.31519077e+05 -4.52423122e+01  5.46870367e-03 
 4.36515832e+05 -4.52422904e+01  5.46871741e-03 
 4.41570447e+05 -4.52422647e+01  5.46873357e-03 
 4.46683592e+05 -4.52422351e+01  5.46875218e-03 
 4.51855944e+05 -4.52422017e+01  5.46877325e-03 
 4.57088190e+05 -4.52421643e+01  5.46879678e-03 
 4.62381021e+05 -4.52421230e+01  5.46882278e-03 
 4.67735141e+05 -4.52420777e+01  5.46885127e-03 
 4.73151259e+05 -4.52420285e+01  5.46888227e-03 
 4.78630092e+05 -4.52419753e+01  5.46891580e-03 
 4.84172368e+05 -4.52419180e+01  5.46895186e-03 
 4.89778819e+05 -4.52418567e+01  5.46899047e-03 
 4.95450191e+05 -4.52417912e+01  5.46903167e-03 
 5.01187234e+05 -4.52417217e+01  5.46907547e-03 
 5.06990708e+05 -4.52416480e+01  5.46912189e-03 
 5.12861384e+05 -4.52415700e+01  5.46917096e-03 
 5.18800039e+05 -4.52414878e+01  5.46922274e-03 
 5.24807460e+05 -4.52414013e+01  5.46927718e-03 
 5.30884444e+05 -4.52413106e+01  5.46933431e-03 
 5.37031796e+05 -4.52412154e+01  5.46939424e-03 
 5.43250331e+05 -4.52411158e+01  5.46945696e-03 
 5.49540874e+05 -4.52410117e+01  5.46952250e-03 
 5.55904257e+05 -4.52409031e+01  5.46959090e-03 
 5.62341325e+05 -4.52407899e+01  5.46966220e-03 
 5.68852931e+05 -4.52406720e+01  5.46973642e-03 
 5.75439937e+05 -4.52405494e+01  5.46981362e-03 
 5.82103218e+05 -4.52404221e+01  5.46989383e-03 
 5.88843655e+05 -4.52402899e+01  5.46997709e-03 
 5.95662144e+05 -4.52401527e+01  5.47006345e-03 
 6.02559586e+05 -4.52400106e+01  5.47015295e-03 
 6.09536897e+05 -4.52398634e+01  5.47024564e-03 
 6.16595002e+05 -4.52397111e+01  5.47034157e-03 
 6.23734835e+05 -4.52395536e+01  5.47044079e-03 
 6.30957344e+05 -4.52393907e+01  5.47054334e-03 
 6.38263486e+05 -4.52392225e+01  5.47064930e-03 
 6.45654229e+05 -4.52390488e+01  5.47075870e-03 
 6.53130553e+05 -4.52388695e+01  5.47087161e-03 
 6.60693448e+05 -4.52386846e+01  5.47098809e-03 
 6.68343918e+05 -4.52384939e+01  5.47110824e-03 
 6.76082975e+05 -4.52382973e+01  5.47123203e-03 
 6.83911647e+05 -4.52380948e+01  5.47135958e-03 
 6.91830971e+05 -4.52378863e+01  5.47149095e-03 
 6.99841996e+05 -4.52376716e+01  5.47162622e-03 
 7.07945784e+05 -4.52374506e+01  5.47176540e-03 
 7.16143410e+05 -4.52372232e+01  5.47190866e-03 
 7.24435960e+05 -4.52369893e+01  5.47205603e-03 
 7.32824533e+05 -4.52367487e+01  5.47220759e-03 
 7.41310241e+05 -4.52365014e+01  5.47236342e-03 
 7.49894209e+05 -4.52362471e+01  5.47252360e-03 
 7.58577575e+05 -4.52359859e+01  5.47268821e-03 
 7.67361489e+05 -4.52357175e+01  5.47285734e-03 
 7.76247117e+05 -4.52354417e+01  5.47303107e-03 
 7.85235635e+05 -4.52351585e+01  5.47320951e-03 
 7.94328235e+05 -4.52348677e+01  5.47339278e-03 
 8.03526122e+05 -4.52345692e+01  5.47358089e-03 
 8.12830516e+05 -4.52342628e+01  5.47377399e-03 
 8.22242650e+05 -4.52339483e+01  5.47397217e-03 
 8.31763771e+05 -4.52336256e+01  5.47417555e-03 
 8.41395142e+05 -4.52332945e+01  5.47438422e-03 
 8.51138038e+05 -4.52329548e+01  5.47459830e-03 
 8.60993752e+05 -4.52326064e+01  5.47481789e-03 
 8.70963590e+05 -4.52322491e+01  5.47504312e-03 
 8.81048873e+05 -4.52318827e+01  5.47527409e-03 
 8.91250938e+05 -4.52315070e+01  5.47551094e-03 
 9.01571138e+05 -4.52311218e+01  5.47575377e-03 
 9.12010839e+05 -4.52307269e+01  5.47600273e-03 
 9.22571427e+05 -4.52303221e+01  5.47625794e-03 
 9.33254301e+05 -4.52299072e+01  5.47651953e-03 
 9.44060876e+05 -4.52294820e+01  5.47678764e-03 
 9.54992586e+05 -4.52290462e+01  5.47706240e-03 
 9.66050879e+05 -4.52285997e+01  5.47734397e-03 
 9.77237221e+05 -4.52281422e+01  5.47763248e-03 
 9.88553095e+05 -4.52276735e+01  5.47792810e-03 
 1.00000000e+06 -4.52271932e+01  5.47823100e-03 
 1.01157945e+06 -4.52267012e+01  5.47854127e-03 
 1.02329299e+06 -4.52261973e+01  5.47885911e-03 
 1.03514217e+06 -4.52256812e+01  5.47918468e-03 
 1.04712855e+06 -4.52251526e+01  5.47951816e-03 
 1.05925373e+06 -4.52246113e+01  5.47985966e-03 
 1.07151931e+06 -4.52240568e+01  5.48020946e-03 
 1.08392691e+06 -4.52234890e+01  5.48056775e-03 
 1.09647820e+06 -4.52229076e+01  5.48093460e-03 
 1.10917482e+06 -4.52223123e+01  5.48131027e-03 
 1.12201845e+06 -4.52217028e+01  5.48169493e-03 
 1.13501082e+06 -4.52210787e+01  5.48208880e-03 
 1.14815362e+06 -4.52204398e+01  5.48249207e-03 
 1.16144861e+06 -4.52197856e+01  5.48290500e-03 
 1.17489755e+06 -4.52191159e+01  5.48332771e-03 
 1.18850223e+06 -4.52184305e+01  5.48376042e-03 
 1.20226443e+06 -4.52177289e+01  5.48420344e-03 
 1.21618600e+06 -4.52170106e+01  5.48465696e-03 
 1.23026877e+06 -4.52162754e+01  5.48512120e-03 
 1.24451461e+06 -4.52155229e+01  5.48559646e-03 
 1.25892541e+06 -4.52147527e+01  5.48608287e-03 
 1.27350308e+06 -4.52139645e+01  5.48658075e-03 
 1.28824955e+06 -4.52131578e+01  5.48709034e-03 
 1.30316678e+06 -4.52123321e+01  5.48761196e-03 
 1.31825674e+06 -4.52114873e+01  5.48814573e-03 
 1.33352143e+06 -4.52106227e+01  5.48869205e-03 
 1.34896288e+06 -4.52097379e+01  5.48925118e-03 
 1.36458314e+06 -4.52088325e+01  5.48982338e-03 
 1.38038426e+06 -4.52079060e+01  5.49040901e-03 
 1.39636836e+06 -4.52069581e+01  5.49100825e-03 
 1.41253754e+06 -4.52059881e+01  5.49162148e-03 
 1.42889396e+06 -4.52049956e+01  5.49224899e-03 
 1.44543977e+06 -4.52039801e+01  5.49289116e-03 
 1.46217717e+06 -4.52029412e+01  5.49354822e-03 
 1.47910839e+06 -4.52018782e+01  5.49422054e-03 
 1.49623566e+06 -4.52007907e+01  5.49490852e-03 
 1.51356125e+06 -4.51996781e+01  5.49561240e-03 
 1.53108746e+06 -4.51985400e+01  5.49633256e-03 
 1.54881662e+06 -4.51973755e+01  5.49706943e-03 
 1.56675107e+06 -4.51961844e+01  5.49782336e-03 
 1.58489319e+06 -4.51949658e+01  5.49859471e-03 
 1.60324539e+06 -4.51937193e+01  5.49938388e-03 
 1.62181010e+06 -4.51924441e+01  5.50019130e-03 
 1.64058977e+06 -4.51911398e+01  5.50101730e-03 
 1.65958691e+06 -4.51898056e+01  5.50186234e-03 
 1.67880402e+06 -4.51884409e+01  5.50272683e-03 
 1.69824365e+06 -4.51870451e+01  5.50361121e-03 
 1.71790839e+06 -4.51856173e+01  5.50451597e-03 
 1.73780083e+06 -4.51841570e+01  5.50544146e-03 
 1.75792361e+06 -4.51826635e+01  5.50638820e-03 
 1.77827941e+06 -4.51811359e+01  5.50735670e-03 
 1.79887092e+06 -4.51795737e+01  5.50834730e-03 
 1.81970086e+06 -4.51779760e+01  5.50936064e-03 
 1.84077200e+06 -4.51763420e+01  5.51039716e-03 
 1.86208714e+06 -4.51746709e+01  5.51145739e-03 
 1.88364909e+06 -4.51729620e+01  5.51254184e-03 
 1.90546072e+06 -4.51712145e+01  5.51365105e-03 
 1.92752491e+06 -4.51694273e+01  5.51478561e-03 
 1.94984460e+06 -4.51675999e+01  5.51594599e-03 
 1.97242274e+06 -4.51657312e+01  5.51713280e-03 
 1.99526231e+06 -4.51638205e+01  5.51834662e-03 
 2.01836636e+06 -4.51618666e+01  5.51958810e-03 
 2.04173794e+06 -4.51598689e+01  5.52085769e-03 
 2.06538016e+06 -4.51578263e+01  5.52215621e-03 
 2.08929613e+06 -4.51557378e+01  5.52348414e-03 
 2.11348904e+06 -4.51536026e+01  5.52484212e-03 
 2.13796209e+06 -4.51514194e+01  5.52623095e-03 
 2.16271852e+06 -4.51491874e+01  5.52765121e-03 
 2.18776162e+06 -4.51469056e+01  5.52910350e-03 
 2.21309471e+06 -4.51445729e+01  5.53058864e-03 
 2.23872114e+06 -4.51421880e+01  5.53210734e-03 
 2.26464431e+06 -4.51397502e+01  5.53366025e-03 
 2.29086765e+06 -4.51372581e+01  5.53524815e-03 
 2.31739465e+06 -4.51347106e+01  5.53687180e-03 
 2.34422882e+06 -4.51321066e+01  5.53853200e-03 
 2.37137371e+06 -4.51294449e+01  5.54022950e-03 
 2.39883292e+06 -4.51267244e+01  5.54196501e-03 
 2.42661010e+06 -4.51239437e+01  5.54373953e-03 
 2.45470892e+06 -4.51211017e+01  5.54555371e-03 
 2.48313311e+06 -4.51181968e+01  5.54740867e-03 
 2.51188643e+06 -4.51152283e+01  5.54930488e-03 
 2.54097271e+06 -4.51121943e+01  5.55124356e-03 
 2.57039578e+06 -4.51090939e+01  5.55322545e-03 
 2.60015956e+06 -4.51059254e+01  5.55525154e-03 
 2.63026799e+06 -4.51026877e+01  5.55732269e-03 
 2.66072506e+06 -4.50993792e+01  5.55943993e-03 
 2.69153480e+06 -4.50959985e+01  5.56160414e-03 
 2.72270131e+06 -4.50925442e+01  5.56381640e-03 
 2.75422870e+06 -4.50890148e+01  5.56607762e-03 
 2.78612117e+06 -4.50854088e+01  5.56838892e-03 
 2.81838293e+06 -4.50817247e+01  5.57075121e-03 
 2.85101827e+06 -4.50779609e+01  5.57316568e-03 
 2.88403150e+06 -4.50741158e+01  5.57563340e-03 
 2.91742701e+06 -4.50701878e+01  5.57815541e-03 
 2.95120923e+06 -4.50661753e+01  5.58073289e-03 
 2.98538262e+06 -4.50620766e+01  5.58336690e-03 
 3.01995172e+06 -4.50578902e+01  5.58605861e-03 
 3.05492111e+06 -4.50536142e+01  5.58880931e-03 
 3.09029543e+06 -4.50492468e+01  5.59162014e-03 
 3.12607937e+06 -4.50447864e+01  5.59449228e-03 
 3.16227766e+06 -4.50402314e+01  5.59742692e-03 
 3.19889511e+06 -4.50355795e+01  5.60042553e-03 
 3.23593657e+06 -4.50308292e+01  5.60348921e-03 
 3.27340695e+06 -4.50259787e+01  5.60661927e-03 
 3.31131121e+06 -4.50210260e+01  5.60981708e-03 
 3.34965439e+06 -4.50159692e+01  5.61308398e-03 
 3.38844156e+06 -4.50108064e+01  5.61642133e-03 
 3.42767787e+06 -4.50055355e+01  5.61983063e-03 
 3.46736850e+06 -4.50001547e+01  5.62331309e-03 
 3.50751874e+06 -4.49946619e+01  5.62687029e-03 
 3.54813389e+06 -4.49890552e+01  5.63050358e-03 
 3.58921935e+06 -4.49833324e+01  5.63421454e-03 
 3.63078055e+06 -4.49774915e+01  5.63800462e-03 
 3.67282300e+06 -4.49715304e+01  5.64187529e-03 
 3.71535229e+06 -4.49654469e+01  5.64582813e-03 
 3.75837404e+06 -4.49592389e+01  5.64986479e-03 
 3.80189396e+06 -4.49529043e+01  5.65398673e-03 
 3.84591782e+06 -4.49464409e+01  5.65819560e-03 
 3.89045145e+06 -4.49398465e+01  5.66249298e-03 
 3.93550075e+06 -4.49331187e+01  5.66688061e-03 
 3.98107171e+06 -4.49262556e+01  5.67136006e-03 
 4.02717034e+06 -4.49192546e+01  5.67593311e-03 
 4.07380278e+06 -4.49121136e+01  5.68060143e-03 
 4.12097519e+06 -4.49048304e+01  5.68536671e-03 
 4.16869383e+06 -4.48974024e+01  5.69023074e-03 
 4.21696503e+06 -4.48898274e+01  5.69519538e-03 
 4.26579519e+06 -4.48821032e+01  5.70026229e-03 
 4.31519077e+06 -4.48742273e+01  5.70543333e-03 
 4.36515832e+06 -4.48661973e+01  5.71071037e-03 
 4.41570447e+06 -4.48580111e+01  5.71609508e-03 
 4.46683592e+06 -4.48496660e+01  5.72158958e-03 
 4.51855944e+06 -4.48411598e+01  5.72719555e-03 
 4.57088190e+06 -4.48324899e+01  5.73291500e-03 
 4.62381021e+06 -4.48236542e+01  5.73874982e-03 
 4.67735141e+06 -4.48146500e+01  5.74470194e-03 
 4.73151259e+06 -4.48054750e+01  5.75077335e-03 
 4.78630092e+06 -4.47961268e+01  5.75696592e-03 
 4.84172368e+06 -4.47866031e+01  5.76328167e-03 
 4.89778819e+06 -4.47769014e+01  5.76972255e-03 
 4.95450191e+06 -4.47670192e+01  5.77629067e-03 
 5.01187234e+06 -4.47569543e+01  5.78298792e-03 
 5.06990708e+06 -4.47467042e+01  5.78981638e-03 
 5.12861384e+06 -4.47362665e+01  5.79677810e-03 
 5.18800039e+06 -4.47256390e+01  5.80387500e-03 
 5.24807460e+06 -4.47148192e+01  5.81110928e-03 
 5.30884444e+06 -4.47038048e+01  5.81848287e-03 
 5.37031796e+06 -4.46925936e+01  5.82599788e-03 
 5.43250331e+06 -4.46811832e+01  5.83365633e-03 
 5.49540874e+06 -4.46695714e+01  5.84146032e-03 
 5.55904257e+06 -4.46577558e+01  5.84941196e-03 
 5.62341325e+06 -4.46457346e+01  5.85751311e-03 
 5.68852931e+06 -4.46335052e+01  5.86576607e-03 
 5.75439937e+06 -4.46210658e+01  5.87417267e-03 
 5.82103218e+06 -4.46084142e+01  5.88273510e-03 
 5.88843655e+06 -4.45955482e+01  5.89145532e-03 
 5.95662144e+06 -4.45824661e+01  5.90033535e-03 
 6.02559586e+06 -4.45691657e+01  5.90937721e-03 
 6.09536897e+06 -4.45556453e+01  5.91858290e-03 
 6.16595002e+06 -4.45419028e+01  5.92795446e-03 
 6.23734835e+06 -4.45279366e+01  5.93749379e-03 
 6.30957344e+06 -4.45137450e+01  5.94720285e-03 
 6.38263486e+06 -4.44993262e+01  5.95708353e-03 
 6.45654229e+06 -4.44846788e+01  5.96713771e-03 
 6.53130553e+06 -4.44698010e+01  5.97736740e-03 
 6.60693448e+06 -4.44546916e+01  5.98777424e-03 
 6.68343918e+06 -4.44393493e+01  5.99836011e-03 
 6.76082975e+06 -4.44237727e+01  6.00912674e-03 
 6.83911647e+06 -4.44079606e+01  6.02007595e-03 
 6.91830971e+06 -4.43919120e+01  6.03120933e-03 
 6.99841996e+06 -4.43756258e+01  6.04252855e-03 
 7.07945784e+06 -4.43591012e+01  6.05403520e-03 
 7.16143410e+06 -4.43423373e+01  6.06573086e-03 
 7.24435960e+06 -4.43253335e+01  6.07761694e-03 
 7.32824533e+06 -4.43080893e+01  6.08969491e-03 
 7.41310241e+06 -4.42906041e+01  6.10196620e-03 
 7.49894209e+06 -4.42728777e+01  6.11443197e-03 
 7.58577575e+06 -4.42549097e+01  6.12709357e-03 
 7.67361489e+06 -4.42367003e+01  6.13995210e-03 
 7.76247117e+06 -4.42182494e+01  6.15300871e-03 
 7.85235635e+06 -4.41995572e+01  6.16626437e-03 
 7.94328235e+06 -4.41806240e+01  6.17972002e-03 
 8.03526122e+06 -4.41614504e+01  6.19337645e-03 
 8.12830516e+06 -4.41420369e+01  6.20723450e-03 
 8.22242650e+06 -4.41223844e+01  6.22129477e-03 
 8.31763771e+06 -4.41024938e+01  6.23555784e-03 
 8.41395142e+06 -4.40823660e+01  6.25002421e-03 
 8.51138038e+06 -4.40620026e+01  6.26469408e-03 
 8.60993752e+06 -4.40414049e+01  6.27956785e-03 
 8.70963590e+06 -4.40205744e+01  6.29464557e-03 
 8.81048873e+06 -4.39995130e+01  6.30992719e-03 
 8.91250938e+06 -4.39782226e+01  6.32541275e-03 
 9.01571138e+06 -4.39567055e+01  6.34110181e-03 
 9.12010839e+06 -4.39349637e+01  6.35699420e-03 
 9.22571427e+06 -4.39130000e+01  6.37308924e-03 
 9.33254301e+06 -4.38908171e+01  6.38938630e-03 
 9.44060876e+06 -4.38684177e+01  6.40588467e-03 
 9.54992586e+06 -4.38458050e+01  6.42258333e-03 
 9.66050879e+06 -4.38229825e+01  6.43948114e-03 
 9.77237221e+06 -4.37999534e+01  6.45657695e-03 
 9.88553095e+06 -4.37767215e+01  6.47386924e-03 
 1.00000000e+07 -4.37532907e+01  6.49135654e-03 
 1.01157945e+07 -4.37296653e+01  6.50903695e-03 
 1.02329299e+07 -4.37058493e+01  6.52690868e-03 
 1.03514217e+07 -4.36818474e+01  6.54496956e-03 
 1.04712855e+07 -4.36576643e+01  6.56321732e-03 
 1.05925373e+07 -4.36333050e+01  6.58164951e-03 
 1.07151931e+07 -4.36087747e+01  6.60026339e-03 
 1.08392691e+07 -4.35840786e+01  6.61905625e-03 
 1.09647820e+07 -4.35592224e+01  6.63802491e-03 
 1.10917482e+07 -4.35342120e+01  6.65716621e-03 
 1.12201845e+07 -4.35090533e+01  6.67647668e-03 
 1.13501082e+07 -4.34837525e+01  6.69595268e-03 
 1.14815362e+07 -4.34583161e+01  6.71559034e-03 
 1.16144861e+07 -4.34327507e+01  6.73538560e-03 
 1.17489755e+07 -4.34070632e+01  6.75533424e-03 
 1.18850223e+07 -4.33812605e+01  6.77543173e-03 
 1.20226443e+07 -4.33553501e+01  6.79567337e-03 
 1.21618600e+07 -4.33293392e+01  6.81605425e-03 
 1.23026877e+07 -4.33032357e+01  6.83656922e-03 
 1.24451461e+07 -4.32770473e+01  6.85721292e-03 
 1.25892541e+07 -4.32507820e+01  6.87797982e-03 
 1.27350308e+07 -4.32244482e+01  6.89886408e-03 
 1.28824955e+07 -4.31980542e+01  6.91985972e-03 
 1.30316678e+07 -4.31716086e+01  6.94096048e-03 
 1.31825674e+07 -4.31451201e+01  6.96215991e-03 
 1.33352143e+07 -4.31185978e+01  6.98345135e-03 
 1.34896288e+07 -4.30920506e+01  7.00482790e-03 
 1.36458314e+07 -4.30654879e+01  7.02628244e-03 
 1.38038426e+07 -4.30389191e+01  7.04780765e-03 
 1.39636836e+07 -4.30123538e+01  7.06939603e-03 
 1.41253754e+07 -4.29858015e+01  7.09103984e-03 
 1.42889396e+07 -4.29592722e+01  7.11273108e-03 
 1.44543977e+07 -4.29327758e+01  7.13446166e-03 
 1.46217717e+07 -4.29063225e+01  7.15622318e-03 
 1.47910839e+07 -4.28799222e+01  7.17800717e-03 
 1.49623566e+07 -4.28535855e+01  7.19980484e-03 
 1.51356125e+07 -4.28273226e+01  7.22160729e-03 
 1.53108746e+07 -4.28011440e+01  7.24340549e-03 
 1.54881662e+07 -4.27750603e+01  7.26519012e-03 
 1.56675107e+07 -4.27490821e+01  7.28695179e-03 
 1.58489319e+07 -4.27232200e+01  7.30868091e-03 
 1.60324539e+07 -4.26974847e+01  7.33036778e-03 
 1.62181010e+07 -4.26718870e+01  7.35200254e-03 
 1.64058977e+07 -4.26464377e+01  7.37357518e-03 
 1.65958691e+07 -4.26211476e+01  7.39507560e-03 
 1.67880402e+07 -4.25960275e+01  7.41649359e-03 
 1.69824365e+07 -4.25710880e+01  7.43781886e-03 
 1.71790839e+07 -4.25463402e+01  7.45904092e-03 
 1.73780083e+07 -4.25217946e+01  7.48014938e-03 
 1.75792361e+07 -4.24974619e+01  7.50113366e-03 
 1.77827941e+07 -4.24733529e+01  7.52198315e-03 
 1.79887092e+07 -4.24494780e+01  7.54268723e-03 
 1.81970086e+07 -4.24258478e+01  7.56323529e-03 
 1.84077200e+07 -4.24024726e+01  7.58361663e-03 
 1.86208714e+07 -4.23793628e+01  7.60382056e-03 
 1.88364909e+07 -4.23565285e+01  7.62383655e-03 
 1.90546072e+07 -4.23339797e+01  7.64365390e-03 
 1.92752491e+07 -4.23117264e+01  7.66326214e-03 
 1.94984460e+07 -4.22897782e+01  7.68265078e-03 
 1.97242274e+07 -4.22681446e+01  7.70180948e-03 
 1.99526231e+07 -4.22468350e+01  7.72072792e-03 
 2.01836636e+07 -4.22258586e+01  7.73939602e-03 
 2.04173794e+07 -4.22052242e+01  7.75780377e-03 
 2.06538016e+07 -4.21849405e+01  7.77594133e-03 
 2.08929613e+07 -4.21650159e+01  7.79379907e-03 
 2.11348904e+07 -4.21454585e+01  7.81136757e-03 
 2.13796209e+07 -4.21262762e+01  7.82863759e-03 
 2.16271852e+07 -4.21074765e+01  7.84560023e-03 
 2.18776162e+07 -4.20890666e+01  7.86224674e-03 
 2.21309471e+07 -4.20710534e+01  7.87856876e-03 
 2.23872114e+07 -4.20534434e+01  7.89455818e-03 
 2.26464431e+07 -4.20362428e+01  7.91020725e-03 
 2.29086765e+07 -4.20194572e+01  7.92550857e-03 
 2.31739465e+07 -4.20030921e+01  7.94045514e-03 
 2.34422882e+07 -4.19871523e+01  7.95504033e-03 
 2.37137371e+07 -4.19716423e+01  7.96925795e-03 
 2.39883292e+07 -4.19565662e+01  7.98310225e-03 
 2.42661010e+07 -4.19419274e+01  7.99656795e-03 
 2.45470892e+07 -4.19277289e+01  8.00965027e-03 
 2.48313311e+07 -4.19139734e+01  8.02234494e-03 
 2.51188643e+07 -4.19006627e+01  8.03464822e-03 
 2.54097271e+07 -4.18877982e+01  8.04655693e-03 
 2.57039578e+07 -4.18753809e+01  8.05806848e-03 
 2.60015956e+07 -4.18634110e+01  8.06918087e-03 
 2.63026799e+07 -4.18518881e+01  8.07989273e-03 
 2.66072506e+07 -4.18408112e+01  8.09020335e-03 
 2.69153480e+07 -4.18301788e+01  8.10011264e-03 
 2.72270131e+07 -4.18199886e+01  8.10962124e-03 
 2.75422870e+07 -4.18102375e+01  8.11873047e-03 
 2.78612117e+07 -4.18009220e+01  8.12744237e-03 
 2.81838293e+07 -4.17920377e+01  8.13575975e-03 
 2.85101827e+07 -4.17835795e+01  8.14368614e-03 
 2.88403150e+07 -4.17755415e+01  8.15122585e-03 
 2.91742701e+07 -4.17679171e+01  8.15838400e-03 
 2.95120923e+07 -4.17606991e+01  8.16516649e-03 
 2.98538262e+07 -4.17538792e+01  8.17158004e-03 
 3.01995172e+07 -4.17474485e+01  8.17763220e-03 
 3.05492111e+07 -4.17413973e+01  8.18333135e-03 
 3.09029543e+07 -4.17357149e+01  8.18868673e-03 
 3.12607937e+07 -4.17303899e+01  8.19370842e-03 
 3.16227766e+07 -4.17254101e+01  8.19840735e-03 
 3.19889511e+07 -4.17207625e+01  8.20279534e-03 
 3.23593657e+07 -4.17164330e+01  8.20688506e-03 
 3.27340695e+07 -4.17124068e+01  8.21069004e-03 
 3.31131121e+07 -4.17086684e+01  8.21422468e-03 
 3.34965439e+07 -4.17052013e+01  8.21750424e-03 
 3.38844156e+07 -4.17019879e+01  8.22054484e-03 
 3.42767787e+07 -4.16990103e+01  8.22336344e-03 
 3.46736850e+07 -4.16962493e+01  8.22597784e-03 
 3.50751874e+07 -4.16936851e+01  8.22840666e-03 
 3.54813389e+07 -4.16912969e+01  8.23066935e-03 
 3.58921935e+07 -4.16890634e+01  8.23278610e-03 
 3.63078055e+07 -4.16869622e+01  8.23477794e-03 
 3.67282300e+07 -4.16849703e+01  8.23666658e-03 
 3.71535229e+07 -4.16830640e+01  8.23847449e-03 
 3.75837404e+07 -4.16812188e+01  8.24022482e-03 
 3.80189396e+07 -4.16794095e+01  8.24194140e-03 
 3.84591782e+07 -4.16776105e+01  8.24364865e-03 
 3.89045145e+07 -4.16757953e+01  8.24537159e-03 
 3.93550075e+07 -4.16739371e+01  8.24713580e-03 
 3.98107171e+07 -4.16720083e+01  8.24896734e-03 
 4.02717034e+07 -4.16699812e+01  8.25089274e-03 
 4.07380278e+07 -4.16678274e+01  8.25293894e-03 
 4.12097519e+07 -4.16655183e+01  8.25513324e-03 
 4.16869383e+07 -4.16630250e+01  8.25750317e-03 
 4.21696503e+07 -4.16603185e+01  8.26007658e-03 
 4.26579519e+07 -4.16573696e+01  8.26288143e-03 
 4.31519077e+07 -4.16541488e+01  8.26594588e-03 
 4.36515832e+07 -4.16506271e+01  8.26929806e-03 
 4.41570447e+07 -4.16467751e+01  8.27296608e-03 
 4.46683592e+07 -4.16425640e+01  8.27697799e-03 
 4.51855944e+07 -4.16379650e+01  8.28136166e-03 
 4.57088190e+07 -4.16329497e+01  8.28614471e-03 
 4.62381021e+07 -4.16274904e+01  8.29135446e-03 
 4.67735141e+07 -4.16215595e+01  8.29701783e-03 
 4.73151259e+07 -4.16151306e+01  8.30316125e-03 
 4.78630092e+07 -4.16081775e+01  8.30981063e-03 
 4.84172368e+07 -4.16006751e+01  8.31699123e-03 
 4.89778819e+07 -4.15925993e+01  8.32472763e-03 
 4.95450191e+07 -4.15839269e+01  8.33304357e-03 
 5.01187234e+07 -4.15746359e+01  8.34196197e-03 
 5.06990708e+07 -4.15647053e+01  8.35150478e-03 
 5.12861384e+07 -4.15541157e+01  8.36169298e-03 
 5.18800039e+07 -4.15428487e+01  8.37254641e-03 
 5.24807460e+07 -4.15308878e+01  8.38408377e-03 
 5.30884444e+07 -4.15182177e+01  8.39632253e-03 
 5.37031796e+07 -4.15048249e+01  8.40927887e-03 
 5.43250331e+07 -4.14906974e+01  8.42296761e-03 
 5.49540874e+07 -4.14758250e+01  8.43740215e-03 
 5.55904257e+07 -4.14601994e+01  8.45259444e-03 
 5.62341325e+07 -4.14438139e+01  8.46855486e-03 
 5.68852931e+07 -4.14266638e+01  8.48529231e-03 
 5.75439937e+07 -4.14087464e+01  8.50281400e-03 
 5.82103218e+07 -4.13900607e+01  8.52112555e-03 
 5.88843655e+07 -4.13706078e+01  8.54023088e-03 
 5.95662144e+07 -4.13503905e+01  8.56013225e-03 
 6.02559586e+07 -4.13294138e+01  8.58083020e-03 
 6.09536897e+07 -4.13076846e+01  8.60232347e-03 
 6.16595002e+07 -4.12852115e+01  8.62460918e-03 
 6.23734835e+07 -4.12620052e+01  8.64768263e-03 
 6.30957344e+07 -4.12380779e+01  8.67153743e-03 
 6.38263486e+07 -4.12134441e+01  8.69616543e-03 
 6.45654229e+07 -4.11881197e+01  8.72155682e-03 
 6.53130553e+07 -4.11621223e+01  8.74770008e-03 
 6.60693448e+07 -4.11354712e+01  8.77458202e-03 
 6.68343918e+07 -4.11081874e+01  8.80218783e-03 
 6.76082975e+07 -4.10802930e+01  8.83050114e-03 
 6.83911647e+07 -4.10518118e+01  8.85950399e-03 
 6.91830971e+07 -4.10227690e+01  8.88917696e-03 
 6.99841996e+07 -4.09931906e+01  8.91949915e-03 
 7.07945784e+07 -4.09631043e+01  8.95044827e-03 
 7.16143410e+07 -4.09325383e+01  8.98200072e-03 
 7.24435960e+07 -4.09015221e+01  9.01413158e-03 
 7.32824533e+07 -4.08700860e+01  9.04681478e-03 
 7.41310241e+07 -4.08382610e+01  9.08002305e-03 
 7.49894209e+07 -4.08060787e+01  9.11372809e-03 
 7.58577575e+07 -4.07735712e+01  9.14790061e-03 
 7.67361489e+07 -4.07407715e+01  9.18251037e-03 
 7.76247117e+07 -4.07077123e+01  9.21752628e-03 
 7.85235635e+07 -4.06744271e+01  9.25291652e-03 
 7.94328235e+07 -4.06409494e+01  9.28864853e-03 
 8.03526122e+07 -4.06073127e+01  9.32468919e-03 
 8.12830516e+07 -4.05735506e+01  9.36100480e-03 
 8.22242650e+07 -4.05396967e+01  9.39756123e-03 
 8.31763771e+07 -4.05057843e+01  9.43432396e-03 
 8.41395142e+07 -4.04718465e+01  9.47125817e-03 
 8.51138038e+07 -4.04379161e+01  9.50832884e-03 
 8.60993752e+07 -4.04040257e+01  9.54550077e-03 
 8.70963590e+07 -4.03702070e+01  9.58273873e-03 
 8.81048873e+07 -4.03364918e+01  9.62000743e-03 
 8.91250938e+07 -4.03029110e+01  9.65727172e-03 
 9.01571138e+07 -4.02694948e+01  9.69449653e-03 
 9.12010839e+07 -4.02362730e+01  9.73164707e-03 
 9.22571427e+07 -4.02032746e+01  9.76868875e-03 
 9.33254301e+07 -4.01705277e+01  9.80558738e-03 
 9.44060876e+07 -4.01380600e+01  9.84230914e-03 
 9.54992586e+07 -4.01058979e+01  9.87882070e-03 
 9.66050879e+07 -4.00740675e+01  9.91508919e-03 
 9.77237221e+07 -4.00425936e+01  9.95108237e-03 
 9.88553095e+07 -4.00115002e+01  9.98676862e-03 
 1.00000000e+08 -3.99808107e+01  1.00221169e-02 
 1.01157945e+08 -3.99505472e+01  1.00570971e-02 
 1.02329299e+08 -3.99207310e+01  1.00916796e-02 
 1.03514217e+08 -3.98913825e+01  1.01258357e-02 
 1.04712855e+08 -3.98625211e+01  1.01595376e-02 
 1.05925373e+08 -3.98341654e+01  1.01927584e-02 
 1.07151931e+08 -3.98063328e+01  1.02254720e-02 
 1.08392691e+08 -3.97790398e+01  1.02576531e-02 
 1.09647820e+08 -3.97523021e+01  1.02892778e-02 
 1.10917482e+08 -3.97261344e+01  1.03203228e-02 
 1.12201845e+08 -3.97005502e+01  1.03507660e-02 
 1.13501082e+08 -3.96755625e+01  1.03805861e-02 
 1.14815362e+08 -3.96511829e+01  1.04097633e-02 
 1.16144861e+08 -3.96274225e+01  1.04382783e-02 
 1.17489755e+08 -3.96042913e+01  1.04661134e-02 
 1.18850223e+08 -3.95817982e+01  1.04932516e-02 
 1.20226443e+08 -3.95599517e+01  1.05196772e-02 
 1.21618600e+08 -3.95387590e+01  1.05453756e-02 
 1.23026877e+08 -3.95182266e+01  1.05703330e-02 
 1.24451461e+08 -3.94983602e+01  1.05945372e-02 
 1.25892541e+08 -3.94791647e+01  1.06179766e-02 
 1.27350308e+08 -3.94606441e+01  1.06406411e-02 
 1.28824955e+08 -3.94428016e+01  1.06625215e-02 
 1.30316678e+08 -3.94256399e+01  1.06836095e-02 
 1.31825674e+08 -3.94091605e+01  1.07038983e-02 
 1.33352143e+08 -3.93933646e+01  1.07233818e-02 
 1.34896288e+08 -3.93782526e+01  1.07420550e-02 
 1.36458314e+08 -3.93638239e+01  1.07599141e-02 
 1.38038426e+08 -3.93500776e+01  1.07769562e-02 
 1.39636836e+08 -3.93370120e+01  1.07931794e-02 
 1.41253754e+08 -3.93246249e+01  1.08085828e-02 
 1.42889396e+08 -3.93129132e+01  1.08231665e-02 
 1.44543977e+08 -3.93018736e+01  1.08369313e-02 
 1.46217717e+08 -3.92915019e+01  1.08498793e-02 
 1.47910839e+08 -3.92817935e+01  1.08620131e-02 
 1.49623566e+08 -3.92727434e+01  1.08733365e-02 
 1.51356125e+08 -3.92643459e+01  1.08838540e-02 
 1.53108746e+08 -3.92565948e+01  1.08935708e-02 
 1.54881662e+08 -3.92494837e+01  1.09024930e-02 
 1.56675107e+08 -3.92430054e+01  1.09106275e-02 
 1.58489319e+08 -3.92371526e+01  1.09179819e-02 
 1.60324539e+08 -3.92319175e+01  1.09245644e-02 
 1.62181010e+08 -3.92272917e+01  1.09303839e-02 
 1.64058977e+08 -3.92232667e+01  1.09354501e-02 
 1.65958691e+08 -3.92198337e+01  1.09397732e-02 
 1.67880402e+08 -3.92169832e+01  1.09433638e-02 
 1.69824365e+08 -3.92147059e+01  1.09462334e-02 
 1.71790839e+08 -3.92129918e+01  1.09483938e-02 
 1.73780083e+08 -3.92118308e+01  1.09498573e-02 
 1.75792361e+08 -3.92112126e+01  1.09506367e-02 
 1.77827941e+08 -3.92111265e+01  1.09507452e-02 
 1.79887092e+08 -3.92115619e+01  1.09501964e-02 
 1.81970086e+08 -3.92125075e+01  1.09490042e-02 
 1.84077200e+08 -3.92139524e+01  1.09471831e-02 
 1.86208714e+08 -3.92158850e+01  1.09447475e-02 
 1.88364909e+08 -3.92182940e+01  1.09417125e-02 
 1.90546072e+08 -3.92211677e+01  1.09380931e-02 
 1.92752491e+08 -3.92244944e+01  1.09339046e-02 
 1.94984460e+08 -3.92282621e+01  1.09291628e-02 
 1.97242274e+08 -3.92324591e+01  1.09238831e-02 
 1.99526231e+08 -3.92370732e+01  1.09180817e-02 
 2.01836636e+08 -3.92420925e+01  1.09117743e-02 
 2.04173794e+08 -3.92475049e+01  1.09049770e-02 
 2.06538016e+08 -3.92532982e+01  1.08977060e-02 
 2.08929613e+08 -3.92594603e+01  1.08899775e-02 
 2.11348904e+08 -3.92659792e+01  1.08818076e-02 
 2.13796209e+08 -3.92728425e+01  1.08732124e-02 
 2.16271852e+08 -3.92800384e+01  1.08642082e-02 
 2.18776162e+08 -3.92875547e+01  1.08548110e-02 
 2.21309471e+08 -3.92953793e+01  1.08450369e-02 
 2.23872114e+08 -3.93035005e+01  1.08349017e-02 
 2.26464431e+08 -3.93119062e+01  1.08244214e-02 
 2.29086765e+08 -3.93205847e+01  1.08136116e-02 
 2.31739465e+08 -3.93295243e+01  1.08024879e-02 
 2.34422882e+08 -3.93387133e+01  1.07910657e-02 
 2.37137371e+08 -3.93481403e+01  1.07793602e-02 
 2.39883292e+08 -3.93577938e+01  1.07673866e-02 
 2.42661010e+08 -3.93676627e+01  1.07551597e-02 
 2.45470892e+08 -3.93777358e+01  1.07426941e-02 
 2.48313311e+08 -3.93880021e+01  1.07300042e-02 
 2.51188643e+08 -3.93984508e+01  1.07171043e-02 
 2.54097271e+08 -3.94090712e+01  1.07040083e-02 
 2.57039578e+08 -3.94198528e+01  1.06907299e-02 
 2.60015956e+08 -3.94307853e+01  1.06772826e-02 
 2.63026799e+08 -3.94418584e+01  1.06636794e-02 
 2.66072506e+08 -3.94530622e+01  1.06499333e-02 
 2.69153480e+08 -3.94643869e+01  1.06360570e-02 
 2.72270131e+08 -3.94758228e+01  1.06220626e-02 
 2.75422870e+08 -3.94873606e+01  1.06079624e-02 
 2.78612117e+08 -3.94989909e+01  1.05937679e-02 
 2.81838293e+08 -3.95107048e+01  1.05794906e-02 
 2.85101827e+08 -3.95224934e+01  1.05651417e-02 
 2.88403150e+08 -3.95343482e+01  1.05507320e-02 
 2.91742701e+08 -3.95462605e+01  1.05362720e-02 
 2.95120923e+08 -3.95582224e+01  1.05217719e-02 
 2.98538262e+08 -3.95702257e+01  1.05072415e-02 
 3.01995172e+08 -3.95822627e+01  1.04926906e-02 
 3.05492111e+08 -3.95943258e+01  1.04781283e-02 
 3.09029543e+08 -3.96064076e+01  1.04635636e-02 
 3.12607937e+08 -3.96185011e+01  1.04490052e-02 
 3.16227766e+08 -3.96305992e+01  1.04344615e-02 
 3.19889511e+08 -3.96426953e+01  1.04199405e-02 
 3.23593657e+08 -3.96547828e+01  1.04054499e-02 
 3.27340695e+08 -3.96668555e+01  1.03909972e-02 
 3.31131121e+08 -3.96789072e+01  1.03765896e-02 
 3.34965439e+08 -3.96909322e+01  1.03622338e-02 
 3.38844156e+08 -3.97029248e+01  1.03479366e-02 
 3.42767787e+08 -3.97148795e+01  1.03337042e-02 
 3.46736850e+08 -3.97267911e+01  1.03195426e-02 
 3.50751874e+08 -3.97386545e+01  1.03054575e-02 
 3.54813389e+08 -3.97504649e+01  1.02914544e-02 
 3.58921935e+08 -3.97622178e+01  1.02775385e-02 
 3.63078055e+08 -3.97739086e+01  1.02637147e-02 
 3.67282300e+08 -3.97855331e+01  1.02499877e-02 
 3.71535229e+08 -3.97970873e+01  1.02363620e-02 
 3.75837404e+08 -3.98085673e+01  1.02228417e-02 
 3.80189396e+08 -3.98199695e+01  1.02094307e-02 
 3.84591782e+08 -3.98312903e+01  1.01961329e-02 
 3.89045145e+08 -3.98425264e+01  1.01829516e-02 
 3.93550075e+08 -3.98536748e+01  1.01698901e-02 
 3.98107171e+08 -3.98647325e+01  1.01569514e-02 
 4.02717034e+08 -3.98756966e+01  1.01441385e-02 
 4.07380278e+08 -3.98865646e+01  1.01314538e-02 
 4.12097519e+08 -3.98973340e+01  1.01189000e-02 
 4.16869383e+08 -3.99080024e+01  1.01064790e-02 
 4.21696503e+08 -3.99185678e+01  1.00941931e-02 
 4.26579519e+08 -3.99290281e+01  1.00820441e-02 
 4.31519077e+08 -3.99393815e+01  1.00700337e-02 
 4.36515832e+08 -3.99496263e+01  1.00581633e-02 
 4.41570447e+08 -3.99597609e+01  1.00464344e-02 
 4.46683592e+08 -3.99697839e+01  1.00348481e-02 
 4.51855944e+08 -3.99796940e+01  1.00234055e-02 
 4.57088190e+08 -3.99894899e+01  1.00121075e-02 
 4.62381021e+08 -3.99991707e+01  1.00009548e-02 
 4.67735141e+08 -4.00087354e+01  9.98994811e-03 
 4.73151259e+08 -4.00181831e+01  9.97908781e-03 
 4.78630092e+08 -4.00275133e+01  9.96837431e-03 
 4.84172368e+08 -4.00367252e+01  9.95780783e-03 
 4.89778819e+08 -4.00458184e+01  9.94738852e-03 
 4.95450191e+08 -4.00547925e+01  9.93711638e-03 
 5.01187234e+08 -4.00636472e+01  9.92699132e-03 
 5.06990708e+08 -4.00723822e+01  9.91701316e-03 
 5.12861384e+08 -4.00809975e+01  9.90718159e-03 
 5.18800039e+08 -4.00894931e+01  9.89749624e-03 
 5.24807460e+08 -4.00978689e+01  9.88795664e-03 
 5.30884444e+08 -4.01061252e+01  9.87856224e-03 
 5.37031796e+08 -4.01142621e+01  9.86931242e-03 
 5.43250331e+08 -4.01222798e+01  9.86020646e-03 
 5.49540874e+08 -4.01301788e+01  9.85124360e-03 
 5.55904257e+08 -4.01379595e+01  9.84242299e-03 
 5.62341325e+08 -4.01456223e+01  9.83374373e-03 
 5.68852931e+08 -4.01531677e+01  9.82520486e-03 
 5.75439937e+08 -4.01605964e+01  9.81680536e-03 
 5.82103218e+08 -4.01679090e+01  9.80854415e-03 
 5.88843655e+08 -4.01751061e+01  9.80042012e-03 
 5.95662144e+08 -4.01821886e+01  9.79243211e-03 
 6.02559586e+08 -4.01891572e+01  9.78457890e-03 
 6.09536897e+08 -4.01960127e+01  9.77685925e-03 
 6.16595002e+08 -4.02027561e+01  9.76927187e-03 
 6.23734835e+08 -4.02093881e+01  9.76181545e-03 
 6.30957344e+08 -4.02159099e+01  9.75448864e-03 
 6.38263486e+08 -4.02223222e+01  9.74729006e-03 
 6.45654229e+08 -4.02286262e+01  9.74021830e-03 
 6.53130553e+08 -4.02348228e+01  9.73327195e-03 
 6.60693448e+08 -4.02409132e+01  9.72644955e-03 
 6.68343918e+08 -4.02468984e+01  9.71974964e-03 
 6.76082975e+08 -4.02527796e+01  9.71317072e-03 
 6.83911647e+08 -4.02585577e+01  9.70671132e-03 
 6.91830971e+08 -4.02642341e+01  9.70036990e-03 
 6.99841996e+08 -4.02698098e+01  9.69414495e-03 
 7.07945784e+08 -4.02752861e+01  9.68803493e-03 
 7.16143410e+08 -4.02806641e+01  9.68203831e-03 
 7.24435960e+08 -4.02859450e+01  9.67615354e-03 
 7.32824533e+08 -4.02911300e+01  9.67037907e-03 
 7.41310241e+08 -4.02962205e+01  9.66471334e-03 
 7.49894209e+08 -4.03012175e+01  9.65915480e-03 
 7.58577575e+08 -4.03061223e+01  9.65370190e-03 
 7.67361489e+08 -4.03109362e+01  9.64835308e-03 
 7.76247117e+08 -4.03156605e+01  9.64310679e-03 
 7.85235635e+08 -4.03202963e+01  9.63796147e-03 
 7.94328235e+08 -4.03248449e+01  9.63291559e-03 
 8.03526122e+08 -4.03293076e+01  9.62796761e-03 
 8.12830516e+08 -4.03336856e+01  9.62311599e-03 
 8.22242650e+08 -4.03379802e+01  9.61835921e-03 
 8.31763771e+08 -4.03421925e+01  9.61369575e-03 
 8.41395142e+08 -4.03463240e+01  9.60912410e-03 
 8.51138038e+08 -4.03503757e+01  9.60464276e-03 
 8.60993752e+08 -4.03543489e+01  9.60025025e-03 
 8.70963590e+08 -4.03582449e+01  9.59594509e-03 
 8.81048873e+08 -4.03620649e+01  9.59172581e-03 
 8.91250938e+08 -4.03658101e+01  9.58759096e-03 
 9.01571138e+08 -4.03694816e+01  9.58353910e-03 
 9.12010839e+08 -4.03730808e+01  9.57956880e-03 
 9.22571427e+08 -4.03766087e+01  9.57567864e-03 
 9.33254301e+08 -4.03800667e+01  9.57186723e-03 
 9.44060876e+08 -4.03834558e+01  9.56813318e-03 
 9.54992586e+08 -4.03867772e+01  9.56447512e-03 
 9.66050879e+08 -4.03900320e+01  9.56089170e-03 
 9.77237221e+08 -4.03932215e+01  9.55738157e-03 
 9.88553095e+08 -4.03963467e+01  9.55394341e-03 
 1.00000000e+09 -4.03994088e+01  9.55057591e-03 
