 1.00000000e+00 -1.31555390e+01  2.19898897e-01 
 1.01157945e+00 -1.31555407e+01  2.19898853e-01 
 1.02329299e+00 -1.31555425e+01  2.19898808e-01 
 1.03514217e+00 -1.31555443e+01  2.19898762e-01 
 1.04712855e+00 -1.31555462e+01  2.19898715e-01 
 1.05925373e+00 -1.31555481e+01  2.19898666e-01 
 1.07151931e+00 -1.31555500e+01  2.19898617e-01 
 1.08392691e+00 -1.31555520e+01  2.19898566e-01 
 1.09647820e+00 -1.31555541e+01  2.19898514e-01 
 1.10917482e+00 -1.31555562e+01  2.19898461e-01 
 1.12201845e+00 -1.31555583e+01  2.19898407e-01 
 1.13501082e+00 -1.31555605e+01  2.19898352e-01 
 1.14815362e+00 -1.31555628e+01  2.19898295e-01 
 1.16144861e+00 -1.31555651e+01  2.19898237e-01 
 1.17489755e+00 -1.31555674e+01  2.19898177e-01 
 1.18850223e+00 -1.31555698e+01  2.19898116e-01 
 1.20226443e+00 -1.31555723e+01  2.19898054e-01 
 1.21618600e+00 -1.31555748e+01  2.19897990e-01 
 1.23026877e+00 -1.31555774e+01  2.19897925e-01 
 1.24451461e+00 -1.31555800e+01  2.19897858e-01 
 1.25892541e+00 -1.31555827e+01  2.19897790e-01 
 1.27350308e+00 -1.31555855e+01  2.19897720e-01 
 1.28824955e+00 -1.31555883e+01  2.19897649e-01 
 1.30316678e+00 -1.31555912e+01  2.19897576e-01 
 1.31825674e+00 -1.31555941e+01  2.19897501e-01 
 1.33352143e+00 -1.31555972e+01  2.19897424e-01 
 1.34896288e+00 -1.31556003e+01  2.19897346e-01 
 1.36458314e+00 -1.31556034e+01  2.19897265e-01 
 1.38038426e+00 -1.31556067e+01  2.19897183e-01 
 1.39636836e+00 -1.31556100e+01  2.19897099e-01 
 1.41253754e+00 -1.31556134e+01  2.19897013e-01 
 1.42889396e+00 -1.31556169e+01  2.19896925e-01 
 1.44543977e+00 -1.31556204e+01  2.19896835e-01 
 1.46217717e+00 -1.31556240e+01  2.19896743e-01 
 1.47910839e+00 -1.31556278e+01  2.19896649e-01 
 1.49623566e+00 -1.31556316e+01  2.19896553e-01 
 1.51356125e+00 -1.31556355e+01  2.19896454e-01 
 1.53108746e+00 -1.31556395e+01  2.19896353e-01 
 1.54881662e+00 -1.31556436e+01  2.19896250e-01 
 1.56675107e+00 -1.31556477e+01  2.19896144e-01 
 1.58489319e+00 -1.31556520e+01  2.19896036e-01 
 1.60324539e+00 -1.31556564e+01  2.19895925e-01 
 1.62181010e+00 -1.31556609e+01  2.19895812e-01 
 1.64058977e+00 -1.31556654e+01  2.19895696e-01 
 1.65958691e+00 -1.31556701e+01  2.19895577e-01 
 1.67880402e+00 -1.31556749e+01  2.19895456e-01 
 1.69824365e+00 -1.31556798e+01  2.19895331e-01 
 1.71790839e+00 -1.31556848e+01  2.19895204e-01 
 1.73780083e+00 -1.31556900e+01  2.19895074e-01 
 1.75792361e+00 -1.31556952e+01  2.19894941e-01 
 1.77827941e+00 -1.31557006e+01  2.19894805e-01 
 1.79887092e+00 -1.31557061e+01  2.19894665e-01 
 1.81970086e+00 -1.31557118e+01  2.19894523e-01 
 1.84077200e+00 -1.31557175e+01  2.19894377e-01 
 1.86208714e+00 -1.31557234e+01  2.19894227e-01 
 1.88364909e+00 -1.31557295e+01  2.19894074e-01 
 1.90546072e+00 -1.31557357e+01  2.19893918e-01 
 1.92752491e+00 -1.31557420e+01  2.19893758e-01 
 1.94984460e+00 -1.31557484e+01  2.19893594e-01 
 1.97242274e+00 -1.31557551e+01  2.19893426e-01 
 1.99526231e+00 -1.31557618e+01  2.19893255e-01 
 2.01836636e+00 -1.31557688e+01  2.19893079e-01 
 2.04173794e+00 -1.31557759e+01  2.19892900e-01 
 2.06538016e+00 -1.31557831e+01  2.19892716e-01 
 2.08929613e+00 -1.31557906e+01  2.19892528e-01 
 2.11348904e+00 -1.31557982e+01  2.19892336e-01 
 2.13796209e+00 -1.31558059e+01  2.19892139e-01 
 2.16271852e+00 -1.31558139e+01  2.19891937e-01 
 2.18776162e+00 -1.31558220e+01  2.19891731e-01 
 2.21309471e+00 -1.31558304e+01  2.19891520e-01 
 2.23872114e+00 -1.31558389e+01  2.19891304e-01 
 2.26464431e+00 -1.31558476e+01  2.19891083e-01 
 2.29086765e+00 -1.31558566e+01  2.19890857e-01 
 2.31739465e+00 -1.31558657e+01  2.19890626e-01 
 2.34422882e+00 -1.31558751e+01  2.19890389e-01 
 2.37137371e+00 -1.31558846e+01  2.19890147e-01 
 2.39883292e+00 -1.31558944e+01  2.19889899e-01 
 2.42661010e+00 -1.31559044e+01  2.19889645e-01 
 2.45470892e+00 -1.31559147e+01  2.19889386e-01 
 2.48313311e+00 -1.31559252e+01  2.19889120e-01 
 2.51188643e+00 -1.31559359e+01  2.19888848e-01 
 2.54097271e+00 -1.31559469e+01  2.19888570e-01 
 2.57039578e+00 -1.31559581e+01  2.19888285e-01 
 2.60015956e+00 -1.31559696e+01  2.19887994e-01 
 2.63026799e+00 -1.31559814e+01  2.19887696e-01 
 2.66072506e+00 -1.31559935e+01  2.19887391e-01 
 2.69153480e+00 -1.31560058e+01  2.19887079e-01 
 2.72270131e+00 -1.31560184e+01  2.19886760e-01 
 2.75422870e+00 -1.31560313e+01  2.19886433e-01 
 2.78612117e+00 -1.31560445e+01  2.19886099e-01 
 2.81838293e+00 -1.31560580e+01  2.19885756e-01 
 2.85101827e+00 -1.31560719e+01  2.19885406e-01 
 2.88403150e+00 -1.31560860e+01  2.19885048e-01 
 2.91742701e+00 -1.31561005e+01  2.19884681e-01 
 2.95120923e+00 -1.31561153e+01  2.19884306e-01 
 2.98538262e+00 -1.31561305e+01  2.19883922e-01 
 3.01995172e+00 -1.31561460e+01  2.19883529e-01 
 3.05492111e+00 -1.31561619e+01  2.19883127e-01 
 3.09029543e+00 -1.31561781e+01  2.19882716e-01 
 3.12607937e+00 -1.31561948e+01  2.19882295e-01 
 3.16227766e+00 -1.31562118e+01  2.19881864e-01 
 3.19889511e+00 -1.31562292e+01  2.19881424e-01 
 3.23593657e+00 -1.31562470e+01  2.19880973e-01 
 3.27340695e+00 -1.31562652e+01  2.19880511e-01 
 3.31131121e+00 -1.31562839e+01  2.19880039e-01 
 3.34965439e+00 -1.31563030e+01  2.19879555e-01 
 3.38844156e+00 -1.31563225e+01  2.19879061e-01 
 3.42767787e+00 -1.31563425e+01  2.19878555e-01 
 3.46736850e+00 -1.31563630e+01  2.19878037e-01 
 3.50751874e+00 -1.31563839e+01  2.19877507e-01 
 3.54813389e+00 -1.31564053e+01  2.19876965e-01 
 3.58921935e+00 -1.31564273e+01  2.19876410e-01 
 3.63078055e+00 -1.31564497e+01  2.19875842e-01 
 3.67282300e+00 -1.31564726e+01  2.19875261e-01 
 3.71535229e+00 -1.31564961e+01  2.19874667e-01 
 3.75837404e+00 -1.31565202e+01  2.19874058e-01 
 3.80189396e+00 -1.31565447e+01  2.19873436e-01 
 3.84591782e+00 -1.31565699e+01  2.19872799e-01 
 3.89045145e+00 -1.31565957e+01  2.19872147e-01 
 3.93550075e+00 -1.31566220e+01  2.19871480e-01 
 3.98107171e+00 -1.31566490e+01  2.19870797e-01 
 4.02717034e+00 -1.31566766e+01  2.19870099e-01 
 4.07380278e+00 -1.31567048e+01  2.19869384e-01 
 4.12097519e+00 -1.31567337e+01  2.19868653e-01 
 4.16869383e+00 -1.31567633e+01  2.19867904e-01 
 4.21696503e+00 -1.31567935e+01  2.19867138e-01 
 4.26579519e+00 -1.31568245e+01  2.19866355e-01 
 4.31519077e+00 -1.31568562e+01  2.19865553e-01 
 4.36515832e+00 -1.31568886e+01  2.19864732e-01 
 4.41570447e+00 -1.31569218e+01  2.19863892e-01 
 4.46683592e+00 -1.31569557e+01  2.19863033e-01 
 4.51855944e+00 -1.31569904e+01  2.19862154e-01 
 4.57088190e+00 -1.31570260e+01  2.19861254e-01 
 4.62381021e+00 -1.31570623e+01  2.19860334e-01 
 4.67735141e+00 -1.31570996e+01  2.19859391e-01 
 4.73151259e+00 -1.31571377e+01  2.19858427e-01 
 4.78630092e+00 -1.31571766e+01  2.19857441e-01 
 4.84172368e+00 -1.31572165e+01  2.19856432e-01 
 4.89778819e+00 -1.31572573e+01  2.19855399e-01 
 4.95450191e+00 -1.31572991e+01  2.19854342e-01 
 5.01187234e+00 -1.31573418e+01  2.19853260e-01 
 5.06990708e+00 -1.31573855e+01  2.19852153e-01 
 5.12861384e+00 -1.31574303e+01  2.19851021e-01 
 5.18800039e+00 -1.31574761e+01  2.19849862e-01 
 5.24807460e+00 -1.31575229e+01  2.19848676e-01 
 5.30884444e+00 -1.31575708e+01  2.19847463e-01 
 5.37031796e+00 -1.31576199e+01  2.19846221e-01 
 5.43250331e+00 -1.31576701e+01  2.19844950e-01 
 5.49540874e+00 -1.31577215e+01  2.19843650e-01 
 5.55904257e+00 -1.31577740e+01  2.19842320e-01 
 5.62341325e+00 -1.31578278e+01  2.19840958e-01 
 5.68852931e+00 -1.31578829e+01  2.19839565e-01 
 5.75439937e+00 -1.31579392e+01  2.19838140e-01 
 5.82103218e+00 -1.31579968e+01  2.19836681e-01 
 5.88843655e+00 -1.31580558e+01  2.19835189e-01 
 5.95662144e+00 -1.31581161e+01  2.19833661e-01 
 6.02559586e+00 -1.31581779e+01  2.19832098e-01 
 6.09536897e+00 -1.31582411e+01  2.19830499e-01 
 6.16595002e+00 -1.31583057e+01  2.19828863e-01 
 6.23734835e+00 -1.31583719e+01  2.19827188e-01 
 6.30957344e+00 -1.31584396e+01  2.19825475e-01 
 6.38263486e+00 -1.31585089e+01  2.19823721e-01 
 6.45654229e+00 -1.31585798e+01  2.19821927e-01 
 6.53130553e+00 -1.31586523e+01  2.19820091e-01 
 6.60693448e+00 -1.31587266e+01  2.19818212e-01 
 6.68343918e+00 -1.31588025e+01  2.19816290e-01 
 6.76082975e+00 -1.31588803e+01  2.19814323e-01 
 6.83911647e+00 -1.31589598e+01  2.19812310e-01 
 6.91830971e+00 -1.31590412e+01  2.19810250e-01 
 6.99841996e+00 -1.31591245e+01  2.19808143e-01 
 7.07945784e+00 -1.31592097e+01  2.19805986e-01 
 7.16143410e+00 -1.31592969e+01  2.19803779e-01 
 7.24435960e+00 -1.31593861e+01  2.19801521e-01 
 7.32824533e+00 -1.31594774e+01  2.19799211e-01 
 7.41310241e+00 -1.31595709e+01  2.19796846e-01 
 7.49894209e+00 -1.31596665e+01  2.19794427e-01 
 7.58577575e+00 -1.31597643e+01  2.19791951e-01 
 7.67361489e+00 -1.31598644e+01  2.19789418e-01 
 7.76247117e+00 -1.31599669e+01  2.19786826e-01 
 7.85235635e+00 -1.31600717e+01  2.19784173e-01 
 7.94328235e+00 -1.31601790e+01  2.19781459e-01 
 8.03526122e+00 -1.31602887e+01  2.19778682e-01 
 8.12830516e+00 -1.31604010e+01  2.19775840e-01 
 8.22242650e+00 -1.31605160e+01  2.19772932e-01 
 8.31763771e+00 -1.31606336e+01  2.19769956e-01 
 8.41395142e+00 -1.31607539e+01  2.19766912e-01 
 8.51138038e+00 -1.31608770e+01  2.19763796e-01 
 8.60993752e+00 -1.31610030e+01  2.19760608e-01 
 8.70963590e+00 -1.31611320e+01  2.19757346e-01 
 8.81048873e+00 -1.31612639e+01  2.19754008e-01 
 8.91250938e+00 -1.31613989e+01  2.19750593e-01 
 9.01571138e+00 -1.31615370e+01  2.19747098e-01 
 9.12010839e+00 -1.31616784e+01  2.19743522e-01 
 9.22571427e+00 -1.31618230e+01  2.19739863e-01 
 9.33254301e+00 -1.31619710e+01  2.19736118e-01 
 9.44060876e+00 -1.31621225e+01  2.19732287e-01 
 9.54992586e+00 -1.31622775e+01  2.19728367e-01 
 9.66050879e+00 -1.31624360e+01  2.19724355e-01 
 9.77237221e+00 -1.31625983e+01  2.19720251e-01 
 9.88553095e+00 -1.31627643e+01  2.19716051e-01 
 1.00000000e+01 -1.31629342e+01  2.19711753e-01 
 1.01157945e+01 -1.31631081e+01  2.19707356e-01 
 1.02329299e+01 -1.31632859e+01  2.19702856e-01 
 1.03514217e+01 -1.31634680e+01  2.19698252e-01 
 1.04712855e+01 -1.31636542e+01  2.19693541e-01 
 1.05925373e+01 -1.31638448e+01  2.19688720e-01 
 1.07151931e+01 -1.31640398e+01  2.19683788e-01 
 1.08392691e+01 -1.31642394e+01  2.19678741e-01 
 1.09647820e+01 -1.31644436e+01  2.19673577e-01 
 1.10917482e+01 -1.31646525e+01  2.19668293e-01 
 1.12201845e+01 -1.31648663e+01  2.19662886e-01 
 1.13501082e+01 -1.31650851e+01  2.19657354e-01 
 1.14815362e+01 -1.31653089e+01  2.19651693e-01 
 1.16144861e+01 -1.31655379e+01  2.19645901e-01 
 1.17489755e+01 -1.31657723e+01  2.19639974e-01 
 1.18850223e+01 -1.31660121e+01  2.19633910e-01 
 1.20226443e+01 -1.31662575e+01  2.19627705e-01 
 1.21618600e+01 -1.31665086e+01  2.19621356e-01 
 1.23026877e+01 -1.31667655e+01  2.19614860e-01 
 1.24451461e+01 -1.31670284e+01  2.19608213e-01 
 1.25892541e+01 -1.31672974e+01  2.19601412e-01 
 1.27350308e+01 -1.31675727e+01  2.19594453e-01 
 1.28824955e+01 -1.31678543e+01  2.19587333e-01 
 1.30316678e+01 -1.31681425e+01  2.19580048e-01 
 1.31825674e+01 -1.31684374e+01  2.19572594e-01 
 1.33352143e+01 -1.31687391e+01  2.19564966e-01 
 1.34896288e+01 -1.31690478e+01  2.19557162e-01 
 1.36458314e+01 -1.31693637e+01  2.19549177e-01 
 1.38038426e+01 -1.31696869e+01  2.19541007e-01 
 1.39636836e+01 -1.31700177e+01  2.19532648e-01 
 1.41253754e+01 -1.31703561e+01  2.19524095e-01 
 1.42889396e+01 -1.31707024e+01  2.19515344e-01 
 1.44543977e+01 -1.31710567e+01  2.19506390e-01 
 1.46217717e+01 -1.31714192e+01  2.19497228e-01 
 1.47910839e+01 -1.31717901e+01  2.19487854e-01 
 1.49623566e+01 -1.31721697e+01  2.19478264e-01 
 1.51356125e+01 -1.31725580e+01  2.19468451e-01 
 1.53108746e+01 -1.31729554e+01  2.19458411e-01 
 1.54881662e+01 -1.31733620e+01  2.19448138e-01 
 1.56675107e+01 -1.31737780e+01  2.19437628e-01 
 1.58489319e+01 -1.31742037e+01  2.19426874e-01 
 1.60324539e+01 -1.31746392e+01  2.19415872e-01 
 1.62181010e+01 -1.31750848e+01  2.19404615e-01 
 1.64058977e+01 -1.31755408e+01  2.19393097e-01 
 1.65958691e+01 -1.31760074e+01  2.19381313e-01 
 1.67880402e+01 -1.31764847e+01  2.19369257e-01 
 1.69824365e+01 -1.31769731e+01  2.19356922e-01 
 1.71790839e+01 -1.31774729e+01  2.19344302e-01 
 1.73780083e+01 -1.31779842e+01  2.19331390e-01 
 1.75792361e+01 -1.31785074e+01  2.19318179e-01 
 1.77827941e+01 -1.31790426e+01  2.19304664e-01 
 1.79887092e+01 -1.31795903e+01  2.19290836e-01 
 1.81970086e+01 -1.31801507e+01  2.19276689e-01 
 1.84077200e+01 -1.31807241e+01  2.19262215e-01 
 1.86208714e+01 -1.31813107e+01  2.19247407e-01 
 1.88364909e+01 -1.31819109e+01  2.19232257e-01 
 1.90546072e+01 -1.31825250e+01  2.19216757e-01 
 1.92752491e+01 -1.31831533e+01  2.19200900e-01 
 1.94984460e+01 -1.31837962e+01  2.19184677e-01 
 1.97242274e+01 -1.31844539e+01  2.19168080e-01 
 1.99526231e+01 -1.31851269e+01  2.19151100e-01 
 2.01836636e+01 -1.31858154e+01  2.19133729e-01 
 2.04173794e+01 -1.31865199e+01  2.19115957e-01 
 2.06538016e+01 -1.31872406e+01  2.19097776e-01 
 2.08929613e+01 -1.31879780e+01  2.19079176e-01 
 2.11348904e+01 -1.31887325e+01  2.19060148e-01 
 2.13796209e+01 -1.31895044e+01  2.19040682e-01 
 2.16271852e+01 -1.31902941e+01  2.19020767e-01 
 2.18776162e+01 -1.31911021e+01  2.19000395e-01 
 2.21309471e+01 -1.31919287e+01  2.18979553e-01 
 2.23872114e+01 -1.31927744e+01  2.18958233e-01 
 2.26464431e+01 -1.31936397e+01  2.18936422e-01 
 2.29086765e+01 -1.31945249e+01  2.18914110e-01 
 2.31739465e+01 -1.31954306e+01  2.18891285e-01 
 2.34422882e+01 -1.31963571e+01  2.18867936e-01 
 2.37137371e+01 -1.31973051e+01  2.18844051e-01 
 2.39883292e+01 -1.31982749e+01  2.18819618e-01 
 2.42661010e+01 -1.31992671e+01  2.18794624e-01 
 2.45470892e+01 -1.32002821e+01  2.18769056e-01 
 2.48313311e+01 -1.32013206e+01  2.18742903e-01 
 2.51188643e+01 -1.32023830e+01  2.18716150e-01 
 2.54097271e+01 -1.32034698e+01  2.18688784e-01 
 2.57039578e+01 -1.32045817e+01  2.18660791e-01 
 2.60015956e+01 -1.32057192e+01  2.18632157e-01 
 2.63026799e+01 -1.32068829e+01  2.18602868e-01 
 2.66072506e+01 -1.32080734e+01  2.18572909e-01 
 2.69153480e+01 -1.32092912e+01  2.18542264e-01 
 2.72270131e+01 -1.32105371e+01  2.18510919e-01 
 2.75422870e+01 -1.32118116e+01  2.18478859e-01 
 2.78612117e+01 -1.32131155e+01  2.18446065e-01 
 2.81838293e+01 -1.32144493e+01  2.18412524e-01 
 2.85101827e+01 -1.32158137e+01  2.18378217e-01 
 2.88403150e+01 -1.32172095e+01  2.18343128e-01 
 2.91742701e+01 -1.32186373e+01  2.18307238e-01 
 2.95120923e+01 -1.32200979e+01  2.18270532e-01 
 2.98538262e+01 -1.32215920e+01  2.18232989e-01 
 3.01995172e+01 -1.32231204e+01  2.18194592e-01 
 3.05492111e+01 -1.32246838e+01  2.18155321e-01 
 3.09029543e+01 -1.32262830e+01  2.18115158e-01 
 3.12607937e+01 -1.32279189e+01  2.18074082e-01 
 3.16227766e+01 -1.32295923e+01  2.18032073e-01 
 3.19889511e+01 -1.32313040e+01  2.17989111e-01 
 3.23593657e+01 -1.32330548e+01  2.17945175e-01 
 3.27340695e+01 -1.32348457e+01  2.17900243e-01 
 3.31131121e+01 -1.32366776e+01  2.17854292e-01 
 3.34965439e+01 -1.32385513e+01  2.17807302e-01 
 3.38844156e+01 -1.32404678e+01  2.17759248e-01 
 3.42767787e+01 -1.32424281e+01  2.17710108e-01 
 3.46736850e+01 -1.32444332e+01  2.17659858e-01 
 3.50751874e+01 -1.32464840e+01  2.17608473e-01 
 3.54813389e+01 -1.32485815e+01  2.17555929e-01 
 3.58921935e+01 -1.32507269e+01  2.17502201e-01 
 3.63078055e+01 -1.32529211e+01  2.17447262e-01 
 3.67282300e+01 -1.32551653e+01  2.17391087e-01 
 3.71535229e+01 -1.32574606e+01  2.17333648e-01 
 3.75837404e+01 -1.32598081e+01  2.17274919e-01 
 3.80189396e+01 -1.32622089e+01  2.17214871e-01 
 3.84591782e+01 -1.32646643e+01  2.17153475e-01 
 3.89045145e+01 -1.32671755e+01  2.17090703e-01 
 3.93550075e+01 -1.32697436e+01  2.17026526e-01 
 3.98107171e+01 -1.32723700e+01  2.16960912e-01 
 4.02717034e+01 -1.32750560e+01  2.16893832e-01 
 4.07380278e+01 -1.32778027e+01  2.16825254e-01 
 4.12097519e+01 -1.32806117e+01  2.16755145e-01 
 4.16869383e+01 -1.32834842e+01  2.16683474e-01 
 4.21696503e+01 -1.32864217e+01  2.16610207e-01 
 4.26579519e+01 -1.32894255e+01  2.16535310e-01 
 4.31519077e+01 -1.32924971e+01  2.16458749e-01 
 4.36515832e+01 -1.32956381e+01  2.16380489e-01 
 4.41570447e+01 -1.32988498e+01  2.16300493e-01 
 4.46683592e+01 -1.33021339e+01  2.16218726e-01 
 4.51855944e+01 -1.33054919e+01  2.16135150e-01 
 4.57088190e+01 -1.33089255e+01  2.16049728e-01 
 4.62381021e+01 -1.33124362e+01  2.15962421e-01 
 4.67735141e+01 -1.33160258e+01  2.15873190e-01 
 4.73151259e+01 -1.33196959e+01  2.15781995e-01 
 4.78630092e+01 -1.33234483e+01  2.15688794e-01 
 4.84172368e+01 -1.33272848e+01  2.15593548e-01 
 4.89778819e+01 -1.33312071e+01  2.15496214e-01 
 4.95450191e+01 -1.33352171e+01  2.15396749e-01 
 5.01187234e+01 -1.33393167e+01  2.15295110e-01 
 5.06990708e+01 -1.33435078e+01  2.15191252e-01 
 5.12861384e+01 -1.33477923e+01  2.15085130e-01 
 5.18800039e+01 -1.33521722e+01  2.14976699e-01 
 5.24807460e+01 -1.33566496e+01  2.14865912e-01 
 5.30884444e+01 -1.33612265e+01  2.14752721e-01 
 5.37031796e+01 -1.33659050e+01  2.14637079e-01 
 5.43250331e+01 -1.33706873e+01  2.14518936e-01 
 5.49540874e+01 -1.33755756e+01  2.14398243e-01 
 5.55904257e+01 -1.33805720e+01  2.14274949e-01 
 5.62341325e+01 -1.33856788e+01  2.14149003e-01 
 5.68852931e+01 -1.33908984e+01  2.14020354e-01 
 5.75439937e+01 -1.33962331e+01  2.13888947e-01 
 5.82103218e+01 -1.34016853e+01  2.13754730e-01 
 5.88843655e+01 -1.34072574e+01  2.13617648e-01 
 5.95662144e+01 -1.34129519e+01  2.13477645e-01 
 6.02559586e+01 -1.34187714e+01  2.13334666e-01 
 6.09536897e+01 -1.34247183e+01  2.13188654e-01 
 6.16595002e+01 -1.34307953e+01  2.13039550e-01 
 6.23734835e+01 -1.34370051e+01  2.12887297e-01 
 6.30957344e+01 -1.34433503e+01  2.12731834e-01 
 6.38263486e+01 -1.34498338e+01  2.12573103e-01 
 6.45654229e+01 -1.34564582e+01  2.12411041e-01 
 6.53130553e+01 -1.34632266e+01  2.12245588e-01 
 6.60693448e+01 -1.34701417e+01  2.12076680e-01 
 6.68343918e+01 -1.34772064e+01  2.11904255e-01 
 6.76082975e+01 -1.34844239e+01  2.11728248e-01 
 6.83911647e+01 -1.34917971e+01  2.11548595e-01 
 6.91830971e+01 -1.34993291e+01  2.11365230e-01 
 6.99841996e+01 -1.35070230e+01  2.11178086e-01 
 7.07945784e+01 -1.35148821e+01  2.10987097e-01 
 7.16143410e+01 -1.35229095e+01  2.10792194e-01 
 7.24435960e+01 -1.35311086e+01  2.10593310e-01 
 7.32824533e+01 -1.35394827e+01  2.10390375e-01 
 7.41310241e+01 -1.35480351e+01  2.10183319e-01 
 7.49894209e+01 -1.35567694e+01  2.09972071e-01 
 7.58577575e+01 -1.35656889e+01  2.09756561e-01 
 7.67361489e+01 -1.35747973e+01  2.09536717e-01 
 7.76247117e+01 -1.35840981e+01  2.09312466e-01 
 7.85235635e+01 -1.35935950e+01  2.09083735e-01 
 7.94328235e+01 -1.36032917e+01  2.08850451e-01 
 8.03526122e+01 -1.36131918e+01  2.08612539e-01 
 8.12830516e+01 -1.36232993e+01  2.08369926e-01 
 8.22242650e+01 -1.36336179e+01  2.08122535e-01 
 8.31763771e+01 -1.36441515e+01  2.07870292e-01 
 8.41395142e+01 -1.36549041e+01  2.07613120e-01 
 8.51138038e+01 -1.36658796e+01  2.07350944e-01 
 8.60993752e+01 -1.36770822e+01  2.07083687e-01 
 8.70963590e+01 -1.36885159e+01  2.06811272e-01 
 8.81048873e+01 -1.37001848e+01  2.06533621e-01 
 8.91250938e+01 -1.37120932e+01  2.06250657e-01 
 9.01571138e+01 -1.37242452e+01  2.05962303e-01 
 9.12010839e+01 -1.37366452e+01  2.05668480e-01 
 9.22571427e+01 -1.37492975e+01  2.05369112e-01 
 9.33254301e+01 -1.37622065e+01  2.05064119e-01 
 9.44060876e+01 -1.37753765e+01  2.04753425e-01 
 9.54992586e+01 -1.37888121e+01  2.04436952e-01 
 9.66050879e+01 -1.38025177e+01  2.04114621e-01 
 9.77237221e+01 -1.38164980e+01  2.03786355e-01 
 9.88553095e+01 -1.38307574e+01  2.03452077e-01 
 1.00000000e+02 -1.38453007e+01  2.03111711e-01 
 1.01157945e+02 -1.38601325e+01  2.02765178e-01 
 1.02329299e+02 -1.38752576e+01  2.02412403e-01 
 1.03514217e+02 -1.38906806e+01  2.02053311e-01 
 1.04712855e+02 -1.39064063e+01  2.01687825e-01 
 1.05925373e+02 -1.39224397e+01  2.01315872e-01 
 1.07151931e+02 -1.39387854e+01  2.00937378e-01 
 1.08392691e+02 -1.39554484e+01  2.00552268e-01 
 1.09647820e+02 -1.39724337e+01  2.00160472e-01 
 1.10917482e+02 -1.39897461e+01  1.99761917e-01 
 1.12201845e+02 -1.40073906e+01  1.99356533e-01 
 1.13501082e+02 -1.40253721e+01  1.98944251e-01 
 1.14815362e+02 -1.40436958e+01  1.98525003e-01 
 1.16144861e+02 -1.40623666e+01  1.98098721e-01 
 1.17489755e+02 -1.40813895e+01  1.97665340e-01 
 1.18850223e+02 -1.41007697e+01  1.97224796e-01 
 1.20226443e+02 -1.41205122e+01  1.96777025e-01 
 1.21618600e+02 -1.41406220e+01  1.96321968e-01 
 1.23026877e+02 -1.41611044e+01  1.95859563e-01 
 1.24451461e+02 -1.41819643e+01  1.95389754e-01 
 1.25892541e+02 -1.42032068e+01  1.94912485e-01 
 1.27350308e+02 -1.42248372e+01  1.94427701e-01 
 1.28824955e+02 -1.42468604e+01  1.93935351e-01 
 1.30316678e+02 -1.42692816e+01  1.93435385e-01 
 1.31825674e+02 -1.42921058e+01  1.92927755e-01 
 1.33352143e+02 -1.43153382e+01  1.92412416e-01 
 1.34896288e+02 -1.43389837e+01  1.91889325e-01 
 1.36458314e+02 -1.43630475e+01  1.91358441e-01 
 1.38038426e+02 -1.43875345e+01  1.90819728e-01 
 1.39636836e+02 -1.44124498e+01  1.90273150e-01 
 1.41253754e+02 -1.44377984e+01  1.89718674e-01 
 1.42889396e+02 -1.44635851e+01  1.89156271e-01 
 1.44543977e+02 -1.44898149e+01  1.88585915e-01 
 1.46217717e+02 -1.45164927e+01  1.88007582e-01 
 1.47910839e+02 -1.45436233e+01  1.87421251e-01 
 1.49623566e+02 -1.45712115e+01  1.86826907e-01 
 1.51356125e+02 -1.45992621e+01  1.86224533e-01 
 1.53108746e+02 -1.46277797e+01  1.85614122e-01 
 1.54881662e+02 -1.46567690e+01  1.84995664e-01 
 1.56675107e+02 -1.46862346e+01  1.84369157e-01 
 1.58489319e+02 -1.47161810e+01  1.83734601e-01 
 1.60324539e+02 -1.47466126e+01  1.83092000e-01 
 1.62181010e+02 -1.47775339e+01  1.82441361e-01 
 1.64058977e+02 -1.48089492e+01  1.81782696e-01 
 1.65958691e+02 -1.48408627e+01  1.81116020e-01 
 1.67880402e+02 -1.48732786e+01  1.80441352e-01 
 1.69824365e+02 -1.49062009e+01  1.79758715e-01 
 1.71790839e+02 -1.49396338e+01  1.79068136e-01 
 1.73780083e+02 -1.49735810e+01  1.78369647e-01 
 1.75792361e+02 -1.50080464e+01  1.77663282e-01 
 1.77827941e+02 -1.50430337e+01  1.76949083e-01 
 1.79887092e+02 -1.50785466e+01  1.76227091e-01 
 1.81970086e+02 -1.51145885e+01  1.75497355e-01 
 1.84077200e+02 -1.51511629e+01  1.74759928e-01 
 1.86208714e+02 -1.51882730e+01  1.74014865e-01 
 1.88364909e+02 -1.52259221e+01  1.73262228e-01 
 1.90546072e+02 -1.52641133e+01  1.72502080e-01 
 1.92752491e+02 -1.53028494e+01  1.71734492e-01 
 1.94984460e+02 -1.53421334e+01  1.70959537e-01 
 1.97242274e+02 -1.53819678e+01  1.70177292e-01 
 1.99526231e+02 -1.54223554e+01  1.69387839e-01 
 2.01836636e+02 -1.54632986e+01  1.68591265e-01 
 2.04173794e+02 -1.55047997e+01  1.67787659e-01 
 2.06538016e+02 -1.55468608e+01  1.66977117e-01 
 2.08929613e+02 -1.55894841e+01  1.66159737e-01 
 2.11348904e+02 -1.56326714e+01  1.65335620e-01 
 2.13796209e+02 -1.56764245e+01  1.64504875e-01 
 2.16271852e+02 -1.57207451e+01  1.63667611e-01 
 2.18776162e+02 -1.57656346e+01  1.62823943e-01 
 2.21309471e+02 -1.58110944e+01  1.61973990e-01 
 2.23872114e+02 -1.58571256e+01  1.61117872e-01 
 2.26464431e+02 -1.59037294e+01  1.60255717e-01 
 2.29086765e+02 -1.59509066e+01  1.59387652e-01 
 2.31739465e+02 -1.59986579e+01  1.58513811e-01 
 2.34422882e+02 -1.60469839e+01  1.57634330e-01 
 2.37137371e+02 -1.60958852e+01  1.56749348e-01 
 2.39883292e+02 -1.61453619e+01  1.55859007e-01 
 2.42661010e+02 -1.61954142e+01  1.54963454e-01 
 2.45470892e+02 -1.62460422e+01  1.54062837e-01 
 2.48313311e+02 -1.62972456e+01  1.53157307e-01 
 2.51188643e+02 -1.63490241e+01  1.52247019e-01 
 2.54097271e+02 -1.64013772e+01  1.51332128e-01 
 2.57039578e+02 -1.64543044e+01  1.50412794e-01 
 2.60015956e+02 -1.65078048e+01  1.49489179e-01 
 2.63026799e+02 -1.65618776e+01  1.48561447e-01 
 2.66072506e+02 -1.66165216e+01  1.47629762e-01 
 2.69153480e+02 -1.66717357e+01  1.46694292e-01 
 2.72270131e+02 -1.67275184e+01  1.45755207e-01 
 2.75422870e+02 -1.67838683e+01  1.44812678e-01 
 2.78612117e+02 -1.68407837e+01  1.43866876e-01 
 2.81838293e+02 -1.68982628e+01  1.42917977e-01 
 2.85101827e+02 -1.69563037e+01  1.41966154e-01 
 2.88403150e+02 -1.70149042e+01  1.41011583e-01 
 2.91742701e+02 -1.70740622e+01  1.40054442e-01 
 2.95120923e+02 -1.71337754e+01  1.39094908e-01 
 2.98538262e+02 -1.71940412e+01  1.38133158e-01 
 3.01995172e+02 -1.72548571e+01  1.37169371e-01 
 3.05492111e+02 -1.73162202e+01  1.36203726e-01 
 3.09029543e+02 -1.73781279e+01  1.35236402e-01 
 3.12607937e+02 -1.74405770e+01  1.34267577e-01 
 3.16227766e+02 -1.75035645e+01  1.33297430e-01 
 3.19889511e+02 -1.75670871e+01  1.32326140e-01 
 3.23593657e+02 -1.76311417e+01  1.31353884e-01 
 3.27340695e+02 -1.76957246e+01  1.30380839e-01 
 3.31131121e+02 -1.77608324e+01  1.29407182e-01 
 3.34965439e+02 -1.78264615e+01  1.28433088e-01 
 3.38844156e+02 -1.78926081e+01  1.27458733e-01 
 3.42767787e+02 -1.79592683e+01  1.26484289e-01 
 3.46736850e+02 -1.80264383e+01  1.25509929e-01 
 3.50751874e+02 -1.80941140e+01  1.24535824e-01 
 3.54813389e+02 -1.81622914e+01  1.23562142e-01 
 3.58921935e+02 -1.82309662e+01  1.22589053e-01 
 3.63078055e+02 -1.83001342e+01  1.21616721e-01 
 3.67282300e+02 -1.83697911e+01  1.20645310e-01 
 3.71535229e+02 -1.84399324e+01  1.19674984e-01 
 3.75837404e+02 -1.85105537e+01  1.18705902e-01 
 3.80189396e+02 -1.85816505e+01  1.17738223e-01 
 3.84591782e+02 -1.86532180e+01  1.16772102e-01 
 3.89045145e+02 -1.87252518e+01  1.15807693e-01 
 3.93550075e+02 -1.87977471e+01  1.14845146e-01 
 3.98107171e+02 -1.88706991e+01  1.13884612e-01 
 4.02717034e+02 -1.89441030e+01  1.12926235e-01 
 4.07380278e+02 -1.90179540e+01  1.11970160e-01 
 4.12097519e+02 -1.90922472e+01  1.11016527e-01 
 4.16869383e+02 -1.91669777e+01  1.10065475e-01 
 4.21696503e+02 -1.92421406e+01  1.09117139e-01 
 4.26579519e+02 -1.93177307e+01  1.08171652e-01 
 4.31519077e+02 -1.93937432e+01  1.07229144e-01 
 4.36515832e+02 -1.94701731e+01  1.06289740e-01 
 4.41570447e+02 -1.95470152e+01  1.05353566e-01 
 4.46683592e+02 -1.96242644e+01  1.04420743e-01 
 4.51855944e+02 -1.97019159e+01  1.03491387e-01 
 4.57088190e+02 -1.97799643e+01  1.02565614e-01 
 4.62381021e+02 -1.98584047e+01  1.01643536e-01 
 4.67735141e+02 -1.99372319e+01  1.00725262e-01 
 4.73151259e+02 -2.00164409e+01  9.98108967e-02 
 4.78630092e+02 -2.00960264e+01  9.89005434e-02 
 4.84172368e+02 -2.01759836e+01  9.79943014e-02 
 4.89778819e+02 -2.02563072e+01  9.70922672e-02 
 4.95450191e+02 -2.03369921e+01  9.61945340e-02 
 5.01187234e+02 -2.04180333e+01  9.53011920e-02 
 5.06990708e+02 -2.04994258e+01  9.44123285e-02 
 5.12861384e+02 -2.05811645e+01  9.35280274e-02 
 5.18800039e+02 -2.06632444e+01  9.26483698e-02 
 5.24807460e+02 -2.07456604e+01  9.17734336e-02 
 5.30884444e+02 -2.08284076e+01  9.09032939e-02 
 5.37031796e+02 -2.09114810e+01  9.00380224e-02 
 5.43250331e+02 -2.09948758e+01  8.91776883e-02 
 5.49540874e+02 -2.10785869e+01  8.83223575e-02 
 5.55904257e+02 -2.11626096e+01  8.74720932e-02 
 5.62341325e+02 -2.12469390e+01  8.66269556e-02 
 5.68852931e+02 -2.13315702e+01  8.57870020e-02 
 5.75439937e+02 -2.14164985e+01  8.49522871e-02 
 5.82103218e+02 -2.15017192e+01  8.41228624e-02 
 5.88843655e+02 -2.15872275e+01  8.32987772e-02 
 5.95662144e+02 -2.16730188e+01  8.24800777e-02 
 6.02559586e+02 -2.17590884e+01  8.16668075e-02 
 6.09536897e+02 -2.18454319e+01  8.08590077e-02 
 6.16595002e+02 -2.19320445e+01  8.00567167e-02 
 6.23734835e+02 -2.20189219e+01  7.92599704e-02 
 6.30957344e+02 -2.21060595e+01  7.84688023e-02 
 6.38263486e+02 -2.21934530e+01  7.76832432e-02 
 6.45654229e+02 -2.22810980e+01  7.69033219e-02 
 6.53130553e+02 -2.23689901e+01  7.61290644e-02 
 6.60693448e+02 -2.24571252e+01  7.53604947e-02 
 6.68343918e+02 -2.25454989e+01  7.45976346e-02 
 6.76082975e+02 -2.26341070e+01  7.38405033e-02 
 6.83911647e+02 -2.27229455e+01  7.30891183e-02 
 6.91830971e+02 -2.28120103e+01  7.23434947e-02 
 6.99841996e+02 -2.29012973e+01  7.16036456e-02 
 7.07945784e+02 -2.29908025e+01  7.08695823e-02 
 7.16143410e+02 -2.30805221e+01  7.01413137e-02 
 7.24435960e+02 -2.31704520e+01  6.94188472e-02 
 7.32824533e+02 -2.32605886e+01  6.87021882e-02 
 7.41310241e+02 -2.33509280e+01  6.79913403e-02 
 7.49894209e+02 -2.34414664e+01  6.72863052e-02 
 7.58577575e+02 -2.35322002e+01  6.65870831e-02 
 7.67361489e+02 -2.36231257e+01  6.58936725e-02 
 7.76247117e+02 -2.37142395e+01  6.52060700e-02 
 7.85235635e+02 -2.38055379e+01  6.45242710e-02 
 7.94328235e+02 -2.38970174e+01  6.38482693e-02 
 8.03526122e+02 -2.39886747e+01  6.31780570e-02 
 8.12830516e+02 -2.40805063e+01  6.25136250e-02 
 8.22242650e+02 -2.41725090e+01  6.18549627e-02 
 8.31763771e+02 -2.42646794e+01  6.12020583e-02 
 8.41395142e+02 -2.43570144e+01  6.05548985e-02 
 8.51138038e+02 -2.44495107e+01  5.99134689e-02 
 8.60993752e+02 -2.45421652e+01  5.92777538e-02 
 8.70963590e+02 -2.46349749e+01  5.86477365e-02 
 8.81048873e+02 -2.47279367e+01  5.80233990e-02 
 8.91250938e+02 -2.48210476e+01  5.74047223e-02 
 9.01571138e+02 -2.49143047e+01  5.67916863e-02 
 9.12010839e+02 -2.50077051e+01  5.61842700e-02 
 9.22571427e+02 -2.51012461e+01  5.55824514e-02 
 9.33254301e+02 -2.51949247e+01  5.49862075e-02 
 9.44060876e+02 -2.52887382e+01  5.43955146e-02 
 9.54992586e+02 -2.53826840e+01  5.38103479e-02 
 9.66050879e+02 -2.54767594e+01  5.32306819e-02 
 9.77237221e+02 -2.55709618e+01  5.26564905e-02 
 9.88553095e+02 -2.56652886e+01  5.20877465e-02 
 1.00000000e+03 -2.57597374e+01  5.15244224e-02 
 1.01157945e+03 -2.58543056e+01  5.09664896e-02 
 1.02329299e+03 -2.59489908e+01  5.04139193e-02 
 1.03514217e+03 -2.60437906e+01  4.98666817e-02 
 1.04712855e+03 -2.61387027e+01  4.93247466e-02 
 1.05925373e+03 -2.62337249e+01  4.87880833e-02 
 1.07151931e+03 -2.63288547e+01  4.82566604e-02 
 1.08392691e+03 -2.64240901e+01  4.77304462e-02 
 1.09647820e+03 -2.65194288e+01  4.72094084e-02 
 1.10917482e+03 -2.66148688e+01  4.66935144e-02 
 1.12201845e+03 -2.67104078e+01  4.61827309e-02 
 1.13501082e+03 -2.68060439e+01  4.56770247e-02 
 1.14815362e+03 -2.69017750e+01  4.51763617e-02 
 1.16144861e+03 -2.69975991e+01  4.46807078e-02 
 1.17489755e+03 -2.70935144e+01  4.41900285e-02 
 1.18850223e+03 -2.71895188e+01  4.37042890e-02 
 1.20226443e+03 -2.72856106e+01  4.32234543e-02 
 1.21618600e+03 -2.73817878e+01  4.27474889e-02 
 1.23026877e+03 -2.74780488e+01  4.22763575e-02 
 1.24451461e+03 -2.75743916e+01  4.18100242e-02 
 1.25892541e+03 -2.76708147e+01  4.13484531e-02 
 1.27350308e+03 -2.77673162e+01  4.08916080e-02 
 1.28824955e+03 -2.78638946e+01  4.04394529e-02 
 1.30316678e+03 -2.79605481e+01  3.99919512e-02 
 1.31825674e+03 -2.80572753e+01  3.95490664e-02 
 1.33352143e+03 -2.81540745e+01  3.91107620e-02 
 1.34896288e+03 -2.82509441e+01  3.86770013e-02 
 1.36458314e+03 -2.83478827e+01  3.82477474e-02 
 1.38038426e+03 -2.84448889e+01  3.78229637e-02 
 1.39636836e+03 -2.85419611e+01  3.74026132e-02 
 1.41253754e+03 -2.86390979e+01  3.69866592e-02 
 1.42889396e+03 -2.87362980e+01  3.65750646e-02 
 1.44543977e+03 -2.88335599e+01  3.61677926e-02 
 1.46217717e+03 -2.89308824e+01  3.57648064e-02 
 1.47910839e+03 -2.90282642e+01  3.53660692e-02 
 1.49623566e+03 -2.91257039e+01  3.49715440e-02 
 1.51356125e+03 -2.92232003e+01  3.45811943e-02 
 1.53108746e+03 -2.93207521e+01  3.41949831e-02 
 1.54881662e+03 -2.94183583e+01  3.38128741e-02 
 1.56675107e+03 -2.95160175e+01  3.34348305e-02 
 1.58489319e+03 -2.96137287e+01  3.30608159e-02 
 1.60324539e+03 -2.97114906e+01  3.26907940e-02 
 1.62181010e+03 -2.98093023e+01  3.23247285e-02 
 1.64058977e+03 -2.99071625e+01  3.19625833e-02 
 1.65958691e+03 -3.00050704e+01  3.16043223e-02 
 1.67880402e+03 -3.01030247e+01  3.12499097e-02 
 1.69824365e+03 -3.02010245e+01  3.08993097e-02 
 1.71790839e+03 -3.02990688e+01  3.05524866e-02 
 1.73780083e+03 -3.03971566e+01  3.02094051e-02 
 1.75792361e+03 -3.04952869e+01  2.98700297e-02 
 1.77827941e+03 -3.05934589e+01  2.95343255e-02 
 1.79887092e+03 -3.06916715e+01  2.92022573e-02 
 1.81970086e+03 -3.07899240e+01  2.88737904e-02 
 1.84077200e+03 -3.08882154e+01  2.85488902e-02 
 1.86208714e+03 -3.09865448e+01  2.82275222e-02 
 1.88364909e+03 -3.10849115e+01  2.79096522e-02 
 1.90546072e+03 -3.11833146e+01  2.75952460e-02 
 1.92752491e+03 -3.12817533e+01  2.72842699e-02 
 1.94984460e+03 -3.13802267e+01  2.69766902e-02 
 1.97242274e+03 -3.14787342e+01  2.66724733e-02 
 1.99526231e+03 -3.15772750e+01  2.63715861e-02 
 2.01836636e+03 -3.16758483e+01  2.60739955e-02 
 2.04173794e+03 -3.17744534e+01  2.57796687e-02 
 2.06538016e+03 -3.18730896e+01  2.54885730e-02 
 2.08929613e+03 -3.19717562e+01  2.52006761e-02 
 2.11348904e+03 -3.20704525e+01  2.49159457e-02 
 2.13796209e+03 -3.21691779e+01  2.46343500e-02 
 2.16271852e+03 -3.22679316e+01  2.43558571e-02 
 2.18776162e+03 -3.23667132e+01  2.40804356e-02 
 2.21309471e+03 -3.24655219e+01  2.38080543e-02 
 2.23872114e+03 -3.25643572e+01  2.35386820e-02 
 2.26464431e+03 -3.26632184e+01  2.32722879e-02 
 2.29086765e+03 -3.27621049e+01  2.30088416e-02 
 2.31739465e+03 -3.28610163e+01  2.27483126e-02 
 2.34422882e+03 -3.29599518e+01  2.24906708e-02 
 2.37137371e+03 -3.30589111e+01  2.22358863e-02 
 2.39883292e+03 -3.31578935e+01  2.19839296e-02 
 2.42661010e+03 -3.32568985e+01  2.17347712e-02 
 2.45470892e+03 -3.33559257e+01  2.14883820e-02 
 2.48313311e+03 -3.34549744e+01  2.12447331e-02 
 2.51188643e+03 -3.35540443e+01  2.10037957e-02 
 2.54097271e+03 -3.36531348e+01  2.07655414e-02 
 2.57039578e+03 -3.37522455e+01  2.05299421e-02 
 2.60015956e+03 -3.38513759e+01  2.02969697e-02 
 2.63026799e+03 -3.39505256e+01  2.00665966e-02 
 2.66072506e+03 -3.40496941e+01  1.98387953e-02 
 2.69153480e+03 -3.41488810e+01  1.96135384e-02 
 2.72270131e+03 -3.42480858e+01  1.93907991e-02 
 2.75422870e+03 -3.43473083e+01  1.91705506e-02 
 2.78612117e+03 -3.44465479e+01  1.89527663e-02 
 2.81838293e+03 -3.45458042e+01  1.87374199e-02 
 2.85101827e+03 -3.46450769e+01  1.85244854e-02 
 2.88403150e+03 -3.47443657e+01  1.83139371e-02 
 2.91742701e+03 -3.48436700e+01  1.81057492e-02 
 2.95120923e+03 -3.49429896e+01  1.78998964e-02 
 2.98538262e+03 -3.50423242e+01  1.76963537e-02 
 3.01995172e+03 -3.51416733e+01  1.74950962e-02 
 3.05492111e+03 -3.52410367e+01  1.72960992e-02 
 3.09029543e+03 -3.53404139e+01  1.70993383e-02 
 3.12607937e+03 -3.54398048e+01  1.69047893e-02 
 3.16227766e+03 -3.55392088e+01  1.67124283e-02 
 3.19889511e+03 -3.56386259e+01  1.65222316e-02 
 3.23593657e+03 -3.57380556e+01  1.63341757e-02 
 3.27340695e+03 -3.58374976e+01  1.61482372e-02 
 3.31131121e+03 -3.59369517e+01  1.59643932e-02 
 3.34965439e+03 -3.60364174e+01  1.57826211e-02 
 3.38844156e+03 -3.61358947e+01  1.56028978e-02 
 3.42767787e+03 -3.62353833e+01  1.54252011e-02 
 3.46736850e+03 -3.63348828e+01  1.52495089e-02 
 3.50751874e+03 -3.64343930e+01  1.50757993e-02 
 3.54813389e+03 -3.65339137e+01  1.49040506e-02 
 3.58921935e+03 -3.66334445e+01  1.47342412e-02 
 3.63078055e+03 -3.67329853e+01  1.45663498e-02 
 3.67282300e+03 -3.68325358e+01  1.44003554e-02 
 3.71535229e+03 -3.69320957e+01  1.42362372e-02 
 3.75837404e+03 -3.70316649e+01  1.40739744e-02 
 3.80189396e+03 -3.71312430e+01  1.39135467e-02 
 3.84591782e+03 -3.72308300e+01  1.37549337e-02 
 3.89045145e+03 -3.73304255e+01  1.35981155e-02 
 3.93550075e+03 -3.74300294e+01  1.34430722e-02 
 3.98107171e+03 -3.75296414e+01  1.32897842e-02 
 4.02717034e+03 -3.76292614e+01  1.31382321e-02 
 4.07380278e+03 -3.77288891e+01  1.29883967e-02 
 4.12097519e+03 -3.78285244e+01  1.28402589e-02 
 4.16869383e+03 -3.79281670e+01  1.26937999e-02 
 4.21696503e+03 -3.80278168e+01  1.25490012e-02 
 4.26579519e+03 -3.81274736e+01  1.24058441e-02 
 4.31519077e+03 -3.82271372e+01  1.22643106e-02 
 4.36515832e+03 -3.83268074e+01  1.21243825e-02 
 4.41570447e+03 -3.84264841e+01  1.19860420e-02 
 4.46683592e+03 -3.85261671e+01  1.18492714e-02 
 4.51855944e+03 -3.86258562e+01  1.17140532e-02 
 4.57088190e+03 -3.87255512e+01  1.15803701e-02 
 4.62381021e+03 -3.88252521e+01  1.14482050e-02 
 4.67735141e+03 -3.89249586e+01  1.13175409e-02 
 4.73151259e+03 -3.90246705e+01  1.11883611e-02 
 4.78630092e+03 -3.91243878e+01  1.10606489e-02 
 4.84172368e+03 -3.92241103e+01  1.09343881e-02 
 4.89778819e+03 -3.93238378e+01  1.08095623e-02 
 4.95450191e+03 -3.94235703e+01  1.06861554e-02 
 5.01187234e+03 -3.95233074e+01  1.05641517e-02 
 5.06990708e+03 -3.96230492e+01  1.04435353e-02 
 5.12861384e+03 -3.97227953e+01  1.03242909e-02 
 5.18800039e+03 -3.98225460e+01  1.02064028e-02 
 5.24807460e+03 -3.99223008e+01  1.00898558e-02 
 5.30884444e+03 -4.00220597e+01  9.97463506e-03 
 5.37031796e+03 -4.01218226e+01  9.86072556e-03 
 5.43250331e+03 -4.02215893e+01  9.74811259e-03 
 5.49540874e+03 -4.03213597e+01  9.63678159e-03 
 5.55904257e+03 -4.04211337e+01  9.52671814e-03 
 5.62341325e+03 -4.05209111e+01  9.41790799e-03 
 5.68852931e+03 -4.06206920e+01  9.31033702e-03 
 5.75439937e+03 -4.07204760e+01  9.20399130e-03 
 5.82103218e+03 -4.08202632e+01  9.09885702e-03 
 5.88843655e+03 -4.09200534e+01  8.99492054e-03 
 5.95662144e+03 -4.10198465e+01  8.89216836e-03 
 6.02559586e+03 -4.11196423e+01  8.79058714e-03 
 6.09536897e+03 -4.12194409e+01  8.69016366e-03 
 6.16595002e+03 -4.13192420e+01  8.59088487e-03 
 6.23734835e+03 -4.14190456e+01  8.49273785e-03 
 6.30957344e+03 -4.15188516e+01  8.39570983e-03 
 6.38263486e+03 -4.16186598e+01  8.29978818e-03 
 6.45654229e+03 -4.17184701e+01  8.20496054e-03 
 6.53130553e+03 -4.18182825e+01  8.11121426e-03 
 6.60693448e+03 -4.19180969e+01  8.01853728e-03 
 6.68343918e+03 -4.20179132e+01  7.92691750e-03 
 6.76082975e+03 -4.21177313e+01  7.83634297e-03 
 6.83911647e+03 -4.22175510e+01  7.74680188e-03 
 6.91830971e+03 -4.23173723e+01  7.65828252e-03 
 6.99841996e+03 -4.24171951e+01  7.57077335e-03 
 7.07945784e+03 -4.25170193e+01  7.48426292e-03 
 7.16143410e+03 -4.26168448e+01  7.39873993e-03 
 7.24435960e+03 -4.27166714e+01  7.31419321e-03 
 7.32824533e+03 -4.28164992e+01  7.23061169e-03 
 7.41310241e+03 -4.29163280e+01  7.14798444e-03 
 7.49894209e+03 -4.30161576e+01  7.06630078e-03 
 7.58577575e+03 -4.31159882e+01  6.98554976e-03 
 7.67361489e+03 -4.32158195e+01  6.90572093e-03 
 7.76247117e+03 -4.33156515e+01  6.82680384e-03 
 7.85235635e+03 -4.34154841e+01  6.74878816e-03 
 7.94328235e+03 -4.35153171e+01  6.67166366e-03 
 8.03526122e+03 -4.36151506e+01  6.59542022e-03 
 8.12830516e+03 -4.37149843e+01  6.52004787e-03 
 8.22242650e+03 -4.38148183e+01  6.44553670e-03 
 8.31763771e+03 -4.39146524e+01  6.37187695e-03 
 8.41395142e+03 -4.40144864e+01  6.29905906e-03 
 8.51138038e+03 -4.41143205e+01  6.22707326e-03 
 8.60993752e+03 -4.42141545e+01  6.15591021e-03 
 8.70963590e+03 -4.43139882e+01  6.08556057e-03 
 8.81048873e+03 -4.44138217e+01  6.01601509e-03 
 8.91250938e+03 -4.45136547e+01  5.94726464e-03 
 9.01571138e+03 -4.46134873e+01  5.87930020e-03 
 9.12010839e+03 -4.47133193e+01  5.81211282e-03 
 9.22571427e+03 -4.48131506e+01  5.74569369e-03 
 9.33254301e+03 -4.49129810e+01  5.68003416e-03 
 9.44060876e+03 -4.50128108e+01  5.61512541e-03 
 9.54992586e+03 -4.51126396e+01  5.55095900e-03 
 9.66050879e+03 -4.52124674e+01  5.48752649e-03 
 9.77237221e+03 -4.53122941e+01  5.42481954e-03 
 9.88553095e+03 -4.54121196e+01  5.36282989e-03 
 1.00000000e+04 -4.55119438e+01  5.30154940e-03 
 1.01157945e+04 -4.56117664e+01  5.24097007e-03 
 1.02329299e+04 -4.57115877e+01  5.18108377e-03 
 1.03514217e+04 -4.58114075e+01  5.12188269e-03 
 1.04712855e+04 -4.59112255e+01  5.06335903e-03 
 1.05925373e+04 -4.60110418e+01  5.00550510e-03 
 1.07151931e+04 -4.61108563e+01  4.94831327e-03 
 1.08392691e+04 -4.62106686e+01  4.89177610e-03 
 1.09647820e+04 -4.63104790e+01  4.83588595e-03 
 1.10917482e+04 -4.64102873e+01  4.78063556e-03 
 1.12201845e+04 -4.65100932e+01  4.72601764e-03 
 1.13501082e+04 -4.66098969e+01  4.67202499e-03 
 1.14815362e+04 -4.67096979e+01  4.61865058e-03 
 1.16144861e+04 -4.68094964e+01  4.56588720e-03 
 1.17489755e+04 -4.69092923e+01  4.51372799e-03 
 1.18850223e+04 -4.70090854e+01  4.46216605e-03 
 1.20226443e+04 -4.71088757e+01  4.41119460e-03 
 1.21618600e+04 -4.72086627e+01  4.36080699e-03 
 1.23026877e+04 -4.73084468e+01  4.31099641e-03 
 1.24451461e+04 -4.74082276e+01  4.26175637e-03 
 1.25892541e+04 -4.75080051e+01  4.21308037e-03 
 1.27350308e+04 -4.76077790e+01  4.16496207e-03 
 1.28824955e+04 -4.77075494e+01  4.11739496e-03 
 1.30316678e+04 -4.78073162e+01  4.07037284e-03 
 1.31825674e+04 -4.79070791e+01  4.02388951e-03 
 1.33352143e+04 -4.80068378e+01  3.97793890e-03 
 1.34896288e+04 -4.81065927e+01  3.93251479e-03 
 1.36458314e+04 -4.82063433e+01  3.88761127e-03 
 1.38038426e+04 -4.83060895e+01  3.84322247e-03 
 1.39636836e+04 -4.84058313e+01  3.79934240e-03 
 1.41253754e+04 -4.85055685e+01  3.75596532e-03 
 1.42889396e+04 -4.86053010e+01  3.71308551e-03 
 1.44543977e+04 -4.87050284e+01  3.67069737e-03 
 1.46217717e+04 -4.88047509e+01  3.62879517e-03 
 1.47910839e+04 -4.89044682e+01  3.58737343e-03 
 1.49623566e+04 -4.90041801e+01  3.54642676e-03 
 1.51356125e+04 -4.91038866e+01  3.50594960e-03 
 1.53108746e+04 -4.92035874e+01  3.46593674e-03 
 1.54881662e+04 -4.93032825e+01  3.42638277e-03 
 1.56675107e+04 -4.94029716e+01  3.38728252e-03 
 1.58489319e+04 -4.95026544e+01  3.34863088e-03 
 1.60324539e+04 -4.96023310e+01  3.31042268e-03 
 1.62181010e+04 -4.97020013e+01  3.27265282e-03 
 1.64058977e+04 -4.98016649e+01  3.23531635e-03 
 1.65958691e+04 -4.99013216e+01  3.19840841e-03 
 1.67880402e+04 -5.00009715e+01  3.16192400e-03 
 1.69824365e+04 -5.01006140e+01  3.12585840e-03 
 1.71790839e+04 -5.02002493e+01  3.09020673e-03 
 1.73780083e+04 -5.02998769e+01  3.05496440e-03 
 1.75792361e+04 -5.03994970e+01  3.02012663e-03 
 1.77827941e+04 -5.04991089e+01  2.98568892e-03 
 1.79887092e+04 -5.05987128e+01  2.95164661e-03 
 1.81970086e+04 -5.06983082e+01  2.91799530e-03 
 1.84077200e+04 -5.07978952e+01  2.88473045e-03 
 1.86208714e+04 -5.08974733e+01  2.85184774e-03 
 1.88364909e+04 -5.09970425e+01  2.81934273e-03 
 1.90546072e+04 -5.10966023e+01  2.78721123e-03 
 1.92752491e+04 -5.11961529e+01  2.75544887e-03 
 1.94984460e+04 -5.12956935e+01  2.72405156e-03 
 1.97242274e+04 -5.13952244e+01  2.69301504e-03 
 1.99526231e+04 -5.14947450e+01  2.66233531e-03 
 2.01836636e+04 -5.15942551e+01  2.63200825e-03 
 2.04173794e+04 -5.16937547e+01  2.60202981e-03 
 2.06538016e+04 -5.17932431e+01  2.57239611e-03 
 2.08929613e+04 -5.18927205e+01  2.54310314e-03 
 2.11348904e+04 -5.19921864e+01  2.51414706e-03 
 2.13796209e+04 -5.20916403e+01  2.48552414e-03 
 2.16271852e+04 -5.21910824e+01  2.45723041e-03 
 2.18776162e+04 -5.22905121e+01  2.42926222e-03 
 2.21309471e+04 -5.23899289e+01  2.40161593e-03 
 2.23872114e+04 -5.24893330e+01  2.37428773e-03 
 2.26464431e+04 -5.25887236e+01  2.34727417e-03 
 2.29086765e+04 -5.26881009e+01  2.32057150e-03 
 2.31739465e+04 -5.27874643e+01  2.29417628e-03 
 2.34422882e+04 -5.28868132e+01  2.26808508e-03 
 2.37137371e+04 -5.29861478e+01  2.24229429e-03 
 2.39883292e+04 -5.30854671e+01  2.21680067e-03 
 2.42661010e+04 -5.31847715e+01  2.19160066e-03 
 2.45470892e+04 -5.32840602e+01  2.16669106e-03 
 2.48313311e+04 -5.33833328e+01  2.14206853e-03 
 2.51188643e+04 -5.34825890e+01  2.11772981e-03 
 2.54097271e+04 -5.35818285e+01  2.09367167e-03 
 2.57039578e+04 -5.36810508e+01  2.06989092e-03 
 2.60015956e+04 -5.37802555e+01  2.04638443e-03 
 2.63026799e+04 -5.38794423e+01  2.02314907e-03 
 2.66072506e+04 -5.39786107e+01  2.00018178e-03 
 2.69153480e+04 -5.40777602e+01  1.97747950e-03 
 2.72270131e+04 -5.41768903e+01  1.95503926e-03 
 2.75422870e+04 -5.42760009e+01  1.93285803e-03 
 2.78612117e+04 -5.43750913e+01  1.91093289e-03 
 2.81838293e+04 -5.44741610e+01  1.88926095e-03 
 2.85101827e+04 -5.45732096e+01  1.86783934e-03 
 2.88403150e+04 -5.46722365e+01  1.84666525e-03 
 2.91742701e+04 -5.47712413e+01  1.82573580e-03 
 2.95120923e+04 -5.48702236e+01  1.80504827e-03 
 2.98538262e+04 -5.49691825e+01  1.78459994e-03 
 3.01995172e+04 -5.50681179e+01  1.76438803e-03 
 3.05492111e+04 -5.51670289e+01  1.74440994e-03 
 3.09029543e+04 -5.52659153e+01  1.72466295e-03 
 3.12607937e+04 -5.53647763e+01  1.70514448e-03 
 3.16227766e+04 -5.54636112e+01  1.68585198e-03 
 3.19889511e+04 -5.55624196e+01  1.66678285e-03 
 3.23593657e+04 -5.56612009e+01  1.64793454e-03 
 3.27340695e+04 -5.57599543e+01  1.62930460e-03 
 3.31131121e+04 -5.58586793e+01  1.61089056e-03 
 3.34965439e+04 -5.59573754e+01  1.59268992e-03 
 3.38844156e+04 -5.60560415e+01  1.57470035e-03 
 3.42767787e+04 -5.61546773e+01  1.55691941e-03 
 3.46736850e+04 -5.62532820e+01  1.53934477e-03 
 3.50751874e+04 -5.63518548e+01  1.52197409e-03 
 3.54813389e+04 -5.64503951e+01  1.50480507e-03 
 3.58921935e+04 -5.65489021e+01  1.48783542e-03 
 3.63078055e+04 -5.66473751e+01  1.47106291e-03 
 3.67282300e+04 -5.67458132e+01  1.45448531e-03 
 3.71535229e+04 -5.68442158e+01  1.43810042e-03 
 3.75837404e+04 -5.69425819e+01  1.42190606e-03 
 3.80189396e+04 -5.70409108e+01  1.40590010e-03 
 3.84591782e+04 -5.71392016e+01  1.39008041e-03 
 3.89045145e+04 -5.72374534e+01  1.37444489e-03 
 3.93550075e+04 -5.73356654e+01  1.35899146e-03 
 3.98107171e+04 -5.74338366e+01  1.34371811e-03 
 4.02717034e+04 -5.75319662e+01  1.32862276e-03 
 4.07380278e+04 -5.76300532e+01  1.31370346e-03 
 4.12097519e+04 -5.77280965e+01  1.29895819e-03 
 4.16869383e+04 -5.78260954e+01  1.28438502e-03 
 4.21696503e+04 -5.79240489e+01  1.26998197e-03 
 4.26579519e+04 -5.80219557e+01  1.25574719e-03 
 4.31519077e+04 -5.81198149e+01  1.24167876e-03 
 4.36515832e+04 -5.82176255e+01  1.22777483e-03 
 4.41570447e+04 -5.83153863e+01  1.21403353e-03 
 4.46683592e+04 -5.84130963e+01  1.20045306e-03 
 4.51855944e+04 -5.85107544e+01  1.18703160e-03 
 4.57088190e+04 -5.86083593e+01  1.17376738e-03 
 4.62381021e+04 -5.87059097e+01  1.16065866e-03 
 4.67735141e+04 -5.88034047e+01  1.14770365e-03 
 4.73151259e+04 -5.89008428e+01  1.13490068e-03 
 4.78630092e+04 -5.89982233e+01  1.12224799e-03 
 4.84172368e+04 -5.90955441e+01  1.10974397e-03 
 4.89778819e+04 -5.91928043e+01  1.09738694e-03 
 4.95450191e+04 -5.92900027e+01  1.08517521e-03 
 5.01187234e+04 -5.93871376e+01  1.07310722e-03 
 5.06990708e+04 -5.94842077e+01  1.06118136e-03 
 5.12861384e+04 -5.95812118e+01  1.04939601e-03 
 5.18800039e+04 -5.96781483e+01  1.03774962e-03 
 5.24807460e+04 -5.97750158e+01  1.02624064e-03 
 5.30884444e+04 -5.98718127e+01  1.01486755e-03 
 5.37031796e+04 -5.99685373e+01  1.00362885e-03 
 5.43250331e+04 -6.00651884e+01  9.92523006e-04 
 5.49540874e+04 -6.01617640e+01  9.81548585e-04 
 5.55904257e+04 -6.02582627e+01  9.70704107e-04 
 5.62341325e+04 -6.03546827e+01  9.59988130e-04 
 5.68852931e+04 -6.04510227e+01  9.49399212e-04 
 5.75439937e+04 -6.05472802e+01  9.38935994e-04 
 5.82103218e+04 -6.06434543e+01  9.28597019e-04 
 5.88843655e+04 -6.07395426e+01  9.18380959e-04 
 5.95662144e+04 -6.08355432e+01  9.08286455e-04 
 6.02559586e+04 -6.09314546e+01  8.98312146e-04 
 6.09536897e+04 -6.10272746e+01  8.88456704e-04 
 6.16595002e+04 -6.11230016e+01  8.78718802e-04 
 6.23734835e+04 -6.12186333e+01  8.69097173e-04 
 6.30957344e+04 -6.13141675e+01  8.59590534e-04 
 6.38263486e+04 -6.14096026e+01  8.50197588e-04 
 6.45654229e+04 -6.15049362e+01  8.40917113e-04 
 6.53130553e+04 -6.16001663e+01  8.31747843e-04 
 6.60693448e+04 -6.16952908e+01  8.22688568e-04 
 6.68343918e+04 -6.17903071e+01  8.13738094e-04 
 6.76082975e+04 -6.18852131e+01  8.04895212e-04 
 6.83911647e+04 -6.19800066e+01  7.96158741e-04 
 6.91830971e+04 -6.20746851e+01  7.87527529e-04 
 6.99841996e+04 -6.21692463e+01  7.79000409e-04 
 7.07945784e+04 -6.22636879e+01  7.70576227e-04 
 7.16143410e+04 -6.23580071e+01  7.62253884e-04 
 7.24435960e+04 -6.24522017e+01  7.54032240e-04 
 7.32824533e+04 -6.25462687e+01  7.45910235e-04 
 7.41310241e+04 -6.26402059e+01  7.37886742e-04 
 7.49894209e+04 -6.27340103e+01  7.29960712e-04 
 7.58577575e+04 -6.28276794e+01  7.22131071e-04 
 7.67361489e+04 -6.29212104e+01  7.14396769e-04 
 7.76247117e+04 -6.30146005e+01  7.06756768e-04 
 7.85235635e+04 -6.31078468e+01  6.99210044e-04 
 7.94328235e+04 -6.32009464e+01  6.91755595e-04 
 8.03526122e+04 -6.32938963e+01  6.84392409e-04 
 8.12830516e+04 -6.33866937e+01  6.77119494e-04 
 8.22242650e+04 -6.34793352e+01  6.69935885e-04 
 8.31763771e+04 -6.35718181e+01  6.62840592e-04 
 8.41395142e+04 -6.36641391e+01  6.55832670e-04 
 8.51138038e+04 -6.37562946e+01  6.48911198e-04 
 8.60993752e+04 -6.38482820e+01  6.42075209e-04 
 8.70963590e+04 -6.39400975e+01  6.35323802e-04 
 8.81048873e+04 -6.40317380e+01  6.28656054e-04 
 8.91250938e+04 -6.41231998e+01  6.22071074e-04 
 9.01571138e+04 -6.42144801e+01  6.15567941e-04 
 9.12010839e+04 -6.43055747e+01  6.09145815e-04 
 9.22571427e+04 -6.43964803e+01  6.02803805e-04 
 9.33254301e+04 -6.44871932e+01  5.96541060e-04 
 9.44060876e+04 -6.45777099e+01  5.90356711e-04 
 9.54992586e+04 -6.46680265e+01  5.84249936e-04 
 9.66050879e+04 -6.47581394e+01  5.78219895e-04 
 9.77237221e+04 -6.48480444e+01  5.72265785e-04 
 9.88553095e+04 -6.49377382e+01  5.66386756e-04 
 1.00000000e+05 -6.50272165e+01  5.60582033e-04 
 1.01157945e+05 -6.51164753e+01  5.54850824e-04 
 1.02329299e+05 -6.52055105e+01  5.49192343e-04 
 1.03514217e+05 -6.52943184e+01  5.43605795e-04 
 1.04712855e+05 -6.53828947e+01  5.38090424e-04 
 1.05925373e+05 -6.54712351e+01  5.32645481e-04 
 1.07151931e+05 -6.55593351e+01  5.27270224e-04 
 1.08392691e+05 -6.56471912e+01  5.21963868e-04 
 1.09647820e+05 -6.57347982e+01  5.16725734e-04 
 1.10917482e+05 -6.58221520e+01  5.11555077e-04 
 1.12201845e+05 -6.59092485e+01  5.06451166e-04 
 1.13501082e+05 -6.59960830e+01  5.01413300e-04 
 1.14815362e+05 -6.60826509e+01  4.96440787e-04 
 1.16144861e+05 -6.61689476e+01  4.91532934e-04 
 1.17489755e+05 -6.62549685e+01  4.86689047e-04 
 1.18850223e+05 -6.63407090e+01  4.81908457e-04 
 1.20226443e+05 -6.64261646e+01  4.77190477e-04 
 1.21618600e+05 -6.65113300e+01  4.72534477e-04 
 1.23026877e+05 -6.65962009e+01  4.67939769e-04 
 1.24451461e+05 -6.66807724e+01  4.63405712e-04 
 1.25892541e+05 -6.67650392e+01  4.58931680e-04 
 1.27350308e+05 -6.68489969e+01  4.54517023e-04 
 1.28824955e+05 -6.69326405e+01  4.50161113e-04 
 1.30316678e+05 -6.70159648e+01  4.45863337e-04 
 1.31825674e+05 -6.70989648e+01  4.41623079e-04 
 1.33352143e+05 -6.71816356e+01  4.37439725e-04 
 1.34896288e+05 -6.72639722e+01  4.33312672e-04 
 1.36458314e+05 -6.73459692e+01  4.29241340e-04 
 1.38038426e+05 -6.74276216e+01  4.25225126e-04 
 1.39636836e+05 -6.75089244e+01  4.21263452e-04 
 1.41253754e+05 -6.75898723e+01  4.17355735e-04 
 1.42889396e+05 -6.76704600e+01  4.13501417e-04 
 1.44543977e+05 -6.77506824e+01  4.09699919e-04 
 1.46217717e+05 -6.78305343e+01  4.05950689e-04 
 1.47910839e+05 -6.79100106e+01  4.02253166e-04 
 1.49623566e+05 -6.79891056e+01  3.98606814e-04 
 1.51356125e+05 -6.80678147e+01  3.95011070e-04 
 1.53108746e+05 -6.81461318e+01  3.91465423e-04 
 1.54881662e+05 -6.82240524e+01  3.87969315e-04 
 1.56675107e+05 -6.83015708e+01  3.84522238e-04 
 1.58489319e+05 -6.83786819e+01  3.81123656e-04 
 1.60324539e+05 -6.84553802e+01  3.77773065e-04 
 1.62181010e+05 -6.85316608e+01  3.74469940e-04 
 1.64058977e+05 -6.86075182e+01  3.71213781e-04 
 1.65958691e+05 -6.86829472e+01  3.68004084e-04 
 1.67880402e+05 -6.87579427e+01  3.64840352e-04 
 1.69824365e+05 -6.88324992e+01  3.61722097e-04 
 1.71790839e+05 -6.89066119e+01  3.58648818e-04 
 1.73780083e+05 -6.89802755e+01  3.55620038e-04 
 1.75792361e+05 -6.90534847e+01  3.52635282e-04 
 1.77827941e+05 -6.91262348e+01  3.49694063e-04 
 1.79887092e+05 -6.91985205e+01  3.46795916e-04 
 1.81970086e+05 -6.92703367e+01  3.43940378e-04 
 1.84077200e+05 -6.93416786e+01  3.41126982e-04 
 1.86208714e+05 -6.94125413e+01  3.38355262e-04 
 1.88364909e+05 -6.94829195e+01  3.35624785e-04 
 1.90546072e+05 -6.95528090e+01  3.32935074e-04 
 1.92752491e+05 -6.96222047e+01  3.30285697e-04 
 1.94984460e+05 -6.96911019e+01  3.27676205e-04 
 1.97242274e+05 -6.97594961e+01  3.25106158e-04 
 1.99526231e+05 -6.98273825e+01  3.22575126e-04 
 2.01836636e+05 -6.98947566e+01  3.20082676e-04 
 2.04173794e+05 -6.99616142e+01  3.17628375e-04 
 2.06538016e+05 -7.00279508e+01  3.15211796e-04 
 2.08929613e+05 -7.00937621e+01  3.12832522e-04 
 2.11348904e+05 -7.01590440e+01  3.10490132e-04 
 2.13796209e+05 -7.02237921e+01  3.08184218e-04 
 2.16271852e+05 -7.02880030e+01  3.05914351e-04 
 2.18776162e+05 -7.03516720e+01  3.03680145e-04 
 2.21309471e+05 -7.04147959e+01  3.01481181e-04 
 2.23872114e+05 -7.04773705e+01  2.99317061e-04 
 2.26464431e+05 -7.05393926e+01  2.97187383e-04 
 2.29086765e+05 -7.06008585e+01  2.95091755e-04 
 2.31739465e+05 -7.06617645e+01  2.93029790e-04 
 2.34422882e+05 -7.07221079e+01  2.91001083e-04 
 2.37137371e+05 -7.07818847e+01  2.89005271e-04 
 2.39883292e+05 -7.08410927e+01  2.87041944e-04 
 2.42661010e+05 -7.08997283e+01  2.85110744e-04 
 2.45470892e+05 -7.09577891e+01  2.83211279e-04 
 2.48313311e+05 -7.10152722e+01  2.81343180e-04 
 2.51188643e+05 -7.10721748e+01  2.79506080e-04 
 2.54097271e+05 -7.11284948e+01  2.77699604e-04 
 2.57039578e+05 -7.11842298e+01  2.75923385e-04 
 2.60015956e+05 -7.12393774e+01  2.74177070e-04 
 2.63026799e+05 -7.12939356e+01  2.72460292e-04 
 2.66072506e+05 -7.13479027e+01  2.70772694e-04 
 2.69153480e+05 -7.14012767e+01  2.69113920e-04 
 2.72270131e+05 -7.14540557e+01  2.67483633e-04 
 2.75422870e+05 -7.15062387e+01  2.65881466e-04 
 2.78612117e+05 -7.15578240e+01  2.64307082e-04 
 2.81838293e+05 -7.16088104e+01  2.62760138e-04 
 2.85101827e+05 -7.16591968e+01  2.61240291e-04 
 2.88403150e+05 -7.17089822e+01  2.59747209e-04 
 2.91742701e+05 -7.17581659e+01  2.58280552e-04 
 2.95120923e+05 -7.18067472e+01  2.56839987e-04 
 2.98538262e+05 -7.18547252e+01  2.55425200e-04 
 3.01995172e+05 -7.19021000e+01  2.54035843e-04 
 3.05492111e+05 -7.19488709e+01  2.52671615e-04 
 3.09029543e+05 -7.19950380e+01  2.51332181e-04 
 3.12607937e+05 -7.20406012e+01  2.50017231e-04 
 3.16227766e+05 -7.20855607e+01  2.48726445e-04 
 3.19889511e+05 -7.21299168e+01  2.47459517e-04 
 3.23593657e+05 -7.21736699e+01  2.46216134e-04 
 3.27340695e+05 -7.22168204e+01  2.44995992e-04 
 3.31131121e+05 -7.22593691e+01  2.43798789e-04 
 3.34965439e+05 -7.23013170e+01  2.42624219e-04 
 3.38844156e+05 -7.23426644e+01  2.41472000e-04 
 3.42767787e+05 -7.23834128e+01  2.40341829e-04 
 3.46736850e+05 -7.24235634e+01  2.39233410e-04 
 3.50751874e+05 -7.24631174e+01  2.38146459e-04 
 3.54813389e+05 -7.25020763e+01  2.37080690e-04 
 3.58921935e+05 -7.25404415e+01  2.36035826e-04 
 3.63078055e+05 -7.25782147e+01  2.35011582e-04 
 3.67282300e+05 -7.26153973e+01  2.34007692e-04 
 3.71535229e+05 -7.26519916e+01  2.33023875e-04 
 3.75837404e+05 -7.26879994e+01  2.32059863e-04 
 3.80189396e+05 -7.27234230e+01  2.31115383e-04 
 3.84591782e+05 -7.27582639e+01  2.30190186e-04 
 3.89045145e+05 -7.27925252e+01  2.29283995e-04 
 3.93550075e+05 -7.28262085e+01  2.28396569e-04 
 3.98107171e+05 -7.28593166e+01  2.27527643e-04 
 4.02717034e+05 -7.28918520e+01  2.26676971e-04 
 4.07380278e+05 -7.29238169e+01  2.25844310e-04 
 4.12097519e+05 -7.29552146e+01  2.25029405e-04 
 4.16869383e+05 -7.29860472e+01  2.24232024e-04 
 4.21696503e+05 -7.30163178e+01  2.23451930e-04 
 4.26579519e+05 -7.30460292e+01  2.22688885e-04 
 4.31519077e+05 -7.30751845e+01  2.21942654e-04 
 4.36515832e+05 -7.31037863e+01  2.21213019e-04 
 4.41570447e+05 -7.31318380e+01  2.20499750e-04 
 4.46683592e+05 -7.31593423e+01  2.19802630e-04 
 4.51855944e+05 -7.31863027e+01  2.19121436e-04 
 4.57088190e+05 -7.32127220e+01  2.18455961e-04 
 4.62381021e+05 -7.32386035e+01  2.17805992e-04 
 4.67735141e+05 -7.32639506e+01  2.17171320e-04 
 4.73151259e+05 -7.32887664e+01  2.16551740e-04 
 4.78630092e+05 -7.33130542e+01  2.15947058e-04 
 4.84172368e+05 -7.33368172e+01  2.15357074e-04 
 4.89778819e+05 -7.33600588e+01  2.14781594e-04 
 4.95450191e+05 -7.33827822e+01  2.14220432e-04 
 5.01187234e+05 -7.34049909e+01  2.13673397e-04 
 5.06990708e+05 -7.34266880e+01  2.13140312e-04 
 5.12861384e+05 -7.34478771e+01  2.12620993e-04 
 5.18800039e+05 -7.34685613e+01  2.12115269e-04 
 5.24807460e+05 -7.34887440e+01  2.11622968e-04 
 5.30884444e+05 -7.35084284e+01  2.11143921e-04 
 5.37031796e+05 -7.35276180e+01  2.10677957e-04 
 5.43250331e+05 -7.35463158e+01  2.10224926e-04 
 5.49540874e+05 -7.35645252e+01  2.09784665e-04 
 5.55904257e+05 -7.35822493e+01  2.09357024e-04 
 5.62341325e+05 -7.35994914e+01  2.08941847e-04 
 5.68852931e+05 -7.36162545e+01  2.08538993e-04 
 5.75439937e+05 -7.36325421e+01  2.08148314e-04 
 5.82103218e+05 -7.36483568e+01  2.07769676e-04 
 5.88843655e+05 -7.36637018e+01  2.07402941e-04 
 5.95662144e+05 -7.36785803e+01  2.07047975e-04 
 6.02559586e+05 -7.36929948e+01  2.06704655e-04 
 6.09536897e+05 -7.37069487e+01  2.06372852e-04 
 6.16595002e+05 -7.37204444e+01  2.06052449e-04 
 6.23734835e+05 -7.37334847e+01  2.05743331e-04 
 6.30957344e+05 -7.37460726e+01  2.05445376e-04 
 6.38263486e+05 -7.37582106e+01  2.05158478e-04 
 6.45654229e+05 -7.37699008e+01  2.04882544e-04 
 6.53130553e+05 -7.37811468e+01  2.04617446e-04 
 6.60693448e+05 -7.37919504e+01  2.04363100e-04 
 6.68343918e+05 -7.38023139e+01  2.04119411e-04 
 6.76082975e+05 -7.38122398e+01  2.03886283e-04 
 6.83911647e+05 -7.38217302e+01  2.03663635e-04 
 6.91830971e+05 -7.38307874e+01  2.03451376e-04 
 6.99841996e+05 -7.38394133e+01  2.03249428e-04 
 7.07945784e+05 -7.38476100e+01  2.03057717e-04 
 7.16143410e+05 -7.38553793e+01  2.02876168e-04 
 7.24435960e+05 -7.38627231e+01  2.02704712e-04 
 7.32824533e+05 -7.38696431e+01  2.02543283e-04 
 7.41310241e+05 -7.38761408e+01  2.02391821e-04 
 7.49894209e+05 -7.38822181e+01  2.02250263e-04 
 7.58577575e+05 -7.38878762e+01  2.02118557e-04 
 7.67361489e+05 -7.38931164e+01  2.01996655e-04 
 7.76247117e+05 -7.38979402e+01  2.01884506e-04 
 7.85235635e+05 -7.39023487e+01  2.01782066e-04 
 7.94328235e+05 -7.39063430e+01  2.01689297e-04 
 8.03526122e+05 -7.39099239e+01  2.01606163e-04 
 8.12830516e+05 -7.39130925e+01  2.01532632e-04 
 8.22242650e+05 -7.39158493e+01  2.01468676e-04 
 8.31763771e+05 -7.39181955e+01  2.01414264e-04 
 8.41395142e+05 -7.39201314e+01  2.01369379e-04 
 8.51138038e+05 -7.39216575e+01  2.01334001e-04 
 8.60993752e+05 -7.39227740e+01  2.01308123e-04 
 8.70963590e+05 -7.39234817e+01  2.01291722e-04 
 8.81048873e+05 -7.39237804e+01  2.01284801e-04 
 8.91250938e+05 -7.39236702e+01  2.01287353e-04 
 9.01571138e+05 -7.39231514e+01  2.01299377e-04 
 9.12010839e+05 -7.39222236e+01  2.01320881e-04 
 9.22571427e+05 -7.39208867e+01  2.01351869e-04 
 9.33254301e+05 -7.39191405e+01  2.01392354e-04 
 9.44060876e+05 -7.39169843e+01  2.01442352e-04 
 9.54992586e+05 -7.39144179e+01  2.01501880e-04 
 9.66050879e+05 -7.39114406e+01  2.01570962e-04 
 9.77237221e+05 -7.39080517e+01  2.01649623e-04 
 9.88553095e+05 -7.39042501e+01  2.01737901e-04 
 1.00000000e+06 -7.39000355e+01  2.01835810e-04 
 1.01157945e+06 -7.38954067e+01  2.01943400e-04 
 1.02329299e+06 -7.38903625e+01  2.02060710e-04 
 1.03514217e+06 -7.38849017e+01  2.02187786e-04 
 1.04712855e+06 -7.38790231e+01  2.02324671e-04 
 1.05925373e+06 -7.38727255e+01  2.02471419e-04 
 1.07151931e+06 -7.38660072e+01  2.02628086e-04 
 1.08392691e+06 -7.38588666e+01  2.02794732e-04 
 1.09647820e+06 -7.38513024e+01  2.02971416e-04 
 1.10917482e+06 -7.38433126e+01  2.03158207e-04 
 1.12201845e+06 -7.38348956e+01  2.03355171e-04 
 1.13501082e+06 -7.38260494e+01  2.03562384e-04 
 1.14815362e+06 -7.38167720e+01  2.03779927e-04 
 1.16144861e+06 -7.38070616e+01  2.04007870e-04 
 1.17489755e+06 -7.37969158e+01  2.04246306e-04 
 1.18850223e+06 -7.37863325e+01  2.04495321e-04 
 1.20226443e+06 -7.37753095e+01  2.04755004e-04 
 1.21618600e+06 -7.37638444e+01  2.05025452e-04 
 1.23026877e+06 -7.37519349e+01  2.05306763e-04 
 1.24451461e+06 -7.37395781e+01  2.05599045e-04 
 1.25892541e+06 -7.37267721e+01  2.05902392e-04 
 1.27350308e+06 -7.37135140e+01  2.06216922e-04 
 1.28824955e+06 -7.36998012e+01  2.06542743e-04 
 1.30316678e+06 -7.36856309e+01  2.06879975e-04 
 1.31825674e+06 -7.36710003e+01  2.07228740e-04 
 1.33352143e+06 -7.36559067e+01  2.07589158e-04 
 1.34896288e+06 -7.36403471e+01  2.07961358e-04 
 1.36458314e+06 -7.36243187e+01  2.08345471e-04 
 1.38038426e+06 -7.36078188e+01  2.08741626e-04 
 1.39636836e+06 -7.35908441e+01  2.09149965e-04 
 1.41253754e+06 -7.35733915e+01  2.09570634e-04 
 1.42889396e+06 -7.35554581e+01  2.10003771e-04 
 1.44543977e+06 -7.35370406e+01  2.10449535e-04 
 1.46217717e+06 -7.35181365e+01  2.10908060e-04 
 1.47910839e+06 -7.34987423e+01  2.11379510e-04 
 1.49623566e+06 -7.34788547e+01  2.11864047e-04 
 1.51356125e+06 -7.34584708e+01  2.12361831e-04 
 1.53108746e+06 -7.34375872e+01  2.12873029e-04 
 1.54881662e+06 -7.34162010e+01  2.13397806e-04 
 1.56675107e+06 -7.33943090e+01  2.13936335e-04 
 1.58489319e+06 -7.33719078e+01  2.14488796e-04 
 1.60324539e+06 -7.33489944e+01  2.15055364e-04 
 1.62181010e+06 -7.33255655e+01  2.15636226e-04 
 1.64058977e+06 -7.33016183e+01  2.16231562e-04 
 1.65958691e+06 -7.32771494e+01  2.16841563e-04 
 1.67880402e+06 -7.32521557e+01  2.17466425e-04 
 1.69824365e+06 -7.32266342e+01  2.18106339e-04 
 1.71790839e+06 -7.32005815e+01  2.18761517e-04 
 1.73780083e+06 -7.31739953e+01  2.19432137e-04 
 1.75792361e+06 -7.31468723e+01  2.20118418e-04 
 1.77827941e+06 -7.31192095e+01  2.20820568e-04 
 1.79887092e+06 -7.30910041e+01  2.21538797e-04 
 1.81970086e+06 -7.30622532e+01  2.22273321e-04 
 1.84077200e+06 -7.30329541e+01  2.23024355e-04 
 1.86208714e+06 -7.30031041e+01  2.23792122e-04 
 1.88364909e+06 -7.29727005e+01  2.24576843e-04 
 1.90546072e+06 -7.29417406e+01  2.25378751e-04 
 1.92752491e+06 -7.29102221e+01  2.26198070e-04 
 1.94984460e+06 -7.28781424e+01  2.27035034e-04 
 1.97242274e+06 -7.28454992e+01  2.27889879e-04 
 1.99526231e+06 -7.28122904e+01  2.28762841e-04 
 2.01836636e+06 -7.27785132e+01  2.29654171e-04 
 2.04173794e+06 -7.27441663e+01  2.30564098e-04 
 2.06538016e+06 -7.27092474e+01  2.31492876e-04 
 2.08929613e+06 -7.26737542e+01  2.32440763e-04 
 2.11348904e+06 -7.26376855e+01  2.33407994e-04 
 2.13796209e+06 -7.26010393e+01  2.34394833e-04 
 2.16271852e+06 -7.25638141e+01  2.35401538e-04 
 2.18776162e+06 -7.25260084e+01  2.36428365e-04 
 2.21309471e+06 -7.24876208e+01  2.37475581e-04 
 2.23872114e+06 -7.24486502e+01  2.38543447e-04 
 2.26464431e+06 -7.24090950e+01  2.39632240e-04 
 2.29086765e+06 -7.23689549e+01  2.40742216e-04 
 2.31739465e+06 -7.23282284e+01  2.41873662e-04 
 2.34422882e+06 -7.22869153e+01  2.43026838e-04 
 2.37137371e+06 -7.22450146e+01  2.44202030e-04 
 2.39883292e+06 -7.22025260e+01  2.45399514e-04 
 2.42661010e+06 -7.21594491e+01  2.46619574e-04 
 2.45470892e+06 -7.21157838e+01  2.47862492e-04 
 2.48313311e+06 -7.20715297e+01  2.49128557e-04 
 2.51188643e+06 -7.20266871e+01  2.50418060e-04 
 2.54097271e+06 -7.19812563e+01  2.51731281e-04 
 2.57039578e+06 -7.19352374e+01  2.53068522e-04 
 2.60015956e+06 -7.18886313e+01  2.54430069e-04 
 2.63026799e+06 -7.18414384e+01  2.55816223e-04 
 2.66072506e+06 -7.17936593e+01  2.57227286e-04 
 2.69153480e+06 -7.17452954e+01  2.58663549e-04 
 2.72270131e+06 -7.16963475e+01  2.60125318e-04 
 2.75422870e+06 -7.16468168e+01  2.61612904e-04 
 2.78612117e+06 -7.15967049e+01  2.63126599e-04 
 2.81838293e+06 -7.15460131e+01  2.64666727e-04 
 2.85101827e+06 -7.14947432e+01  2.66233584e-04 
 2.88403150e+06 -7.14428972e+01  2.67827484e-04 
 2.91742701e+06 -7.13904766e+01  2.69448748e-04 
 2.95120923e+06 -7.13374841e+01  2.71097677e-04 
 2.98538262e+06 -7.12839217e+01  2.72774593e-04 
 3.01995172e+06 -7.12297918e+01  2.74479814e-04 
 3.05492111e+06 -7.11750970e+01  2.76213659e-04 
 3.09029543e+06 -7.11198398e+01  2.77976454e-04 
 3.12607937e+06 -7.10640234e+01  2.79768511e-04 
 3.16227766e+06 -7.10076507e+01  2.81590154e-04 
 3.19889511e+06 -7.09507248e+01  2.83441712e-04 
 3.23593657e+06 -7.08932488e+01  2.85323510e-04 
 3.27340695e+06 -7.08352262e+01  2.87235880e-04 
 3.31131121e+06 -7.07766606e+01  2.89179144e-04 
 3.34965439e+06 -7.07175557e+01  2.91153633e-04 
 3.38844156e+06 -7.06579152e+01  2.93159679e-04 
 3.42767787e+06 -7.05977431e+01  2.95197616e-04 
 3.46736850e+06 -7.05370432e+01  2.97267779e-04 
 3.50751874e+06 -7.04758201e+01  2.99370496e-04 
 3.54813389e+06 -7.04140777e+01  3.01506109e-04 
 3.58921935e+06 -7.03518205e+01  3.03674954e-04 
 3.63078055e+06 -7.02890531e+01  3.05877370e-04 
 3.67282300e+06 -7.02257800e+01  3.08113692e-04 
 3.71535229e+06 -7.01620060e+01  3.10384266e-04 
 3.75837404e+06 -7.00977361e+01  3.12689426e-04 
 3.80189396e+06 -7.00329750e+01  3.15029519e-04 
 3.84591782e+06 -6.99677278e+01  3.17404889e-04 
 3.89045145e+06 -6.99019996e+01  3.19815876e-04 
 3.93550075e+06 -6.98357959e+01  3.22262821e-04 
 3.98107171e+06 -6.97691216e+01  3.24746081e-04 
 4.02717034e+06 -6.97019824e+01  3.27265995e-04 
 4.07380278e+06 -6.96343837e+01  3.29822908e-04 
 4.12097519e+06 -6.95663311e+01  3.32417168e-04 
 4.16869383e+06 -6.94978301e+01  3.35049132e-04 
 4.21696503e+06 -6.94288866e+01  3.37719136e-04 
 4.26579519e+06 -6.93595064e+01  3.40427533e-04 
 4.31519077e+06 -6.92896952e+01  3.43174681e-04 
 4.36515832e+06 -6.92194591e+01  3.45960921e-04 
 4.41570447e+06 -6.91488040e+01  3.48786606e-04 
 4.46683592e+06 -6.90777360e+01  3.51652089e-04 
 4.51855944e+06 -6.90062610e+01  3.54557723e-04 
 4.57088190e+06 -6.89343854e+01  3.57503856e-04 
 4.62381021e+06 -6.88621153e+01  3.60490842e-04 
 4.67735141e+06 -6.87894569e+01  3.63519033e-04 
 4.73151259e+06 -6.87164166e+01  3.66588779e-04 
 4.78630092e+06 -6.86430007e+01  3.69700436e-04 
 4.84172368e+06 -6.85692156e+01  3.72854355e-04 
 4.89778819e+06 -6.84950676e+01  3.76050889e-04 
 4.95450191e+06 -6.84205633e+01  3.79290388e-04 
 5.01187234e+06 -6.83457090e+01  3.82573204e-04 
 5.06990708e+06 -6.82705113e+01  3.85899694e-04 
 5.12861384e+06 -6.81949767e+01  3.89270206e-04 
 5.18800039e+06 -6.81191118e+01  3.92685088e-04 
 5.24807460e+06 -6.80429232e+01  3.96144692e-04 
 5.30884444e+06 -6.79664173e+01  3.99649372e-04 
 5.37031796e+06 -6.78896009e+01  4.03199472e-04 
 5.43250331e+06 -6.78124805e+01  4.06795346e-04 
 5.49540874e+06 -6.77350628e+01  4.10437336e-04 
 5.55904257e+06 -6.76573543e+01  4.14125796e-04 
 5.62341325e+06 -6.75793619e+01  4.17861061e-04 
 5.68852931e+06 -6.75010921e+01  4.21643486e-04 
 5.75439937e+06 -6.74225516e+01  4.25473408e-04 
 5.82103218e+06 -6.73437469e+01  4.29351174e-04 
 5.88843655e+06 -6.72646850e+01  4.33277116e-04 
 5.95662144e+06 -6.71853722e+01  4.37251580e-04 
 6.02559586e+06 -6.71058154e+01  4.41274907e-04 
 6.09536897e+06 -6.70260212e+01  4.45347421e-04 
 6.16595002e+06 -6.69459962e+01  4.49469464e-04 
 6.23734835e+06 -6.68657471e+01  4.53641363e-04 
 6.30957344e+06 -6.67852805e+01  4.57863451e-04 
 6.38263486e+06 -6.67046030e+01  4.62136052e-04 
 6.45654229e+06 -6.66237214e+01  4.66459488e-04 
 6.53130553e+06 -6.65426421e+01  4.70834082e-04 
 6.60693448e+06 -6.64613719e+01  4.75260157e-04 
 6.68343918e+06 -6.63799172e+01  4.79738022e-04 
 6.76082975e+06 -6.62982847e+01  4.84267994e-04 
 6.83911647e+06 -6.62164809e+01  4.88850379e-04 
 6.91830971e+06 -6.61345124e+01  4.93485481e-04 
 6.99841996e+06 -6.60523857e+01  4.98173608e-04 
 7.07945784e+06 -6.59701073e+01  5.02915054e-04 
 7.16143410e+06 -6.58876837e+01  5.07710116e-04 
 7.24435960e+06 -6.58051213e+01  5.12559084e-04 
 7.32824533e+06 -6.57224268e+01  5.17462234e-04 
 7.41310241e+06 -6.56396065e+01  5.22419858e-04 
 7.49894209e+06 -6.55566668e+01  5.27432226e-04 
 7.58577575e+06 -6.54736141e+01  5.32499609e-04 
 7.67361489e+06 -6.53904549e+01  5.37622275e-04 
 7.76247117e+06 -6.53071955e+01  5.42800485e-04 
 7.85235635e+06 -6.52238422e+01  5.48034489e-04 
 7.94328235e+06 -6.51404014e+01  5.53324538e-04 
 8.03526122e+06 -6.50568794e+01  5.58670876e-04 
 8.12830516e+06 -6.49732824e+01  5.64073739e-04 
 8.22242650e+06 -6.48896168e+01  5.69533352e-04 
 8.31763771e+06 -6.48058887e+01  5.75049943e-04 
 8.41395142e+06 -6.47221044e+01  5.80623726e-04 
 8.51138038e+06 -6.46382701e+01  5.86254910e-04 
 8.60993752e+06 -6.45543920e+01  5.91943695e-04 
 8.70963590e+06 -6.44704762e+01  5.97690276e-04 
 8.81048873e+06 -6.43865288e+01  6.03494835e-04 
 8.91250938e+06 -6.43025560e+01  6.09357553e-04 
 9.01571138e+06 -6.42185639e+01  6.15278595e-04 
 9.12010839e+06 -6.41345584e+01  6.21258126e-04 
 9.22571427e+06 -6.40505456e+01  6.27296292e-04 
 9.33254301e+06 -6.39665315e+01  6.33393241e-04 
 9.44060876e+06 -6.38825222e+01  6.39549098e-04 
 9.54992586e+06 -6.37985235e+01  6.45763991e-04 
 9.66050879e+06 -6.37145415e+01  6.52038028e-04 
 9.77237221e+06 -6.36305820e+01  6.58371317e-04 
 9.88553095e+06 -6.35466508e+01  6.64763949e-04 
 1.00000000e+07 -6.34627540e+01  6.71216003e-04 
 1.01157945e+07 -6.33788971e+01  6.77727555e-04 
 1.02329299e+07 -6.32950862e+01  6.84298661e-04 
 1.03514217e+07 -6.32113269e+01  6.90929370e-04 
 1.04712855e+07 -6.31276250e+01  6.97619719e-04 
 1.05925373e+07 -6.30439862e+01  7.04369737e-04 
 1.07151931e+07 -6.29604163e+01  7.11179431e-04 
 1.08392691e+07 -6.28769207e+01  7.18048808e-04 
 1.09647820e+07 -6.27935052e+01  7.24977854e-04 
 1.10917482e+07 -6.27101753e+01  7.31966548e-04 
 1.12201845e+07 -6.26269367e+01  7.39014849e-04 
 1.13501082e+07 -6.25437948e+01  7.46122714e-04 
 1.14815362e+07 -6.24607551e+01  7.53290076e-04 
 1.16144861e+07 -6.23778230e+01  7.60516862e-04 
 1.17489755e+07 -6.22950041e+01  7.67802982e-04 
 1.18850223e+07 -6.22123036e+01  7.75148337e-04 
 1.20226443e+07 -6.21297269e+01  7.82552808e-04 
 1.21618600e+07 -6.20472793e+01  7.90016267e-04 
 1.23026877e+07 -6.19649661e+01  7.97538573e-04 
 1.24451461e+07 -6.18827924e+01  8.05119564e-04 
 1.25892541e+07 -6.18007635e+01  8.12759071e-04 
 1.27350308e+07 -6.17188845e+01  8.20456910e-04 
 1.28824955e+07 -6.16371604e+01  8.28212881e-04 
 1.30316678e+07 -6.15555963e+01  8.36026768e-04 
 1.31825674e+07 -6.14741973e+01  8.43898349e-04 
 1.33352143e+07 -6.13929681e+01  8.51827379e-04 
 1.34896288e+07 -6.13119138e+01  8.59813601e-04 
 1.36458314e+07 -6.12310391e+01  8.67856748e-04 
 1.38038426e+07 -6.11503489e+01  8.75956533e-04 
 1.39636836e+07 -6.10698478e+01  8.84112659e-04 
 1.41253754e+07 -6.09895406e+01  8.92324816e-04 
 1.42889396e+07 -6.09094318e+01  9.00592673e-04 
 1.44543977e+07 -6.08295260e+01  9.08915897e-04 
 1.46217717e+07 -6.07498277e+01  9.17294130e-04 
 1.47910839e+07 -6.06703413e+01  9.25727005e-04 
 1.49623566e+07 -6.05910712e+01  9.34214143e-04 
 1.51356125e+07 -6.05120217e+01  9.42755152e-04 
 1.53108746e+07 -6.04331970e+01  9.51349623e-04 
 1.54881662e+07 -6.03546012e+01  9.59997139e-04 
 1.56675107e+07 -6.02762385e+01  9.68697268e-04 
 1.58489319e+07 -6.01981129e+01  9.77449563e-04 
 1.60324539e+07 -6.01202282e+01  9.86253571e-04 
 1.62181010e+07 -6.00425885e+01  9.95108823e-04 
 1.64058977e+07 -5.99651974e+01  1.00401484e-03 
 1.65958691e+07 -5.98880586e+01  1.01297113e-03 
 1.67880402e+07 -5.98111759e+01  1.02197719e-03 
 1.69824365e+07 -5.97345528e+01  1.03103251e-03 
 1.71790839e+07 -5.96581927e+01  1.04013657e-03 
 1.73780083e+07 -5.95820990e+01  1.04928884e-03 
 1.75792361e+07 -5.95062750e+01  1.05848876e-03 
 1.77827941e+07 -5.94307239e+01  1.06773580e-03 
 1.79887092e+07 -5.93554489e+01  1.07702939e-03 
 1.81970086e+07 -5.92804531e+01  1.08636895e-03 
 1.84077200e+07 -5.92057393e+01  1.09575393e-03 
 1.86208714e+07 -5.91313104e+01  1.10518372e-03 
 1.88364909e+07 -5.90571692e+01  1.11465775e-03 
 1.90546072e+07 -5.89833185e+01  1.12417540e-03 
 1.92752491e+07 -5.89097607e+01  1.13373608e-03 
 1.94984460e+07 -5.88364984e+01  1.14333916e-03 
 1.97242274e+07 -5.87635340e+01  1.15298405e-03 
 1.99526231e+07 -5.86908699e+01  1.16267010e-03 
 2.01836636e+07 -5.86185083e+01  1.17239670e-03 
 2.04173794e+07 -5.85464513e+01  1.18216320e-03 
 2.06538016e+07 -5.84747009e+01  1.19196898e-03 
 2.08929613e+07 -5.84032592e+01  1.20181339e-03 
 2.11348904e+07 -5.83321281e+01  1.21169578e-03 
 2.13796209e+07 -5.82613092e+01  1.22161551e-03 
 2.16271852e+07 -5.81908044e+01  1.23157192e-03 
 2.18776162e+07 -5.81206152e+01  1.24156436e-03 
 2.21309471e+07 -5.80507432e+01  1.25159217e-03 
 2.23872114e+07 -5.79811899e+01  1.26165469e-03 
 2.26464431e+07 -5.79119565e+01  1.27175126e-03 
 2.29086765e+07 -5.78430444e+01  1.28188120e-03 
 2.31739465e+07 -5.77744549e+01  1.29204386e-03 
 2.34422882e+07 -5.77061890e+01  1.30223856e-03 
 2.37137371e+07 -5.76382478e+01  1.31246464e-03 
 2.39883292e+07 -5.75706323e+01  1.32272141e-03 
 2.42661010e+07 -5.75033435e+01  1.33300821e-03 
 2.45470892e+07 -5.74363823e+01  1.34332435e-03 
 2.48313311e+07 -5.73697493e+01  1.35366916e-03 
 2.51188643e+07 -5.73034455e+01  1.36404195e-03 
 2.54097271e+07 -5.72374714e+01  1.37444203e-03 
 2.57039578e+07 -5.71718278e+01  1.38486873e-03 
 2.60015956e+07 -5.71065152e+01  1.39532135e-03 
 2.63026799e+07 -5.70415342e+01  1.40579920e-03 
 2.66072506e+07 -5.69768852e+01  1.41630158e-03 
 2.69153480e+07 -5.69125689e+01  1.42682778e-03 
 2.72270131e+07 -5.68485855e+01  1.43737711e-03 
 2.75422870e+07 -5.67849356e+01  1.44794885e-03 
 2.78612117e+07 -5.67216195e+01  1.45854228e-03 
 2.81838293e+07 -5.66586377e+01  1.46915669e-03 
 2.85101827e+07 -5.65959904e+01  1.47979133e-03 
 2.88403150e+07 -5.65336781e+01  1.49044549e-03 
 2.91742701e+07 -5.64717011e+01  1.50111839e-03 
 2.95120923e+07 -5.64100597e+01  1.51180931e-03 
 2.98538262e+07 -5.63487544e+01  1.52251746e-03 
 3.01995172e+07 -5.62877854e+01  1.53324208e-03 
 3.05492111e+07 -5.62271533e+01  1.54398237e-03 
 3.09029543e+07 -5.61668583e+01  1.55473753e-03 
 3.12607937e+07 -5.61069010e+01  1.56550676e-03 
 3.16227766e+07 -5.60472819e+01  1.57628922e-03 
 3.19889511e+07 -5.59880014e+01  1.58708407e-03 
 3.23593657e+07 -5.59290600e+01  1.59789044e-03 
 3.27340695e+07 -5.58704585e+01  1.60870746e-03 
 3.31131121e+07 -5.58121974e+01  1.61953422e-03 
 3.34965439e+07 -5.57542775e+01  1.63036980e-03 
 3.38844156e+07 -5.56966996e+01  1.64121327e-03 
 3.42767787e+07 -5.56394645e+01  1.65206365e-03 
 3.46736850e+07 -5.55825731e+01  1.66291995e-03 
 3.50751874e+07 -5.55260265e+01  1.67378116e-03 
 3.54813389e+07 -5.54698257e+01  1.68464623e-03 
 3.58921935e+07 -5.54139720e+01  1.69551409e-03 
 3.63078055e+07 -5.53584665e+01  1.70638363e-03 
 3.67282300e+07 -5.53033107e+01  1.71725372e-03 
 3.71535229e+07 -5.52485060e+01  1.72812319e-03 
 3.75837404e+07 -5.51940541e+01  1.73899084e-03 
 3.80189396e+07 -5.51399566e+01  1.74985542e-03 
 3.84591782e+07 -5.50862154e+01  1.76071567e-03 
 3.89045145e+07 -5.50328324e+01  1.77157026e-03 
 3.93550075e+07 -5.49798096e+01  1.78241784e-03 
 3.98107171e+07 -5.49271492e+01  1.79325702e-03 
 4.02717034e+07 -5.48748536e+01  1.80408634e-03 
 4.07380278e+07 -5.48229252e+01  1.81490434e-03 
 4.12097519e+07 -5.47713667e+01  1.82570947e-03 
 4.16869383e+07 -5.47201806e+01  1.83650015e-03 
 4.21696503e+07 -5.46693700e+01  1.84727477e-03 
 4.26579519e+07 -5.46189378e+01  1.85803165e-03 
 4.31519077e+07 -5.45688873e+01  1.86876906e-03 
 4.36515832e+07 -5.45192217e+01  1.87948521e-03 
 4.41570447e+07 -5.44699446e+01  1.89017829e-03 
 4.46683592e+07 -5.44210595e+01  1.90084641e-03 
 4.51855944e+07 -5.43725702e+01  1.91148761e-03 
 4.57088190e+07 -5.43244808e+01  1.92209992e-03 
 4.62381021e+07 -5.42767953e+01  1.93268126e-03 
 4.67735141e+07 -5.42295179e+01  1.94322954e-03 
 4.73151259e+07 -5.41826531e+01  1.95374259e-03 
 4.78630092e+07 -5.41362055e+01  1.96421817e-03 
 4.84172368e+07 -5.40901799e+01  1.97465399e-03 
 4.89778819e+07 -5.40445810e+01  1.98504772e-03 
 4.95450191e+07 -5.39994140e+01  1.99539693e-03 
 5.01187234e+07 -5.39546841e+01  2.00569917e-03 
 5.06990708e+07 -5.39103966e+01  2.01595191e-03 
 5.12861384e+07 -5.38665572e+01  2.02615255e-03 
 5.18800039e+07 -5.38231714e+01  2.03629844e-03 
 5.24807460e+07 -5.37802452e+01  2.04638687e-03 
 5.30884444e+07 -5.37377844e+01  2.05641508e-03 
 5.37031796e+07 -5.36957953e+01  2.06638023e-03 
 5.43250331e+07 -5.36542840e+01  2.07627942e-03 
 5.49540874e+07 -5.36132571e+01  2.08610972e-03 
 5.55904257e+07 -5.35727210e+01  2.09586811e-03 
 5.62341325e+07 -5.35326825e+01  2.10555153e-03 
 5.68852931e+07 -5.34931484e+01  2.11515687e-03 
 5.75439937e+07 -5.34541256e+01  2.12468094e-03 
 5.82103218e+07 -5.34156211e+01  2.13412053e-03 
 5.88843655e+07 -5.33776423e+01  2.14347234e-03 
 5.95662144e+07 -5.33401964e+01  2.15273306e-03 
 6.02559586e+07 -5.33032908e+01  2.16189930e-03 
 6.09536897e+07 -5.32669330e+01  2.17096765e-03 
 6.16595002e+07 -5.32311306e+01  2.17993463e-03 
 6.23734835e+07 -5.31958914e+01  2.18879673e-03 
 6.30957344e+07 -5.31612231e+01  2.19755040e-03 
 6.38263486e+07 -5.31271337e+01  2.20619206e-03 
 6.45654229e+07 -5.30936310e+01  2.21471808e-03 
 6.53130553e+07 -5.30607231e+01  2.22312480e-03 
 6.60693448e+07 -5.30284181e+01  2.23140855e-03 
 6.68343918e+07 -5.29967242e+01  2.23956562e-03 
 6.76082975e+07 -5.29656494e+01  2.24759227e-03 
 6.83911647e+07 -5.29352021e+01  2.25548475e-03 
 6.91830971e+07 -5.29053905e+01  2.26323929e-03 
 6.99841996e+07 -5.28762229e+01  2.27085212e-03 
 7.07945784e+07 -5.28477076e+01  2.27831945e-03 
 7.16143410e+07 -5.28198530e+01  2.28563749e-03 
 7.24435960e+07 -5.27926673e+01  2.29280244e-03 
 7.32824533e+07 -5.27661589e+01  2.29981052e-03 
 7.41310241e+07 -5.27403361e+01  2.30665794e-03 
 7.49894209e+07 -5.27152072e+01  2.31334092e-03 
 7.58577575e+07 -5.26907804e+01  2.31985574e-03 
 7.67361489e+07 -5.26670641e+01  2.32619863e-03 
 7.76247117e+07 -5.26440663e+01  2.33236591e-03 
 7.85235635e+07 -5.26217952e+01  2.33835389e-03 
 7.94328235e+07 -5.26002589e+01  2.34415894e-03 
 8.03526122e+07 -5.25794654e+01  2.34977744e-03 
 8.12830516e+07 -5.25594226e+01  2.35520584e-03 
 8.22242650e+07 -5.25401384e+01  2.36044063e-03 
 8.31763771e+07 -5.25216204e+01  2.36547836e-03 
 8.41395142e+07 -5.25038764e+01  2.37031562e-03 
 8.51138038e+07 -5.24869139e+01  2.37494909e-03 
 8.60993752e+07 -5.24707403e+01  2.37937549e-03 
 8.70963590e+07 -5.24553629e+01  2.38359165e-03 
 8.81048873e+07 -5.24407888e+01  2.38759444e-03 
 8.91250938e+07 -5.24270251e+01  2.39138083e-03 
 9.01571138e+07 -5.24140787e+01  2.39494788e-03 
 9.12010839e+07 -5.24019561e+01  2.39829274e-03 
 9.22571427e+07 -5.23906641e+01  2.40141266e-03 
 9.33254301e+07 -5.23802089e+01  2.40430498e-03 
 9.44060876e+07 -5.23705967e+01  2.40696715e-03 
 9.54992586e+07 -5.23618337e+01  2.40939673e-03 
 9.66050879e+07 -5.23539254e+01  2.41159142e-03 
 9.77237221e+07 -5.23468777e+01  2.41354898e-03 
 9.88553095e+07 -5.23406958e+01  2.41526736e-03 
 1.00000000e+08 -5.23353849e+01  2.41674458e-03 
 1.01157945e+08 -5.23309502e+01  2.41797882e-03 
 1.02329299e+08 -5.23273962e+01  2.41896838e-03 
 1.03514217e+08 -5.23247275e+01  2.41971171e-03 
 1.04712855e+08 -5.23229483e+01  2.42020739e-03 
 1.05925373e+08 -5.23220628e+01  2.42045413e-03 
 1.07151931e+08 -5.23220748e+01  2.42045082e-03 
 1.08392691e+08 -5.23229876e+01  2.42019645e-03 
 1.09647820e+08 -5.23248047e+01  2.41969019e-03 
 1.10917482e+08 -5.23275291e+01  2.41893136e-03 
 1.12201845e+08 -5.23311635e+01  2.41791943e-03 
 1.13501082e+08 -5.23357104e+01  2.41665402e-03 
 1.14815362e+08 -5.23411721e+01  2.41513491e-03 
 1.16144861e+08 -5.23475505e+01  2.41336204e-03 
 1.17489755e+08 -5.23548472e+01  2.41133549e-03 
 1.18850223e+08 -5.23630638e+01  2.40905554e-03 
 1.20226443e+08 -5.23722012e+01  2.40652258e-03 
 1.21618600e+08 -5.23822604e+01  2.40373718e-03 
 1.23026877e+08 -5.23932418e+01  2.40070009e-03 
 1.24451461e+08 -5.24051458e+01  2.39741218e-03 
 1.25892541e+08 -5.24179724e+01  2.39387451e-03 
 1.27350308e+08 -5.24317212e+01  2.39008827e-03 
 1.28824955e+08 -5.24463916e+01  2.38605483e-03 
 1.30316678e+08 -5.24619828e+01  2.38177570e-03 
 1.31825674e+08 -5.24784936e+01  2.37725254e-03 
 1.33352143e+08 -5.24959225e+01  2.37248718e-03 
 1.34896288e+08 -5.25142679e+01  2.36748157e-03 
 1.36458314e+08 -5.25335276e+01  2.36223784e-03 
 1.38038426e+08 -5.25536994e+01  2.35675823e-03 
 1.39636836e+08 -5.25747806e+01  2.35104515e-03 
 1.41253754e+08 -5.25967685e+01  2.34510112e-03 
 1.42889396e+08 -5.26196599e+01  2.33892883e-03 
 1.44543977e+08 -5.26434513e+01  2.33253106e-03 
 1.46217717e+08 -5.26681391e+01  2.32591076e-03 
 1.47910839e+08 -5.26937192e+01  2.31907097e-03 
 1.49623566e+08 -5.27201875e+01  2.31201488e-03 
 1.51356125e+08 -5.27475395e+01  2.30474577e-03 
 1.53108746e+08 -5.27757703e+01  2.29726705e-03 
 1.54881662e+08 -5.28048751e+01  2.28958223e-03 
 1.56675107e+08 -5.28348485e+01  2.28169493e-03 
 1.58489319e+08 -5.28656849e+01  2.27360886e-03 
 1.60324539e+08 -5.28973787e+01  2.26532785e-03 
 1.62181010e+08 -5.29299239e+01  2.25685578e-03 
 1.64058977e+08 -5.29633141e+01  2.24819665e-03 
 1.65958691e+08 -5.29975429e+01  2.23935452e-03 
 1.67880402e+08 -5.30326037e+01  2.23033355e-03 
 1.69824365e+08 -5.30684894e+01  2.22113793e-03 
 1.71790839e+08 -5.31051930e+01  2.21177197e-03 
 1.73780083e+08 -5.31427071e+01  2.20223999e-03 
 1.75792361e+08 -5.31810242e+01  2.19254640e-03 
 1.77827941e+08 -5.32201364e+01  2.18269564e-03 
 1.79887092e+08 -5.32600358e+01  2.17269222e-03 
 1.81970086e+08 -5.33007143e+01  2.16254067e-03 
 1.84077200e+08 -5.33421636e+01  2.15224557e-03 
 1.86208714e+08 -5.33843750e+01  2.14181152e-03 
 1.88364909e+08 -5.34273400e+01  2.13124315e-03 
 1.90546072e+08 -5.34710496e+01  2.12054512e-03 
 1.92752491e+08 -5.35154949e+01  2.10972211e-03 
 1.94984460e+08 -5.35606667e+01  2.09877879e-03 
 1.97242274e+08 -5.36065555e+01  2.08771987e-03 
 1.99526231e+08 -5.36531520e+01  2.07655003e-03 
 2.01836636e+08 -5.37004465e+01  2.06527399e-03 
 2.04173794e+08 -5.37484293e+01  2.05389642e-03 
 2.06538016e+08 -5.37970903e+01  2.04242201e-03 
 2.08929613e+08 -5.38464198e+01  2.03085544e-03 
 2.11348904e+08 -5.38964074e+01  2.01920136e-03 
 2.13796209e+08 -5.39470430e+01  2.00746440e-03 
 2.16271852e+08 -5.39983161e+01  1.99564917e-03 
 2.18776162e+08 -5.40502164e+01  1.98376024e-03 
 2.21309471e+08 -5.41027332e+01  1.97180218e-03 
 2.23872114e+08 -5.41558558e+01  1.95977949e-03 
 2.26464431e+08 -5.42095737e+01  1.94769665e-03 
 2.29086765e+08 -5.42638758e+01  1.93555810e-03 
 2.31739465e+08 -5.43187513e+01  1.92336822e-03 
 2.34422882e+08 -5.43741892e+01  1.91113137e-03 
 2.37137371e+08 -5.44301784e+01  1.89885183e-03 
 2.39883292e+08 -5.44867079e+01  1.88653386e-03 
 2.42661010e+08 -5.45437664e+01  1.87418164e-03 
 2.45470892e+08 -5.46013427e+01  1.86179930e-03 
 2.48313311e+08 -5.46594256e+01  1.84939092e-03 
 2.51188643e+08 -5.47180036e+01  1.83696052e-03 
 2.54097271e+08 -5.47770653e+01  1.82451204e-03 
 2.57039578e+08 -5.48365994e+01  1.81204938e-03 
 2.60015956e+08 -5.48965945e+01  1.79957635e-03 
 2.63026799e+08 -5.49570389e+01  1.78709671e-03 
 2.66072506e+08 -5.50179212e+01  1.77461415e-03 
 2.69153480e+08 -5.50792299e+01  1.76213228e-03 
 2.72270131e+08 -5.51409533e+01  1.74965466e-03 
 2.75422870e+08 -5.52030799e+01  1.73718475e-03 
 2.78612117e+08 -5.52655980e+01  1.72472596e-03 
 2.81838293e+08 -5.53284961e+01  1.71228161e-03 
 2.85101827e+08 -5.53917626e+01  1.69985497e-03 
 2.88403150e+08 -5.54553857e+01  1.68744922e-03 
 2.91742701e+08 -5.55193540e+01  1.67506746e-03 
 2.95120923e+08 -5.55836556e+01  1.66271272e-03 
 2.98538262e+08 -5.56482790e+01  1.65038796e-03 
 3.01995172e+08 -5.57132126e+01  1.63809607e-03 
 3.05492111e+08 -5.57784448e+01  1.62583984e-03 
 3.09029543e+08 -5.58439639e+01  1.61362200e-03 
 3.12607937e+08 -5.59097582e+01  1.60144522e-03 
 3.16227766e+08 -5.59758164e+01  1.58931207e-03 
 3.19889511e+08 -5.60421266e+01  1.57722506e-03 
 3.23593657e+08 -5.61086775e+01  1.56518661e-03 
 3.27340695e+08 -5.61754574e+01  1.55319909e-03 
 3.31131121e+08 -5.62424549e+01  1.54126478e-03 
 3.34965439e+08 -5.63096584e+01  1.52938589e-03 
 3.38844156e+08 -5.63770565e+01  1.51756455e-03 
 3.42767787e+08 -5.64446378e+01  1.50580284e-03 
 3.46736850e+08 -5.65123907e+01  1.49410274e-03 
 3.50751874e+08 -5.65803041e+01  1.48246619e-03 
 3.54813389e+08 -5.66483664e+01  1.47089503e-03 
 3.58921935e+08 -5.67165664e+01  1.45939106e-03 
 3.63078055e+08 -5.67848928e+01  1.44795598e-03 
 3.67282300e+08 -5.68533344e+01  1.43659146e-03 
 3.71535229e+08 -5.69218799e+01  1.42529908e-03 
 3.75837404e+08 -5.69905182e+01  1.41408036e-03 
 3.80189396e+08 -5.70592381e+01  1.40293675e-03 
 3.84591782e+08 -5.71280287e+01  1.39186965e-03 
 3.89045145e+08 -5.71968787e+01  1.38088039e-03 
 3.93550075e+08 -5.72657774e+01  1.36997024e-03 
 3.98107171e+08 -5.73347136e+01  1.35914040e-03 
 4.02717034e+08 -5.74036765e+01  1.34839203e-03 
 4.07380278e+08 -5.74726553e+01  1.33772621e-03 
 4.12097519e+08 -5.75416391e+01  1.32714399e-03 
 4.16869383e+08 -5.76106172e+01  1.31664635e-03 
 4.21696503e+08 -5.76795790e+01  1.30623420e-03 
 4.26579519e+08 -5.77485137e+01  1.29590843e-03 
 4.31519077e+08 -5.78174109e+01  1.28566984e-03 
 4.36515832e+08 -5.78862600e+01  1.27551920e-03 
 4.41570447e+08 -5.79550505e+01  1.26545724e-03 
 4.46683592e+08 -5.80237721e+01  1.25548462e-03 
 4.51855944e+08 -5.80924144e+01  1.24560196e-03 
 4.57088190e+08 -5.81609671e+01  1.23580983e-03 
 4.62381021e+08 -5.82294202e+01  1.22610875e-03 
 4.67735141e+08 -5.82977633e+01  1.21649922e-03 
 4.73151259e+08 -5.83659866e+01  1.20698166e-03 
 4.78630092e+08 -5.84340800e+01  1.19755647e-03 
 4.84172368e+08 -5.85020336e+01  1.18822401e-03 
 4.89778819e+08 -5.85698375e+01  1.17898458e-03 
 4.95450191e+08 -5.86374821e+01  1.16983846e-03 
 5.01187234e+08 -5.87049577e+01  1.16078588e-03 
 5.06990708e+08 -5.87722546e+01  1.15182704e-03 
 5.12861384e+08 -5.88393634e+01  1.14296210e-03 
 5.18800039e+08 -5.89062747e+01  1.13419118e-03 
 5.24807460e+08 -5.89729791e+01  1.12551437e-03 
 5.30884444e+08 -5.90394675e+01  1.11693172e-03 
 5.37031796e+08 -5.91057306e+01  1.10844327e-03 
 5.43250331e+08 -5.91717595e+01  1.10004898e-03 
 5.49540874e+08 -5.92375452e+01  1.09174884e-03 
 5.55904257e+08 -5.93030790e+01  1.08354275e-03 
 5.62341325e+08 -5.93683519e+01  1.07543063e-03 
 5.68852931e+08 -5.94333555e+01  1.06741235e-03 
 5.75439937e+08 -5.94980813e+01  1.05948774e-03 
 5.82103218e+08 -5.95625207e+01  1.05165663e-03 
 5.88843655e+08 -5.96266656e+01  1.04391880e-03 
 5.95662144e+08 -5.96905078e+01  1.03627402e-03 
 6.02559586e+08 -5.97540392e+01  1.02872203e-03 
 6.09536897e+08 -5.98172519e+01  1.02126254e-03 
 6.16595002e+08 -5.98801382e+01  1.01389526e-03 
 6.23734835e+08 -5.99426902e+01  1.00661985e-03 
 6.30957344e+08 -6.00049006e+01  9.99435957e-04 
 6.38263486e+08 -6.00667619e+01  9.92343220e-04 
 6.45654229e+08 -6.01282668e+01  9.85341244e-04 
 6.53130553e+08 -6.01894082e+01  9.78429620e-04 
 6.60693448e+08 -6.02501791e+01  9.71607919e-04 
 6.68343918e+08 -6.03105727e+01  9.64875693e-04 
 6.76082975e+08 -6.03705823e+01  9.58232479e-04 
 6.83911647e+08 -6.04302013e+01  9.51677796e-04 
 6.91830971e+08 -6.04894233e+01  9.45211145e-04 
 6.99841996e+08 -6.05482422e+01  9.38832015e-04 
 7.07945784e+08 -6.06066518e+01  9.32539876e-04 
 7.16143410e+08 -6.06646461e+01  9.26334187e-04 
 7.24435960e+08 -6.07222196e+01  9.20214392e-04 
 7.32824533e+08 -6.07793665e+01  9.14179919e-04 
 7.41310241e+08 -6.08360813e+01  9.08230188e-04 
 7.49894209e+08 -6.08923590e+01  9.02364602e-04 
 7.58577575e+08 -6.09481943e+01  8.96582556e-04 
 7.67361489e+08 -6.10035824e+01  8.90883431e-04 
 7.76247117e+08 -6.10585184e+01  8.85266599e-04 
 7.85235635e+08 -6.11129979e+01  8.79731421e-04 
 7.94328235e+08 -6.11670165e+01  8.74277249e-04 
 8.03526122e+08 -6.12205698e+01  8.68903424e-04 
 8.12830516e+08 -6.12736540e+01  8.63609280e-04 
 8.22242650e+08 -6.13262651e+01  8.58394141e-04 
 8.31763771e+08 -6.13783995e+01  8.53257325e-04 
 8.41395142e+08 -6.14300537e+01  8.48198141e-04 
 8.51138038e+08 -6.14812243e+01  8.43215891e-04 
 8.60993752e+08 -6.15319084e+01  8.38309871e-04 
 8.70963590e+08 -6.15821029e+01  8.33479370e-04 
 8.81048873e+08 -6.16318051e+01  8.28723671e-04 
 8.91250938e+08 -6.16810125e+01  8.24042053e-04 
 9.01571138e+08 -6.17297226e+01  8.19433789e-04 
 9.12010839e+08 -6.17779334e+01  8.14898147e-04 
 9.22571427e+08 -6.18256428e+01  8.10434391e-04 
 9.33254301e+08 -6.18728489e+01  8.06041781e-04 
 9.44060876e+08 -6.19195503e+01  8.01719574e-04 
 9.54992586e+08 -6.19657453e+01  7.97467022e-04 
 9.66050879e+08 -6.20114329e+01  7.93283377e-04 
 9.77237221e+08 -6.20566119e+01  7.89167887e-04 
 9.88553095e+08 -6.21012814e+01  7.85119796e-04 
 1.00000000e+09 -6.21454408e+01  7.81138350e-04 
