 1.00000000e+00 -6.95910611e+01  3.31472072e-04 
 1.01157945e+00 -6.95910629e+01  3.31472005e-04 
 1.02329299e+00 -6.95910647e+01  3.31471936e-04 
 1.03514217e+00 -6.95910665e+01  3.31471866e-04 
 1.04712855e+00 -6.95910684e+01  3.31471794e-04 
 1.05925373e+00 -6.95910703e+01  3.31471721e-04 
 1.07151931e+00 -6.95910723e+01  3.31471645e-04 
 1.08392691e+00 -6.95910743e+01  3.31471568e-04 
 1.09647820e+00 -6.95910764e+01  3.31471490e-04 
 1.10917482e+00 -6.95910785e+01  3.31471409e-04 
 1.12201845e+00 -6.95910807e+01  3.31471326e-04 
 1.13501082e+00 -6.95910829e+01  3.31471242e-04 
 1.14815362e+00 -6.95910852e+01  3.31471156e-04 
 1.16144861e+00 -6.95910875e+01  3.31471067e-04 
 1.17489755e+00 -6.95910898e+01  3.31470977e-04 
 1.18850223e+00 -6.95910923e+01  3.31470884e-04 
 1.20226443e+00 -6.95910947e+01  3.31470790e-04 
 1.21618600e+00 -6.95910973e+01  3.31470693e-04 
 1.23026877e+00 -6.95910999e+01  3.31470593e-04 
 1.24451461e+00 -6.95911025e+01  3.31470492e-04 
 1.25892541e+00 -6.95911053e+01  3.31470388e-04 
 1.27350308e+00 -6.95911080e+01  3.31470282e-04 
 1.28824955e+00 -6.95911109e+01  3.31470173e-04 
 1.30316678e+00 -6.95911138e+01  3.31470062e-04 
 1.31825674e+00 -6.95911168e+01  3.31469948e-04 
 1.33352143e+00 -6.95911199e+01  3.31469831e-04 
 1.34896288e+00 -6.95911230e+01  3.31469712e-04 
 1.36458314e+00 -6.95911262e+01  3.31469590e-04 
 1.38038426e+00 -6.95911294e+01  3.31469465e-04 
 1.39636836e+00 -6.95911328e+01  3.31469338e-04 
 1.41253754e+00 -6.95911362e+01  3.31469207e-04 
 1.42889396e+00 -6.95911397e+01  3.31469073e-04 
 1.44543977e+00 -6.95911433e+01  3.31468936e-04 
 1.46217717e+00 -6.95911470e+01  3.31468796e-04 
 1.47910839e+00 -6.95911506e+01  3.31468657e-04 
 1.49623566e+00 -6.95911545e+01  3.31468510e-04 
 1.51356125e+00 -6.95911584e+01  3.31468360e-04 
 1.53108746e+00 -6.95911624e+01  3.31468207e-04 
 1.54881662e+00 -6.95911665e+01  3.31468049e-04 
 1.56675107e+00 -6.95911708e+01  3.31467889e-04 
 1.58489319e+00 -6.95911751e+01  3.31467724e-04 
 1.60324539e+00 -6.95911795e+01  3.31467556e-04 
 1.62181010e+00 -6.95911840e+01  3.31467383e-04 
 1.64058977e+00 -6.95911886e+01  3.31467207e-04 
 1.65958691e+00 -6.95911934e+01  3.31467026e-04 
 1.67880402e+00 -6.95911982e+01  3.31466842e-04 
 1.69824365e+00 -6.95912031e+01  3.31466653e-04 
 1.71790839e+00 -6.95912082e+01  3.31466459e-04 
 1.73780083e+00 -6.95912134e+01  3.31466261e-04 
 1.75792361e+00 -6.95912187e+01  3.31466059e-04 
 1.77827941e+00 -6.95912241e+01  3.31465852e-04 
 1.79887092e+00 -6.95912299e+01  3.31465631e-04 
 1.81970086e+00 -6.95912356e+01  3.31465414e-04 
 1.84077200e+00 -6.95912414e+01  3.31465192e-04 
 1.86208714e+00 -6.95912474e+01  3.31464965e-04 
 1.88364909e+00 -6.95912534e+01  3.31464737e-04 
 1.90546072e+00 -6.95912596e+01  3.31464499e-04 
 1.92752491e+00 -6.95912660e+01  3.31464255e-04 
 1.94984460e+00 -6.95912725e+01  3.31464006e-04 
 1.97242274e+00 -6.95912792e+01  3.31463751e-04 
 1.99526231e+00 -6.95912860e+01  3.31463490e-04 
 2.01836636e+00 -6.95912930e+01  3.31463223e-04 
 2.04173794e+00 -6.95913002e+01  3.31462950e-04 
 2.06538016e+00 -6.95913075e+01  3.31462671e-04 
 2.08929613e+00 -6.95913150e+01  3.31462385e-04 
 2.11348904e+00 -6.95913225e+01  3.31462097e-04 
 2.13796209e+00 -6.95913304e+01  3.31461797e-04 
 2.16271852e+00 -6.95913384e+01  3.31461491e-04 
 2.18776162e+00 -6.95913465e+01  3.31461181e-04 
 2.21309471e+00 -6.95913549e+01  3.31460860e-04 
 2.23872114e+00 -6.95913635e+01  3.31460532e-04 
 2.26464431e+00 -6.95913723e+01  3.31460196e-04 
 2.29086765e+00 -6.95913814e+01  3.31459852e-04 
 2.31739465e+00 -6.95913907e+01  3.31459496e-04 
 2.34422882e+00 -6.95914001e+01  3.31459136e-04 
 2.37137371e+00 -6.95914097e+01  3.31458772e-04 
 2.39883292e+00 -6.95914195e+01  3.31458395e-04 
 2.42661010e+00 -6.95914297e+01  3.31458009e-04 
 2.45470892e+00 -6.95914399e+01  3.31457618e-04 
 2.48313311e+00 -6.95914507e+01  3.31457206e-04 
 2.51188643e+00 -6.95914615e+01  3.31456792e-04 
 2.54097271e+00 -6.95914726e+01  3.31456369e-04 
 2.57039578e+00 -6.95914841e+01  3.31455932e-04 
 2.60015956e+00 -6.95914956e+01  3.31455493e-04 
 2.63026799e+00 -6.95915075e+01  3.31455040e-04 
 2.66072506e+00 -6.95915196e+01  3.31454576e-04 
 2.69153480e+00 -6.95915320e+01  3.31454102e-04 
 2.72270131e+00 -6.95915447e+01  3.31453620e-04 
 2.75422870e+00 -6.95915577e+01  3.31453123e-04 
 2.78612117e+00 -6.95915710e+01  3.31452615e-04 
 2.81838293e+00 -6.95915846e+01  3.31452094e-04 
 2.85101827e+00 -6.95915986e+01  3.31451562e-04 
 2.88403150e+00 -6.95916129e+01  3.31451017e-04 
 2.91742701e+00 -6.95916275e+01  3.31450459e-04 
 2.95120923e+00 -6.95916423e+01  3.31449893e-04 
 2.98538262e+00 -6.95916579e+01  3.31449300e-04 
 3.01995172e+00 -6.95916735e+01  3.31448703e-04 
 3.05492111e+00 -6.95916896e+01  3.31448091e-04 
 3.09029543e+00 -6.95917059e+01  3.31447466e-04 
 3.12607937e+00 -6.95917227e+01  3.31446825e-04 
 3.16227766e+00 -6.95917398e+01  3.31446175e-04 
 3.19889511e+00 -6.95917573e+01  3.31445504e-04 
 3.23593657e+00 -6.95917753e+01  3.31444818e-04 
 3.27340695e+00 -6.95917937e+01  3.31444116e-04 
 3.31131121e+00 -6.95918125e+01  3.31443398e-04 
 3.34965439e+00 -6.95918317e+01  3.31442667e-04 
 3.38844156e+00 -6.95918516e+01  3.31441906e-04 
 3.42767787e+00 -6.95918718e+01  3.31441137e-04 
 3.46736850e+00 -6.95918924e+01  3.31440349e-04 
 3.50751874e+00 -6.95919136e+01  3.31439543e-04 
 3.54813389e+00 -6.95919351e+01  3.31438723e-04 
 3.58921935e+00 -6.95919572e+01  3.31437879e-04 
 3.63078055e+00 -6.95919798e+01  3.31437015e-04 
 3.67282300e+00 -6.95920030e+01  3.31436132e-04 
 3.71535229e+00 -6.95920268e+01  3.31435223e-04 
 3.75837404e+00 -6.95920510e+01  3.31434298e-04 
 3.80189396e+00 -6.95920758e+01  3.31433351e-04 
 3.84591782e+00 -6.95921012e+01  3.31432382e-04 
 3.89045145e+00 -6.95921271e+01  3.31431395e-04 
 3.93550075e+00 -6.95921537e+01  3.31430380e-04 
 3.98107171e+00 -6.95921809e+01  3.31429342e-04 
 4.02717034e+00 -6.95922089e+01  3.31428275e-04 
 4.07380278e+00 -6.95922373e+01  3.31427188e-04 
 4.12097519e+00 -6.95922665e+01  3.31426076e-04 
 4.16869383e+00 -6.95922963e+01  3.31424938e-04 
 4.21696503e+00 -6.95923267e+01  3.31423777e-04 
 4.26579519e+00 -6.95923580e+01  3.31422585e-04 
 4.31519077e+00 -6.95923899e+01  3.31421366e-04 
 4.36515832e+00 -6.95924228e+01  3.31420113e-04 
 4.41570447e+00 -6.95924565e+01  3.31418827e-04 
 4.46683592e+00 -6.95924905e+01  3.31417529e-04 
 4.51855944e+00 -6.95925257e+01  3.31416188e-04 
 4.57088190e+00 -6.95925615e+01  3.31414819e-04 
 4.62381021e+00 -6.95925981e+01  3.31413423e-04 
 4.67735141e+00 -6.95926359e+01  3.31411982e-04 
 4.73151259e+00 -6.95926743e+01  3.31410516e-04 
 4.78630092e+00 -6.95927135e+01  3.31409020e-04 
 4.84172368e+00 -6.95927538e+01  3.31407484e-04 
 4.89778819e+00 -6.95927948e+01  3.31405918e-04 
 4.95450191e+00 -6.95928372e+01  3.31404301e-04 
 5.01187234e+00 -6.95928802e+01  3.31402661e-04 
 5.06990708e+00 -6.95929245e+01  3.31400969e-04 
 5.12861384e+00 -6.95929696e+01  3.31399251e-04 
 5.18800039e+00 -6.95930156e+01  3.31397492e-04 
 5.24807460e+00 -6.95930629e+01  3.31395689e-04 
 5.30884444e+00 -6.95931112e+01  3.31393848e-04 
 5.37031796e+00 -6.95931609e+01  3.31391950e-04 
 5.43250331e+00 -6.95932114e+01  3.31390022e-04 
 5.49540874e+00 -6.95932633e+01  3.31388045e-04 
 5.55904257e+00 -6.95933162e+01  3.31386026e-04 
 5.62341325e+00 -6.95933706e+01  3.31383951e-04 
 5.68852931e+00 -6.95934261e+01  3.31381832e-04 
 5.75439937e+00 -6.95934828e+01  3.31379668e-04 
 5.82103218e+00 -6.95935410e+01  3.31377450e-04 
 5.88843655e+00 -6.95936006e+01  3.31375175e-04 
 5.95662144e+00 -6.95936614e+01  3.31372856e-04 
 6.02559586e+00 -6.95937239e+01  3.31370471e-04 
 6.09536897e+00 -6.95937876e+01  3.31368043e-04 
 6.16595002e+00 -6.95938527e+01  3.31365558e-04 
 6.23734835e+00 -6.95939197e+01  3.31363002e-04 
 6.30957344e+00 -6.95939879e+01  3.31360400e-04 
 6.38263486e+00 -6.95940577e+01  3.31357738e-04 
 6.45654229e+00 -6.95941293e+01  3.31355005e-04 
 6.53130553e+00 -6.95942025e+01  3.31352212e-04 
 6.60693448e+00 -6.95942773e+01  3.31349360e-04 
 6.68343918e+00 -6.95943539e+01  3.31346436e-04 
 6.76082975e+00 -6.95944324e+01  3.31343444e-04 
 6.83911647e+00 -6.95945127e+01  3.31340378e-04 
 6.91830971e+00 -6.95945947e+01  3.31337250e-04 
 6.99841996e+00 -6.95946787e+01  3.31334049e-04 
 7.07945784e+00 -6.95947648e+01  3.31330764e-04 
 7.16143410e+00 -6.95948526e+01  3.31327412e-04 
 7.24435960e+00 -6.95949428e+01  3.31323973e-04 
 7.32824533e+00 -6.95950348e+01  3.31320463e-04 
 7.41310241e+00 -6.95951292e+01  3.31316863e-04 
 7.49894209e+00 -6.95952255e+01  3.31313187e-04 
 7.58577575e+00 -6.95953244e+01  3.31309418e-04 
 7.67361489e+00 -6.95954255e+01  3.31305560e-04 
 7.76247117e+00 -6.95955288e+01  3.31301622e-04 
 7.85235635e+00 -6.95956346e+01  3.31297583e-04 
 7.94328235e+00 -6.95957430e+01  3.31293451e-04 
 8.03526122e+00 -6.95958537e+01  3.31289227e-04 
 8.12830516e+00 -6.95959668e+01  3.31284913e-04 
 8.22242650e+00 -6.95960829e+01  3.31280486e-04 
 8.31763771e+00 -6.95962017e+01  3.31275956e-04 
 8.41395142e+00 -6.95963230e+01  3.31271330e-04 
 8.51138038e+00 -6.95964472e+01  3.31266591e-04 
 8.60993752e+00 -6.95965742e+01  3.31261747e-04 
 8.70963590e+00 -6.95967045e+01  3.31256781e-04 
 8.81048873e+00 -6.95968376e+01  3.31251704e-04 
 8.91250938e+00 -6.95969739e+01  3.31246505e-04 
 9.01571138e+00 -6.95971131e+01  3.31241198e-04 
 9.12010839e+00 -6.95972558e+01  3.31235755e-04 
 9.22571427e+00 -6.95974016e+01  3.31230194e-04 
 9.33254301e+00 -6.95975511e+01  3.31224495e-04 
 9.44060876e+00 -6.95977037e+01  3.31218676e-04 
 9.54992586e+00 -6.95978600e+01  3.31212714e-04 
 9.66050879e+00 -6.95980201e+01  3.31206608e-04 
 9.77237221e+00 -6.95981839e+01  3.31200365e-04 
 9.88553095e+00 -6.95983514e+01  3.31193977e-04 
 1.00000000e+01 -6.95985232e+01  3.31187428e-04 
 1.01157945e+01 -6.95986983e+01  3.31180748e-04 
 1.02329299e+01 -6.95988777e+01  3.31173909e-04 
 1.03514217e+01 -6.95990616e+01  3.31166897e-04 
 1.04712855e+01 -6.95992495e+01  3.31159732e-04 
 1.05925373e+01 -6.95994416e+01  3.31152409e-04 
 1.07151931e+01 -6.95996384e+01  3.31144907e-04 
 1.08392691e+01 -6.95998397e+01  3.31137231e-04 
 1.09647820e+01 -6.96000460e+01  3.31129368e-04 
 1.10917482e+01 -6.96002567e+01  3.31121336e-04 
 1.12201845e+01 -6.96004723e+01  3.31113117e-04 
 1.13501082e+01 -6.96006930e+01  3.31104702e-04 
 1.14815362e+01 -6.96009188e+01  3.31096097e-04 
 1.16144861e+01 -6.96011501e+01  3.31087279e-04 
 1.17489755e+01 -6.96013866e+01  3.31078264e-04 
 1.18850223e+01 -6.96016287e+01  3.31069037e-04 
 1.20226443e+01 -6.96018761e+01  3.31059608e-04 
 1.21618600e+01 -6.96021296e+01  3.31049943e-04 
 1.23026877e+01 -6.96023888e+01  3.31040067e-04 
 1.24451461e+01 -6.96026539e+01  3.31029962e-04 
 1.25892541e+01 -6.96029256e+01  3.31019609e-04 
 1.27350308e+01 -6.96032032e+01  3.31009029e-04 
 1.28824955e+01 -6.96034874e+01  3.30998200e-04 
 1.30316678e+01 -6.96037780e+01  3.30987124e-04 
 1.31825674e+01 -6.96040757e+01  3.30975781e-04 
 1.33352143e+01 -6.96043801e+01  3.30964181e-04 
 1.34896288e+01 -6.96046917e+01  3.30952307e-04 
 1.36458314e+01 -6.96050105e+01  3.30940162e-04 
 1.38038426e+01 -6.96053364e+01  3.30927745e-04 
 1.39636836e+01 -6.96056702e+01  3.30915026e-04 
 1.41253754e+01 -6.96060117e+01  3.30902017e-04 
 1.42889396e+01 -6.96063611e+01  3.30888707e-04 
 1.44543977e+01 -6.96067186e+01  3.30875088e-04 
 1.46217717e+01 -6.96070844e+01  3.30861154e-04 
 1.47910839e+01 -6.96074589e+01  3.30846888e-04 
 1.49623566e+01 -6.96078419e+01  3.30832301e-04 
 1.51356125e+01 -6.96082336e+01  3.30817380e-04 
 1.53108746e+01 -6.96086346e+01  3.30802109e-04 
 1.54881662e+01 -6.96090449e+01  3.30786485e-04 
 1.56675107e+01 -6.96094644e+01  3.30770508e-04 
 1.58489319e+01 -6.96098939e+01  3.30754152e-04 
 1.60324539e+01 -6.96103337e+01  3.30737405e-04 
 1.62181010e+01 -6.96107831e+01  3.30720292e-04 
 1.64058977e+01 -6.96112435e+01  3.30702766e-04 
 1.65958691e+01 -6.96117141e+01  3.30684847e-04 
 1.67880402e+01 -6.96121959e+01  3.30666506e-04 
 1.69824365e+01 -6.96126884e+01  3.30647757e-04 
 1.71790839e+01 -6.96131927e+01  3.30628558e-04 
 1.73780083e+01 -6.96137087e+01  3.30608919e-04 
 1.75792361e+01 -6.96142366e+01  3.30588827e-04 
 1.77827941e+01 -6.96147767e+01  3.30568270e-04 
 1.79887092e+01 -6.96153293e+01  3.30547238e-04 
 1.81970086e+01 -6.96158948e+01  3.30525720e-04 
 1.84077200e+01 -6.96164736e+01  3.30503697e-04 
 1.86208714e+01 -6.96170654e+01  3.30481179e-04 
 1.88364909e+01 -6.96176711e+01  3.30458132e-04 
 1.90546072e+01 -6.96182907e+01  3.30434562e-04 
 1.92752491e+01 -6.96189246e+01  3.30410448e-04 
 1.94984460e+01 -6.96195734e+01  3.30385768e-04 
 1.97242274e+01 -6.96202371e+01  3.30360524e-04 
 1.99526231e+01 -6.96209162e+01  3.30334694e-04 
 2.01836636e+01 -6.96216108e+01  3.30308281e-04 
 2.04173794e+01 -6.96223218e+01  3.30281242e-04 
 2.06538016e+01 -6.96230491e+01  3.30253589e-04 
 2.08929613e+01 -6.96237932e+01  3.30225299e-04 
 2.11348904e+01 -6.96245543e+01  3.30196361e-04 
 2.13796209e+01 -6.96253334e+01  3.30166745e-04 
 2.16271852e+01 -6.96261301e+01  3.30136464e-04 
 2.18776162e+01 -6.96269454e+01  3.30105477e-04 
 2.21309471e+01 -6.96277795e+01  3.30073778e-04 
 2.23872114e+01 -6.96286329e+01  3.30041349e-04 
 2.26464431e+01 -6.96295061e+01  3.30008171e-04 
 2.29086765e+01 -6.96303991e+01  3.29974248e-04 
 2.31739465e+01 -6.96313133e+01  3.29939518e-04 
 2.34422882e+01 -6.96322481e+01  3.29904009e-04 
 2.37137371e+01 -6.96332046e+01  3.29867684e-04 
 2.39883292e+01 -6.96341837e+01  3.29830503e-04 
 2.42661010e+01 -6.96351846e+01  3.29792496e-04 
 2.45470892e+01 -6.96362087e+01  3.29753616e-04 
 2.48313311e+01 -6.96372569e+01  3.29713823e-04 
 2.51188643e+01 -6.96383289e+01  3.29673132e-04 
 2.54097271e+01 -6.96394253e+01  3.29631521e-04 
 2.57039578e+01 -6.96405474e+01  3.29588939e-04 
 2.60015956e+01 -6.96416955e+01  3.29545378e-04 
 2.63026799e+01 -6.96428697e+01  3.29500833e-04 
 2.66072506e+01 -6.96440710e+01  3.29455264e-04 
 2.69153480e+01 -6.96452999e+01  3.29408654e-04 
 2.72270131e+01 -6.96465571e+01  3.29360978e-04 
 2.75422870e+01 -6.96478434e+01  3.29312208e-04 
 2.78612117e+01 -6.96491592e+01  3.29262324e-04 
 2.81838293e+01 -6.96505049e+01  3.29211315e-04 
 2.85101827e+01 -6.96518819e+01  3.29159129e-04 
 2.88403150e+01 -6.96532904e+01  3.29105757e-04 
 2.91742701e+01 -6.96547315e+01  3.29051160e-04 
 2.95120923e+01 -6.96562053e+01  3.28995332e-04 
 2.98538262e+01 -6.96577129e+01  3.28938232e-04 
 3.01995172e+01 -6.96592554e+01  3.28879824e-04 
 3.05492111e+01 -6.96608331e+01  3.28820092e-04 
 3.09029543e+01 -6.96624469e+01  3.28759002e-04 
 3.12607937e+01 -6.96640979e+01  3.28696519e-04 
 3.16227766e+01 -6.96657865e+01  3.28632626e-04 
 3.19889511e+01 -6.96675138e+01  3.28567278e-04 
 3.23593657e+01 -6.96692805e+01  3.28500453e-04 
 3.27340695e+01 -6.96710880e+01  3.28432104e-04 
 3.31131121e+01 -6.96729367e+01  3.28362206e-04 
 3.34965439e+01 -6.96710448e+01  3.28433736e-04 
 3.38844156e+01 -6.96729789e+01  3.28360612e-04 
 3.42767787e+01 -6.96749574e+01  3.28285826e-04 
 3.46736850e+01 -6.96769807e+01  3.28209363e-04 
 3.50751874e+01 -6.96790504e+01  3.28131165e-04 
 3.54813389e+01 -6.96811671e+01  3.28051211e-04 
 3.58921935e+01 -6.96833322e+01  3.27969450e-04 
 3.63078055e+01 -6.96855466e+01  3.27885848e-04 
 3.67282300e+01 -6.96878115e+01  3.27800359e-04 
 3.71535229e+01 -6.96901278e+01  3.27712956e-04 
 3.75837404e+01 -6.96924971e+01  3.27623575e-04 
 3.80189396e+01 -6.96949201e+01  3.27532196e-04 
 3.84591782e+01 -6.96973979e+01  3.27438775e-04 
 3.89045145e+01 -6.96999323e+01  3.27343247e-04 
 3.93550075e+01 -6.97025242e+01  3.27245579e-04 
 3.98107171e+01 -6.97051749e+01  3.27145730e-04 
 4.02717034e+01 -6.97078854e+01  3.27043657e-04 
 4.07380278e+01 -6.97106577e+01  3.26939291e-04 
 4.12097519e+01 -6.97134927e+01  3.26832597e-04 
 4.16869383e+01 -6.97163917e+01  3.26723532e-04 
 4.21696503e+01 -6.97193563e+01  3.26612035e-04 
 4.26579519e+01 -6.97223882e+01  3.26498048e-04 
 4.31519077e+01 -6.97254885e+01  3.26381532e-04 
 4.36515832e+01 -6.97286584e+01  3.26262439e-04 
 4.41570447e+01 -6.97318998e+01  3.26140709e-04 
 4.46683592e+01 -6.97352145e+01  3.26016270e-04 
 4.51855944e+01 -6.97386039e+01  3.25889078e-04 
 4.57088190e+01 -6.97420694e+01  3.25759080e-04 
 4.62381021e+01 -6.97456131e+01  3.25626204e-04 
 4.67735141e+01 -6.97492358e+01  3.25490420e-04 
 4.73151259e+01 -6.97529404e+01  3.25351626e-04 
 4.78630092e+01 -6.97567278e+01  3.25209789e-04 
 4.84172368e+01 -6.97606001e+01  3.25064837e-04 
 4.89778819e+01 -6.97645594e+01  3.24916699e-04 
 4.95450191e+01 -6.97686068e+01  3.24765330e-04 
 5.01187234e+01 -6.97727448e+01  3.24610647e-04 
 5.06990708e+01 -6.97769753e+01  3.24452582e-04 
 5.12861384e+01 -6.97812998e+01  3.24291085e-04 
 5.18800039e+01 -6.97857213e+01  3.24126050e-04 
 5.24807460e+01 -6.97902408e+01  3.23957442e-04 
 5.30884444e+01 -6.97948606e+01  3.23785183e-04 
 5.37031796e+01 -6.97995833e+01  3.23609180e-04 
 5.43250331e+01 -6.98044110e+01  3.23429366e-04 
 5.49540874e+01 -6.98093452e+01  3.23245686e-04 
 5.55904257e+01 -6.98143890e+01  3.23058036e-04 
 5.62341325e+01 -6.98195445e+01  3.22866343e-04 
 5.68852931e+01 -6.98248137e+01  3.22670538e-04 
 5.75439937e+01 -6.98301988e+01  3.22470550e-04 
 5.82103218e+01 -6.98357031e+01  3.22266265e-04 
 5.88843655e+01 -6.98413282e+01  3.22057627e-04 
 5.95662144e+01 -6.98470770e+01  3.21844543e-04 
 6.02559586e+01 -6.98529521e+01  3.21626923e-04 
 6.09536897e+01 -6.98589557e+01  3.21404693e-04 
 6.16595002e+01 -6.98650911e+01  3.21177744e-04 
 6.23734835e+01 -6.98713604e+01  3.20946008e-04 
 6.30957344e+01 -6.98777666e+01  3.20709386e-04 
 6.38263486e+01 -6.98843124e+01  3.20467787e-04 
 6.45654229e+01 -6.98910007e+01  3.20221113e-04 
 6.53130553e+01 -6.98978344e+01  3.19969275e-04 
 6.60693448e+01 -6.99048162e+01  3.19712186e-04 
 6.68343918e+01 -6.99119493e+01  3.19449736e-04 
 6.76082975e+01 -6.99192371e+01  3.19181820e-04 
 6.83911647e+01 -6.99266817e+01  3.18908368e-04 
 6.91830971e+01 -6.99342869e+01  3.18629260e-04 
 6.99841996e+01 -6.99420560e+01  3.18344389e-04 
 7.07945784e+01 -6.99499918e+01  3.18053671e-04 
 7.16143410e+01 -6.99580976e+01  3.17756993e-04 
 7.24435960e+01 -6.99663770e+01  3.17454252e-04 
 7.32824533e+01 -6.99748335e+01  3.17145333e-04 
 7.41310241e+01 -6.99834700e+01  3.16830147e-04 
 7.49894209e+01 -6.99922903e+01  3.16508578e-04 
 7.58577575e+01 -7.00012979e+01  3.16180516e-04 
 7.67361489e+01 -7.00104966e+01  3.15845845e-04 
 7.76247117e+01 -7.00198896e+01  3.15504471e-04 
 7.85235635e+01 -7.00294809e+01  3.15156273e-04 
 7.94328235e+01 -7.00392742e+01  3.14801136e-04 
 8.03526122e+01 -7.00492731e+01  3.14438954e-04 
 8.12830516e+01 -7.00594819e+01  3.14069602e-04 
 8.22242650e+01 -7.00661214e+01  3.13829620e-04 
 8.31763771e+01 -7.00767608e+01  3.13445443e-04 
 8.41395142e+01 -7.00876218e+01  3.13053750e-04 
 8.51138038e+01 -7.00987082e+01  3.12654434e-04 
 8.60993752e+01 -7.01100242e+01  3.12247369e-04 
 8.70963590e+01 -7.01215741e+01  3.11832442e-04 
 8.81048873e+01 -7.01333617e+01  3.11409540e-04 
 8.91250938e+01 -7.01453920e+01  3.10978527e-04 
 9.01571138e+01 -7.01576683e+01  3.10539310e-04 
 9.12010839e+01 -7.01701954e+01  3.10091761e-04 
 9.22571427e+01 -7.01829780e+01  3.09635750e-04 
 9.33254301e+01 -7.01960202e+01  3.09171170e-04 
 9.44060876e+01 -7.02093267e+01  3.08697893e-04 
 9.54992586e+01 -7.02229023e+01  3.08215792e-04 
 9.66050879e+01 -7.02367507e+01  3.07724777e-04 
 9.77237221e+01 -7.02508770e+01  3.07224714e-04 
 9.88553095e+01 -7.02652860e+01  3.06715483e-04 
 1.00000000e+02 -7.02799824e+01  3.06196964e-04 
 1.01157945e+02 -7.02949712e+01  3.05669030e-04 
 1.02329299e+02 -7.03102565e+01  3.05131593e-04 
 1.03514217e+02 -7.03258434e+01  3.04584522e-04 
 1.04712855e+02 -7.03417370e+01  3.04027696e-04 
 1.05925373e+02 -7.03579423e+01  3.03461001e-04 
 1.07151931e+02 -7.03744639e+01  3.02884329e-04 
 1.08392691e+02 -7.03913066e+01  3.02297580e-04 
 1.09647820e+02 -7.04084761e+01  3.01700613e-04 
 1.10917482e+02 -7.04259768e+01  3.01093348e-04 
 1.12201845e+02 -7.04400315e+01  3.00606540e-04 
 1.13501082e+02 -7.04582101e+01  2.99978062e-04 
 1.14815362e+02 -7.04767355e+01  2.99338945e-04 
 1.16144861e+02 -7.04956129e+01  2.98689087e-04 
 1.17489755e+02 -7.05148471e+01  2.98028396e-04 
 1.18850223e+02 -7.05344435e+01  2.97356767e-04 
 1.20226443e+02 -7.05544072e+01  2.96674105e-04 
 1.21618600e+02 -7.05747435e+01  2.95980312e-04 
 1.23026877e+02 -7.05954579e+01  2.95275291e-04 
 1.24451461e+02 -7.06165548e+01  2.94558974e-04 
 1.25892541e+02 -7.06380398e+01  2.93831270e-04 
 1.27350308e+02 -7.06599185e+01  2.93092076e-04 
 1.28824955e+02 -7.06821960e+01  2.92341316e-04 
 1.30316678e+02 -7.07048771e+01  2.91578936e-04 
 1.31825674e+02 -7.07279673e+01  2.90804843e-04 
 1.33352143e+02 -7.07514721e+01  2.90018962e-04 
 1.34896288e+02 -7.07716135e+01  2.89347228e-04 
 1.36458314e+02 -7.07959624e+01  2.88537244e-04 
 1.38038426e+02 -7.08207412e+01  2.87715290e-04 
 1.39636836e+02 -7.08459549e+01  2.86881308e-04 
 1.41253754e+02 -7.08716088e+01  2.86035251e-04 
 1.42889396e+02 -7.08977081e+01  2.85177064e-04 
 1.44543977e+02 -7.09242578e+01  2.84306710e-04 
 1.46217717e+02 -7.09512631e+01  2.83424144e-04 
 1.47910839e+02 -7.09787286e+01  2.82529351e-04 
 1.49623566e+02 -7.10066595e+01  2.81622289e-04 
 1.51356125e+02 -7.10350607e+01  2.80702942e-04 
 1.53108746e+02 -7.10639374e+01  2.79771281e-04 
 1.54881662e+02 -7.10895114e+01  2.78948757e-04 
 1.56675107e+02 -7.11193527e+01  2.77992044e-04 
 1.58489319e+02 -7.11496835e+01  2.77022998e-04 
 1.60324539e+02 -7.11805087e+01  2.76041618e-04 
 1.62181010e+02 -7.12118325e+01  2.75047927e-04 
 1.64058977e+02 -7.12436600e+01  2.74041919e-04 
 1.65958691e+02 -7.12759951e+01  2.73023635e-04 
 1.67880402e+02 -7.13088427e+01  2.71993088e-04 
 1.69824365e+02 -7.13422065e+01  2.70950323e-04 
 1.71790839e+02 -7.13723084e+01  2.70012942e-04 
 1.73780083e+02 -7.14067180e+01  2.68945388e-04 
 1.75792361e+02 -7.14416563e+01  2.67865747e-04 
 1.77827941e+02 -7.14771281e+01  2.66774058e-04 
 1.79887092e+02 -7.15131360e+01  2.65670418e-04 
 1.81970086e+02 -7.15496849e+01  2.64554867e-04 
 1.84077200e+02 -7.15867783e+01  2.63427485e-04 
 1.86208714e+02 -7.16244194e+01  2.62288367e-04 
 1.88364909e+02 -7.16588289e+01  2.61251356e-04 
 1.90546072e+02 -7.16975759e+01  2.60088532e-04 
 1.92752491e+02 -7.17368808e+01  2.58914255e-04 
 1.94984460e+02 -7.17767467e+01  2.57728631e-04 
 1.97242274e+02 -7.18171772e+01  2.56531760e-04 
 1.99526231e+02 -7.18581744e+01  2.55323789e-04 
 2.01836636e+02 -7.18959586e+01  2.54215526e-04 
 2.04173794e+02 -7.19380976e+01  2.52985202e-04 
 2.06538016e+02 -7.19808119e+01  2.51744160e-04 
 2.08929613e+02 -7.20241035e+01  2.50492555e-04 
 2.11348904e+02 -7.20679746e+01  2.49230547e-04 
 2.13796209e+02 -7.21124277e+01  2.47958280e-04 
 2.16271852e+02 -7.21536816e+01  2.46783388e-04 
 2.18776162e+02 -7.21993037e+01  2.45490572e-04 
 2.21309471e+02 -7.22455133e+01  2.44188011e-04 
 2.23872114e+02 -7.22923120e+01  2.42875888e-04 
 2.26464431e+02 -7.23397011e+01  2.41554395e-04 
 2.29086765e+02 -7.23838989e+01  2.40328379e-04 
 2.31739465e+02 -7.24324725e+01  2.38988155e-04 
 2.34422882e+02 -7.24816396e+01  2.37639167e-04 
 2.37137371e+02 -7.25314021e+01  2.36281596e-04 
 2.39883292e+02 -7.25779770e+01  2.35018013e-04 
 2.42661010e+02 -7.26289307e+01  2.33643370e-04 
 2.45470892e+02 -7.26804814e+01  2.32260807e-04 
 2.48313311e+02 -7.27326287e+01  2.30870564e-04 
 2.51188643e+02 -7.27815906e+01  2.29572820e-04 
 2.54097271e+02 -7.28349321e+01  2.28167297e-04 
 2.57039578e+02 -7.28888708e+01  2.26754786e-04 
 2.60015956e+02 -7.29434062e+01  2.25335539e-04 
 2.63026799e+02 -7.29947556e+01  2.24007325e-04 
 2.66072506e+02 -7.30504835e+01  2.22574716e-04 
 2.69153480e+02 -7.31068066e+01  2.21136112e-04 
 2.72270131e+02 -7.31637244e+01  2.19691766e-04 
 2.75422870e+02 -7.32174530e+01  2.18337006e-04 
 2.78612117e+02 -7.32755567e+01  2.16881329e-04 
 2.81838293e+02 -7.33342519e+01  2.15420686e-04 
 2.85101827e+02 -7.33897546e+01  2.14048539e-04 
 2.88403150e+02 -7.34496283e+01  2.12578131e-04 
 2.91742701e+02 -7.35100897e+01  2.11103539e-04 
 2.95120923e+02 -7.35673535e+01  2.09716366e-04 
 2.98538262e+02 -7.36289837e+01  2.08233603e-04 
 3.01995172e+02 -7.36874135e+01  2.06837523e-04 
 3.05492111e+02 -7.37502053e+01  2.05347648e-04 
 3.09029543e+02 -7.38135749e+01  2.03854947e-04 
 3.12607937e+02 -7.38737375e+01  2.02447829e-04 
 3.16227766e+02 -7.39382558e+01  2.00949629e-04 
 3.19889511e+02 -7.40033454e+01  1.99449398e-04 
 3.23593657e+02 -7.40652205e+01  1.98033643e-04 
 3.27340695e+02 -7.41314437e+01  1.96529530e-04 
 3.31131121e+02 -7.41944477e+01  1.95109140e-04 
 3.34965439e+02 -7.42617944e+01  1.93602196e-04 
 3.38844156e+02 -7.43259162e+01  1.92178230e-04 
 3.42767787e+02 -7.43943753e+01  1.90669503e-04 
 3.46736850e+02 -7.44596033e+01  1.89243004e-04 
 3.50751874e+02 -7.45291625e+01  1.87733542e-04 
 3.54813389e+02 -7.45954847e+01  1.86305538e-04 
 3.58921935e+02 -7.46661315e+01  1.84796364e-04 
 3.63078055e+02 -7.47335351e+01  1.83367872e-04 
 3.67282300e+02 -7.48052574e+01  1.81859976e-04 
 3.71535229e+02 -7.48737292e+01  1.80431990e-04 
 3.75837404e+02 -7.49465131e+01  1.78926367e-04 
 3.80189396e+02 -7.50160403e+01  1.77499849e-04 
 3.84591782e+02 -7.50860897e+01  1.76074115e-04 
 3.89045145e+02 -7.51604407e+01  1.74573357e-04 
 3.93550075e+02 -7.52315245e+01  1.73150511e-04 
 3.98107171e+02 -7.53069029e+01  1.71654367e-04 
 4.02717034e+02 -7.53790071e+01  1.70235309e-04 
 4.07380278e+02 -7.54516161e+01  1.68818173e-04 
 4.12097519e+02 -7.55285097e+01  1.67330271e-04 
 4.16869383e+02 -7.56021178e+01  1.65918231e-04 
 4.21696503e+02 -7.56762205e+01  1.64508740e-04 
 4.26579519e+02 -7.57508141e+01  1.63102003e-04 
 4.31519077e+02 -7.58296774e+01  1.61627825e-04 
 4.36515832e+02 -7.59052417e+01  1.60227817e-04 
 4.41570447e+02 -7.59812862e+01  1.58831154e-04 
 4.46683592e+02 -7.60578076e+01  1.57438021e-04 
 4.51855944e+02 -7.61348022e+01  1.56048605e-04 
 4.57088190e+02 -7.62160496e+01  1.54595739e-04 
 4.62381021e+02 -7.62939803e+01  1.53214895e-04 
 4.67735141e+02 -7.63723742e+01  1.51838285e-04 
 4.73151259e+02 -7.64512276e+01  1.50466084e-04 
 4.78630092e+02 -7.65305382e+01  1.49098437e-04 
 4.84172368e+02 -7.66103016e+01  1.47735519e-04 
 4.89778819e+02 -7.66905149e+01  1.46377476e-04 
 4.95450191e+02 -7.67711754e+01  1.45024452e-04 
 5.01187234e+02 -7.68522795e+01  1.43676595e-04 
 5.06990708e+02 -7.69338246e+01  1.42334037e-04 
 5.12861384e+02 -7.70158075e+01  1.40996919e-04 
 5.18800039e+02 -7.70982255e+01  1.39665366e-04 
 5.24807460e+02 -7.71810757e+01  1.38339505e-04 
 5.30884444e+02 -7.72643552e+01  1.37019457e-04 
 5.37031796e+02 -7.73442787e+01  1.35764450e-04 
 5.43250331e+02 -7.74284088e+01  1.34455805e-04 
 5.49540874e+02 -7.75129610e+01  1.33153305e-04 
 5.55904257e+02 -7.75979320e+01  1.31857063e-04 
 5.62341325e+02 -7.76795377e+01  1.30624041e-04 
 5.68852931e+02 -7.77653403e+01  1.29340038e-04 
 5.75439937e+02 -7.78515552e+01  1.28062578e-04 
 5.82103218e+02 -7.79343983e+01  1.26846967e-04 
 5.88843655e+02 -7.80214324e+01  1.25582285e-04 
 5.95662144e+02 -7.81088732e+01  1.24324390e-04 
 6.02559586e+02 -7.81929361e+01  1.23126971e-04 
 6.09536897e+02 -7.82811850e+01  1.21882330e-04 
 6.16595002e+02 -7.83660532e+01  1.20697240e-04 
 6.23734835e+02 -7.84551043e+01  1.19466127e-04 
 6.30957344e+02 -7.85407712e+01  1.18293652e-04 
 6.38263486e+02 -7.86268362e+01  1.17127315e-04 
 6.45654229e+02 -7.87170810e+01  1.15916684e-04 
 6.53130553e+02 -7.88039385e+01  1.14763312e-04 
 6.60693448e+02 -7.88911912e+01  1.13616247e-04 
 6.68343918e+02 -7.89788382e+01  1.12475541e-04 
 6.76082975e+02 -7.90668792e+01  1.11341236e-04 
 6.83911647e+02 -7.91590959e+01  1.10165397e-04 
 6.91830971e+02 -7.92479231e+01  1.09044520e-04 
 6.99841996e+02 -7.93371433e+01  1.07930164e-04 
 7.07945784e+02 -7.94267560e+01  1.06822367e-04 
 7.16143410e+02 -7.95167622e+01  1.05721153e-04 
 7.24435960e+02 -7.96034166e+01  1.04671674e-04 
 7.32824533e+02 -7.96942097e+01  1.03583246e-04 
 7.41310241e+02 -7.97853973e+01  1.02501480e-04 
 7.49894209e+02 -7.98769794e+01  1.01426405e-04 
 7.58577575e+02 -7.99651753e+01  1.00401739e-04 
 7.67361489e+02 -8.00575504e+01  9.93396171e-05 
 7.76247117e+02 -8.01503241e+01  9.82842199e-05 
 7.85235635e+02 -8.02397145e+01  9.72779195e-05 
 7.94328235e+02 -8.03332886e+01  9.62355588e-05 
 8.03526122e+02 -8.04234828e+01  9.52414201e-05 
 8.12830516e+02 -8.05140814e+01  9.42531624e-05 
 8.22242650e+02 -8.06050867e+01  9.32707919e-05 
 8.31763771e+02 -8.07002837e+01  9.22541291e-05 
 8.41395142e+02 -8.07921092e+01  9.12839746e-05 
 8.51138038e+02 -8.08843485e+01  9.03197185e-05 
 8.60993752e+02 -8.09770042e+01  8.93613641e-05 
 8.70963590e+02 -8.10700797e+01  8.84089056e-05 
 8.81048873e+02 -8.11635777e+01  8.74623448e-05 
 8.91250938e+02 -8.12537189e+01  8.65593632e-05 
 9.01571138e+02 -8.13480724e+01  8.56241710e-05 
 9.12010839e+02 -8.14428589e+01  8.46948605e-05 
 9.22571427e+02 -8.15342999e+01  8.38079088e-05 
 9.33254301e+02 -8.16299648e+01  8.28899272e-05 
 9.44060876e+02 -8.17222927e+01  8.20135035e-05 
 9.54992586e+02 -8.18188533e+01  8.11068123e-05 
 9.66050879e+02 -8.19120858e+01  8.02408846e-05 
 9.77237221e+02 -8.20057785e+01  7.93799969e-05 
 9.88553095e+02 -8.20999359e+01  7.85241425e-05 
 1.00000000e+03 -8.21945638e+01  7.76733092e-05 
 1.01157945e+03 -8.22896679e+01  7.68274829e-05 
 1.02329299e+03 -8.23852536e+01  7.59866536e-05 
 1.03514217e+03 -8.24775447e+01  7.51835392e-05 
 1.04712855e+03 -8.25741131e+01  7.43522893e-05 
 1.05925373e+03 -8.26674000e+01  7.35580152e-05 
 1.07151931e+03 -8.27649773e+01  7.27362879e-05 
 1.08392691e+03 -8.28592868e+01  7.19508058e-05 
 1.09647820e+03 -8.29541186e+01  7.11695252e-05 
 1.10917482e+03 -8.30494804e+01  7.03924337e-05 
 1.12201845e+03 -8.31453800e+01  6.96195158e-05 
 1.13501082e+03 -8.32418257e+01  6.88507560e-05 
 1.14815362e+03 -8.33350432e+01  6.81157967e-05 
 1.16144861e+03 -8.34326063e+01  6.73549757e-05 
 1.17489755e+03 -8.35269591e+01  6.66272738e-05 
 1.18850223e+03 -8.36256761e+01  6.58743273e-05 
 1.20226443e+03 -8.37212010e+01  6.51538297e-05 
 1.21618600e+03 -8.38173274e+01  6.44367504e-05 
 1.23026877e+03 -8.39140648e+01  6.37230801e-05 
 1.24451461e+03 -8.40076408e+01  6.30402550e-05 
 1.25892541e+03 -8.41056320e+01  6.23330532e-05 
 1.27350308e+03 -8.42004848e+01  6.16560591e-05 
 1.28824955e+03 -8.42997752e+01  6.09552670e-05 
 1.30316678e+03 -8.43959500e+01  6.02840611e-05 
 1.31825674e+03 -8.44928039e+01  5.96155843e-05 
 1.33352143e+03 -8.45903497e+01  5.89498245e-05 
 1.34896288e+03 -8.46848171e+01  5.83121624e-05 
 1.36458314e+03 -8.47837852e+01  5.76515170e-05 
 1.38038426e+03 -8.48797021e+01  5.70183830e-05 
 1.39636836e+03 -8.49763647e+01  5.63873607e-05 
 1.41253754e+03 -8.50737874e+01  5.57584419e-05 
 1.42889396e+03 -8.51719849e+01  5.51316198e-05 
 1.44543977e+03 -8.52671897e+01  5.45306301e-05 
 1.46217717e+03 -8.53669828e+01  5.39077072e-05 
 1.47910839e+03 -8.54638148e+01  5.33100710e-05 
 1.49623566e+03 -8.55614848e+01  5.27139742e-05 
 1.51356125e+03 -8.56562273e+01  5.21421142e-05 
 1.53108746e+03 -8.57556250e+01  5.15488224e-05 
 1.54881662e+03 -8.58521301e+01  5.09792563e-05 
 1.56675107e+03 -8.59495440e+01  5.04107086e-05 
 1.58489319e+03 -8.60478850e+01  4.98431808e-05 
 1.60324539e+03 -8.61471727e+01  4.92766718e-05 
 1.62181010e+03 -8.62436628e+01  4.87322945e-05 
 1.64058977e+03 -8.63411207e+01  4.81885617e-05 
 1.65958691e+03 -8.64395857e+01  4.76453710e-05 
 1.67880402e+03 -8.65390800e+01  4.71027214e-05 
 1.69824365e+03 -8.66358417e+01  4.65809042e-05 
 1.71790839e+03 -8.67336764e+01  4.60591776e-05 
 1.73780083e+03 -8.68326075e+01  4.55375462e-05 
 1.75792361e+03 -8.69288750e+01  4.50356309e-05 
 1.77827941e+03 -8.70262863e+01  4.45333825e-05 
 1.79887092e+03 -8.71248659e+01  4.40308131e-05 
 1.81970086e+03 -8.72246392e+01  4.35279323e-05 
 1.84077200e+03 -8.73218500e+01  4.30434924e-05 
 1.86208714e+03 -8.74203070e+01  4.25583372e-05 
 1.88364909e+03 -8.75200377e+01  4.20724803e-05 
 1.90546072e+03 -8.76172875e+01  4.16040513e-05 
 1.92752491e+03 -8.77158864e+01  4.11344488e-05 
 1.94984460e+03 -8.78158261e+01  4.06638686e-05 
 1.97242274e+03 -8.79133727e+01  4.02097492e-05 
 1.99526231e+03 -8.80123408e+01  3.97541946e-05 
 2.01836636e+03 -8.81089780e+01  3.93143502e-05 
 2.04173794e+03 -8.82108824e+01  3.88558022e-05 
 2.06538016e+03 -8.83067390e+01  3.84293511e-05 
 2.08929613e+03 -8.84079305e+01  3.79842430e-05 
 2.11348904e+03 -8.85069255e+01  3.75537856e-05 
 2.13796209e+03 -8.86037593e+01  3.71374459e-05 
 2.16271852e+03 -8.87022517e+01  3.67187098e-05 
 2.18776162e+03 -8.88024595e+01  3.62975261e-05 
 2.21309471e+03 -8.89005990e+01  3.58897183e-05 
 2.23872114e+03 -8.90005119e+01  3.54792477e-05 
 2.26464431e+03 -8.90984551e+01  3.50814265e-05 
 2.29086765e+03 -8.91982529e+01  3.46806600e-05 
 2.31739465e+03 -8.92961642e+01  3.42919189e-05 
 2.34422882e+03 -8.93960151e+01  3.38999647e-05 
 2.37137371e+03 -8.94940662e+01  3.35194350e-05 
 2.39883292e+03 -8.95941841e+01  3.31352915e-05 
 2.42661010e+03 -8.96925561e+01  3.27621350e-05 
 2.45470892e+03 -8.97892677e+01  3.23993737e-05 
 2.48313311e+03 -8.98881496e+01  3.20326243e-05 
 2.51188643e+03 -8.99892511e+01  3.16619346e-05 
 2.54097271e+03 -9.00888406e+01  3.13009824e-05 
 2.57039578e+03 -9.01869706e+01  3.09493454e-05 
 2.60015956e+03 -9.02874763e+01  3.05932902e-05 
 2.63026799e+03 -9.03866293e+01  3.02460409e-05 
 2.66072506e+03 -9.04844858e+01  2.99071968e-05 
 2.69153480e+03 -9.05848854e+01  2.95634919e-05 
 2.72270131e+03 -9.06841040e+01  2.92277108e-05 
 2.75422870e+03 -9.07822008e+01  2.88994755e-05 
 2.78612117e+03 -9.08830198e+01  2.85659723e-05 
 2.81838293e+03 -9.09790773e+01  2.82518008e-05 
 2.85101827e+03 -9.10817478e+01  2.79198196e-05 
 2.88403150e+03 -9.11797675e+01  2.76065175e-05 
 2.91742701e+03 -9.12769863e+01  2.72992481e-05 
 2.95120923e+03 -9.13772555e+01  2.69859199e-05 
 2.98538262e+03 -9.14768821e+01  2.66781612e-05 
 3.01995172e+03 -9.15758999e+01  2.63757613e-05 
 3.05492111e+03 -9.16744018e+01  2.60783380e-05 
 3.09029543e+03 -9.17762453e+01  2.57743508e-05 
 3.12607937e+03 -9.18739431e+01  2.54860684e-05 
 3.16227766e+03 -9.19751577e+01  2.51908090e-05 
 3.19889511e+03 -9.20723671e+01  2.49104541e-05 
 3.23593657e+03 -9.21732385e+01  2.46228361e-05 
 3.27340695e+03 -9.22740735e+01  2.43386409e-05 
 3.31131121e+03 -9.23711956e+01  2.40680121e-05 
 3.34965439e+03 -9.24720794e+01  2.37900870e-05 
 3.38844156e+03 -9.25695520e+01  2.35246082e-05 
 3.42767787e+03 -9.26711303e+01  2.32510989e-05 
 3.46736850e+03 -9.27693626e+01  2.29896240e-05 
 3.50751874e+03 -9.28680918e+01  2.27297893e-05 
 3.54813389e+03 -9.29674358e+01  2.24713007e-05 
 3.58921935e+03 -9.30674969e+01  2.22139175e-05 
 3.63078055e+03 -9.31683979e+01  2.19573592e-05 
 3.67282300e+03 -9.32664258e+01  2.17109441e-05 
 3.71535229e+03 -9.33654915e+01  2.14647296e-05 
 3.75837404e+03 -9.34657433e+01  2.12184100e-05 
 3.80189396e+03 -9.35672212e+01  2.09719561e-05 
 3.84591782e+03 -9.36662974e+01  2.07340971e-05 
 3.89045145e+03 -9.37668739e+01  2.04953957e-05 
 3.93550075e+03 -9.38653098e+01  2.02644356e-05 
 3.98107171e+03 -9.39654752e+01  2.00320889e-05 
 4.02717034e+03 -9.40637548e+01  1.98067061e-05 
 4.07380278e+03 -9.41640242e+01  1.95793735e-05 
 4.12097519e+03 -9.42626537e+01  1.93583043e-05 
 4.16869383e+03 -9.43635831e+01  1.91346642e-05 
 4.21696503e+03 -9.44631321e+01  1.89166136e-05 
 4.26579519e+03 -9.45614652e+01  1.87036660e-05 
 4.31519077e+03 -9.46625301e+01  1.84873002e-05 
 4.36515832e+03 -9.47626578e+01  1.82754092e-05 
 4.41570447e+03 -9.48620407e+01  1.80674960e-05 
 4.46683592e+03 -9.49607990e+01  1.78632325e-05 
 4.51855944e+03 -9.50628967e+01  1.76544896e-05 
 4.57088190e+03 -9.51609325e+01  1.74563474e-05 
 4.62381021e+03 -9.52626429e+01  1.72531284e-05 
 4.67735141e+03 -9.53606721e+01  1.70595038e-05 
 4.73151259e+03 -9.54589059e+01  1.68676549e-05 
 4.78630092e+03 -9.55613652e+01  1.66698519e-05 
 4.84172368e+03 -9.56606320e+01  1.64804247e-05 
 4.89778819e+03 -9.57607168e+01  1.62916158e-05 
 4.95450191e+03 -9.58580131e+01  1.61101411e-05 
 5.01187234e+03 -9.59602670e+01  1.59215979e-05 
 5.06990708e+03 -9.60601351e+01  1.57395839e-05 
 5.12861384e+03 -9.61576844e+01  1.55638050e-05 
 5.18800039e+03 -9.62572319e+01  1.53864491e-05 
 5.24807460e+03 -9.63587787e+01  1.52076134e-05 
 5.30884444e+03 -9.64588034e+01  1.50334906e-05 
 5.37031796e+03 -9.65575722e+01  1.48635103e-05 
 5.43250331e+03 -9.66590271e+01  1.46909082e-05 
 5.49540874e+03 -9.67558792e+01  1.45280069e-05 
 5.55904257e+03 -9.68559577e+01  1.43615765e-05 
 5.62341325e+03 -9.69556932e+01  1.41976132e-05 
 5.68852931e+03 -9.70553990e+01  1.40355699e-05 
 5.75439937e+03 -9.71552620e+01  1.38751248e-05 
 5.82103218e+03 -9.72555884e+01  1.37157821e-05 
 5.88843655e+03 -9.73566728e+01  1.35570862e-05 
 5.95662144e+03 -9.74549943e+01  1.34044897e-05 
 6.02559586e+03 -9.75546236e+01  1.32516154e-05 
 6.09536897e+03 -9.76558552e+01  1.30980680e-05 
 6.16595002e+03 -9.77551896e+01  1.29491280e-05 
 6.23734835e+03 -9.78567549e+01  1.27985938e-05 
 6.30957344e+03 -9.79570665e+01  1.26516357e-05 
 6.38263486e+03 -9.80564458e+01  1.25077073e-05 
 6.45654229e+03 -9.81550837e+01  1.23664720e-05 
 6.53130553e+03 -9.82535996e+01  1.22270030e-05 
 6.60693448e+03 -9.83560012e+01  1.20837002e-05 
 6.68343918e+03 -9.84550390e+01  1.19467026e-05 
 6.76082975e+03 -9.85548768e+01  1.18101703e-05 
 6.83911647e+03 -9.86558865e+01  1.16736233e-05 
 6.91830971e+03 -9.87546639e+01  1.15416209e-05 
 6.99841996e+03 -9.88553813e+01  1.14085627e-05 
 7.07945784e+03 -9.89546525e+01  1.12789164e-05 
 7.16143410e+03 -9.90528846e+01  1.11520773e-05 
 7.24435960e+03 -9.91542575e+01  1.10226782e-05 
 7.32824533e+03 -9.92554716e+01  1.08949796e-05 
 7.41310241e+03 -9.93531411e+01  1.07731559e-05 
 7.49894209e+03 -9.94550996e+01  1.06474355e-05 
 7.58577575e+03 -9.95545768e+01  1.05261889e-05 
 7.67361489e+03 -9.96518985e+01  1.04089057e-05 
 7.76247117e+03 -9.97513062e+01  1.02904576e-05 
 7.85235635e+03 -9.98532518e+01  1.01703854e-05 
 7.94328235e+03 -9.99545087e+01  1.00525112e-05 
 8.03526122e+03 -1.00051808e+02  9.94053188e-06 
 8.12830516e+03 -1.00153199e+02  9.82516959e-06 
 8.22242650e+03 -1.00251692e+02  9.71438741e-06 
 8.31763771e+03 -1.00351580e+02  9.60331098e-06 
 8.41395142e+03 -1.00453321e+02  9.49147990e-06 
 8.51138038e+03 -1.00553972e+02  9.38212930e-06 
 8.60993752e+03 -1.00653977e+02  9.27472710e-06 
 8.70963590e+03 -1.00753939e+02  9.16860017e-06 
 8.81048873e+03 -1.00850673e+02  9.06705670e-06 
 8.91250938e+03 -1.00952411e+02  8.96147372e-06 
 9.01571138e+03 -1.01052215e+02  8.85909320e-06 
 9.12010839e+03 -1.01150742e+02  8.75916853e-06 
 9.22571427e+03 -1.01252433e+02  8.65721776e-06 
 9.33254301e+03 -1.01350310e+02  8.56021115e-06 
 9.44060876e+03 -1.01452890e+02  8.45971093e-06 
 9.54992586e+03 -1.01553226e+02  8.36254982e-06 
 9.66050879e+03 -1.01652040e+02  8.26795320e-06 
 9.77237221e+03 -1.01750091e+02  8.17514476e-06 
 9.88553095e+03 -1.01851953e+02  8.07983204e-06 
 1.00000000e+04 -1.01950838e+02  7.98836904e-06 
 1.01157945e+04 -1.02051177e+02  7.89661802e-06 
 1.02329299e+04 -1.02150323e+02  7.80699448e-06 
 1.03514217e+04 -1.02252783e+02  7.71544290e-06 
 1.04712855e+04 -1.02351825e+02  7.62796628e-06 
 1.05925373e+04 -1.02452121e+02  7.54039254e-06 
 1.07151931e+04 -1.02550875e+02  7.45514789e-06 
 1.08392691e+04 -1.02652567e+02  7.36837409e-06 
 1.09647820e+04 -1.02750922e+02  7.28540858e-06 
 1.10917482e+04 -1.02850520e+02  7.20234619e-06 
 1.12201845e+04 -1.02952400e+02  7.11836069e-06 
 1.13501082e+04 -1.03049997e+02  7.03882475e-06 
 1.14815362e+04 -1.03151781e+02  6.95682255e-06 
 1.16144861e+04 -1.03251522e+02  6.87739415e-06 
 1.17489755e+04 -1.03350228e+02  6.79968158e-06 
 1.18850223e+04 -1.03448964e+02  6.72282490e-06 
 1.20226443e+04 -1.03552659e+02  6.64304281e-06 
 1.21618600e+04 -1.03651053e+02  6.56821485e-06 
 1.23026877e+04 -1.03749357e+02  6.49429735e-06 
 1.24451461e+04 -1.03852458e+02  6.41766580e-06 
 1.25892541e+04 -1.03950303e+02  6.34577767e-06 
 1.27350308e+04 -1.04051527e+02  6.27225417e-06 
 1.28824955e+04 -1.04150202e+02  6.20140230e-06 
 1.30316678e+04 -1.04251335e+02  6.12961553e-06 
 1.31825674e+04 -1.04348701e+02  6.06128814e-06 
 1.33352143e+04 -1.04451174e+02  5.99020003e-06 
 1.34896288e+04 -1.04549110e+02  5.92303752e-06 
 1.36458314e+04 -1.04651432e+02  5.85367216e-06 
 1.38038426e+04 -1.04751905e+02  5.78635050e-06 
 1.39636836e+04 -1.04848614e+02  5.72228234e-06 
 1.41253754e+04 -1.04950510e+02  5.65554537e-06 
 1.42889396e+04 -1.05051721e+02  5.59002788e-06 
 1.44543977e+04 -1.05149924e+02  5.52718240e-06 
 1.46217717e+04 -1.05250937e+02  5.46327590e-06 
 1.47910839e+04 -1.05348733e+02  5.40210892e-06 
 1.49623566e+04 -1.05448728e+02  5.34027454e-06 
 1.51356125e+04 -1.05549278e+02  5.27881108e-06 
 1.53108746e+04 -1.05648138e+02  5.21906996e-06 
 1.54881662e+04 -1.05751332e+02  5.15743064e-06 
 1.56675107e+04 -1.05849282e+02  5.09959759e-06 
 1.58489319e+04 -1.05951385e+02  5.04000257e-06 
 1.60324539e+04 -1.06048492e+02  4.98396968e-06 
 1.62181010e+04 -1.06150414e+02  4.92582845e-06 
 1.64058977e+04 -1.06251562e+02  4.86879941e-06 
 1.65958691e+04 -1.06350215e+02  4.81381351e-06 
 1.67880402e+04 -1.06448833e+02  4.75946720e-06 
 1.69824365e+04 -1.06549480e+02  4.70463555e-06 
 1.71790839e+04 -1.06650996e+02  4.64997079e-06 
 1.73780083e+04 -1.06747908e+02  4.59837708e-06 
 1.75792361e+04 -1.06850516e+02  4.54437516e-06 
 1.77827941e+04 -1.06949682e+02  4.49278796e-06 
 1.79887092e+04 -1.07048289e+02  4.44207150e-06 
 1.81970086e+04 -1.07148683e+02  4.39102445e-06 
 1.84077200e+04 -1.07250013e+02  4.34009609e-06 
 1.86208714e+04 -1.07350984e+02  4.28993598e-06 
 1.88364909e+04 -1.07450928e+02  4.24085694e-06 
 1.90546072e+04 -1.07548660e+02  4.19340667e-06 
 1.92752491e+04 -1.07651156e+02  4.14421449e-06 
 1.94984460e+04 -1.07749798e+02  4.09741635e-06 
 1.97242274e+04 -1.07848034e+02  4.05133640e-06 
 1.99526231e+04 -1.07948641e+02  4.00468102e-06 
 2.01836636e+04 -1.08051250e+02  3.95765114e-06 
 2.04173794e+04 -1.08147996e+02  3.91381420e-06 
 2.06538016e+04 -1.08249491e+02  3.86834730e-06 
 2.08929613e+04 -1.08348149e+02  3.82465745e-06 
 2.11348904e+04 -1.08451194e+02  3.77955173e-06 
 2.13796209e+04 -1.08550545e+02  3.73656683e-06 
 2.16271852e+04 -1.08650533e+02  3.69379971e-06 
 2.18776162e+04 -1.08750890e+02  3.65136722e-06 
 2.21309471e+04 -1.08847616e+02  3.61093106e-06 
 2.23872114e+04 -1.08949090e+02  3.56899146e-06 
 2.26464431e+04 -1.09051173e+02  3.52729139e-06 
 2.29086765e+04 -1.09151106e+02  3.48694169e-06 
 2.31739465e+04 -1.09249043e+02  3.44784577e-06 
 2.34422882e+04 -1.09349043e+02  3.40837861e-06 
 2.37137371e+04 -1.09448642e+02  3.36951877e-06 
 2.39883292e+04 -1.09547944e+02  3.33121622e-06 
 2.42661010e+04 -1.09648512e+02  3.29286846e-06 
 2.45470892e+04 -1.09750829e+02  3.25430730e-06 
 2.48313311e+04 -1.09848651e+02  3.21786217e-06 
 2.51188643e+04 -1.09950713e+02  3.18027275e-06 
 2.54097271e+04 -1.10050841e+02  3.14382217e-06 
 2.57039578e+04 -1.10150438e+02  3.10797922e-06 
 2.60015956e+04 -1.10251121e+02  3.07216067e-06 
 2.63026799e+04 -1.10350796e+02  3.03710782e-06 
 2.66072506e+04 -1.10447530e+02  3.00347153e-06 
 2.69153480e+04 -1.10550833e+02  2.96796218e-06 
 2.72270131e+04 -1.10647512e+02  2.93511014e-06 
 2.75422870e+04 -1.10747706e+02  2.90144745e-06 
 2.78612117e+04 -1.10849809e+02  2.86754047e-06 
 2.81838293e+04 -1.10948830e+02  2.83503552e-06 
 2.85101827e+04 -1.11051180e+02  2.80182512e-06 
 2.88403150e+04 -1.11148183e+02  2.77070846e-06 
 2.91742701e+04 -1.11250676e+02  2.73820667e-06 
 2.95120923e+04 -1.11350275e+02  2.70698760e-06 
 2.98538262e+04 -1.11450126e+02  2.67604674e-06 
 3.01995172e+04 -1.11550181e+02  2.64539756e-06 
 3.05492111e+04 -1.11650051e+02  2.61515495e-06 
 3.09029543e+04 -1.11749954e+02  2.58524840e-06 
 3.12607937e+04 -1.11849932e+02  2.55566179e-06 
 3.16227766e+04 -1.11950271e+02  2.52630896e-06 
 3.19889511e+04 -1.12047840e+02  2.49808940e-06 
 3.23593657e+04 -1.12147343e+02  2.46963538e-06 
 3.27340695e+04 -1.12249375e+02  2.44079469e-06 
 3.31131121e+04 -1.12347681e+02  2.41332567e-06 
 3.34965439e+04 -1.12447501e+02  2.38575018e-06 
 3.38844156e+04 -1.12550112e+02  2.35773176e-06 
 3.42767787e+04 -1.12649827e+02  2.33081950e-06 
 3.46736850e+04 -1.12748637e+02  2.30445469e-06 
 3.50751874e+04 -1.12848731e+02  2.27805098e-06 
 3.54813389e+04 -1.12948751e+02  2.25196927e-06 
 3.58921935e+04 -1.13047547e+02  2.22649986e-06 
 3.63078055e+04 -1.13148009e+02  2.20089619e-06 
 3.67282300e+04 -1.13249548e+02  2.17531719e-06 
 3.71535229e+04 -1.13347906e+02  2.15082320e-06 
 3.75837404e+04 -1.13450542e+02  2.12555762e-06 
 3.80189396e+04 -1.13549972e+02  2.10136456e-06 
 3.84591782e+04 -1.13650419e+02  2.07720357e-06 
 3.89045145e+04 -1.13748737e+02  2.05382363e-06 
 3.93550075e+04 -1.13849668e+02  2.03009616e-06 
 3.98107171e+04 -1.13950454e+02  2.00667629e-06 
 4.02717034e+04 -1.14049148e+02  1.98400428e-06 
 4.07380278e+04 -1.14147284e+02  1.96171453e-06 
 4.12097519e+04 -1.14250927e+02  1.93844564e-06 
 4.16869383e+04 -1.14347327e+02  1.91705083e-06 
 4.21696503e+04 -1.14450806e+02  1.89434778e-06 
 4.26579519e+04 -1.14548961e+02  1.87306112e-06 
 4.31519077e+04 -1.14649195e+02  1.85157051e-06 
 4.36515832e+04 -1.14747671e+02  1.83069693e-06 
 4.41570447e+04 -1.14848546e+02  1.80955882e-06 
 4.46683592e+04 -1.14948694e+02  1.78881451e-06 
 4.51855944e+04 -1.15049218e+02  1.76823140e-06 
 4.57088190e+04 -1.15147759e+02  1.74828430e-06 
 4.62381021e+04 -1.15249747e+02  1.72787639e-06 
 4.67735141e+04 -1.15350199e+02  1.70800861e-06 
 4.73151259e+04 -1.15447657e+02  1.68895136e-06 
 4.78630092e+04 -1.15549331e+02  1.66929631e-06 
 4.84172368e+04 -1.15650573e+02  1.64995214e-06 
 4.89778819e+04 -1.15747998e+02  1.63154886e-06 
 4.95450191e+04 -1.15849888e+02  1.61252182e-06 
 5.01187234e+04 -1.15949350e+02  1.59416214e-06 
 5.06990708e+04 -1.16047975e+02  1.57616347e-06 
 5.12861384e+04 -1.16147879e+02  1.55813849e-06 
 5.18800039e+04 -1.16247632e+02  1.54034647e-06 
 5.24807460e+04 -1.16350130e+02  1.52227642e-06 
 5.30884444e+04 -1.16447504e+02  1.50530609e-06 
 5.37031796e+04 -1.16547379e+02  1.48809628e-06 
 5.43250331e+04 -1.16650693e+02  1.47050105e-06 
 5.49540874e+04 -1.16747094e+02  1.45427084e-06 
 5.55904257e+04 -1.16849905e+02  1.43715879e-06 
 5.62341325e+04 -1.16950167e+02  1.42066495e-06 
 5.68852931e+04 -1.17047230e+02  1.40487770e-06 
 5.75439937e+04 -1.17147962e+02  1.38867915e-06 
 5.82103218e+04 -1.17249566e+02  1.37252958e-06 
 5.88843655e+04 -1.17348898e+02  1.35692268e-06 
 5.95662144e+04 -1.17447585e+02  1.34159289e-06 
 6.02559586e+04 -1.17548108e+02  1.32615593e-06 
 6.09536897e+04 -1.17649696e+02  1.31073590e-06 
 6.16595002e+04 -1.17748546e+02  1.29590365e-06 
 6.23734835e+04 -1.17848831e+02  1.28102743e-06 
 6.30957344e+04 -1.17947991e+02  1.26648614e-06 
 6.38263486e+04 -1.18048477e+02  1.25191879e-06 
 6.45654229e+04 -1.18148949e+02  1.23752093e-06 
 6.53130553e+04 -1.18249484e+02  1.22327973e-06 
 6.60693448e+04 -1.18350580e+02  1.20912449e-06 
 6.68343918e+04 -1.18449641e+02  1.19541299e-06 
 6.76082975e+04 -1.18549040e+02  1.18181095e-06 
 6.83911647e+04 -1.18648073e+02  1.16841296e-06 
 6.91830971e+04 -1.18750538e+02  1.15471049e-06 
 6.99841996e+04 -1.18849955e+02  1.14156917e-06 
 7.07945784e+04 -1.18948474e+02  1.12869427e-06 
 7.16143410e+04 -1.19048585e+02  1.11575991e-06 
 7.24435960e+04 -1.19150709e+02  1.10271823e-06 
 7.32824533e+04 -1.19247726e+02  1.09046991e-06 
 7.41310241e+04 -1.19349686e+02  1.07774425e-06 
 7.49894209e+04 -1.19447914e+02  1.06562470e-06 
 7.58577575e+04 -1.19550409e+02  1.05312411e-06 
 7.67361489e+04 -1.19647098e+02  1.04146596e-06 
 7.76247117e+04 -1.19747972e+02  1.02944089e-06 
 7.85235635e+04 -1.19848998e+02  1.01753679e-06 
 7.94328235e+04 -1.19947089e+02  1.00611016e-06 
 8.03526122e+04 -1.20048267e+02  9.94458515e-07 
 8.12830516e+04 -1.20148118e+02  9.83091834e-07 
 8.22242650e+04 -1.20247233e+02  9.71937536e-07 
 8.31763771e+04 -1.20347830e+02  9.60745862e-07 
 8.41395142e+04 -1.20449125e+02  9.49606673e-07 
 8.51138038e+04 -1.20547815e+02  9.38878180e-07 
 8.60993752e+04 -1.20650149e+02  9.27881612e-07 
 8.70963590e+04 -1.20747944e+02  9.17493088e-07 
 8.81048873e+04 -1.20849998e+02  9.06776140e-07 
 8.91250938e+04 -1.20947208e+02  8.96684420e-07 
 9.01571138e+04 -1.21047809e+02  8.86358821e-07 
 9.12010839e+04 -1.21149124e+02  8.76080071e-07 
 9.22571427e+04 -1.21247060e+02  8.66257534e-07 
 9.33254301e+04 -1.21350016e+02  8.56050155e-07 
 9.44060876e+04 -1.21449595e+02  8.46292062e-07 
 9.54992586e+04 -1.21549706e+02  8.36593914e-07 
 9.66050879e+04 -1.21648924e+02  8.27091983e-07 
 9.77237221e+04 -1.21747025e+02  8.17803093e-07 
 9.88553095e+04 -1.21850216e+02  8.08144849e-07 
 1.00000000e+05 -1.21950433e+02  7.98874079e-07 
 1.01157945e+05 -1.22049410e+02  7.89822510e-07 
 1.02329299e+05 -1.22146966e+02  7.81001190e-07 
 1.03514217e+05 -1.22248920e+02  7.71887507e-07 
 1.04712855e+05 -1.22347559e+02  7.63171322e-07 
 1.05925373e+05 -1.22448561e+02  7.54348338e-07 
 1.07151931e+05 -1.22548271e+02  7.45738273e-07 
 1.08392691e+05 -1.22649785e+02  7.37073401e-07 
 1.09647820e+05 -1.22749270e+02  7.28679435e-07 
 1.10917482e+05 -1.22850106e+02  7.20268987e-07 
 1.12201845e+05 -1.22950204e+02  7.12016092e-07 
 1.13501082e+05 -1.23049535e+02  7.03919898e-07 
 1.14815362e+05 -1.23150370e+02  6.95795298e-07 
 1.16144861e+05 -1.23250012e+02  6.87858943e-07 
 1.17489755e+05 -1.23348439e+02  6.80108279e-07 
 1.18850223e+05 -1.23447833e+02  6.72370004e-07 
 1.20226443e+05 -1.23549653e+02  6.64534233e-07 
 1.21618600e+05 -1.23649629e+02  6.56929202e-07 
 1.23026877e+05 -1.23747298e+02  6.49583671e-07 
 1.24451461e+05 -1.23848190e+02  6.42081975e-07 
 1.25892541e+05 -1.23949065e+02  6.34668186e-07 
 1.27350308e+05 -1.24046456e+02  6.27591708e-07 
 1.28824955e+05 -1.24147192e+02  6.20355194e-07 
 1.30316678e+05 -1.24249683e+02  6.13078173e-07 
 1.31825674e+05 -1.24348030e+02  6.06175673e-07 
 1.33352143e+05 -1.24447275e+02  5.99288956e-07 
 1.34896288e+05 -1.24547929e+02  5.92384326e-07 
 1.36458314e+05 -1.24649993e+02  5.85464227e-07 
 1.38038426e+05 -1.24749760e+02  5.78777971e-07 
 1.39636836e+05 -1.24846704e+02  5.72354095e-07 
 1.41253754e+05 -1.24947859e+02  5.65727180e-07 
 1.42889396e+05 -1.25048522e+02  5.59208687e-07 
 1.44543977e+05 -1.25148259e+02  5.52824175e-07 
 1.46217717e+05 -1.25246274e+02  5.46620967e-07 
 1.47910839e+05 -1.25349845e+02  5.40141778e-07 
 1.49623566e+05 -1.25447068e+02  5.34129548e-07 
 1.51356125e+05 -1.25549924e+02  5.27841822e-07 
 1.53108746e+05 -1.25647113e+02  5.21968554e-07 
 1.54881662e+05 -1.25747845e+02  5.15950146e-07 
 1.56675107e+05 -1.25849769e+02  5.09931165e-07 
 1.58489319e+05 -1.25948147e+02  5.04188155e-07 
 1.60324539e+05 -1.26046099e+02  4.98534325e-07 
 1.62181010e+05 -1.26148232e+02  4.92706644e-07 
 1.64058977e+05 -1.26248589e+02  4.87046614e-07 
 1.65958691e+05 -1.26346222e+02  4.81602668e-07 
 1.67880402e+05 -1.26449069e+02  4.75933800e-07 
 1.69824365e+05 -1.26547401e+02  4.70576208e-07 
 1.71790839e+05 -1.26648737e+02  4.65118000e-07 
 1.73780083e+05 -1.26746543e+02  4.59910006e-07 
 1.75792361e+05 -1.26847552e+02  4.54592657e-07 
 1.77827941e+05 -1.26949354e+02  4.49295714e-07 
 1.79887092e+05 -1.27047569e+02  4.44243991e-07 
 1.81970086e+05 -1.27147502e+02  4.39162140e-07 
 1.84077200e+05 -1.27249455e+02  4.34037475e-07 
 1.86208714e+05 -1.27348707e+02  4.29106050e-07 
 1.88364909e+05 -1.27446185e+02  4.24317309e-07 
 1.90546072e+05 -1.27547003e+02  4.19420677e-07 
 1.92752491e+05 -1.27646473e+02  4.14644937e-07 
 1.94984460e+05 -1.27747623e+02  4.09844248e-07 
 1.97242274e+05 -1.27848779e+02  4.05098881e-07 
 1.99526231e+05 -1.27947875e+02  4.00503430e-07 
 2.01836636e+05 -1.28046516e+02  3.95980852e-07 
 2.04173794e+05 -1.28146410e+02  3.91452871e-07 
 2.06538016e+05 -1.28245526e+02  3.87011346e-07 
 2.08929613e+05 -1.28345714e+02  3.82572972e-07 
 2.11348904e+05 -1.28445903e+02  3.78185478e-07 
 2.13796209e+05 -1.28549010e+02  3.73722735e-07 
 2.16271852e+05 -1.28648323e+02  3.69473964e-07 
 2.18776162e+05 -1.28748360e+02  3.65243104e-07 
 2.21309471e+05 -1.28848399e+02  3.61060543e-07 
 2.23872114e+05 -1.28948632e+02  3.56917940e-07 
 2.26464431e+05 -1.29047567e+02  3.52875630e-07 
 2.29086765e+05 -1.29145216e+02  3.48930728e-07 
 2.31739465e+05 -1.29247573e+02  3.44842942e-07 
 2.34422882e+05 -1.29348319e+02  3.40866278e-07 
 2.37137371e+05 -1.29446522e+02  3.37034144e-07 
 2.39883292e+05 -1.29545554e+02  3.33213296e-07 
 2.42661010e+05 -1.29646445e+02  3.29365242e-07 
 2.45470892e+05 -1.29747268e+02  3.25564179e-07 
 2.48313311e+05 -1.29845261e+02  3.21911852e-07 
 2.51188643e+05 -1.29945117e+02  3.18232218e-07 
 2.54097271e+05 -1.30044712e+02  3.14604122e-07 
 2.57039578e+05 -1.30146307e+02  3.10945775e-07 
 2.60015956e+05 -1.30244841e+02  3.07438285e-07 
 2.63026799e+05 -1.30344593e+02  3.03927744e-07 
 2.66072506e+05 -1.30447309e+02  3.00354767e-07 
 2.69153480e+05 -1.30545077e+02  2.96992958e-07 
 2.72270131e+05 -1.30646780e+02  2.93535735e-07 
 2.75422870e+05 -1.30745687e+02  2.90212189e-07 
 2.78612117e+05 -1.30844416e+02  2.86932144e-07 
 2.81838293e+05 -1.30945118e+02  2.83624733e-07 
 2.85101827e+05 -1.31045877e+02  2.80353603e-07 
 2.88403150e+05 -1.31144180e+02  2.77198580e-07 
 2.91742701e+05 -1.31245911e+02  2.73970922e-07 
 2.95120923e+05 -1.31345948e+02  2.70833650e-07 
 2.98538262e+05 -1.31447007e+02  2.67700798e-07 
 3.01995172e+05 -1.31547195e+02  2.64630706e-07 
 3.05492111e+05 -1.31644461e+02  2.61683867e-07 
 3.09029543e+05 -1.31744134e+02  2.58698145e-07 
 3.12607937e+05 -1.31845680e+02  2.55691318e-07 
 3.16227766e+05 -1.31944228e+02  2.52806710e-07 
 3.19889511e+05 -1.32045652e+02  2.49871894e-07 
 3.23593657e+05 -1.32144775e+02  2.47036571e-07 
 3.27340695e+05 -1.32243915e+02  2.44232946e-07 
 3.31131121e+05 -1.32342958e+02  2.41463844e-07 
 3.34965439e+05 -1.32443132e+02  2.38695054e-07 
 3.38844156e+05 -1.32542886e+02  2.35969411e-07 
 3.42767787e+05 -1.32643983e+02  2.33238834e-07 
 3.46736850e+05 -1.32743274e+02  2.30587778e-07 
 3.50751874e+05 -1.32844244e+02  2.27922822e-07 
 3.54813389e+05 -1.32943119e+02  2.25342993e-07 
 3.58921935e+05 -1.33044067e+02  2.22739207e-07 
 3.63078055e+05 -1.33145000e+02  2.20165882e-07 
 3.67282300e+05 -1.33245060e+02  2.17644143e-07 
 3.71535229e+05 -1.33342550e+02  2.15214979e-07 
 3.75837404e+05 -1.33441897e+02  2.12767441e-07 
 3.80189396e+05 -1.33543839e+02  2.10284870e-07 
 3.84591782e+05 -1.33644309e+02  2.07866519e-07 
 3.89045145e+05 -1.33741993e+02  2.05541899e-07 
 3.93550075e+05 -1.33842583e+02  2.03175265e-07 
 3.98107171e+05 -1.33944279e+02  2.00810324e-07 
 4.02717034e+05 -1.34043212e+02  1.98536051e-07 
 4.07380278e+05 -1.34143086e+02  1.96266291e-07 
 4.12097519e+05 -1.34240970e+02  1.94066923e-07 
 4.16869383e+05 -1.34341676e+02  1.91829857e-07 
 4.21696503e+05 -1.34440970e+02  1.89649418e-07 
 4.26579519e+05 -1.34541228e+02  1.87472943e-07 
 4.31519077e+05 -1.34640599e+02  1.85340375e-07 
 4.36515832e+05 -1.34740617e+02  1.83218422e-07 
 4.41570447e+05 -1.34841046e+02  1.81112200e-07 
 4.46683592e+05 -1.34939441e+02  1.79072100e-07 
 4.51855944e+05 -1.35040204e+02  1.77006732e-07 
 4.57088190e+05 -1.35139663e+02  1.74991449e-07 
 4.62381021e+05 -1.35239072e+02  1.73000128e-07 
 4.67735141e+05 -1.35341219e+02  1.70977532e-07 
 4.73151259e+05 -1.35440364e+02  1.69037000e-07 
 4.78630092e+05 -1.35541258e+02  1.67084864e-07 
 4.84172368e+05 -1.35638603e+02  1.65222743e-07 
 4.89778819e+05 -1.35739969e+02  1.63305782e-07 
 4.95450191e+05 -1.35840376e+02  1.61428869e-07 
 5.01187234e+05 -1.35938833e+02  1.59609350e-07 
 5.06990708e+05 -1.36038761e+02  1.57783639e-07 
 5.12861384e+05 -1.36138634e+02  1.55979774e-07 
 5.18800039e+05 -1.36239443e+02  1.54179937e-07 
 5.24807460e+05 -1.36339631e+02  1.52411749e-07 
 5.30884444e+05 -1.36439178e+02  1.50674973e-07 
 5.37031796e+05 -1.36536947e+02  1.48988472e-07 
 5.43250331e+05 -1.36639424e+02  1.47241018e-07 
 5.49540874e+05 -1.36736406e+02  1.45606142e-07 
 5.55904257e+05 -1.36838893e+02  1.43898195e-07 
 5.62341325e+05 -1.36936168e+02  1.42295643e-07 
 5.68852931e+05 -1.37037228e+02  1.40649636e-07 
 5.75439937e+05 -1.37136195e+02  1.39056163e-07 
 5.82103218e+05 -1.37234512e+02  1.37491034e-07 
 5.88843655e+05 -1.37336040e+02  1.35893281e-07 
 5.95662144e+05 -1.37437099e+02  1.34321353e-07 
 6.02559586e+05 -1.37538475e+02  1.32762748e-07 
 6.09536897e+05 -1.37636702e+02  1.31269817e-07 
 6.16595002e+05 -1.37735920e+02  1.29778874e-07 
 6.23734835e+05 -1.37834980e+02  1.28307192e-07 
 6.30957344e+05 -1.37933445e+02  1.26860895e-07 
 6.38263486e+05 -1.38035236e+02  1.25382875e-07 
 6.45654229e+05 -1.38132389e+02  1.23988262e-07 
 6.53130553e+05 -1.38231735e+02  1.22578201e-07 
 6.60693448e+05 -1.38333332e+02  1.21152787e-07 
 6.68343918e+05 -1.38431485e+02  1.19791430e-07 
 6.76082975e+05 -1.38532163e+02  1.18410952e-07 
 6.83911647e+05 -1.38629814e+02  1.17087164e-07 
 6.91830971e+05 -1.38730599e+02  1.15736424e-07 
 6.99841996e+05 -1.38830296e+02  1.14415583e-07 
 7.07945784e+05 -1.38928270e+02  1.13132272e-07 
 7.16143410e+05 -1.39029072e+02  1.11826928e-07 
 7.24435960e+05 -1.39130373e+02  1.10530299e-07 
 7.32824533e+05 -1.39228382e+02  1.09290117e-07 
 7.41310241e+05 -1.39327177e+02  1.08054076e-07 
 7.49894209e+05 -1.39427404e+02  1.06814397e-07 
 7.58577575e+05 -1.39527039e+02  1.05596138e-07 
 7.67361489e+05 -1.39627651e+02  1.04380034e-07 
 7.76247117e+05 -1.39727120e+02  1.03191523e-07 
 7.85235635e+05 -1.39824719e+02  1.02038494e-07 
 7.94328235e+05 -1.39922963e+02  1.00890872e-07 
 8.03526122e+05 -1.40025132e+02  9.97110795e-08 
 8.12830516e+05 -1.40123925e+02  9.85833876e-08 
 8.22242650e+05 -1.40221043e+02  9.74872570e-08 
 8.31763771e+05 -1.40322135e+02  9.63592132e-08 
 8.41395142e+05 -1.40420573e+02  9.52733325e-08 
 8.51138038e+05 -1.40519346e+02  9.41960512e-08 
 8.60993752e+05 -1.40618369e+02  9.31282706e-08 
 8.70963590e+05 -1.40720064e+02  9.20442770e-08 
 8.81048873e+05 -1.40817676e+02  9.10156743e-08 
 8.91250938e+05 -1.40916337e+02  8.99877021e-08 
 9.01571138e+05 -1.41016494e+02  8.89560142e-08 
 9.12010839e+05 -1.41116586e+02  8.79368073e-08 
 9.22571427e+05 -1.41214934e+02  8.69467402e-08 
 9.33254301e+05 -1.41314531e+02  8.59554563e-08 
 9.44060876e+05 -1.41413419e+02  8.49824158e-08 
 9.54992586e+05 -1.41514987e+02  8.39944609e-08 
 9.66050879e+05 -1.41613514e+02  8.30470690e-08 
 9.77237221e+05 -1.41712662e+02  8.21044862e-08 
 9.88553095e+05 -1.41810765e+02  8.11823753e-08 
 1.00000000e+06 -1.41909949e+02  8.02606236e-08 
 1.01157945e+06 -1.42007161e+02  7.93673660e-08 
 1.02329299e+06 -1.42109935e+02  7.84337959e-08 
 1.03514217e+06 -1.42207507e+02  7.75576492e-08 
 1.04712855e+06 -1.42306247e+02  7.66809754e-08 
 1.05925373e+06 -1.42406616e+02  7.58000012e-08 
 1.07151931e+06 -1.42506974e+02  7.49292379e-08 
 1.08392691e+06 -1.42602283e+02  7.41115441e-08 
 1.09647820e+06 -1.42702714e+02  7.32595603e-08 
 1.10917482e+06 -1.42799762e+02  7.24455796e-08 
 1.12201845e+06 -1.42900596e+02  7.16094251e-08 
 1.13501082e+06 -1.42998882e+02  7.08036930e-08 
 1.14815362e+06 -1.43099224e+02  6.99904522e-08 
 1.16144861e+06 -1.43196218e+02  6.92132286e-08 
 1.17489755e+06 -1.43295943e+02  6.84231143e-08 
 1.18850223e+06 -1.43394593e+02  6.76504002e-08 
 1.20226443e+06 -1.43492993e+02  6.68883332e-08 
 1.21618600e+06 -1.43593288e+02  6.61204165e-08 
 1.23026877e+06 -1.43692723e+02  6.53677965e-08 
 1.24451461e+06 -1.43787611e+02  6.46575794e-08 
 1.25892541e+06 -1.43888263e+02  6.39126502e-08 
 1.27350308e+06 -1.43985908e+02  6.31981835e-08 
 1.28824955e+06 -1.44086463e+02  6.24707718e-08 
 1.30316678e+06 -1.44182099e+02  6.17867097e-08 
 1.31825674e+06 -1.44284174e+02  6.10648533e-08 
 1.33352143e+06 -1.44378673e+02  6.04040926e-08 
 1.34896288e+06 -1.44476799e+02  5.97255360e-08 
 1.36458314e+06 -1.44514007e+02  5.94702373e-08 
 1.38038426e+06 -1.44613064e+02  5.87958684e-08 
 1.39636836e+06 -1.44593949e+02  5.89253984e-08 
 1.41253754e+06 -1.44690765e+02  5.82722457e-08 
 1.42889396e+06 -1.44789869e+02  5.76111540e-08 
 1.44543977e+06 -1.44887161e+02  5.69694429e-08 
 1.46217717e+06 -1.44984529e+02  5.63343824e-08 
 1.47910839e+06 -1.45085720e+02  5.56818954e-08 
 1.49623566e+06 -1.45182763e+02  5.50632500e-08 
 1.51356125e+06 -1.45278175e+02  5.44617097e-08 
 1.53108746e+06 -1.45378696e+02  5.38350594e-08 
 1.54881662e+06 -1.45477617e+02  5.32254238e-08 
 1.56675107e+06 -1.45575736e+02  5.26275565e-08 
 1.58489319e+06 -1.45672426e+02  5.20449631e-08 
 1.60324539e+06 -1.45772218e+02  5.14504389e-08 
 1.62181010e+06 -1.45866361e+02  5.08957977e-08 
 1.64058977e+06 -1.45963858e+02  5.03277007e-08 
 1.65958691e+06 -1.46061774e+02  4.97635435e-08 
 1.67880402e+06 -1.46160186e+02  4.92029023e-08 
 1.69824365e+06 -1.46257347e+02  4.86555772e-08 
 1.71790839e+06 -1.46350163e+02  4.81384211e-08 
 1.73780083e+06 -1.46448760e+02  4.75950759e-08 
 1.75792361e+06 -1.46546305e+02  4.70635593e-08 
 1.77827941e+06 -1.46644646e+02  4.65337113e-08 
 1.79887092e+06 -1.46741537e+02  4.60175137e-08 
 1.81970086e+06 -1.46838991e+02  4.55040924e-08 
 1.84077200e+06 -1.46938385e+02  4.49863503e-08 
 1.86208714e+06 -1.47034384e+02  4.44918851e-08 
 1.88364909e+06 -1.47127893e+02  4.40154690e-08 
 1.90546072e+06 -1.47230064e+02  4.35007562e-08 
 1.92752491e+06 -1.47326050e+02  4.30226847e-08 
 1.94984460e+06 -1.47424307e+02  4.25387420e-08 
 1.97242274e+06 -1.47520088e+02  4.20722343e-08 
 1.99526231e+06 -1.47619877e+02  4.15916493e-08 
 2.01836636e+06 -1.47707167e+02  4.11757605e-08 
 2.04173794e+06 -1.47808926e+02  4.06961839e-08 
 2.06538016e+06 -1.47903000e+02  4.02577977e-08 
 2.08929613e+06 -1.47998889e+02  3.98158087e-08 
 2.11348904e+06 -1.48097711e+02  3.93653822e-08 
 2.13796209e+06 -1.48192867e+02  3.89364760e-08 
 2.16271852e+06 -1.48286903e+02  3.85172121e-08 
 2.18776162e+06 -1.48388209e+02  3.80705847e-08 
 2.21309471e+06 -1.48484498e+02  3.76508788e-08 
 2.23872114e+06 -1.48578148e+02  3.72471108e-08 
 2.26464431e+06 -1.48674211e+02  3.68374416e-08 
 2.29086765e+06 -1.48769808e+02  3.64342284e-08 
 2.31739465e+06 -1.48867549e+02  3.60265408e-08 
 2.34422882e+06 -1.48959185e+02  3.56484590e-08 
 2.37137371e+06 -1.48997133e+02  3.54930531e-08 
 2.39883292e+06 -1.49098876e+02  3.50797269e-08 
 2.42661010e+06 -1.49187381e+02  3.47240967e-08 
 2.45470892e+06 -1.49295490e+02  3.42945809e-08 
 2.48313311e+06 -1.49383049e+02  3.39506061e-08 
 2.51188643e+06 -1.49478493e+02  3.35795885e-08 
 2.54097271e+06 -1.49573056e+02  3.32159897e-08 
 2.57039578e+06 -1.49667141e+02  3.28581397e-08 
 2.60015956e+06 -1.49760023e+02  3.25086426e-08 
 2.63026799e+06 -1.49857313e+02  3.21465490e-08 
 2.66072506e+06 -1.49948730e+02  3.18099888e-08 
 2.69153480e+06 -1.50040141e+02  3.14769739e-08 
 2.72270131e+06 -1.50131094e+02  3.11490864e-08 
 2.75422870e+06 -1.50226689e+02  3.08081453e-08 
 2.78612117e+06 -1.50320398e+02  3.04775520e-08 
 2.81838293e+06 -1.50419986e+02  3.01301099e-08 
 2.85101827e+06 -1.50510914e+02  2.98163369e-08 
 2.88403150e+06 -1.50603224e+02  2.95011398e-08 
 2.91742701e+06 -1.50691456e+02  2.92029804e-08 
 2.95120923e+06 -1.50783202e+02  2.88961436e-08 
 2.98538262e+06 -1.50877028e+02  2.85856850e-08 
 3.01995172e+06 -1.50978833e+02  2.82525943e-08 
 3.05492111e+06 -1.51015120e+02  2.81348115e-08 
 3.09029543e+06 -1.51103973e+02  2.78484706e-08 
 3.12607937e+06 -1.51298930e+02  2.72303663e-08 
 3.16227766e+06 -1.51397141e+02  2.69242082e-08 
 3.19889511e+06 -1.51481449e+02  2.66641379e-08 
 3.23593657e+06 -1.51572080e+02  2.63873644e-08 
 3.27340695e+06 -1.51662750e+02  2.61133457e-08 
 3.31131121e+06 -1.51762355e+02  2.58156020e-08 
 3.34965439e+06 -1.51853557e+02  2.55459554e-08 
 3.38844156e+06 -1.51950806e+02  2.52615325e-08 
 3.42767787e+06 -1.52032917e+02  2.50238503e-08 
 3.46736850e+06 -1.52127243e+02  2.47535701e-08 
 3.50751874e+06 -1.52214476e+02  2.45062132e-08 
 3.54813389e+06 -1.52311770e+02  2.42332402e-08 
 3.58921935e+06 -1.52399200e+02  2.39905395e-08 
 3.63078055e+06 -1.52432162e+02  2.38996693e-08 
 3.67282300e+06 -1.52525144e+02  2.36451882e-08 
 3.71535229e+06 -1.52565520e+02  2.35355298e-08 
 3.75837404e+06 -1.52646135e+02  2.33181045e-08 
 3.80189396e+06 -1.52732233e+02  2.30881077e-08 
 3.84591782e+06 -1.52820487e+02  2.28547054e-08 
 3.89045145e+06 -1.52914360e+02  2.26090329e-08 
 3.93550075e+06 -1.53000864e+02  2.23849843e-08 
 3.98107171e+06 -1.53093480e+02  2.21475667e-08 
 4.02717034e+06 -1.53180010e+02  2.19280245e-08 
 4.07380278e+06 -1.53267128e+02  2.17091882e-08 
 4.12097519e+06 -1.53310162e+02  2.16018978e-08 
 4.16869383e+06 -1.53401095e+02  2.13769248e-08 
 4.21696503e+06 -1.53484540e+02  2.11725419e-08 
 4.26579519e+06 -1.53573847e+02  2.09559637e-08 
 4.31519077e+06 -1.53660872e+02  2.07470534e-08 
 4.36515832e+06 -1.53734747e+02  2.05713429e-08 
 4.41570447e+06 -1.53840379e+02  2.03226837e-08 
 4.46683592e+06 -1.53917326e+02  2.01434419e-08 
 4.51855944e+06 -1.53963749e+02  2.00360705e-08 
 4.57088190e+06 -1.54046105e+02  1.98469934e-08 
 4.62381021e+06 -1.54131293e+02  1.96532938e-08 
 4.67735141e+06 -1.54216723e+02  1.94609412e-08 
 4.73151259e+06 -1.54246928e+02  1.93933848e-08 
 4.78630092e+06 -1.54330089e+02  1.92085925e-08 
 4.84172368e+06 -1.54416532e+02  1.90183750e-08 
 4.89778819e+06 -1.54511221e+02  1.88121719e-08 
 4.95450191e+06 -1.54540899e+02  1.87480044e-08 
 5.01187234e+06 -1.54538946e+02  1.87522202e-08 
 5.06990708e+06 -1.54623429e+02  1.85707124e-08 
 5.12861384e+06 -1.54698312e+02  1.84112971e-08 
 5.18800039e+06 -1.54794505e+02  1.82085236e-08 
 5.24807460e+06 -1.54874341e+02  1.80419286e-08 
 5.30884444e+06 -1.54915748e+02  1.79561243e-08 
 5.37031796e+06 -1.55004529e+02  1.77735242e-08 
 5.43250331e+06 -1.55176397e+02  1.74252962e-08 
 5.49540874e+06 -1.55270083e+02  1.72383558e-08 
 5.55904257e+06 -1.55329613e+02  1.71206137e-08 
 5.62341325e+06 -1.55389603e+02  1.70027760e-08 
 5.68852931e+06 -1.55449729e+02  1.68854848e-08 
 5.75439937e+06 -1.55534098e+02  1.67222655e-08 
 5.82103218e+06 -1.55607952e+02  1.65806818e-08 
 5.88843655e+06 -1.55690424e+02  1.64239957e-08 
 5.95662144e+06 -1.55732011e+02  1.63455469e-08 
 6.02559586e+06 -1.55822059e+02  1.61769660e-08 
 6.09536897e+06 -1.55911837e+02  1.60106204e-08 
 6.16595002e+06 -1.55985851e+02  1.58747707e-08 
 6.23734835e+06 -1.56027741e+02  1.57983937e-08 
 6.30957344e+06 -1.56106661e+02  1.56554994e-08 
 6.38263486e+06 -1.56217894e+02  1.54562909e-08 
 6.45654229e+06 -1.56314744e+02  1.52849076e-08 
 6.53130553e+06 -1.56324726e+02  1.52673507e-08 
 6.60693448e+06 -1.56400336e+02  1.51350267e-08 
 6.68343918e+06 -1.56477039e+02  1.50019619e-08 
 6.76082975e+06 -1.56572817e+02  1.48374456e-08 
 6.83911647e+06 -1.56598717e+02  1.47932697e-08 
 6.91830971e+06 -1.56686867e+02  1.46438961e-08 
 6.99841996e+06 -1.56687361e+02  1.46430632e-08 
 7.07945784e+06 -1.56736387e+02  1.45606458e-08 
 7.16143410e+06 -1.56801491e+02  1.44519167e-08 
 7.24435960e+06 -1.56912734e+02  1.42680058e-08 
 7.32824533e+06 -1.56963988e+02  1.41840606e-08 
 7.41310241e+06 -1.57019256e+02  1.40940949e-08 
 7.49894209e+06 -1.57142509e+02  1.38955118e-08 
 7.58577575e+06 -1.57178866e+02  1.38374697e-08 
 7.67361489e+06 -1.57269591e+02  1.36936880e-08 
 7.76247117e+06 -1.57268623e+02  1.36952145e-08 
 7.85235635e+06 -1.57304646e+02  1.36385349e-08 
 7.94328235e+06 -1.57385541e+02  1.35121030e-08 
 8.03526122e+06 -1.57482953e+02  1.33614111e-08 
 8.12830516e+06 -1.57519339e+02  1.33055564e-08 
 8.22242650e+06 -1.57633494e+02  1.31318308e-08 
 8.31763771e+06 -1.57679453e+02  1.30625315e-08 
 8.41395142e+06 -1.57720032e+02  1.30016477e-08 
 8.51138038e+06 -1.57746753e+02  1.29617116e-08 
 8.60993752e+06 -1.57814690e+02  1.28607265e-08 
 8.70963590e+06 -1.57810489e+02  1.28669488e-08 
 8.81048873e+06 -1.57922697e+02  1.27017966e-08 
 8.91250938e+06 -1.57969032e+02  1.26342187e-08 
 9.01571138e+06 -1.58051159e+02  1.25153223e-08 
 9.12010839e+06 -1.58110314e+02  1.24303775e-08 
 9.22571427e+06 -1.58153545e+02  1.23686628e-08 
 9.33254301e+06 -1.58209431e+02  1.22893373e-08 
 9.44060876e+06 -1.58267263e+02  1.22077840e-08 
 9.54992586e+06 -1.58286465e+02  1.21808259e-08 
 9.66050879e+06 -1.58405344e+02  1.20152493e-08 
 9.77237221e+06 -1.58428136e+02  1.19837624e-08 
 9.88553095e+06 -1.58536745e+02  1.18348492e-08 
 1.00000000e+07 -1.58536181e+02  1.18356182e-08 
 1.01157945e+07 -1.58669770e+02  1.16549791e-08 
 1.02329299e+07 -1.58736020e+02  1.15664207e-08 
 1.03514217e+07 -1.58752884e+02  1.15439858e-08 
 1.04712855e+07 -1.58805595e+02  1.14741427e-08 
 1.05925373e+07 -1.58831183e+02  1.14403899e-08 
 1.07151931e+07 -1.58932121e+02  1.13082116e-08 
 1.08392691e+07 -1.58940103e+02  1.12978255e-08 
 1.09647820e+07 -1.58978907e+02  1.12474651e-08 
 1.10917482e+07 -1.59041988e+02  1.11660769e-08 
 1.12201845e+07 -1.59113567e+02  1.10744370e-08 
 1.13501082e+07 -1.59157226e+02  1.10189115e-08 
 1.14815362e+07 -1.59184811e+02  1.09839727e-08 
 1.16144861e+07 -1.59266591e+02  1.08810415e-08 
 1.17489755e+07 -1.59308693e+02  1.08284269e-08 
 1.18850223e+07 -1.59387533e+02  1.07305843e-08 
 1.20226443e+07 -1.59440262e+02  1.06656393e-08 
 1.21618600e+07 -1.59462132e+02  1.06388189e-08 
 1.23026877e+07 -1.59506674e+02  1.05844018e-08 
 1.24451461e+07 -1.59587825e+02  1.04859736e-08 
 1.25892541e+07 -1.59612474e+02  1.04562582e-08 
 1.27350308e+07 -1.59692766e+02  1.03600462e-08 
 1.28824955e+07 -1.59709250e+02  1.03404042e-08 
 1.30316678e+07 -1.59771690e+02  1.02663365e-08 
 1.31825674e+07 -1.59837931e+02  1.01883401e-08 
 1.33352143e+07 -1.59902026e+02  1.01134355e-08 
 1.34896288e+07 -1.59918921e+02  1.00937825e-08 
 1.36458314e+07 -1.59993573e+02  1.00074019e-08 
 1.38038426e+07 -1.60076055e+02  9.91282121e-09 
 1.39636836e+07 -1.60111517e+02  9.87243164e-09 
 1.41253754e+07 -1.60145394e+02  9.83400239e-09 
 1.42889396e+07 -1.60200268e+02  9.77207025e-09 
 1.44543977e+07 -1.60265695e+02  9.69873845e-09 
 1.46217717e+07 -1.60310411e+02  9.64893673e-09 
 1.47910839e+07 -1.60353056e+02  9.60167953e-09 
 1.49623566e+07 -1.60409971e+02  9.53896948e-09 
 1.51356125e+07 -1.60487410e+02  9.45430281e-09 
 1.53108746e+07 -1.60539388e+02  9.39789480e-09 
 1.54881662e+07 -1.60561219e+02  9.37430473e-09 
 1.56675107e+07 -1.60610886e+02  9.32085416e-09 
 1.58489319e+07 -1.60642325e+02  9.28717721e-09 
 1.60324539e+07 -1.60744190e+02  9.17889662e-09 
 1.62181010e+07 -1.60765412e+02  9.15649785e-09 
 1.64058977e+07 -1.60804544e+02  9.11533842e-09 
 1.65958691e+07 -1.60901619e+02  9.01403077e-09 
 1.67880402e+07 -1.60977220e+02  8.93591419e-09 
 1.69824365e+07 -1.60954629e+02  8.95918577e-09 
 1.71790839e+07 -1.61051712e+02  8.85960542e-09 
 1.73780083e+07 -1.61115496e+02  8.79478471e-09 
 1.75792361e+07 -1.61161608e+02  8.74821769e-09 
 1.77827941e+07 -1.61241095e+02  8.66852587e-09 
 1.79887092e+07 -1.61342641e+02  8.56777328e-09 
 1.81970086e+07 -1.61348684e+02  8.56181448e-09 
 1.84077200e+07 -1.61355780e+02  8.55482282e-09 
 1.86208714e+07 -1.61459629e+02  8.45314980e-09 
 1.88364909e+07 -1.61450174e+02  8.46235608e-09 
 1.90546072e+07 -1.61561735e+02  8.35436081e-09 
 1.92752491e+07 -1.61642997e+02  8.27656521e-09 
 1.94984460e+07 -1.61656726e+02  8.26349353e-09 
 1.97242274e+07 -1.61722191e+02  8.20144632e-09 
 1.99526231e+07 -1.61847013e+02  8.08442903e-09 
 2.01836636e+07 -1.61902043e+02  8.03337149e-09 
 2.04173794e+07 -1.61917322e+02  8.01925292e-09 
 2.06538016e+07 -1.61970921e+02  7.96991991e-09 
 2.08929613e+07 -1.62068353e+02  7.88101852e-09 
 2.11348904e+07 -1.62079790e+02  7.87064826e-09 
 2.13796209e+07 -1.62225601e+02  7.73962550e-09 
 2.16271852e+07 -1.62228586e+02  7.73696662e-09 
 2.18776162e+07 -1.62300676e+02  7.67301770e-09 
 2.21309471e+07 -1.62359249e+02  7.62144934e-09 
 2.23872114e+07 -1.62427303e+02  7.56196855e-09 
 2.26464431e+07 -1.62476092e+02  7.51961166e-09 
 2.29086765e+07 -1.62570808e+02  7.43805829e-09 
 2.31739465e+07 -1.62660030e+02  7.36204558e-09 
 2.34422882e+07 -1.62760330e+02  7.27752181e-09 
 2.37137371e+07 -1.62738578e+02  7.29576908e-09 
 2.39883292e+07 -1.62865980e+02  7.18953789e-09 
 2.42661010e+07 -1.62910369e+02  7.15289000e-09 
 2.45470892e+07 -1.62986329e+02  7.09060896e-09 
 2.48313311e+07 -1.63057731e+02  7.03255975e-09 
 2.51188643e+07 -1.63085409e+02  7.01018592e-09 
 2.54097271e+07 -1.63190222e+02  6.92610235e-09 
 2.57039578e+07 -1.63194416e+02  6.92275865e-09 
 2.60015956e+07 -1.63266314e+02  6.86569147e-09 
 2.63026799e+07 -1.63369268e+02  6.78479297e-09 
 2.66072506e+07 -1.63369425e+02  6.78467049e-09 
 2.69153480e+07 -1.63484480e+02  6.69539150e-09 
 2.72270131e+07 -1.63582610e+02  6.62017546e-09 
 2.75422870e+07 -1.63638087e+02  6.57802682e-09 
 2.78612117e+07 -1.63702599e+02  6.52935117e-09 
 2.81838293e+07 -1.63807006e+02  6.45133653e-09 
 2.85101827e+07 -1.63884029e+02  6.39438157e-09 
 2.88403150e+07 -1.63951998e+02  6.34453955e-09 
 2.91742701e+07 -1.64035490e+02  6.28384557e-09 
 2.95120923e+07 -1.64135674e+02  6.21178366e-09 
 2.98538262e+07 -1.64208908e+02  6.15962980e-09 
 3.01995172e+07 -1.64263614e+02  6.12095672e-09 
 3.05492111e+07 -1.64334576e+02  6.07115316e-09 
 3.09029543e+07 -1.64418282e+02  6.01292686e-09 
 3.12607937e+07 -1.64520406e+02  5.94264382e-09 
 3.16227766e+07 -1.64626681e+02  5.87037661e-09 
 3.19889511e+07 -1.64722489e+02  5.80597995e-09 
 3.23593657e+07 -1.64769614e+02  5.77456525e-09 
 3.27340695e+07 -1.64906846e+02  5.68404747e-09 
 3.31131121e+07 -1.65021986e+02  5.60919694e-09 
 3.34965439e+07 -1.65090336e+02  5.56523076e-09 
 3.38844156e+07 -1.65169460e+02  5.51476462e-09 
 3.42767787e+07 -1.65266705e+02  5.45336757e-09 
 3.46736850e+07 -1.65313284e+02  5.42420113e-09 
 3.50751874e+07 -1.65417815e+02  5.35931450e-09 
 3.54813389e+07 -1.65528641e+02  5.29136760e-09 
 3.58921935e+07 -1.65579259e+02  5.26062128e-09 
 3.63078055e+07 -1.65701549e+02  5.18707515e-09 
 3.67282300e+07 -1.65753527e+02  5.15612751e-09 
 3.71535229e+07 -1.65878278e+02  5.08260174e-09 
 3.75837404e+07 -1.65935330e+02  5.04932693e-09 
 3.80189396e+07 -1.66067372e+02  4.97314805e-09 
 3.84591782e+07 -1.66193627e+02  4.90138316e-09 
 3.89045145e+07 -1.66239200e+02  4.87573370e-09 
 3.93550075e+07 -1.66340894e+02  4.81898174e-09 
 3.98107171e+07 -1.66449140e+02  4.75929885e-09 
 4.02717034e+07 -1.66506645e+02  4.72789404e-09 
 4.07380278e+07 -1.66631192e+02  4.66058479e-09 
 4.12097519e+07 -1.66800790e+02  4.57046593e-09 
 4.16869383e+07 -1.66898191e+02  4.51950074e-09 
 4.21696503e+07 -1.67006561e+02  4.46346308e-09 
 4.26579519e+07 -1.66988404e+02  4.47280345e-09 
 4.31519077e+07 -1.67132924e+02  4.39899830e-09 
 4.36515832e+07 -1.67257211e+02  4.33650097e-09 
 4.41570447e+07 -1.67345019e+02  4.29288316e-09 
 4.46683592e+07 -1.67463104e+02  4.23491604e-09 
 4.51855944e+07 -1.67565205e+02  4.18542660e-09 
 4.57088190e+07 -1.67646742e+02  4.14632060e-09 
 4.62381021e+07 -1.67765839e+02  4.08985624e-09 
 4.67735141e+07 -1.67889024e+02  4.03226232e-09 
 4.73151259e+07 -1.67986450e+02  3.98728704e-09 
 4.78630092e+07 -1.68082129e+02  3.94360619e-09 
 4.84172368e+07 -1.68147881e+02  3.91386592e-09 
 4.89778819e+07 -1.68331746e+02  3.83188691e-09 
 4.95450191e+07 -1.68440041e+02  3.78440795e-09 
 5.01187234e+07 -1.68536709e+02  3.74252349e-09 
 5.06990708e+07 -1.68628465e+02  3.70319633e-09 
 5.12861384e+07 -1.68764287e+02  3.64573972e-09 
 5.18800039e+07 -1.68879365e+02  3.59775640e-09 
 5.24807460e+07 -1.68990901e+02  3.55185258e-09 
 5.30884444e+07 -1.69097120e+02  3.50868202e-09 
 5.37031796e+07 -1.69206808e+02  3.46465201e-09 
 5.43250331e+07 -1.69325930e+02  3.41746032e-09 
 5.49540874e+07 -1.69466716e+02  3.36251468e-09 
 5.55904257e+07 -1.69586367e+02  3.31651265e-09 
 5.62341325e+07 -1.69663293e+02  3.28726975e-09 
 5.68852931e+07 -1.69846406e+02  3.21869417e-09 
 5.75439937e+07 -1.69966183e+02  3.17461350e-09 
 5.82103218e+07 -1.70080287e+02  3.13318224e-09 
 5.88843655e+07 -1.70191932e+02  3.09316729e-09 
 5.95662144e+07 -1.70307139e+02  3.05241116e-09 
 6.02559586e+07 -1.70497128e+02  2.98636989e-09 
 6.09536897e+07 -1.70585513e+02  2.95613560e-09 
 6.16595002e+07 -1.70713792e+02  2.91279823e-09 
 6.23734835e+07 -1.70809125e+02  2.88100319e-09 
 6.30957344e+07 -1.70946805e+02  2.83569640e-09 
 6.38263486e+07 -1.71065517e+02  2.79720398e-09 
 6.45654229e+07 -1.71145224e+02  2.77165271e-09 
 6.53130553e+07 -1.71310818e+02  2.71931226e-09 
 6.60693448e+07 -1.71469439e+02  2.67010307e-09 
 6.68343918e+07 -1.71568853e+02  2.63971701e-09 
 6.76082975e+07 -1.71674551e+02  2.60778887e-09 
 6.83911647e+07 -1.71793606e+02  2.57228868e-09 
 6.91830971e+07 -1.71916185e+02  2.53624240e-09 
 6.99841996e+07 -1.72061254e+02  2.49423456e-09 
 7.07945784e+07 -1.72205405e+02  2.45318179e-09 
 7.16143410e+07 -1.72351828e+02  2.41217387e-09 
 7.24435960e+07 -1.72488676e+02  2.37446725e-09 
 7.32824533e+07 -1.72616449e+02  2.33979365e-09 
 7.41310241e+07 -1.72768558e+02  2.29917539e-09 
 7.49894209e+07 -1.72873902e+02  2.27145899e-09 
 7.58577575e+07 -1.73042319e+02  2.22784036e-09 
 7.67361489e+07 -1.73190337e+02  2.19019674e-09 
 7.76247117e+07 -1.73297918e+02  2.16323699e-09 
 7.85235635e+07 -1.73475502e+02  2.11945851e-09 
 7.94328235e+07 -1.73556897e+02  2.09968996e-09 
 8.03526122e+07 -1.73705128e+02  2.06416117e-09 
 8.12830516e+07 -1.73827569e+02  2.03526772e-09 
 8.22242650e+07 -1.73989195e+02  1.99774593e-09 
 8.31763771e+07 -1.74121417e+02  1.96756518e-09 
 8.41395142e+07 -1.74272467e+02  1.93364468e-09 
 8.51138038e+07 -1.74412577e+02  1.90270368e-09 
 8.60993752e+07 -1.74530723e+02  1.87699812e-09 
 8.70963590e+07 -1.74742567e+02  1.83177298e-09 
 8.81048873e+07 -1.74831585e+02  1.81309580e-09 
 8.91250938e+07 -1.74983093e+02  1.78174423e-09 
 9.01571138e+07 -1.75099483e+02  1.75802834e-09 
 9.12010839e+07 -1.75262686e+02  1.72530423e-09 
 9.22571427e+07 -1.75402309e+02  1.69779224e-09 
 9.33254301e+07 -1.75495719e+02  1.67963167e-09 
 9.44060876e+07 -1.75636370e+02  1.65265233e-09 
 9.54992586e+07 -1.75850083e+02  1.61248566e-09 
 9.66050879e+07 -1.75969627e+02  1.59044506e-09 
 9.77237221e+07 -1.76072536e+02  1.57171282e-09 
 9.88553095e+07 -1.76281608e+02  1.53433284e-09 
 1.00000000e+08 -1.76416063e+02  1.51076474e-09 
 1.01157945e+08 -1.76555273e+02  1.48674458e-09 
 1.02329299e+08 -1.76720598e+02  1.45871388e-09 
 1.03514217e+08 -1.76856871e+02  1.43600673e-09 
 1.04712855e+08 -1.77019832e+02  1.40931602e-09 
 1.05925373e+08 -1.77178210e+02  1.38385158e-09 
 1.07151931e+08 -1.77265248e+02  1.37005377e-09 
 1.08392691e+08 -1.77424976e+02  1.34508959e-09 
 1.09647820e+08 -1.77573730e+02  1.32224982e-09 
 1.10917482e+08 -1.77755992e+02  1.29479317e-09 
 1.12201845e+08 -1.77870205e+02  1.27787901e-09 
 1.13501082e+08 -1.78051630e+02  1.25146441e-09 
 1.14815362e+08 -1.78186415e+02  1.23219441e-09 
 1.16144861e+08 -1.78329024e+02  1.21212894e-09 
 1.17489755e+08 -1.78481595e+02  1.19102326e-09 
 1.18850223e+08 -1.78676799e+02  1.16455516e-09 
 1.20226443e+08 -1.78792517e+02  1.14914316e-09 
 1.21618600e+08 -1.78963147e+02  1.12678916e-09 
 1.23026877e+08 -1.79156602e+02  1.10197030e-09 
 1.24451461e+08 -1.79244661e+02  1.09085476e-09 
 1.25892541e+08 -1.79387326e+02  1.07308400e-09 
 1.27350308e+08 -1.79573140e+02  1.05037171e-09 
 1.28824955e+08 -1.79654851e+02  1.04053687e-09 
 1.30316678e+08 -1.79839877e+02  1.01860583e-09 
 1.31825674e+08 -1.80042186e+02  9.95154884e-10 
 1.33352143e+08 -1.80176803e+02  9.79850616e-10 
 1.34896288e+08 -1.80338448e+02  9.61784116e-10 
 1.36458314e+08 -1.80511701e+02  9.42790006e-10 
 1.38038426e+08 -1.80627564e+02  9.30297332e-10 
 1.39636836e+08 -1.80754005e+02  9.16853119e-10 
 1.41253754e+08 -1.80912790e+02  9.00244573e-10 
 1.42889396e+08 -1.81072257e+02  8.83867470e-10 
 1.44543977e+08 -1.81220519e+02  8.68908484e-10 
 1.46217717e+08 -1.81402400e+02  8.50902848e-10 
 1.47910839e+08 -1.81518950e+02  8.39561435e-10 
 1.49623566e+08 -1.81730738e+02  8.19338044e-10 
 1.51356125e+08 -1.81842977e+02  8.08818620e-10 
 1.53108746e+08 -1.81994270e+02  7.94852422e-10 
 1.54881662e+08 -1.82158626e+02  7.79953471e-10 
 1.56675107e+08 -1.82315094e+02  7.66029186e-10 
 1.58489319e+08 -1.82447286e+02  7.54459136e-10 
 1.60324539e+08 -1.82606985e+02  7.40714331e-10 
 1.62181010e+08 -1.82735582e+02  7.29828670e-10 
 1.64058977e+08 -1.82907386e+02  7.15534663e-10 
 1.65958691e+08 -1.83078162e+02  7.01603713e-10 
 1.67880402e+08 -1.83204269e+02  6.91491000e-10 
 1.69824365e+08 -1.83368659e+02  6.78526864e-10 
 1.71790839e+08 -1.83547958e+02  6.64663888e-10 
 1.73780083e+08 -1.83646822e+02  6.57141528e-10 
 1.75792361e+08 -1.83789179e+02  6.46459061e-10 
 1.77827941e+08 -1.83981770e+02  6.32283025e-10 
 1.79887092e+08 -1.84124578e+02  6.21972361e-10 
 1.81970086e+08 -1.84280325e+02  6.10919182e-10 
 1.84077200e+08 -1.84418024e+02  6.01310526e-10 
 1.86208714e+08 -1.84557476e+02  5.91733557e-10 
 1.88364909e+08 -1.84728744e+02  5.80180088e-10 
 1.90546072e+08 -1.84866936e+02  5.71022501e-10 
 1.92752491e+08 -1.85019229e+02  5.61097764e-10 
 1.94984460e+08 -1.85152754e+02  5.52538218e-10 
 1.97242274e+08 -1.85330233e+02  5.41362722e-10 
 1.99526231e+08 -1.85479976e+02  5.32109705e-10 
 2.01836636e+08 -1.85614753e+02  5.23916802e-10 
 2.04173794e+08 -1.85747155e+02  5.15991144e-10 
 2.06538016e+08 -1.85917008e+02  5.05998953e-10 
 2.08929613e+08 -1.86071899e+02  4.97055674e-10 
 2.11348904e+08 -1.86179648e+02  4.90927771e-10 
 2.13796209e+08 -1.86383485e+02  4.79541014e-10 
 2.16271852e+08 -1.86527256e+02  4.71668850e-10 
 2.18776162e+08 -1.86664685e+02  4.64264801e-10 
 2.21309471e+08 -1.86816277e+02  4.56232409e-10 
 2.23872114e+08 -1.86962033e+02  4.48640353e-10 
 2.26464431e+08 -1.87077459e+02  4.42717882e-10 
 2.29086765e+08 -1.87223922e+02  4.35315277e-10 
 2.31739465e+08 -1.87360627e+02  4.28517596e-10 
 2.34422882e+08 -1.87540778e+02  4.19721366e-10 
 2.37137371e+08 -1.87665437e+02  4.13740621e-10 
 2.39883292e+08 -1.87829173e+02  4.06014316e-10 
 2.42661010e+08 -1.87942869e+02  4.00734342e-10 
 2.45470892e+08 -1.88092586e+02  3.93886156e-10 
 2.48313311e+08 -1.88236042e+02  3.87434131e-10 
 2.51188643e+08 -1.88380614e+02  3.81038898e-10 
 2.54097271e+08 -1.88495813e+02  3.76018604e-10 
 2.57039578e+08 -1.88651909e+02  3.69321485e-10 
 2.60015956e+08 -1.88796634e+02  3.63218792e-10 
 2.63026799e+08 -1.88948664e+02  3.56916627e-10 
 2.66072506e+08 -1.89073004e+02  3.51843715e-10 
 2.69153480e+08 -1.89244611e+02  3.44960566e-10 
 2.72270131e+08 -1.89341249e+02  3.41143843e-10 
 2.75422870e+08 -1.89504137e+02  3.34805931e-10 
 2.78612117e+08 -1.89635940e+02  3.29763811e-10 
 2.81838293e+08 -1.89745118e+02  3.25644767e-10 
 2.85101827e+08 -1.89878846e+02  3.20669524e-10 
 2.88403150e+08 -1.90042764e+02  3.14674689e-10 
 2.91742701e+08 -1.90171003e+02  3.10062934e-10 
 2.95120923e+08 -1.90291157e+02  3.05803291e-10 
 2.98538262e+08 -1.90447829e+02  3.00336791e-10 
 3.01995172e+08 -1.90554486e+02  2.96671415e-10 
 3.05492111e+08 -1.90685460e+02  2.92231483e-10 
 3.09029543e+08 -1.90835308e+02  2.87233188e-10 
 3.12607937e+08 -1.90988502e+02  2.82211621e-10 
 3.16227766e+08 -1.91092327e+02  2.78858336e-10 
 3.19889511e+08 -1.91241040e+02  2.74124599e-10 
 3.23593657e+08 -1.91363686e+02  2.70281123e-10 
 3.27340695e+08 -1.91520314e+02  2.65450964e-10 
 3.31131121e+08 -1.91634196e+02  2.61993312e-10 
 3.34965439e+08 -1.91751374e+02  2.58482594e-10 
 3.38844156e+08 -1.91896840e+02  2.54189741e-10 
 3.42767787e+08 -1.91998972e+02  2.51218384e-10 
 3.46736850e+08 -1.92143193e+02  2.47081572e-10 
 3.50751874e+08 -1.92285943e+02  2.43054032e-10 
 3.54813389e+08 -1.92415011e+02  2.39469069e-10 
 3.58921935e+08 -1.92544512e+02  2.35925244e-10 
 3.63078055e+08 -1.92640547e+02  2.33331124e-10 
 3.67282300e+08 -1.92812933e+02  2.28745923e-10 
 3.71535229e+08 -1.92897278e+02  2.26535411e-10 
 3.75837404e+08 -1.93025690e+02  2.23210945e-10 
 3.80189396e+08 -1.93180752e+02  2.19261505e-10 
 3.84591782e+08 -1.93301355e+02  2.16238127e-10 
 3.89045145e+08 -1.93427397e+02  2.13122919e-10 
 3.93550075e+08 -1.93532478e+02  2.10560103e-10 
 3.98107171e+08 -1.93675242e+02  2.07127559e-10 
 4.02717034e+08 -1.93772212e+02  2.04828047e-10 
 4.07380278e+08 -1.93918073e+02  2.01417115e-10 
 4.12097519e+08 -1.94011192e+02  1.99269294e-10 
 4.16869383e+08 -1.94171834e+02  1.95617776e-10 
 4.21696503e+08 -1.94309005e+02  1.92552750e-10 
 4.26579519e+08 -1.94406201e+02  1.90410090e-10 
 4.31519077e+08 -1.94500177e+02  1.88361081e-10 
 4.36515832e+08 -1.94648245e+02  1.85177302e-10 
 4.41570447e+08 -1.94808059e+02  1.81801329e-10 
 4.46683592e+08 -1.94878088e+02  1.80341469e-10 
 4.51855944e+08 -1.95011221e+02  1.77598365e-10 
 4.57088190e+08 -1.95093594e+02  1.75922055e-10 
 4.62381021e+08 -1.95273366e+02  1.72318414e-10 
 4.67735141e+08 -1.95391802e+02  1.69984727e-10 
 4.73151259e+08 -1.95476482e+02  1.68335580e-10 
 4.78630092e+08 -1.95599634e+02  1.65965681e-10 
 4.84172368e+08 -1.95699696e+02  1.64064726e-10 
 4.89778819e+08 -1.95827917e+02  1.61660578e-10 
 4.95450191e+08 -1.95974572e+02  1.58953970e-10 
 5.01187234e+08 -1.96060652e+02  1.57386479e-10 
 5.06990708e+08 -1.96202132e+02  1.54843653e-10 
 5.12861384e+08 -1.96274256e+02  1.53563221e-10 
 5.18800039e+08 -1.96414541e+02  1.51102945e-10 
 5.24807460e+08 -1.96551220e+02  1.48743845e-10 
 5.30884444e+08 -1.96670771e+02  1.46710585e-10 
 5.37031796e+08 -1.96759022e+02  1.45227520e-10 
 5.43250331e+08 -1.96885214e+02  1.43132850e-10 
 5.49540874e+08 -1.96996564e+02  1.41309637e-10 
 5.55904257e+08 -1.97098719e+02  1.39657435e-10 
 5.62341325e+08 -1.97252427e+02  1.37207760e-10 
 5.68852931e+08 -1.97333335e+02  1.35935606e-10 
 5.75439937e+08 -1.97420924e+02  1.34571726e-10 
 5.82103218e+08 -1.97567897e+02  1.32313801e-10 
 5.88843655e+08 -1.97667171e+02  1.30810159e-10 
 5.95662144e+08 -1.97754063e+02  1.29508076e-10 
 6.02559586e+08 -1.97900879e+02  1.27337417e-10 
 6.09536897e+08 -1.97981896e+02  1.26155214e-10 
 6.16595002e+08 -1.98132474e+02  1.23987036e-10 
 6.23734835e+08 -1.98207843e+02  1.22915834e-10 
 6.30957344e+08 -1.98358015e+02  1.20808982e-10 
 6.38263486e+08 -1.98428268e+02  1.19835806e-10 
 6.45654229e+08 -1.98551972e+02  1.18141210e-10 
 6.53130553e+08 -1.98662593e+02  1.16646130e-10 
 6.60693448e+08 -1.98803104e+02  1.14774343e-10 
 6.68343918e+08 -1.98887406e+02  1.13665774e-10 
 6.76082975e+08 -1.99003273e+02  1.12159577e-10 
 6.83911647e+08 -1.99098166e+02  1.10940902e-10 
 6.91830971e+08 -1.99220224e+02  1.09392814e-10 
 6.99841996e+08 -1.99296396e+02  1.08437675e-10 
 7.07945784e+08 -1.99467720e+02  1.06319764e-10 
 7.16143410e+08 -1.99576327e+02  1.04998639e-10 
 7.24435960e+08 -1.99659295e+02  1.04000453e-10 
 7.32824533e+08 -1.99815373e+02  1.02148349e-10 
 7.41310241e+08 -1.99874829e+02  1.01451523e-10 
 7.49894209e+08 -1.99979646e+02  1.00234614e-10 
 7.58577575e+08 -2.00116356e+02  9.86693389e-11 
 7.67361489e+08 -2.00188955e+02  9.78480706e-11 
 7.76247117e+08 -2.00280612e+02  9.68209681e-11 
 7.85235635e+08 -2.00448061e+02  9.49722950e-11 
 7.94328235e+08 -2.00529354e+02  9.40875822e-11 
 8.03526122e+08 -2.00649096e+02  9.27994032e-11 
 8.12830516e+08 -2.00772047e+02  9.14950640e-11 
 8.22242650e+08 -2.00846623e+02  9.07128598e-11 
 8.31763771e+08 -2.00976882e+02  8.93626196e-11 
 8.41395142e+08 -2.01096239e+02  8.81430491e-11 
 8.51138038e+08 -2.01167169e+02  8.74261936e-11 
 8.60993752e+08 -2.01239587e+02  8.67003085e-11 
 8.70963590e+08 -2.01376715e+02  8.53422832e-11 
 8.81048873e+08 -2.01496478e+02  8.41736422e-11 
 8.91250938e+08 -2.01615303e+02  8.30299646e-11 
 9.01571138e+08 -2.01667677e+02  8.25308217e-11 
 9.12010839e+08 -2.01807874e+02  8.12093961e-11 
 9.22571427e+08 -2.01919961e+02  8.01681641e-11 
 9.33254301e+08 -2.02028030e+02  7.91768993e-11 
 9.44060876e+08 -2.02139984e+02  7.81629282e-11 
 9.54992586e+08 -2.02279753e+02  7.69152298e-11 
 9.66050879e+08 -2.02335739e+02  7.64210565e-11 
 9.77237221e+08 -2.02489318e+02  7.50817005e-11 
 9.88553095e+08 -2.02534146e+02  7.46952035e-11 
 1.00000000e+09 -2.02687318e+02  7.33895260e-11 
