 1.00000000e+00 -1.32363926e+01  2.17861441e-01 
 1.01157945e+00 -1.32363941e+01  2.17861401e-01 
 1.02329299e+00 -1.32363958e+01  2.17861361e-01 
 1.03514217e+00 -1.32363974e+01  2.17861320e-01 
 1.04712855e+00 -1.32363991e+01  2.17861277e-01 
 1.05925373e+00 -1.32364008e+01  2.17861234e-01 
 1.07151931e+00 -1.32364026e+01  2.17861190e-01 
 1.08392691e+00 -1.32364044e+01  2.17861144e-01 
 1.09647820e+00 -1.32364062e+01  2.17861098e-01 
 1.10917482e+00 -1.32364081e+01  2.17861050e-01 
 1.12201845e+00 -1.32364101e+01  2.17861002e-01 
 1.13501082e+00 -1.32364121e+01  2.17860952e-01 
 1.14815362e+00 -1.32364141e+01  2.17860901e-01 
 1.16144861e+00 -1.32364162e+01  2.17860849e-01 
 1.17489755e+00 -1.32364183e+01  2.17860796e-01 
 1.18850223e+00 -1.32364205e+01  2.17860741e-01 
 1.20226443e+00 -1.32364227e+01  2.17860686e-01 
 1.21618600e+00 -1.32364250e+01  2.17860629e-01 
 1.23026877e+00 -1.32364273e+01  2.17860570e-01 
 1.24451461e+00 -1.32364297e+01  2.17860510e-01 
 1.25892541e+00 -1.32364321e+01  2.17860449e-01 
 1.27350308e+00 -1.32364346e+01  2.17860387e-01 
 1.28824955e+00 -1.32364372e+01  2.17860323e-01 
 1.30316678e+00 -1.32364398e+01  2.17860257e-01 
 1.31825674e+00 -1.32364424e+01  2.17860190e-01 
 1.33352143e+00 -1.32364452e+01  2.17860121e-01 
 1.34896288e+00 -1.32364480e+01  2.17860051e-01 
 1.36458314e+00 -1.32364508e+01  2.17859979e-01 
 1.38038426e+00 -1.32364538e+01  2.17859906e-01 
 1.39636836e+00 -1.32364568e+01  2.17859830e-01 
 1.41253754e+00 -1.32364598e+01  2.17859753e-01 
 1.42889396e+00 -1.32364630e+01  2.17859675e-01 
 1.44543977e+00 -1.32364662e+01  2.17859594e-01 
 1.46217717e+00 -1.32364695e+01  2.17859511e-01 
 1.47910839e+00 -1.32364729e+01  2.17859427e-01 
 1.49623566e+00 -1.32364763e+01  2.17859341e-01 
 1.51356125e+00 -1.32364798e+01  2.17859252e-01 
 1.53108746e+00 -1.32364834e+01  2.17859162e-01 
 1.54881662e+00 -1.32364871e+01  2.17859069e-01 
 1.56675107e+00 -1.32364909e+01  2.17858974e-01 
 1.58489319e+00 -1.32364948e+01  2.17858877e-01 
 1.60324539e+00 -1.32364987e+01  2.17858778e-01 
 1.62181010e+00 -1.32365028e+01  2.17858677e-01 
 1.64058977e+00 -1.32365069e+01  2.17858573e-01 
 1.65958691e+00 -1.32365111e+01  2.17858467e-01 
 1.67880402e+00 -1.32365155e+01  2.17858358e-01 
 1.69824365e+00 -1.32365199e+01  2.17858247e-01 
 1.71790839e+00 -1.32365245e+01  2.17858133e-01 
 1.73780083e+00 -1.32365291e+01  2.17858016e-01 
 1.75792361e+00 -1.32365339e+01  2.17857897e-01 
 1.77827941e+00 -1.32365387e+01  2.17857775e-01 
 1.79887092e+00 -1.32365437e+01  2.17857650e-01 
 1.81970086e+00 -1.32365488e+01  2.17857522e-01 
 1.84077200e+00 -1.32365540e+01  2.17857391e-01 
 1.86208714e+00 -1.32365594e+01  2.17857258e-01 
 1.88364909e+00 -1.32365648e+01  2.17857121e-01 
 1.90546072e+00 -1.32365704e+01  2.17856981e-01 
 1.92752491e+00 -1.32365761e+01  2.17856837e-01 
 1.94984460e+00 -1.32365820e+01  2.17856690e-01 
 1.97242274e+00 -1.32365880e+01  2.17856540e-01 
 1.99526231e+00 -1.32365941e+01  2.17856387e-01 
 2.01836636e+00 -1.32366003e+01  2.17856229e-01 
 2.04173794e+00 -1.32366068e+01  2.17856069e-01 
 2.06538016e+00 -1.32366133e+01  2.17855904e-01 
 2.08929613e+00 -1.32366200e+01  2.17855735e-01 
 2.11348904e+00 -1.32366269e+01  2.17855563e-01 
 2.13796209e+00 -1.32366339e+01  2.17855387e-01 
 2.16271852e+00 -1.32366411e+01  2.17855206e-01 
 2.18776162e+00 -1.32366485e+01  2.17855021e-01 
 2.21309471e+00 -1.32366560e+01  2.17854832e-01 
 2.23872114e+00 -1.32366638e+01  2.17854639e-01 
 2.26464431e+00 -1.32366716e+01  2.17854441e-01 
 2.29086765e+00 -1.32366797e+01  2.17854239e-01 
 2.31739465e+00 -1.32366880e+01  2.17854031e-01 
 2.34422882e+00 -1.32366964e+01  2.17853819e-01 
 2.37137371e+00 -1.32367051e+01  2.17853602e-01 
 2.39883292e+00 -1.32367139e+01  2.17853380e-01 
 2.42661010e+00 -1.32367230e+01  2.17853153e-01 
 2.45470892e+00 -1.32367323e+01  2.17852920e-01 
 2.48313311e+00 -1.32367418e+01  2.17852683e-01 
 2.51188643e+00 -1.32367515e+01  2.17852439e-01 
 2.54097271e+00 -1.32367614e+01  2.17852190e-01 
 2.57039578e+00 -1.32367716e+01  2.17851935e-01 
 2.60015956e+00 -1.32367820e+01  2.17851674e-01 
 2.63026799e+00 -1.32367926e+01  2.17851407e-01 
 2.66072506e+00 -1.32368035e+01  2.17851134e-01 
 2.69153480e+00 -1.32368147e+01  2.17850854e-01 
 2.72270131e+00 -1.32368261e+01  2.17850568e-01 
 2.75422870e+00 -1.32368377e+01  2.17850276e-01 
 2.78612117e+00 -1.32368497e+01  2.17849976e-01 
 2.81838293e+00 -1.32368619e+01  2.17849670e-01 
 2.85101827e+00 -1.32368744e+01  2.17849356e-01 
 2.88403150e+00 -1.32368872e+01  2.17849035e-01 
 2.91742701e+00 -1.32369003e+01  2.17848706e-01 
 2.95120923e+00 -1.32369137e+01  2.17848370e-01 
 2.98538262e+00 -1.32369274e+01  2.17848026e-01 
 3.01995172e+00 -1.32369414e+01  2.17847675e-01 
 3.05492111e+00 -1.32369558e+01  2.17847314e-01 
 3.09029543e+00 -1.32369705e+01  2.17846946e-01 
 3.12607937e+00 -1.32369855e+01  2.17846569e-01 
 3.16227766e+00 -1.32370009e+01  2.17846183e-01 
 3.19889511e+00 -1.32370166e+01  2.17845788e-01 
 3.23593657e+00 -1.32370328e+01  2.17845384e-01 
 3.27340695e+00 -1.32370492e+01  2.17844971e-01 
 3.31131121e+00 -1.32370661e+01  2.17844548e-01 
 3.34965439e+00 -1.32370834e+01  2.17844115e-01 
 3.38844156e+00 -1.32371010e+01  2.17843672e-01 
 3.42767787e+00 -1.32371191e+01  2.17843218e-01 
 3.46736850e+00 -1.32371376e+01  2.17842754e-01 
 3.50751874e+00 -1.32371565e+01  2.17842280e-01 
 3.54813389e+00 -1.32371759e+01  2.17841794e-01 
 3.58921935e+00 -1.32371957e+01  2.17841297e-01 
 3.63078055e+00 -1.32372160e+01  2.17840788e-01 
 3.67282300e+00 -1.32372368e+01  2.17840268e-01 
 3.71535229e+00 -1.32372580e+01  2.17839735e-01 
 3.75837404e+00 -1.32372797e+01  2.17839190e-01 
 3.80189396e+00 -1.32373020e+01  2.17838633e-01 
 3.84591782e+00 -1.32373247e+01  2.17838062e-01 
 3.89045145e+00 -1.32373480e+01  2.17837478e-01 
 3.93550075e+00 -1.32373718e+01  2.17836880e-01 
 3.98107171e+00 -1.32373962e+01  2.17836269e-01 
 4.02717034e+00 -1.32374211e+01  2.17835643e-01 
 4.07380278e+00 -1.32374467e+01  2.17835003e-01 
 4.12097519e+00 -1.32374728e+01  2.17834348e-01 
 4.16869383e+00 -1.32374995e+01  2.17833677e-01 
 4.21696503e+00 -1.32375269e+01  2.17832991e-01 
 4.26579519e+00 -1.32375549e+01  2.17832289e-01 
 4.31519077e+00 -1.32375835e+01  2.17831571e-01 
 4.36515832e+00 -1.32376128e+01  2.17830836e-01 
 4.41570447e+00 -1.32376428e+01  2.17830084e-01 
 4.46683592e+00 -1.32376735e+01  2.17829314e-01 
 4.51855944e+00 -1.32377049e+01  2.17828526e-01 
 4.57088190e+00 -1.32377371e+01  2.17827720e-01 
 4.62381021e+00 -1.32377700e+01  2.17826896e-01 
 4.67735141e+00 -1.32378036e+01  2.17826052e-01 
 4.73151259e+00 -1.32378380e+01  2.17825188e-01 
 4.78630092e+00 -1.32378733e+01  2.17824304e-01 
 4.84172368e+00 -1.32379093e+01  2.17823400e-01 
 4.89778819e+00 -1.32379462e+01  2.17822475e-01 
 4.95450191e+00 -1.32379840e+01  2.17821528e-01 
 5.01187234e+00 -1.32380226e+01  2.17820559e-01 
 5.06990708e+00 -1.32380622e+01  2.17819568e-01 
 5.12861384e+00 -1.32381026e+01  2.17818553e-01 
 5.18800039e+00 -1.32381440e+01  2.17817515e-01 
 5.24807460e+00 -1.32381864e+01  2.17816453e-01 
 5.30884444e+00 -1.32382297e+01  2.17815366e-01 
 5.37031796e+00 -1.32382741e+01  2.17814253e-01 
 5.43250331e+00 -1.32383195e+01  2.17813115e-01 
 5.49540874e+00 -1.32383659e+01  2.17811950e-01 
 5.55904257e+00 -1.32384135e+01  2.17810758e-01 
 5.62341325e+00 -1.32384621e+01  2.17809539e-01 
 5.68852931e+00 -1.32385119e+01  2.17808291e-01 
 5.75439937e+00 -1.32385628e+01  2.17807014e-01 
 5.82103218e+00 -1.32386149e+01  2.17805707e-01 
 5.88843655e+00 -1.32386682e+01  2.17804370e-01 
 5.95662144e+00 -1.32387228e+01  2.17803002e-01 
 6.02559586e+00 -1.32387786e+01  2.17801601e-01 
 6.09536897e+00 -1.32388358e+01  2.17800169e-01 
 6.16595002e+00 -1.32388942e+01  2.17798703e-01 
 6.23734835e+00 -1.32389541e+01  2.17797203e-01 
 6.30957344e+00 -1.32390153e+01  2.17795667e-01 
 6.38263486e+00 -1.32390779e+01  2.17794097e-01 
 6.45654229e+00 -1.32391420e+01  2.17792489e-01 
 6.53130553e+00 -1.32392076e+01  2.17790845e-01 
 6.60693448e+00 -1.32392747e+01  2.17789162e-01 
 6.68343918e+00 -1.32393434e+01  2.17787439e-01 
 6.76082975e+00 -1.32394137e+01  2.17785677e-01 
 6.83911647e+00 -1.32394856e+01  2.17783874e-01 
 6.91830971e+00 -1.32395592e+01  2.17782029e-01 
 6.99841996e+00 -1.32396345e+01  2.17780140e-01 
 7.07945784e+00 -1.32397116e+01  2.17778208e-01 
 7.16143410e+00 -1.32397904e+01  2.17776231e-01 
 7.24435960e+00 -1.32398711e+01  2.17774208e-01 
 7.32824533e+00 -1.32399537e+01  2.17772138e-01 
 7.41310241e+00 -1.32400382e+01  2.17770020e-01 
 7.49894209e+00 -1.32401246e+01  2.17767852e-01 
 7.58577575e+00 -1.32402131e+01  2.17765634e-01 
 7.67361489e+00 -1.32403036e+01  2.17763365e-01 
 7.76247117e+00 -1.32403963e+01  2.17761042e-01 
 7.85235635e+00 -1.32404911e+01  2.17758666e-01 
 7.94328235e+00 -1.32405880e+01  2.17756234e-01 
 8.03526122e+00 -1.32406873e+01  2.17753746e-01 
 8.12830516e+00 -1.32407889e+01  2.17751200e-01 
 8.22242650e+00 -1.32408928e+01  2.17748595e-01 
 8.31763771e+00 -1.32409991e+01  2.17745929e-01 
 8.41395142e+00 -1.32411079e+01  2.17743201e-01 
 8.51138038e+00 -1.32412193e+01  2.17740410e-01 
 8.60993752e+00 -1.32413332e+01  2.17737554e-01 
 8.70963590e+00 -1.32414498e+01  2.17734631e-01 
 8.81048873e+00 -1.32415691e+01  2.17731641e-01 
 8.91250938e+00 -1.32416912e+01  2.17728580e-01 
 9.01571138e+00 -1.32418161e+01  2.17725449e-01 
 9.12010839e+00 -1.32419439e+01  2.17722245e-01 
 9.22571427e+00 -1.32420747e+01  2.17718967e-01 
 9.33254301e+00 -1.32422086e+01  2.17715612e-01 
 9.44060876e+00 -1.32423455e+01  2.17712179e-01 
 9.54992586e+00 -1.32424856e+01  2.17708667e-01 
 9.66050879e+00 -1.32426290e+01  2.17705073e-01 
 9.77237221e+00 -1.32427758e+01  2.17701395e-01 
 9.88553095e+00 -1.32429259e+01  2.17697632e-01 
 1.00000000e+01 -1.32430795e+01  2.17693781e-01 
 1.01157945e+01 -1.32432368e+01  2.17689841e-01 
 1.02329299e+01 -1.32433976e+01  2.17685809e-01 
 1.03514217e+01 -1.32435622e+01  2.17681684e-01 
 1.04712855e+01 -1.32437307e+01  2.17677463e-01 
 1.05925373e+01 -1.32439030e+01  2.17673144e-01 
 1.07151931e+01 -1.32440794e+01  2.17668724e-01 
 1.08392691e+01 -1.32442598e+01  2.17664202e-01 
 1.09647820e+01 -1.32444445e+01  2.17659575e-01 
 1.10917482e+01 -1.32446334e+01  2.17654840e-01 
 1.12201845e+01 -1.32448268e+01  2.17649995e-01 
 1.13501082e+01 -1.32450246e+01  2.17645038e-01 
 1.14815362e+01 -1.32452270e+01  2.17639965e-01 
 1.16144861e+01 -1.32454342e+01  2.17634775e-01 
 1.17489755e+01 -1.32456461e+01  2.17629465e-01 
 1.18850223e+01 -1.32458630e+01  2.17624031e-01 
 1.20226443e+01 -1.32460849e+01  2.17618471e-01 
 1.21618600e+01 -1.32463120e+01  2.17612781e-01 
 1.23026877e+01 -1.32465444e+01  2.17606960e-01 
 1.24451461e+01 -1.32467821e+01  2.17601004e-01 
 1.25892541e+01 -1.32470254e+01  2.17594909e-01 
 1.27350308e+01 -1.32472743e+01  2.17588673e-01 
 1.28824955e+01 -1.32475290e+01  2.17582292e-01 
 1.30316678e+01 -1.32477897e+01  2.17575764e-01 
 1.31825674e+01 -1.32480564e+01  2.17569084e-01 
 1.33352143e+01 -1.32483292e+01  2.17562248e-01 
 1.34896288e+01 -1.32486085e+01  2.17555255e-01 
 1.36458314e+01 -1.32488942e+01  2.17548099e-01 
 1.38038426e+01 -1.32491865e+01  2.17540777e-01 
 1.39636836e+01 -1.32494856e+01  2.17533285e-01 
 1.41253754e+01 -1.32497917e+01  2.17525620e-01 
 1.42889396e+01 -1.32501049e+01  2.17517777e-01 
 1.44543977e+01 -1.32504253e+01  2.17509752e-01 
 1.46217717e+01 -1.32507532e+01  2.17501541e-01 
 1.47910839e+01 -1.32510887e+01  2.17493140e-01 
 1.49623566e+01 -1.32514320e+01  2.17484544e-01 
 1.51356125e+01 -1.32517833e+01  2.17475749e-01 
 1.53108746e+01 -1.32521427e+01  2.17466750e-01 
 1.54881662e+01 -1.32525105e+01  2.17457543e-01 
 1.56675107e+01 -1.32528868e+01  2.17448122e-01 
 1.58489319e+01 -1.32532718e+01  2.17438483e-01 
 1.60324539e+01 -1.32536657e+01  2.17428622e-01 
 1.62181010e+01 -1.32540688e+01  2.17418531e-01 
 1.64058977e+01 -1.32544813e+01  2.17408208e-01 
 1.65958691e+01 -1.32549033e+01  2.17397645e-01 
 1.67880402e+01 -1.32553351e+01  2.17386838e-01 
 1.69824365e+01 -1.32557769e+01  2.17375781e-01 
 1.71790839e+01 -1.32562290e+01  2.17364468e-01 
 1.73780083e+01 -1.32566915e+01  2.17352893e-01 
 1.75792361e+01 -1.32571648e+01  2.17341050e-01 
 1.77827941e+01 -1.32576490e+01  2.17328934e-01 
 1.79887092e+01 -1.32581445e+01  2.17316538e-01 
 1.81970086e+01 -1.32586514e+01  2.17303855e-01 
 1.84077200e+01 -1.32591701e+01  2.17290879e-01 
 1.86208714e+01 -1.32597008e+01  2.17277603e-01 
 1.88364909e+01 -1.32602438e+01  2.17264020e-01 
 1.90546072e+01 -1.32607993e+01  2.17250124e-01 
 1.92752491e+01 -1.32613678e+01  2.17235907e-01 
 1.94984460e+01 -1.32619494e+01  2.17221361e-01 
 1.97242274e+01 -1.32625445e+01  2.17206480e-01 
 1.99526231e+01 -1.32631533e+01  2.17191255e-01 
 2.01836636e+01 -1.32637763e+01  2.17175679e-01 
 2.04173794e+01 -1.32644136e+01  2.17159743e-01 
 2.06538016e+01 -1.32650657e+01  2.17143440e-01 
 2.08929613e+01 -1.32657329e+01  2.17126761e-01 
 2.11348904e+01 -1.32664155e+01  2.17109698e-01 
 2.13796209e+01 -1.32671140e+01  2.17092241e-01 
 2.16271852e+01 -1.32678285e+01  2.17074382e-01 
 2.18776162e+01 -1.32685596e+01  2.17056111e-01 
 2.21309471e+01 -1.32693076e+01  2.17037420e-01 
 2.23872114e+01 -1.32700729e+01  2.17018298e-01 
 2.26464431e+01 -1.32708559e+01  2.16998737e-01 
 2.29086765e+01 -1.32716570e+01  2.16978725e-01 
 2.31739465e+01 -1.32724765e+01  2.16958252e-01 
 2.34422882e+01 -1.32733150e+01  2.16937309e-01 
 2.37137371e+01 -1.32741729e+01  2.16915884e-01 
 2.39883292e+01 -1.32750506e+01  2.16893967e-01 
 2.42661010e+01 -1.32759485e+01  2.16871546e-01 
 2.45470892e+01 -1.32768672e+01  2.16848610e-01 
 2.48313311e+01 -1.32778070e+01  2.16825147e-01 
 2.51188643e+01 -1.32787685e+01  2.16801146e-01 
 2.54097271e+01 -1.32797523e+01  2.16776593e-01 
 2.57039578e+01 -1.32807587e+01  2.16751478e-01 
 2.60015956e+01 -1.32817882e+01  2.16725786e-01 
 2.63026799e+01 -1.32828416e+01  2.16699506e-01 
 2.66072506e+01 -1.32839192e+01  2.16672623e-01 
 2.69153480e+01 -1.32850216e+01  2.16645125e-01 
 2.72270131e+01 -1.32861494e+01  2.16616997e-01 
 2.75422870e+01 -1.32873032e+01  2.16588225e-01 
 2.78612117e+01 -1.32884835e+01  2.16558794e-01 
 2.81838293e+01 -1.32896910e+01  2.16528691e-01 
 2.85101827e+01 -1.32909263e+01  2.16497899e-01 
 2.88403150e+01 -1.32921899e+01  2.16466404e-01 
 2.91742701e+01 -1.32934827e+01  2.16434189e-01 
 2.95120923e+01 -1.32948051e+01  2.16401239e-01 
 2.98538262e+01 -1.32961580e+01  2.16367537e-01 
 3.01995172e+01 -1.32975419e+01  2.16333066e-01 
 3.05492111e+01 -1.32989576e+01  2.16297809e-01 
 3.09029543e+01 -1.33004058e+01  2.16261749e-01 
 3.12607937e+01 -1.33018872e+01  2.16224868e-01 
 3.16227766e+01 -1.33034026e+01  2.16187147e-01 
 3.19889511e+01 -1.33049528e+01  2.16148568e-01 
 3.23593657e+01 -1.33065384e+01  2.16109111e-01 
 3.27340695e+01 -1.33081605e+01  2.16068758e-01 
 3.31131121e+01 -1.33098197e+01  2.16027489e-01 
 3.34965439e+01 -1.33115168e+01  2.15985282e-01 
 3.38844156e+01 -1.33132529e+01  2.15942118e-01 
 3.42767787e+01 -1.33150286e+01  2.15897975e-01 
 3.46736850e+01 -1.33168450e+01  2.15852832e-01 
 3.50751874e+01 -1.33187028e+01  2.15806667e-01 
 3.54813389e+01 -1.33206032e+01  2.15759458e-01 
 3.58921935e+01 -1.33225469e+01  2.15711180e-01 
 3.63078055e+01 -1.33245350e+01  2.15661812e-01 
 3.67282300e+01 -1.33265685e+01  2.15611329e-01 
 3.71535229e+01 -1.33286483e+01  2.15559706e-01 
 3.75837404e+01 -1.33307756e+01  2.15506920e-01 
 3.80189396e+01 -1.33329513e+01  2.15452944e-01 
 3.84591782e+01 -1.33351766e+01  2.15397753e-01 
 3.89045145e+01 -1.33374526e+01  2.15341320e-01 
 3.93550075e+01 -1.33397803e+01  2.15283619e-01 
 3.98107171e+01 -1.33421610e+01  2.15224621e-01 
 4.02717034e+01 -1.33445957e+01  2.15164300e-01 
 4.07380278e+01 -1.33470858e+01  2.15102625e-01 
 4.12097519e+01 -1.33496324e+01  2.15039570e-01 
 4.16869383e+01 -1.33522367e+01  2.14975102e-01 
 4.21696503e+01 -1.33549001e+01  2.14909193e-01 
 4.26579519e+01 -1.33576239e+01  2.14841812e-01 
 4.31519077e+01 -1.33604093e+01  2.14772927e-01 
 4.36515832e+01 -1.33632578e+01  2.14702505e-01 
 4.41570447e+01 -1.33661706e+01  2.14630515e-01 
 4.46683592e+01 -1.33691493e+01  2.14556923e-01 
 4.51855944e+01 -1.33721953e+01  2.14481696e-01 
 4.57088190e+01 -1.33753100e+01  2.14404797e-01 
 4.62381021e+01 -1.33784950e+01  2.14326193e-01 
 4.67735141e+01 -1.33817517e+01  2.14245848e-01 
 4.73151259e+01 -1.33850818e+01  2.14163725e-01 
 4.78630092e+01 -1.33884868e+01  2.14079786e-01 
 4.84172368e+01 -1.33919683e+01  2.13993994e-01 
 4.89778819e+01 -1.33955280e+01  2.13906311e-01 
 4.95450191e+01 -1.33991677e+01  2.13816697e-01 
 5.01187234e+01 -1.34028889e+01  2.13725112e-01 
 5.06990708e+01 -1.34066936e+01  2.13631515e-01 
 5.12861384e+01 -1.34105834e+01  2.13535865e-01 
 5.18800039e+01 -1.34145602e+01  2.13438120e-01 
 5.24807460e+01 -1.34186259e+01  2.13338238e-01 
 5.30884444e+01 -1.34227824e+01  2.13236173e-01 
 5.37031796e+01 -1.34270315e+01  2.13131883e-01 
 5.43250331e+01 -1.34313754e+01  2.13025322e-01 
 5.49540874e+01 -1.34358159e+01  2.12916444e-01 
 5.55904257e+01 -1.34403552e+01  2.12805203e-01 
 5.62341325e+01 -1.34449953e+01  2.12691551e-01 
 5.68852931e+01 -1.34497383e+01  2.12575439e-01 
 5.75439937e+01 -1.34545865e+01  2.12456820e-01 
 5.82103218e+01 -1.34595420e+01  2.12335643e-01 
 5.88843655e+01 -1.34646070e+01  2.12211858e-01 
 5.95662144e+01 -1.34697840e+01  2.12085414e-01 
 6.02559586e+01 -1.34750751e+01  2.11956258e-01 
 6.09536897e+01 -1.34804829e+01  2.11824337e-01 
 6.16595002e+01 -1.34860096e+01  2.11689598e-01 
 6.23734835e+01 -1.34916578e+01  2.11551987e-01 
 6.30957344e+01 -1.34974300e+01  2.11411448e-01 
 6.38263486e+01 -1.35033287e+01  2.11267925e-01 
 6.45654229e+01 -1.35093565e+01  2.11121360e-01 
 6.53130553e+01 -1.35155161e+01  2.10971698e-01 
 6.60693448e+01 -1.35218101e+01  2.10818878e-01 
 6.68343918e+01 -1.35282412e+01  2.10662841e-01 
 6.76082975e+01 -1.35348124e+01  2.10503529e-01 
 6.83911647e+01 -1.35415263e+01  2.10340879e-01 
 6.91830971e+01 -1.35483859e+01  2.10174830e-01 
 6.99841996e+01 -1.35553941e+01  2.10005320e-01 
 7.07945784e+01 -1.35625538e+01  2.09832285e-01 
 7.16143410e+01 -1.35698681e+01  2.09655662e-01 
 7.24435960e+01 -1.35773400e+01  2.09475386e-01 
 7.32824533e+01 -1.35849727e+01  2.09291391e-01 
 7.41310241e+01 -1.35927693e+01  2.09103611e-01 
 7.49894209e+01 -1.36007331e+01  2.08911980e-01 
 7.58577575e+01 -1.36088673e+01  2.08716429e-01 
 7.67361489e+01 -1.36171752e+01  2.08516891e-01 
 7.76247117e+01 -1.36256602e+01  2.08313296e-01 
 7.85235635e+01 -1.36343257e+01  2.08105575e-01 
 7.94328235e+01 -1.36431752e+01  2.07893658e-01 
 8.03526122e+01 -1.36522122e+01  2.07677473e-01 
 8.12830516e+01 -1.36614403e+01  2.07456949e-01 
 8.22242650e+01 -1.36708630e+01  2.07232014e-01 
 8.31763771e+01 -1.36804842e+01  2.07002596e-01 
 8.41395142e+01 -1.36903074e+01  2.06768621e-01 
 8.51138038e+01 -1.37003365e+01  2.06530015e-01 
 8.60993752e+01 -1.37105752e+01  2.06286704e-01 
 8.70963590e+01 -1.37210276e+01  2.06038615e-01 
 8.81048873e+01 -1.37316974e+01  2.05785670e-01 
 8.91250938e+01 -1.37425887e+01  2.05527796e-01 
 9.01571138e+01 -1.37537055e+01  2.05264917e-01 
 9.12010839e+01 -1.37650518e+01  2.04996955e-01 
 9.22571427e+01 -1.37766318e+01  2.04723835e-01 
 9.33254301e+01 -1.37884497e+01  2.04445481e-01 
 9.44060876e+01 -1.38005096e+01  2.04161815e-01 
 9.54992586e+01 -1.38128159e+01  2.03872761e-01 
 9.66050879e+01 -1.38253729e+01  2.03578240e-01 
 9.77237221e+01 -1.38381848e+01  2.03278178e-01 
 9.88553095e+01 -1.38512562e+01  2.02972495e-01 
 1.00000000e+02 -1.38645915e+01  2.02661115e-01 
 1.01157945e+02 -1.38781951e+01  2.02343961e-01 
 1.02329299e+02 -1.38920716e+01  2.02020956e-01 
 1.03514217e+02 -1.39062255e+01  2.01692023e-01 
 1.04712855e+02 -1.39206616e+01  2.01357087e-01 
 1.05925373e+02 -1.39353844e+01  2.01016070e-01 
 1.07151931e+02 -1.39503987e+01  2.00668898e-01 
 1.08392691e+02 -1.39657091e+01  2.00315494e-01 
 1.09647820e+02 -1.39813205e+01  1.99955785e-01 
 1.10917482e+02 -1.39972377e+01  1.99589695e-01 
 1.12201845e+02 -1.40134655e+01  1.99217152e-01 
 1.13501082e+02 -1.40300087e+01  1.98838083e-01 
 1.14815362e+02 -1.40468722e+01  1.98452415e-01 
 1.16144861e+02 -1.40640611e+01  1.98060079e-01 
 1.17489755e+02 -1.40815801e+01  1.97661002e-01 
 1.18850223e+02 -1.40994344e+01  1.97255118e-01 
 1.20226443e+02 -1.41176289e+01  1.96842356e-01 
 1.21618600e+02 -1.41361686e+01  1.96422651e-01 
 1.23026877e+02 -1.41550586e+01  1.95995937e-01 
 1.24451461e+02 -1.41743039e+01  1.95562150e-01 
 1.25892541e+02 -1.41939097e+01  1.95121227e-01 
 1.27350308e+02 -1.42138808e+01  1.94673106e-01 
 1.28824955e+02 -1.42342226e+01  1.94217729e-01 
 1.30316678e+02 -1.42549399e+01  1.93755038e-01 
 1.31825674e+02 -1.42760381e+01  1.93284975e-01 
 1.33352143e+02 -1.42975221e+01  1.92807488e-01 
 1.34896288e+02 -1.43193970e+01  1.92322523e-01 
 1.36458314e+02 -1.43416680e+01  1.91830031e-01 
 1.38038426e+02 -1.43643402e+01  1.91329964e-01 
 1.39636836e+02 -1.43874185e+01  1.90822276e-01 
 1.41253754e+02 -1.44109082e+01  1.90306924e-01 
 1.42889396e+02 -1.44348142e+01  1.89783866e-01 
 1.44543977e+02 -1.44591416e+01  1.89253065e-01 
 1.46217717e+02 -1.44838953e+01  1.88714484e-01 
 1.47910839e+02 -1.45090804e+01  1.88168091e-01 
 1.49623566e+02 -1.45347019e+01  1.87613854e-01 
 1.51356125e+02 -1.45607646e+01  1.87051748e-01 
 1.53108746e+02 -1.45872734e+01  1.86481747e-01 
 1.54881662e+02 -1.46142333e+01  1.85903829e-01 
 1.56675107e+02 -1.46416489e+01  1.85317978e-01 
 1.58489319e+02 -1.46695252e+01  1.84724178e-01 
 1.60324539e+02 -1.46978667e+01  1.84122416e-01 
 1.62181010e+02 -1.47266782e+01  1.83512686e-01 
 1.64058977e+02 -1.47559642e+01  1.82894982e-01 
 1.65958691e+02 -1.47857293e+01  1.82269304e-01 
 1.67880402e+02 -1.48159780e+01  1.81635652e-01 
 1.69824365e+02 -1.48467148e+01  1.80994034e-01 
 1.71790839e+02 -1.48779439e+01  1.80344460e-01 
 1.73780083e+02 -1.49096696e+01  1.79686942e-01 
 1.75792361e+02 -1.49418962e+01  1.79021499e-01 
 1.77827941e+02 -1.49746277e+01  1.78348152e-01 
 1.79887092e+02 -1.50078682e+01  1.77666926e-01 
 1.81970086e+02 -1.50416216e+01  1.76977851e-01 
 1.84077200e+02 -1.50758918e+01  1.76280961e-01 
 1.86208714e+02 -1.51106826e+01  1.75576292e-01 
 1.88364909e+02 -1.51459975e+01  1.74863886e-01 
 1.90546072e+02 -1.51818401e+01  1.74143791e-01 
 1.92752491e+02 -1.52182140e+01  1.73416054e-01 
 1.94984460e+02 -1.52551224e+01  1.72680732e-01 
 1.97242274e+02 -1.52925686e+01  1.71937882e-01 
 1.99526231e+02 -1.53305556e+01  1.71187567e-01 
 2.01836636e+02 -1.53690866e+01  1.70429854e-01 
 2.04173794e+02 -1.54081643e+01  1.69664814e-01 
 2.06538016e+02 -1.54477915e+01  1.68892523e-01 
 2.08929613e+02 -1.54879710e+01  1.68113059e-01 
 2.11348904e+02 -1.55287050e+01  1.67326508e-01 
 2.13796209e+02 -1.55699961e+01  1.66532957e-01 
 2.16271852e+02 -1.56118465e+01  1.65732497e-01 
 2.18776162e+02 -1.56542583e+01  1.64925225e-01 
 2.21309471e+02 -1.56972334e+01  1.64111242e-01 
 2.23872114e+02 -1.57407736e+01  1.63290650e-01 
 2.26464431e+02 -1.57848807e+01  1.62463559e-01 
 2.29086765e+02 -1.58295563e+01  1.61630080e-01 
 2.31739465e+02 -1.58748015e+01  1.60790329e-01 
 2.34422882e+02 -1.59206179e+01  1.59944425e-01 
 2.37137371e+02 -1.59670063e+01  1.59092492e-01 
 2.39883292e+02 -1.60139678e+01  1.58234656e-01 
 2.42661010e+02 -1.60615033e+01  1.57371048e-01 
 2.45470892e+02 -1.61096132e+01  1.56501800e-01 
 2.48313311e+02 -1.61582982e+01  1.55627051e-01 
 2.51188643e+02 -1.62075586e+01  1.54746939e-01 
 2.54097271e+02 -1.62573946e+01  1.53861609e-01 
 2.57039578e+02 -1.63078062e+01  1.52971205e-01 
 2.60015956e+02 -1.63587934e+01  1.52075878e-01 
 2.63026799e+02 -1.64103558e+01  1.51175778e-01 
 2.66072506e+02 -1.64624930e+01  1.50271060e-01 
 2.69153480e+02 -1.65152045e+01  1.49361881e-01 
 2.72270131e+02 -1.65684896e+01  1.48448400e-01 
 2.75422870e+02 -1.66223473e+01  1.47530778e-01 
 2.78612117e+02 -1.66767768e+01  1.46609179e-01 
 2.81838293e+02 -1.67317767e+01  1.45683767e-01 
 2.85101827e+02 -1.67873459e+01  1.44754711e-01 
 2.88403150e+02 -1.68434828e+01  1.43822178e-01 
 2.91742701e+02 -1.69001858e+01  1.42886339e-01 
 2.95120923e+02 -1.69574533e+01  1.41947365e-01 
 2.98538262e+02 -1.70152832e+01  1.41005431e-01 
 3.01995172e+02 -1.70736737e+01  1.40060708e-01 
 3.05492111e+02 -1.71326224e+01  1.39113373e-01 
 3.09029543e+02 -1.71921272e+01  1.38163600e-01 
 3.12607937e+02 -1.72521856e+01  1.37211566e-01 
 3.16227766e+02 -1.73127950e+01  1.36257448e-01 
 3.19889511e+02 -1.73739528e+01  1.35301422e-01 
 3.23593657e+02 -1.74356561e+01  1.34343666e-01 
 3.27340695e+02 -1.74979021e+01  1.33384356e-01 
 3.31131121e+02 -1.75606876e+01  1.32423670e-01 
 3.34965439e+02 -1.76240095e+01  1.31461786e-01 
 3.38844156e+02 -1.76878645e+01  1.30498877e-01 
 3.42767787e+02 -1.77522492e+01  1.29535122e-01 
 3.46736850e+02 -1.78171602e+01  1.28570695e-01 
 3.50751874e+02 -1.78825938e+01  1.27605770e-01 
 3.54813389e+02 -1.79485463e+01  1.26640520e-01 
 3.58921935e+02 -1.80150139e+01  1.25675119e-01 
 3.63078055e+02 -1.80819928e+01  1.24709736e-01 
 3.67282300e+02 -1.81494789e+01  1.23744543e-01 
 3.71535229e+02 -1.82174682e+01  1.22779706e-01 
 3.75837404e+02 -1.82859565e+01  1.21815394e-01 
 3.80189396e+02 -1.83549397e+01  1.20851770e-01 
 3.84591782e+02 -1.84244133e+01  1.19888999e-01 
 3.89045145e+02 -1.84943731e+01  1.18927242e-01 
 3.93550075e+02 -1.85648145e+01  1.17966658e-01 
 3.98107171e+02 -1.86357330e+01  1.17007405e-01 
 4.02717034e+02 -1.87071242e+01  1.16049638e-01 
 4.07380278e+02 -1.87789833e+01  1.15093510e-01 
 4.12097519e+02 -1.88513057e+01  1.14139172e-01 
 4.16869383e+02 -1.89240866e+01  1.13186771e-01 
 4.21696503e+02 -1.89973212e+01  1.12236455e-01 
 4.26579519e+02 -1.90710047e+01  1.11288365e-01 
 4.31519077e+02 -1.91451323e+01  1.10342644e-01 
 4.36515832e+02 -1.92196990e+01  1.09399427e-01 
 4.41570447e+02 -1.92946999e+01  1.08458852e-01 
 4.46683592e+02 -1.93701301e+01  1.07521050e-01 
 4.51855944e+02 -1.94459844e+01  1.06586151e-01 
 4.57088190e+02 -1.95222580e+01  1.05654282e-01 
 4.62381021e+02 -1.95989457e+01  1.04725566e-01 
 4.67735141e+02 -1.96760425e+01  1.03800124e-01 
 4.73151259e+02 -1.97535434e+01  1.02878075e-01 
 4.78630092e+02 -1.98314432e+01  1.01959534e-01 
 4.84172368e+02 -1.99097369e+01  1.01044611e-01 
 4.89778819e+02 -1.99884193e+01  1.00133417e-01 
 4.95450191e+02 -2.00674853e+01  9.92260568e-02 
 5.01187234e+02 -2.01469300e+01  9.83226334e-02 
 5.06990708e+02 -2.02267480e+01  9.74232465e-02 
 5.12861384e+02 -2.03069345e+01  9.65279929e-02 
 5.18800039e+02 -2.03874842e+01  9.56369661e-02 
 5.24807460e+02 -2.04683921e+01  9.47502566e-02 
 5.30884444e+02 -2.05496532e+01  9.38679519e-02 
 5.37031796e+02 -2.06312623e+01  9.29901364e-02 
 5.43250331e+02 -2.07132145e+01  9.21168916e-02 
 5.49540874e+02 -2.07955048e+01  9.12482958e-02 
 5.55904257e+02 -2.08781281e+01  9.03844243e-02 
 5.62341325e+02 -2.09610795e+01  8.95253497e-02 
 5.68852931e+02 -2.10443540e+01  8.86711413e-02 
 5.75439937e+02 -2.11279468e+01  8.78218656e-02 
 5.82103218e+02 -2.12118530e+01  8.69775863e-02 
 5.88843655e+02 -2.12960676e+01  8.61383640e-02 
 5.95662144e+02 -2.13805859e+01  8.53042568e-02 
 6.02559586e+02 -2.14654031e+01  8.44753196e-02 
 6.09536897e+02 -2.15505145e+01  8.36516048e-02 
 6.16595002e+02 -2.16359152e+01  8.28331619e-02 
 6.23734835e+02 -2.17216007e+01  8.20200380e-02 
 6.30957344e+02 -2.18075662e+01  8.12122771e-02 
 6.38263486e+02 -2.18938073e+01  8.04099209e-02 
 6.45654229e+02 -2.19803193e+01  7.96130085e-02 
 6.53130553e+02 -2.20670977e+01  7.88215763e-02 
 6.60693448e+02 -2.21541380e+01  7.80356584e-02 
 6.68343918e+02 -2.22414359e+01  7.72552864e-02 
 6.76082975e+02 -2.23289868e+01  7.64804895e-02 
 6.83911647e+02 -2.24167866e+01  7.57112945e-02 
 6.91830971e+02 -2.25048308e+01  7.49477260e-02 
 6.99841996e+02 -2.25931153e+01  7.41898062e-02 
 7.07945784e+02 -2.26816358e+01  7.34375553e-02 
 7.16143410e+02 -2.27703882e+01  7.26909911e-02 
 7.24435960e+02 -2.28593684e+01  7.19501296e-02 
 7.32824533e+02 -2.29485723e+01  7.12149845e-02 
 7.41310241e+02 -2.30379960e+01  7.04855675e-02 
 7.49894209e+02 -2.31276354e+01  6.97618885e-02 
 7.58577575e+02 -2.32174867e+01  6.90439553e-02 
 7.67361489e+02 -2.33075461e+01  6.83317740e-02 
 7.76247117e+02 -2.33978096e+01  6.76253487e-02 
 7.85235635e+02 -2.34882737e+01  6.69246820e-02 
 7.94328235e+02 -2.35789345e+01  6.62297746e-02 
 8.03526122e+02 -2.36697884e+01  6.55406255e-02 
 8.12830516e+02 -2.37608318e+01  6.48572322e-02 
 8.22242650e+02 -2.38520612e+01  6.41795905e-02 
 8.31763771e+02 -2.39434730e+01  6.35076948e-02 
 8.41395142e+02 -2.40350639e+01  6.28415380e-02 
 8.51138038e+02 -2.41268304e+01  6.21811115e-02 
 8.60993752e+02 -2.42187691e+01  6.15264054e-02 
 8.70963590e+02 -2.43108769e+01  6.08774083e-02 
 8.81048873e+02 -2.44031504e+01  6.02341077e-02 
 8.91250938e+02 -2.44955864e+01  5.95964897e-02 
 9.01571138e+02 -2.45881818e+01  5.89645393e-02 
 9.12010839e+02 -2.46809335e+01  5.83382402e-02 
 9.22571427e+02 -2.47738385e+01  5.77175751e-02 
 9.33254301e+02 -2.48668937e+01  5.71025256e-02 
 9.44060876e+02 -2.49600962e+01  5.64930721e-02 
 9.54992586e+02 -2.50534430e+01  5.58891941e-02 
 9.66050879e+02 -2.51469315e+01  5.52908703e-02 
 9.77237221e+02 -2.52405586e+01  5.46980782e-02 
 9.88553095e+02 -2.53343218e+01  5.41107946e-02 
 1.00000000e+03 -2.54282182e+01  5.35289953e-02 
 1.01157945e+03 -2.55222451e+01  5.29526553e-02 
 1.02329299e+03 -2.56164001e+01  5.23817490e-02 
 1.03514217e+03 -2.57106804e+01  5.18162499e-02 
 1.04712855e+03 -2.58050836e+01  5.12561307e-02 
 1.05925373e+03 -2.58996072e+01  5.07013636e-02 
 1.07151931e+03 -2.59942487e+01  5.01519202e-02 
 1.08392691e+03 -2.60890057e+01  4.96077711e-02 
 1.09647820e+03 -2.61838759e+01  4.90688868e-02 
 1.10917482e+03 -2.62788569e+01  4.85352368e-02 
 1.12201845e+03 -2.63739466e+01  4.80067905e-02 
 1.13501082e+03 -2.64691425e+01  4.74835165e-02 
 1.14815362e+03 -2.65644426e+01  4.69653830e-02 
 1.16144861e+03 -2.66598447e+01  4.64523578e-02 
 1.17489755e+03 -2.67553467e+01  4.59444083e-02 
 1.18850223e+03 -2.68509466e+01  4.54415013e-02 
 1.20226443e+03 -2.69466422e+01  4.49436036e-02 
 1.21618600e+03 -2.70424316e+01  4.44506813e-02 
 1.23026877e+03 -2.71383128e+01  4.39627004e-02 
 1.24451461e+03 -2.72342839e+01  4.34796265e-02 
 1.25892541e+03 -2.73303430e+01  4.30014250e-02 
 1.27350308e+03 -2.74264884e+01  4.25280610e-02 
 1.28824955e+03 -2.75227180e+01  4.20594993e-02 
 1.30316678e+03 -2.76190303e+01  4.15957047e-02 
 1.31825674e+03 -2.77154234e+01  4.11366415e-02 
 1.33352143e+03 -2.78118956e+01  4.06822741e-02 
 1.34896288e+03 -2.79084452e+01  4.02325665e-02 
 1.36458314e+03 -2.80050707e+01  3.97874829e-02 
 1.38038426e+03 -2.81017703e+01  3.93469871e-02 
 1.39636836e+03 -2.81985426e+01  3.89110428e-02 
 1.41253754e+03 -2.82953859e+01  3.84796137e-02 
 1.42889396e+03 -2.83922988e+01  3.80526635e-02 
 1.44543977e+03 -2.84892797e+01  3.76301557e-02 
 1.46217717e+03 -2.85863272e+01  3.72120538e-02 
 1.47910839e+03 -2.86834399e+01  3.67983213e-02 
 1.49623566e+03 -2.87806163e+01  3.63889216e-02 
 1.51356125e+03 -2.88778551e+01  3.59838182e-02 
 1.53108746e+03 -2.89751550e+01  3.55829746e-02 
 1.54881662e+03 -2.90725146e+01  3.51863543e-02 
 1.56675107e+03 -2.91699326e+01  3.47939207e-02 
 1.58489319e+03 -2.92674078e+01  3.44056375e-02 
 1.60324539e+03 -2.93649389e+01  3.40214683e-02 
 1.62181010e+03 -2.94625248e+01  3.36413767e-02 
 1.64058977e+03 -2.95601642e+01  3.32653266e-02 
 1.65958691e+03 -2.96578559e+01  3.28932817e-02 
 1.67880402e+03 -2.97555989e+01  3.25252060e-02 
 1.69824365e+03 -2.98533920e+01  3.21610636e-02 
 1.71790839e+03 -2.99512340e+01  3.18008185e-02 
 1.73780083e+03 -3.00491241e+01  3.14444351e-02 
 1.75792361e+03 -3.01470610e+01  3.10918777e-02 
 1.77827941e+03 -3.02450438e+01  3.07431109e-02 
 1.79887092e+03 -3.03430714e+01  3.03980993e-02 
 1.81970086e+03 -3.04411429e+01  3.00568078e-02 
 1.84077200e+03 -3.05392573e+01  2.97192012e-02 
 1.86208714e+03 -3.06374137e+01  2.93852448e-02 
 1.88364909e+03 -3.07356112e+01  2.90549038e-02 
 1.90546072e+03 -3.08338487e+01  2.87281436e-02 
 1.92752491e+03 -3.09321255e+01  2.84049299e-02 
 1.94984460e+03 -3.10304408e+01  2.80852286e-02 
 1.97242274e+03 -3.11287935e+01  2.77690055e-02 
 1.99526231e+03 -3.12271829e+01  2.74562268e-02 
 2.01836636e+03 -3.13256083e+01  2.71468590e-02 
 2.04173794e+03 -3.14240687e+01  2.68408686e-02 
 2.06538016e+03 -3.15225634e+01  2.65382224e-02 
 2.08929613e+03 -3.16210917e+01  2.62388873e-02 
 2.11348904e+03 -3.17196528e+01  2.59428306e-02 
 2.13796209e+03 -3.18182460e+01  2.56500196e-02 
 2.16271852e+03 -3.19168705e+01  2.53604220e-02 
 2.18776162e+03 -3.20155257e+01  2.50740054e-02 
 2.21309471e+03 -3.21142109e+01  2.47907381e-02 
 2.23872114e+03 -3.22129253e+01  2.45105882e-02 
 2.26464431e+03 -3.23116685e+01  2.42335242e-02 
 2.29086765e+03 -3.24104396e+01  2.39595149e-02 
 2.31739465e+03 -3.25092381e+01  2.36885291e-02 
 2.34422882e+03 -3.26080634e+01  2.34205361e-02 
 2.37137371e+03 -3.27069148e+01  2.31555051e-02 
 2.39883292e+03 -3.28057918e+01  2.28934059e-02 
 2.42661010e+03 -3.29046939e+01  2.26342083e-02 
 2.45470892e+03 -3.30036203e+01  2.23778823e-02 
 2.48313311e+03 -3.31025706e+01  2.21243983e-02 
 2.51188643e+03 -3.32015443e+01  2.18737268e-02 
 2.54097271e+03 -3.33005408e+01  2.16258386e-02 
 2.57039578e+03 -3.33995597e+01  2.13807048e-02 
 2.60015956e+03 -3.34986003e+01  2.11382966e-02 
 2.63026799e+03 -3.35976622e+01  2.08985855e-02 
 2.66072506e+03 -3.36967449e+01  2.06615432e-02 
 2.69153480e+03 -3.37958480e+01  2.04271417e-02 
 2.72270131e+03 -3.38949709e+01  2.01953532e-02 
 2.75422870e+03 -3.39941133e+01  1.99661502e-02 
 2.78612117e+03 -3.40932747e+01  1.97395053e-02 
 2.81838293e+03 -3.41924546e+01  1.95153915e-02 
 2.85101827e+03 -3.42916527e+01  1.92937820e-02 
 2.88403150e+03 -3.43908684e+01  1.90746500e-02 
 2.91742701e+03 -3.44901015e+01  1.88579693e-02 
 2.95120923e+03 -3.45893515e+01  1.86437137e-02 
 2.98538262e+03 -3.46886180e+01  1.84318573e-02 
 3.01995172e+03 -3.47879007e+01  1.82223745e-02 
 3.05492111e+03 -3.48871991e+01  1.80152398e-02 
 3.09029543e+03 -3.49865129e+01  1.78104280e-02 
 3.12607937e+03 -3.50858417e+01  1.76079142e-02 
 3.16227766e+03 -3.51851853e+01  1.74076736e-02 
 3.19889511e+03 -3.52845432e+01  1.72096818e-02 
 3.23593657e+03 -3.53839151e+01  1.70139144e-02 
 3.27340695e+03 -3.54833008e+01  1.68203474e-02 
 3.31131121e+03 -3.55826998e+01  1.66289570e-02 
 3.34965439e+03 -3.56821119e+01  1.64397197e-02 
 3.38844156e+03 -3.57815367e+01  1.62526120e-02 
 3.42767787e+03 -3.58809740e+01  1.60676108e-02 
 3.46736850e+03 -3.59804234e+01  1.58846932e-02 
 3.50751874e+03 -3.60798844e+01  1.57038370e-02 
 3.54813389e+03 -3.61793573e+01  1.55250188e-02 
 3.58921935e+03 -3.62788415e+01  1.53482167e-02 
 3.63078055e+03 -3.63783368e+01  1.51734088e-02 
 3.67282300e+03 -3.64778429e+01  1.50005733e-02 
 3.71535229e+03 -3.65773594e+01  1.48296885e-02 
 3.75837404e+03 -3.66768863e+01  1.46607330e-02 
 3.80189396e+03 -3.67764232e+01  1.44936857e-02 
 3.84591782e+03 -3.68759699e+01  1.43285257e-02 
 3.89045145e+03 -3.69755261e+01  1.41652322e-02 
 3.93550075e+03 -3.70750916e+01  1.40037845e-02 
 3.98107171e+03 -3.71746662e+01  1.38441625e-02 
 4.02717034e+03 -3.72742497e+01  1.36863460e-02 
 4.07380278e+03 -3.73738418e+01  1.35303151e-02 
 4.12097519e+03 -3.74734424e+01  1.33760500e-02 
 4.16869383e+03 -3.75730511e+01  1.32235312e-02 
 4.21696503e+03 -3.76726679e+01  1.30727394e-02 
 4.26579519e+03 -3.77722925e+01  1.29236555e-02 
 4.31519077e+03 -3.78719248e+01  1.27762606e-02 
 4.36515832e+03 -3.79715644e+01  1.26305360e-02 
 4.41570447e+03 -3.80712113e+01  1.24864630e-02 
 4.46683592e+03 -3.81708652e+01  1.23440235e-02 
 4.51855944e+03 -3.82705260e+01  1.22031991e-02 
 4.57088190e+03 -3.83701935e+01  1.20639721e-02 
 4.62381021e+03 -3.84698675e+01  1.19263245e-02 
 4.67735141e+03 -3.85695479e+01  1.17902389e-02 
 4.73151259e+03 -3.86692344e+01  1.16556978e-02 
 4.78630092e+03 -3.87689270e+01  1.15226840e-02 
 4.84172368e+03 -3.88686254e+01  1.13911805e-02 
 4.89778819e+03 -3.89683294e+01  1.12611703e-02 
 4.95450191e+03 -3.90680391e+01  1.11326370e-02 
 5.01187234e+03 -3.91677541e+01  1.10055638e-02 
 5.06990708e+03 -3.92674743e+01  1.08799346e-02 
 5.12861384e+03 -3.93671996e+01  1.07557331e-02 
 5.18800039e+03 -3.94669299e+01  1.06329435e-02 
 5.24807460e+03 -3.95666650e+01  1.05115498e-02 
 5.30884444e+03 -3.96664047e+01  1.03915365e-02 
 5.37031796e+03 -3.97661489e+01  1.02728880e-02 
 5.43250331e+03 -3.98658975e+01  1.01555892e-02 
 5.49540874e+03 -3.99656504e+01  1.00396247e-02 
 5.55904257e+03 -4.00654074e+01  9.92497974e-03 
 5.62341325e+03 -4.01651684e+01  9.81163940e-03 
 5.68852931e+03 -4.02649333e+01  9.69958906e-03 
 5.75439937e+03 -4.03647019e+01  9.58881422e-03 
 5.82103218e+03 -4.04644742e+01  9.47930053e-03 
 5.88843655e+03 -4.05642499e+01  9.37103381e-03 
 5.95662144e+03 -4.06640290e+01  9.26400004e-03 
 6.02559586e+03 -4.07638114e+01  9.15818534e-03 
 6.09536897e+03 -4.08635970e+01  9.05357598e-03 
 6.16595002e+03 -4.09633856e+01  8.95015839e-03 
 6.23734835e+03 -4.10631771e+01  8.84791914e-03 
 6.30957344e+03 -4.11629714e+01  8.74684494e-03 
 6.38263486e+03 -4.12627685e+01  8.64692267e-03 
 6.45654229e+03 -4.13625682e+01  8.54813933e-03 
 6.53130553e+03 -4.14623703e+01  8.45048207e-03 
 6.60693448e+03 -4.15621749e+01  8.35393818e-03 
 6.68343918e+03 -4.16619817e+01  8.25849510e-03 
 6.76082975e+03 -4.17617904e+01  8.16414067e-03 
 6.83911647e+03 -4.18616015e+01  8.07086204e-03 
 6.91830971e+03 -4.19614146e+01  7.97864732e-03 
 6.99841996e+03 -4.20612296e+01  7.88748451e-03 
 7.07945784e+03 -4.21610464e+01  7.79736170e-03 
 7.16143410e+03 -4.22608649e+01  7.70826713e-03 
 7.24435960e+03 -4.23606849e+01  7.62018918e-03 
 7.32824533e+03 -4.24605065e+01  7.53311634e-03 
 7.41310241e+03 -4.25603295e+01  7.44703724e-03 
 7.49894209e+03 -4.26601538e+01  7.36194063e-03 
 7.58577575e+03 -4.27599793e+01  7.27781539e-03 
 7.67361489e+03 -4.28598059e+01  7.19465052e-03 
 7.76247117e+03 -4.29596336e+01  7.11243513e-03 
 7.85235635e+03 -4.30594623e+01  7.03115848e-03 
 7.94328235e+03 -4.31592917e+01  6.95080993e-03 
 8.03526122e+03 -4.32591220e+01  6.87137895e-03 
 8.12830516e+03 -4.33589529e+01  6.79285514e-03 
 8.22242650e+03 -4.34587844e+01  6.71522823e-03 
 8.31763771e+03 -4.35586165e+01  6.63848804e-03 
 8.41395142e+03 -4.36584489e+01  6.56262450e-03 
 8.51138038e+03 -4.37582816e+01  6.48762769e-03 
 8.60993752e+03 -4.38581146e+01  6.41348775e-03 
 8.70963590e+03 -4.39579477e+01  6.34019498e-03 
 8.81048873e+03 -4.40577809e+01  6.26773975e-03 
 8.91250938e+03 -4.41576137e+01  6.19611277e-03 
 9.01571138e+03 -4.42574468e+01  6.12530421e-03 
 9.12010839e+03 -4.43572796e+01  6.05530498e-03 
 9.22571427e+03 -4.44571121e+01  5.98610591e-03 
 9.33254301e+03 -4.45569442e+01  5.91769789e-03 
 9.44060876e+03 -4.46567759e+01  5.85007195e-03 
 9.54992586e+03 -4.47566069e+01  5.78321920e-03 
 9.66050879e+03 -4.48564374e+01  5.71713084e-03 
 9.77237221e+03 -4.49562671e+01  5.65179821e-03 
 9.88553095e+03 -4.50560959e+01  5.58721270e-03 
 1.00000000e+04 -4.51559238e+01  5.52336582e-03 
 1.01157945e+04 -4.52557508e+01  5.46024918e-03 
 1.02329299e+04 -4.53555766e+01  5.39785447e-03 
 1.03514217e+04 -4.54554012e+01  5.33617349e-03 
 1.04712855e+04 -4.55552245e+01  5.27519812e-03 
 1.05925373e+04 -4.56550461e+01  5.21492052e-03 
 1.07151931e+04 -4.57548666e+01  5.15533238e-03 
 1.08392691e+04 -4.58546855e+01  5.09642605e-03 
 1.09647820e+04 -4.59545027e+01  5.03819377e-03 
 1.10917482e+04 -4.60543181e+01  4.98062786e-03 
 1.12201845e+04 -4.61541317e+01  4.92372076e-03 
 1.13501082e+04 -4.62539433e+01  4.86746496e-03 
 1.14815362e+04 -4.63537529e+01  4.81185305e-03 
 1.16144861e+04 -4.64535603e+01  4.75687770e-03 
 1.17489755e+04 -4.65533654e+01  4.70253168e-03 
 1.18850223e+04 -4.66531682e+01  4.64880780e-03 
 1.20226443e+04 -4.67529682e+01  4.59569916e-03 
 1.21618600e+04 -4.68527659e+01  4.54319844e-03 
 1.23026877e+04 -4.69525609e+01  4.49129886e-03 
 1.24451461e+04 -4.70523531e+01  4.43999358e-03 
 1.25892541e+04 -4.71521425e+01  4.38927585e-03 
 1.27350308e+04 -4.72519288e+01  4.33913897e-03 
 1.28824955e+04 -4.73517120e+01  4.28957632e-03 
 1.30316678e+04 -4.74514920e+01  4.24058137e-03 
 1.31825674e+04 -4.75512686e+01  4.19214766e-03 
 1.33352143e+04 -4.76510414e+01  4.14426893e-03 
 1.34896288e+04 -4.77508109e+01  4.09693858e-03 
 1.36458314e+04 -4.78505768e+01  4.05015050e-03 
 1.38038426e+04 -4.79503387e+01  4.00389853e-03 
 1.39636836e+04 -4.80500968e+01  3.95817656e-03 
 1.41253754e+04 -4.81498507e+01  3.91297854e-03 
 1.42889396e+04 -4.82496004e+01  3.86829851e-03 
 1.44543977e+04 -4.83493456e+01  3.82413065e-03 
 1.46217717e+04 -4.84490864e+01  3.78046897e-03 
 1.47910839e+04 -4.85488227e+01  3.73730779e-03 
 1.49623566e+04 -4.86485542e+01  3.69464140e-03 
 1.51356125e+04 -4.87482806e+01  3.65246423e-03 
 1.53108746e+04 -4.88480021e+01  3.61077058e-03 
 1.54881662e+04 -4.89477184e+01  3.56955501e-03 
 1.56675107e+04 -4.90474292e+01  3.52881214e-03 
 1.58489319e+04 -4.91471346e+01  3.48853651e-03 
 1.60324539e+04 -4.92468344e+01  3.44872274e-03 
 1.62181010e+04 -4.93465284e+01  3.40936564e-03 
 1.64058977e+04 -4.94462163e+01  3.37046006e-03 
 1.65958691e+04 -4.95458982e+01  3.33200075e-03 
 1.67880402e+04 -4.96455738e+01  3.29398267e-03 
 1.69824365e+04 -4.97452428e+01  3.25640086e-03 
 1.71790839e+04 -4.98449053e+01  3.21925024e-03 
 1.73780083e+04 -4.99445608e+01  3.18252600e-03 
 1.75792361e+04 -5.00442094e+01  3.14622319e-03 
 1.77827941e+04 -5.01438507e+01  3.11033712e-03 
 1.79887092e+04 -5.02434848e+01  3.07486291e-03 
 1.81970086e+04 -5.03431113e+01  3.03979596e-03 
 1.84077200e+04 -5.04427299e+01  3.00513166e-03 
 1.86208714e+04 -5.05423407e+01  2.97086532e-03 
 1.88364909e+04 -5.06419432e+01  2.93699253e-03 
 1.90546072e+04 -5.07415374e+01  2.90350869e-03 
 1.92752491e+04 -5.08411229e+01  2.87040948e-03 
 1.94984460e+04 -5.09406997e+01  2.83769043e-03 
 1.97242274e+04 -5.10402673e+01  2.80534729e-03 
 1.99526231e+04 -5.11398257e+01  2.77337575e-03 
 2.01836636e+04 -5.12393748e+01  2.74177153e-03 
 2.04173794e+04 -5.13389139e+01  2.71053053e-03 
 2.06538016e+04 -5.14384433e+01  2.67964854e-03 
 2.08929613e+04 -5.15379623e+01  2.64912156e-03 
 2.11348904e+04 -5.16374708e+01  2.61894550e-03 
 2.13796209e+04 -5.17369687e+01  2.58911633e-03 
 2.16271852e+04 -5.18364555e+01  2.55963019e-03 
 2.18776162e+04 -5.19359311e+01  2.53048313e-03 
 2.21309471e+04 -5.20353953e+01  2.50167124e-03 
 2.23872114e+04 -5.21348475e+01  2.47319082e-03 
 2.26464431e+04 -5.22342876e+01  2.44503803e-03 
 2.29086765e+04 -5.23337155e+01  2.41720912e-03 
 2.31739465e+04 -5.24331306e+01  2.38970048e-03 
 2.34422882e+04 -5.25325326e+01  2.36250843e-03 
 2.37137371e+04 -5.26319214e+01  2.33562938e-03 
 2.39883292e+04 -5.27312967e+01  2.30905971e-03 
 2.42661010e+04 -5.28306579e+01  2.28279600e-03 
 2.45470892e+04 -5.29300049e+01  2.25683473e-03 
 2.48313311e+04 -5.30293372e+01  2.23117246e-03 
 2.51188643e+04 -5.31286545e+01  2.20580580e-03 
 2.54097271e+04 -5.32279565e+01  2.18073138e-03 
 2.57039578e+04 -5.33272429e+01  2.15594588e-03 
 2.60015956e+04 -5.34265132e+01  2.13144603e-03 
 2.63026799e+04 -5.35257670e+01  2.10722858e-03 
 2.66072506e+04 -5.36250041e+01  2.08329032e-03 
 2.69153480e+04 -5.37242239e+01  2.05962808e-03 
 2.72270131e+04 -5.38234261e+01  2.03623873e-03 
 2.75422870e+04 -5.39226103e+01  2.01311917e-03 
 2.78612117e+04 -5.40217760e+01  1.99026635e-03 
 2.81838293e+04 -5.41209228e+01  1.96767722e-03 
 2.85101827e+04 -5.42200503e+01  1.94534881e-03 
 2.88403150e+04 -5.43191579e+01  1.92327818e-03 
 2.91742701e+04 -5.44182455e+01  1.90146232e-03 
 2.95120923e+04 -5.45173122e+01  1.87989846e-03 
 2.98538262e+04 -5.46163579e+01  1.85858362e-03 
 3.01995172e+04 -5.47153816e+01  1.83751511e-03 
 3.05492111e+04 -5.48143832e+01  1.81669007e-03 
 3.09029543e+04 -5.49133623e+01  1.79610567e-03 
 3.12607937e+04 -5.50123179e+01  1.77575933e-03 
 3.16227766e+04 -5.51112498e+01  1.75564827e-03 
 3.19889511e+04 -5.52101576e+01  1.73576977e-03 
 3.23593657e+04 -5.53090402e+01  1.71612132e-03 
 3.27340695e+04 -5.54078974e+01  1.69670026e-03 
 3.31131121e+04 -5.55067286e+01  1.67750402e-03 
 3.34965439e+04 -5.56055334e+01  1.65852999e-03 
 3.38844156e+04 -5.57043107e+01  1.63977577e-03 
 3.42767787e+04 -5.58030601e+01  1.62123882e-03 
 3.46736850e+04 -5.59017810e+01  1.60291668e-03 
 3.50751874e+04 -5.60004729e+01  1.58480691e-03 
 3.54813389e+04 -5.60991348e+01  1.56690714e-03 
 3.58921935e+04 -5.61977662e+01  1.54921499e-03 
 3.63078055e+04 -5.62963663e+01  1.53172811e-03 
 3.67282300e+04 -5.63949346e+01  1.51444418e-03 
 3.71535229e+04 -5.64934702e+01  1.49736091e-03 
 3.75837404e+04 -5.65919723e+01  1.48047604e-03 
 3.80189396e+04 -5.66904404e+01  1.46378732e-03 
 3.84591782e+04 -5.67888734e+01  1.44729255e-03 
 3.89045145e+04 -5.68872708e+01  1.43098954e-03 
 3.93550075e+04 -5.69856316e+01  1.41487613e-03 
 3.98107171e+04 -5.70839551e+01  1.39895017e-03 
 4.02717034e+04 -5.71822403e+01  1.38320957e-03 
 4.07380278e+04 -5.72804863e+01  1.36765225e-03 
 4.12097519e+04 -5.73786925e+01  1.35227611e-03 
 4.16869383e+04 -5.74768578e+01  1.33707913e-03 
 4.21696503e+04 -5.75749812e+01  1.32205931e-03 
 4.26579519e+04 -5.76730619e+01  1.30721465e-03 
 4.31519077e+04 -5.77710990e+01  1.29254315e-03 
 4.36515832e+04 -5.78690914e+01  1.27804289e-03 
 4.41570447e+04 -5.79670379e+01  1.26371199e-03 
 4.46683592e+04 -5.80649379e+01  1.24954846e-03 
 4.51855944e+04 -5.81627900e+01  1.23555050e-03 
 4.57088190e+04 -5.82605934e+01  1.22171619e-03 
 4.62381021e+04 -5.83583470e+01  1.20804371e-03 
 4.67735141e+04 -5.84560493e+01  1.19453131e-03 
 4.73151259e+04 -5.85536994e+01  1.18117714e-03 
 4.78630092e+04 -5.86512964e+01  1.16797939e-03 
 4.84172368e+04 -5.87488387e+01  1.15493639e-03 
 4.89778819e+04 -5.88463253e+01  1.14204636e-03 
 4.95450191e+04 -5.89437550e+01  1.12930759e-03 
 5.01187234e+04 -5.90411264e+01  1.11671843e-03 
 5.06990708e+04 -5.91384383e+01  1.10427715e-03 
 5.12861384e+04 -5.92356893e+01  1.09198214e-03 
 5.18800039e+04 -5.93328781e+01  1.07983176e-03 
 5.24807460e+04 -5.94300033e+01  1.06782438e-03 
 5.30884444e+04 -5.95270636e+01  1.05595842e-03 
 5.37031796e+04 -5.96240577e+01  1.04423228e-03 
 5.43250331e+04 -5.97209838e+01  1.03264444e-03 
 5.49540874e+04 -5.98178405e+01  1.02119334e-03 
 5.55904257e+04 -5.99146261e+01  1.00987750e-03 
 5.62341325e+04 -6.00113396e+01  9.98695330e-04 
 5.68852931e+04 -6.01079792e+01  9.87645393e-04 
 5.75439937e+04 -6.02045430e+01  9.76726233e-04 
 5.82103218e+04 -6.03010297e+01  9.65936365e-04 
 5.88843655e+04 -6.03974373e+01  9.55274388e-04 
 5.95662144e+04 -6.04937644e+01  9.44738866e-04 
 6.02559586e+04 -6.05900090e+01  9.34328399e-04 
 6.09536897e+04 -6.06861695e+01  9.24041601e-04 
 6.16595002e+04 -6.07822439e+01  9.13877119e-04 
 6.23734835e+04 -6.08782306e+01  9.03833570e-04 
 6.30957344e+04 -6.09741275e+01  8.93909647e-04 
 6.38263486e+04 -6.10699328e+01  8.84104013e-04 
 6.45654229e+04 -6.11656444e+01  8.74415363e-04 
 6.53130553e+04 -6.12612605e+01  8.64842407e-04 
 6.60693448e+04 -6.13567790e+01  8.55383853e-04 
 6.68343918e+04 -6.14521978e+01  8.46038472e-04 
 6.76082975e+04 -6.15475145e+01  8.36805017e-04 
 6.83911647e+04 -6.16427274e+01  8.27682229e-04 
 6.91830971e+04 -6.17378340e+01  8.18668918e-04 
 6.99841996e+04 -6.18328321e+01  8.09763869e-04 
 7.07945784e+04 -6.19277197e+01  8.00965880e-04 
 7.16143410e+04 -6.20224939e+01  7.92273816e-04 
 7.24435960e+04 -6.21171528e+01  7.83686491e-04 
 7.32824533e+04 -6.22116940e+01  7.75202743e-04 
 7.41310241e+04 -6.23061149e+01  7.66821453e-04 
 7.49894209e+04 -6.24004129e+01  7.58541513e-04 
 7.58577575e+04 -6.24945856e+01  7.50361803e-04 
 7.67361489e+04 -6.25886303e+01  7.42281242e-04 
 7.76247117e+04 -6.26825447e+01  7.34298709e-04 
 7.85235635e+04 -6.27763255e+01  7.26413200e-04 
 7.94328235e+04 -6.28699706e+01  7.18623595e-04 
 8.03526122e+04 -6.29634768e+01  7.10928887e-04 
 8.12830516e+04 -6.30568414e+01  7.03328033e-04 
 8.22242650e+04 -6.31500615e+01  6.95820026e-04 
 8.31763771e+04 -6.32431343e+01  6.88403844e-04 
 8.41395142e+04 -6.33360567e+01  6.81078493e-04 
 8.51138038e+04 -6.34288257e+01  6.73842987e-04 
 8.60993752e+04 -6.35214385e+01  6.66696344e-04 
 8.70963590e+04 -6.36138915e+01  6.59637636e-04 
 8.81048873e+04 -6.37061817e+01  6.52665889e-04 
 8.91250938e+04 -6.37983060e+01  6.45780165e-04 
 9.01571138e+04 -6.38902609e+01  6.38979545e-04 
 9.12010839e+04 -6.39820435e+01  6.32263082e-04 
 9.22571427e+04 -6.40736498e+01  6.25629920e-04 
 9.33254301e+04 -6.41650769e+01  6.19079121e-04 
 9.44060876e+04 -6.42563209e+01  6.12609821e-04 
 9.54992586e+04 -6.43473787e+01  6.06221123e-04 
 9.66050879e+04 -6.44382465e+01  5.99912173e-04 
 9.77237221e+04 -6.45289204e+01  5.93682134e-04 
 9.88553095e+04 -6.46193970e+01  5.87530142e-04 
 1.00000000e+05 -6.47096724e+01  5.81455360e-04 
 1.01157945e+05 -6.47997430e+01  5.75456962e-04 
 1.02329299e+05 -6.48896049e+01  5.69534132e-04 
 1.03514217e+05 -6.49792539e+01  5.63686073e-04 
 1.04712855e+05 -6.50686862e+01  5.57911985e-04 
 1.05925373e+05 -6.51578980e+01  5.52211062e-04 
 1.07151931e+05 -6.52468849e+01  5.46582542e-04 
 1.08392691e+05 -6.53356430e+01  5.41025645e-04 
 1.09647820e+05 -6.54241678e+01  5.35539628e-04 
 1.10917482e+05 -6.55124556e+01  5.30123700e-04 
 1.12201845e+05 -6.56005016e+01  5.24777152e-04 
 1.13501082e+05 -6.56883018e+01  5.19499231e-04 
 1.14815362e+05 -6.57758518e+01  5.14289208e-04 
 1.16144861e+05 -6.58631469e+01  5.09146371e-04 
 1.17489755e+05 -6.59501830e+01  5.04070001e-04 
 1.18850223e+05 -6.60369552e+01  4.99059402e-04 
 1.20226443e+05 -6.61234591e+01  4.94113869e-04 
 1.21618600e+05 -6.62096902e+01  4.89232715e-04 
 1.23026877e+05 -6.62956434e+01  4.84415274e-04 
 1.24451461e+05 -6.63813144e+01  4.79660858e-04 
 1.25892541e+05 -6.64666985e+01  4.74968793e-04 
 1.27350308e+05 -6.65517904e+01  4.70338444e-04 
 1.28824955e+05 -6.66365857e+01  4.65769145e-04 
 1.30316678e+05 -6.67210794e+01  4.61260252e-04 
 1.31825674e+05 -6.68052664e+01  4.56811135e-04 
 1.33352143e+05 -6.68891417e+01  4.52421164e-04 
 1.34896288e+05 -6.69727006e+01  4.48089708e-04 
 1.36458314e+05 -6.70559376e+01  4.43816166e-04 
 1.38038426e+05 -6.71388482e+01  4.39599906e-04 
 1.39636836e+05 -6.72214268e+01  4.35440338e-04 
 1.41253754e+05 -6.73036684e+01  4.31336866e-04 
 1.42889396e+05 -6.73855679e+01  4.27288892e-04 
 1.44543977e+05 -6.74671200e+01  4.23295838e-04 
 1.46217717e+05 -6.75483193e+01  4.19357133e-04 
 1.47910839e+05 -6.76291610e+01  4.15472183e-04 
 1.49623566e+05 -6.77096395e+01  4.11640429e-04 
 1.51356125e+05 -6.77897494e+01  4.07861331e-04 
 1.53108746e+05 -6.78694855e+01  4.04134313e-04 
 1.54881662e+05 -6.79488426e+01  4.00458827e-04 
 1.56675107e+05 -6.80278153e+01  3.96834328e-04 
 1.58489319e+05 -6.81063979e+01  3.93260298e-04 
 1.60324539e+05 -6.81845854e+01  3.89736185e-04 
 1.62181010e+05 -6.82623724e+01  3.86261461e-04 
 1.64058977e+05 -6.83397533e+01  3.82835616e-04 
 1.65958691e+05 -6.84167230e+01  3.79458121e-04 
 1.67880402e+05 -6.84932758e+01  3.76128470e-04 
 1.69824365e+05 -6.85694066e+01  3.72846156e-04 
 1.71790839e+05 -6.86451099e+01  3.69610676e-04 
 1.73780083e+05 -6.87203803e+01  3.66421532e-04 
 1.75792361e+05 -6.87952125e+01  3.63278233e-04 
 1.77827941e+05 -6.88696010e+01  3.60180295e-04 
 1.79887092e+05 -6.89435410e+01  3.57127219e-04 
 1.81970086e+05 -6.90170267e+01  3.54118541e-04 
 1.84077200e+05 -6.90900528e+01  3.51153788e-04 
 1.86208714e+05 -6.91626145e+01  3.48232478e-04 
 1.88364909e+05 -6.92347063e+01  3.45354156e-04 
 1.90546072e+05 -6.93063231e+01  3.42518350e-04 
 1.92752491e+05 -6.93774599e+01  3.39724608e-04 
 1.94984460e+05 -6.94481113e+01  3.36972481e-04 
 1.97242274e+05 -6.95182724e+01  3.34261515e-04 
 1.99526231e+05 -6.95879382e+01  3.31591270e-04 
 2.01836636e+05 -6.96571040e+01  3.28961294e-04 
 2.04173794e+05 -6.97257645e+01  3.26371158e-04 
 2.06538016e+05 -6.97939151e+01  3.23820431e-04 
 2.08929613e+05 -6.98615511e+01  3.21308671e-04 
 2.11348904e+05 -6.99286676e+01  3.18835462e-04 
 2.13796209e+05 -6.99952600e+01  3.16400382e-04 
 2.16271852e+05 -7.00613238e+01  3.14003010e-04 
 2.18776162e+05 -7.01268546e+01  3.11642923e-04 
 2.21309471e+05 -7.01918479e+01  3.09319717e-04 
 2.23872114e+05 -7.02562993e+01  3.07032984e-04 
 2.26464431e+05 -7.03202046e+01  3.04782318e-04 
 2.29086765e+05 -7.03835599e+01  3.02567309e-04 
 2.31739465e+05 -7.04463609e+01  3.00387567e-04 
 2.34422882e+05 -7.05086034e+01  2.98242706e-04 
 2.37137371e+05 -7.05702839e+01  2.96132316e-04 
 2.39883292e+05 -7.06313986e+01  2.94056017e-04 
 2.42661010e+05 -7.06919437e+01  2.92013424e-04 
 2.45470892e+05 -7.07519156e+01  2.90004154e-04 
 2.48313311e+05 -7.08113111e+01  2.88027825e-04 
 2.51188643e+05 -7.08701264e+01  2.86084072e-04 
 2.54097271e+05 -7.09283587e+01  2.84172510e-04 
 2.57039578e+05 -7.09860048e+01  2.82292774e-04 
 2.60015956e+05 -7.10430616e+01  2.80444496e-04 
 2.63026799e+05 -7.10995263e+01  2.78627312e-04 
 2.66072506e+05 -7.11553961e+01  2.76840863e-04 
 2.69153480e+05 -7.12106684e+01  2.75084791e-04 
 2.72270131e+05 -7.12653405e+01  2.73358748e-04 
 2.75422870e+05 -7.13194101e+01  2.71662375e-04 
 2.78612117e+05 -7.13728752e+01  2.69995323e-04 
 2.81838293e+05 -7.14257335e+01  2.68357246e-04 
 2.85101827e+05 -7.14779828e+01  2.66747810e-04 
 2.88403150e+05 -7.15296217e+01  2.65166658e-04 
 2.91742701e+05 -7.15806480e+01  2.63613471e-04 
 2.95120923e+05 -7.16310602e+01  2.62087912e-04 
 2.98538262e+05 -7.16808569e+01  2.60589645e-04 
 3.01995172e+05 -7.17300368e+01  2.59118344e-04 
 3.05492111e+05 -7.17785987e+01  2.57673682e-04 
 3.09029543e+05 -7.18265413e+01  2.56255346e-04 
 3.12607937e+05 -7.18738639e+01  2.54863008e-04 
 3.16227766e+05 -7.19205656e+01  2.53496357e-04 
 3.19889511e+05 -7.19666458e+01  2.52155074e-04 
 3.23593657e+05 -7.20121038e+01  2.50838856e-04 
 3.27340695e+05 -7.20569394e+01  2.49547389e-04 
 3.31131121e+05 -7.21011521e+01  2.48280376e-04 
 3.34965439e+05 -7.21447415e+01  2.47037523e-04 
 3.38844156e+05 -7.21877083e+01  2.45818511e-04 
 3.42767787e+05 -7.22300519e+01  2.44623066e-04 
 3.46736850e+05 -7.22717727e+01  2.43450889e-04 
 3.50751874e+05 -7.23128713e+01  2.42301686e-04 
 3.54813389e+05 -7.23533477e+01  2.41175183e-04 
 3.58921935e+05 -7.23932027e+01  2.40071090e-04 
 3.63078055e+05 -7.24324369e+01  2.38989132e-04 
 3.67282300e+05 -7.24710514e+01  2.37929029e-04 
 3.71535229e+05 -7.25090466e+01  2.36890513e-04 
 3.75837404e+05 -7.25464237e+01  2.35873316e-04 
 3.80189396e+05 -7.25831840e+01  2.34877167e-04 
 3.84591782e+05 -7.26193284e+01  2.33901808e-04 
 3.89045145e+05 -7.26548585e+01  2.32946975e-04 
 3.93550075e+05 -7.26897754e+01  2.32012418e-04 
 3.98107171e+05 -7.27240808e+01  2.31097878e-04 
 4.02717034e+05 -7.27577762e+01  2.30203113e-04 
 4.07380278e+05 -7.27908633e+01  2.29327869e-04 
 4.12097519e+05 -7.28233435e+01  2.28471915e-04 
 4.16869383e+05 -7.28552193e+01  2.27634999e-04 
 4.21696503e+05 -7.28864921e+01  2.26816893e-04 
 4.26579519e+05 -7.29171638e+01  2.26017367e-04 
 4.31519077e+05 -7.29472367e+01  2.25236187e-04 
 4.36515832e+05 -7.29767128e+01  2.24473128e-04 
 4.41570447e+05 -7.30055941e+01  2.23727977e-04 
 4.46683592e+05 -7.30338829e+01  2.23000510e-04 
 4.51855944e+05 -7.30615814e+01  2.22290513e-04 
 4.57088190e+05 -7.30886921e+01  2.21597775e-04 
 4.62381021e+05 -7.31152170e+01  2.20922094e-04 
 4.67735141e+05 -7.31411586e+01  2.20263264e-04 
 4.73151259e+05 -7.31665194e+01  2.19621083e-04 
 4.78630092e+05 -7.31913017e+01  2.18995360e-04 
 4.84172368e+05 -7.32155082e+01  2.18385898e-04 
 4.89778819e+05 -7.32391410e+01  2.17792516e-04 
 4.95450191e+05 -7.32622028e+01  2.17215024e-04 
 5.01187234e+05 -7.32846960e+01  2.16653246e-04 
 5.06990708e+05 -7.33066232e+01  2.16107003e-04 
 5.12861384e+05 -7.33279869e+01  2.15576122e-04 
 5.18800039e+05 -7.33487896e+01  2.15060434e-04 
 5.24807460e+05 -7.33690339e+01  2.14559775e-04 
 5.30884444e+05 -7.33887221e+01  2.14073986e-04 
 5.37031796e+05 -7.34078570e+01  2.13602903e-04 
 5.43250331e+05 -7.34264406e+01  2.13146384e-04 
 5.49540874e+05 -7.34444760e+01  2.12704267e-04 
 5.55904257e+05 -7.34619651e+01  2.12276416e-04 
 5.62341325e+05 -7.34789105e+01  2.11862686e-04 
 5.68852931e+05 -7.34953147e+01  2.11462939e-04 
 5.75439937e+05 -7.35111797e+01  2.11077049e-04 
 5.82103218e+05 -7.35265081e+01  2.10704879e-04 
 5.88843655e+05 -7.35413023e+01  2.10346304e-04 
 5.95662144e+05 -7.35555642e+01  2.10001207e-04 
 6.02559586e+05 -7.35692961e+01  2.09669468e-04 
 6.09536897e+05 -7.35825002e+01  2.09350975e-04 
 6.16595002e+05 -7.35951787e+01  2.09045617e-04 
 6.23734835e+05 -7.36073332e+01  2.08753295e-04 
 6.30957344e+05 -7.36189660e+01  2.08473904e-04 
 6.38263486e+05 -7.36300790e+01  2.08207347e-04 
 6.45654229e+05 -7.36406739e+01  2.07953533e-04 
 6.53130553e+05 -7.36507526e+01  2.07712374e-04 
 6.60693448e+05 -7.36603168e+01  2.07483784e-04 
 6.68343918e+05 -7.36693682e+01  2.07267683e-04 
 6.76082975e+05 -7.36779081e+01  2.07063997e-04 
 6.83911647e+05 -7.36859384e+01  2.06872652e-04 
 6.91830971e+05 -7.36934600e+01  2.06693586e-04 
 6.99841996e+05 -7.37004747e+01  2.06526728e-04 
 7.07945784e+05 -7.37069837e+01  2.06372020e-04 
 7.16143410e+05 -7.37129879e+01  2.06229413e-04 
 7.24435960e+05 -7.37184886e+01  2.06098850e-04 
 7.32824533e+05 -7.37234867e+01  2.05980289e-04 
 7.41310241e+05 -7.37279835e+01  2.05873679e-04 
 7.49894209e+05 -7.37319792e+01  2.05778993e-04 
 7.58577575e+05 -7.37354751e+01  2.05696188e-04 
 7.67361489e+05 -7.37384717e+01  2.05625236e-04 
 7.76247117e+05 -7.37409695e+01  2.05566114e-04 
 7.85235635e+05 -7.37429687e+01  2.05518804e-04 
 7.94328235e+05 -7.37444704e+01  2.05483275e-04 
 8.03526122e+05 -7.37454744e+01  2.05459526e-04 
 8.12830516e+05 -7.37459810e+01  2.05447543e-04 
 8.22242650e+05 -7.37459900e+01  2.05447330e-04 
 8.31763771e+05 -7.37455022e+01  2.05458869e-04 
 8.41395142e+05 -7.37445169e+01  2.05482175e-04 
 8.51138038e+05 -7.37430343e+01  2.05517252e-04 
 8.60993752e+05 -7.37410539e+01  2.05564117e-04 
 8.70963590e+05 -7.37385755e+01  2.05622780e-04 
 8.81048873e+05 -7.37355986e+01  2.05693265e-04 
 8.91250938e+05 -7.37321228e+01  2.05775593e-04 
 9.01571138e+05 -7.37281474e+01  2.05869795e-04 
 9.12010839e+05 -7.37236716e+01  2.05975905e-04 
 9.22571427e+05 -7.37186949e+01  2.06093956e-04 
 9.33254301e+05 -7.37132161e+01  2.06223995e-04 
 9.44060876e+05 -7.37072346e+01  2.06366059e-04 
 9.54992586e+05 -7.37007490e+01  2.06520207e-04 
 9.66050879e+05 -7.36937583e+01  2.06686488e-04 
 9.77237221e+05 -7.36862613e+01  2.06864960e-04 
 9.88553095e+05 -7.36782570e+01  2.07055681e-04 
 1.00000000e+06 -7.36697437e+01  2.07258721e-04 
 1.01157945e+06 -7.36607203e+01  2.07474146e-04 
 1.02329299e+06 -7.36511849e+01  2.07702037e-04 
 1.03514217e+06 -7.36411362e+01  2.07942466e-04 
 1.04712855e+06 -7.36305725e+01  2.08195517e-04 
 1.05925373e+06 -7.36194921e+01  2.08461278e-04 
 1.07151931e+06 -7.36078932e+01  2.08739837e-04 
 1.08392691e+06 -7.35957740e+01  2.09031291e-04 
 1.09647820e+06 -7.35831325e+01  2.09335736e-04 
 1.10917482e+06 -7.35699668e+01  2.09653279e-04 
 1.12201845e+06 -7.35562750e+01  2.09984023e-04 
 1.13501082e+06 -7.35420549e+01  2.10328079e-04 
 1.14815362e+06 -7.35273045e+01  2.10685561e-04 
 1.16144861e+06 -7.35120216e+01  2.11056591e-04 
 1.17489755e+06 -7.34962042e+01  2.11441286e-04 
 1.18850223e+06 -7.34798497e+01  2.11839778e-04 
 1.20226443e+06 -7.34629562e+01  2.12252194e-04 
 1.21618600e+06 -7.34455213e+01  2.12678670e-04 
 1.23026877e+06 -7.34275425e+01  2.13119346e-04 
 1.24451461e+06 -7.34090177e+01  2.13574360e-04 
 1.25892541e+06 -7.33899446e+01  2.14043858e-04 
 1.27350308e+06 -7.33703206e+01  2.14527992e-04 
 1.28824955e+06 -7.33501435e+01  2.15026916e-04 
 1.30316678e+06 -7.33294107e+01  2.15540788e-04 
 1.31825674e+06 -7.33081199e+01  2.16069767e-04 
 1.33352143e+06 -7.32862686e+01  2.16614024e-04 
 1.34896288e+06 -7.32638547e+01  2.17173716e-04 
 1.36458314e+06 -7.32408755e+01  2.17749028e-04 
 1.38038426e+06 -7.32173290e+01  2.18340123e-04 
 1.39636836e+06 -7.31932124e+01  2.18947192e-04 
 1.41253754e+06 -7.31685235e+01  2.19570416e-04 
 1.42889396e+06 -7.31432599e+01  2.20209983e-04 
 1.44543977e+06 -7.31174197e+01  2.20866075e-04 
 1.46217717e+06 -7.30910004e+01  2.21538892e-04 
 1.47910839e+06 -7.30639998e+01  2.22228632e-04 
 1.49623566e+06 -7.30364156e+01  2.22935495e-04 
 1.51356125e+06 -7.30082457e+01  2.23659687e-04 
 1.53108746e+06 -7.29794882e+01  2.24401415e-04 
 1.54881662e+06 -7.29501407e+01  2.25160893e-04 
 1.56675107e+06 -7.29202017e+01  2.25938332e-04 
 1.58489319e+06 -7.28896688e+01  2.26733952e-04 
 1.60324539e+06 -7.28585404e+01  2.27547977e-04 
 1.62181010e+06 -7.28268148e+01  2.28380627e-04 
 1.64058977e+06 -7.27944902e+01  2.29232130e-04 
 1.65958691e+06 -7.27615649e+01  2.30102720e-04 
 1.67880402e+06 -7.27280375e+01  2.30992630e-04 
 1.69824365e+06 -7.26939064e+01  2.31902100e-04 
 1.71790839e+06 -7.26591702e+01  2.32831368e-04 
 1.73780083e+06 -7.26238279e+01  2.33780674e-04 
 1.75792361e+06 -7.25878779e+01  2.34750273e-04 
 1.77827941e+06 -7.25513191e+01  2.35740415e-04 
 1.79887092e+06 -7.25141510e+01  2.36751342e-04 
 1.81970086e+06 -7.24763724e+01  2.37783316e-04 
 1.84077200e+06 -7.24379826e+01  2.38836595e-04 
 1.86208714e+06 -7.23989808e+01  2.39911441e-04 
 1.88364909e+06 -7.23593666e+01  2.41008117e-04 
 1.90546072e+06 -7.23191395e+01  2.42126890e-04 
 1.92752491e+06 -7.22782992e+01  2.43268031e-04 
 1.94984460e+06 -7.22368455e+01  2.44431811e-04 
 1.97242274e+06 -7.21947783e+01  2.45618505e-04 
 1.99526231e+06 -7.21520974e+01  2.46828400e-04 
 2.01836636e+06 -7.21088036e+01  2.48061760e-04 
 2.04173794e+06 -7.20648968e+01  2.49318877e-04 
 2.06538016e+06 -7.20203775e+01  2.50600034e-04 
 2.08929613e+06 -7.19752463e+01  2.51905522e-04 
 2.11348904e+06 -7.19295039e+01  2.53235628e-04 
 2.13796209e+06 -7.18831510e+01  2.54590649e-04 
 2.16271852e+06 -7.18361890e+01  2.55970873e-04 
 2.18776162e+06 -7.17886185e+01  2.57376608e-04 
 2.21309471e+06 -7.17404412e+01  2.58808145e-04 
 2.23872114e+06 -7.16916581e+01  2.60265796e-04 
 2.26464431e+06 -7.16422710e+01  2.61749855e-04 
 2.29086765e+06 -7.15922816e+01  2.63260632e-04 
 2.31739465e+06 -7.15416915e+01  2.64798442e-04 
 2.34422882e+06 -7.14905028e+01  2.66363590e-04 
 2.37137371e+06 -7.14387176e+01  2.67956391e-04 
 2.39883292e+06 -7.13863380e+01  2.69577163e-04 
 2.42661010e+06 -7.13333665e+01  2.71226223e-04 
 2.45470892e+06 -7.12798055e+01  2.72903889e-04 
 2.48313311e+06 -7.12256576e+01  2.74610488e-04 
 2.51188643e+06 -7.11709258e+01  2.76346336e-04 
 2.54097271e+06 -7.11156126e+01  2.78111770e-04 
 2.57039578e+06 -7.10597214e+01  2.79907108e-04 
 2.60015956e+06 -7.10032554e+01  2.81732682e-04 
 2.63026799e+06 -7.09462176e+01  2.83588828e-04 
 2.66072506e+06 -7.08886117e+01  2.85475876e-04 
 2.69153480e+06 -7.08304409e+01  2.87394172e-04 
 2.72270131e+06 -7.07717092e+01  2.89344038e-04 
 2.75422870e+06 -7.07124202e+01  2.91325829e-04 
 2.78612117e+06 -7.06525779e+01  2.93339877e-04 
 2.81838293e+06 -7.05921864e+01  2.95386525e-04 
 2.85101827e+06 -7.05312498e+01  2.97466122e-04 
 2.88403150e+06 -7.04697720e+01  2.99579023e-04 
 2.91742701e+06 -7.04077578e+01  3.01725567e-04 
 2.95120923e+06 -7.03452116e+01  3.03906102e-04 
 2.98538262e+06 -7.02821379e+01  3.06120986e-04 
 3.01995172e+06 -7.02185413e+01  3.08370578e-04 
 3.05492111e+06 -7.01544268e+01  3.10655225e-04 
 3.09029543e+06 -7.00897991e+01  3.12975288e-04 
 3.12607937e+06 -7.00246631e+01  3.15331130e-04 
 3.16227766e+06 -6.99590238e+01  3.17723112e-04 
 3.19889511e+06 -6.98928867e+01  3.20151593e-04 
 3.23593657e+06 -6.98262566e+01  3.22616941e-04 
 3.27340695e+06 -6.97591391e+01  3.25119521e-04 
 3.31131121e+06 -6.96915393e+01  3.27659704e-04 
 3.34965439e+06 -6.96234629e+01  3.30237855e-04 
 3.38844156e+06 -6.95549153e+01  3.32854349e-04 
 3.42767787e+06 -6.94859021e+01  3.35509556e-04 
 3.46736850e+06 -6.94164290e+01  3.38203851e-04 
 3.50751874e+06 -6.93465017e+01  3.40937611e-04 
 3.54813389e+06 -6.92761259e+01  3.43711217e-04 
 3.58921935e+06 -6.92053074e+01  3.46525045e-04 
 3.63078055e+06 -6.91340523e+01  3.49379471e-04 
 3.67282300e+06 -6.90623664e+01  3.52274886e-04 
 3.71535229e+06 -6.89902555e+01  3.55211669e-04 
 3.75837404e+06 -6.89177258e+01  3.58190209e-04 
 3.80189396e+06 -6.88447834e+01  3.61210884e-04 
 3.84591782e+06 -6.87714343e+01  3.64274092e-04 
 3.89045145e+06 -6.86976846e+01  3.67380218e-04 
 3.93550075e+06 -6.86235407e+01  3.70529651e-04 
 3.98107171e+06 -6.85490085e+01  3.73722784e-04 
 4.02717034e+06 -6.84740943e+01  3.76960014e-04 
 4.07380278e+06 -6.83988044e+01  3.80241732e-04 
 4.12097519e+06 -6.83231451e+01  3.83568335e-04 
 4.16869383e+06 -6.82471226e+01  3.86940215e-04 
 4.21696503e+06 -6.81707432e+01  3.90357780e-04 
 4.26579519e+06 -6.80940133e+01  3.93821422e-04 
 4.31519077e+06 -6.80169392e+01  3.97331542e-04 
 4.36515832e+06 -6.79395271e+01  4.00888544e-04 
 4.41570447e+06 -6.78617835e+01  4.04492826e-04 
 4.46683592e+06 -6.77837148e+01  4.08144792e-04 
 4.51855944e+06 -6.77053272e+01  4.11844852e-04 
 4.57088190e+06 -6.76266272e+01  4.15593399e-04 
 4.62381021e+06 -6.75476211e+01  4.19390844e-04 
 4.67735141e+06 -6.74683151e+01  4.23237601e-04 
 4.73151259e+06 -6.73887158e+01  4.27134065e-04 
 4.78630092e+06 -6.73088295e+01  4.31080646e-04 
 4.84172368e+06 -6.72286625e+01  4.35077751e-04 
 4.89778819e+06 -6.71482211e+01  4.39125789e-04 
 4.95450191e+06 -6.70675117e+01  4.43225168e-04 
 5.01187234e+06 -6.69865407e+01  4.47376293e-04 
 5.06990708e+06 -6.69053142e+01  4.51579575e-04 
 5.12861384e+06 -6.68238386e+01  4.55835421e-04 
 5.18800039e+06 -6.67421202e+01  4.60144238e-04 
 5.24807460e+06 -6.66601654e+01  4.64506430e-04 
 5.30884444e+06 -6.65779802e+01  4.68922411e-04 
 5.37031796e+06 -6.64955710e+01  4.73392584e-04 
 5.43250331e+06 -6.64129440e+01  4.77917351e-04 
 5.49540874e+06 -6.63301054e+01  4.82497123e-04 
 5.55904257e+06 -6.62470615e+01  4.87132298e-04 
 5.62341325e+06 -6.61638183e+01  4.91823286e-04 
 5.68852931e+06 -6.60803819e+01  4.96570485e-04 
 5.75439937e+06 -6.59967588e+01  5.01374292e-04 
 5.82103218e+06 -6.59129547e+01  5.06235113e-04 
 5.88843655e+06 -6.58289760e+01  5.11153335e-04 
 5.95662144e+06 -6.57448287e+01  5.16129362e-04 
 6.02559586e+06 -6.56605188e+01  5.21163584e-04 
 6.09536897e+06 -6.55760523e+01  5.26256394e-04 
 6.16595002e+06 -6.54914353e+01  5.31408178e-04 
 6.23734835e+06 -6.54066739e+01  5.36619323e-04 
 6.30957344e+06 -6.53217739e+01  5.41890209e-04 
 6.38263486e+06 -6.52367414e+01  5.47221223e-04 
 6.45654229e+06 -6.51515822e+01  5.52612736e-04 
 6.53130553e+06 -6.50663024e+01  5.58065124e-04 
 6.60693448e+06 -6.49809077e+01  5.63578756e-04 
 6.68343918e+06 -6.48954042e+01  5.69153997e-04 
 6.76082975e+06 -6.48097976e+01  5.74791212e-04 
 6.83911647e+06 -6.47240939e+01  5.80490755e-04 
 6.91830971e+06 -6.46382988e+01  5.86252979e-04 
 6.99841996e+06 -6.45524181e+01  5.92078232e-04 
 7.07945784e+06 -6.44664577e+01  5.97966858e-04 
 7.16143410e+06 -6.43804234e+01  6.03919192e-04 
 7.24435960e+06 -6.42943208e+01  6.09935567e-04 
 7.32824533e+06 -6.42081558e+01  6.16016310e-04 
 7.41310241e+06 -6.41219341e+01  6.22161735e-04 
 7.49894209e+06 -6.40356613e+01  6.28372159e-04 
 7.58577575e+06 -6.39493433e+01  6.34647882e-04 
 7.67361489e+06 -6.38629856e+01  6.40989208e-04 
 7.76247117e+06 -6.37765940e+01  6.47396426e-04 
 7.85235635e+06 -6.36901742e+01  6.53869819e-04 
 7.94328235e+06 -6.36037317e+01  6.60409660e-04 
 8.03526122e+06 -6.35172721e+01  6.67016217e-04 
 8.12830516e+06 -6.34308013e+01  6.73689745e-04 
 8.22242650e+06 -6.33443247e+01  6.80430492e-04 
 8.31763771e+06 -6.32578478e+01  6.87238700e-04 
 8.41395142e+06 -6.31713765e+01  6.94114590e-04 
 8.51138038e+06 -6.30849162e+01  7.01058387e-04 
 8.60993752e+06 -6.29984725e+01  7.08070297e-04 
 8.70963590e+06 -6.29120509e+01  7.15150512e-04 
 8.81048873e+06 -6.28256571e+01  7.22299221e-04 
 8.91250938e+06 -6.27392965e+01  7.29516591e-04 
 9.01571138e+06 -6.26529748e+01  7.36802789e-04 
 9.12010839e+06 -6.25666974e+01  7.44157961e-04 
 9.22571427e+06 -6.24804698e+01  7.51582241e-04 
 9.33254301e+06 -6.23942977e+01  7.59075748e-04 
 9.44060876e+06 -6.23081864e+01  7.66638593e-04 
 9.54992586e+06 -6.22221416e+01  7.74270868e-04 
 9.66050879e+06 -6.21361687e+01  7.81972653e-04 
 9.77237221e+06 -6.20502732e+01  7.89744009e-04 
 9.88553095e+06 -6.19644606e+01  7.97584985e-04 
 1.00000000e+07 -6.18787364e+01  8.05495613e-04 
 1.01157945e+07 -6.17931061e+01  8.13475909e-04 
 1.02329299e+07 -6.17075750e+01  8.21525877e-04 
 1.03514217e+07 -6.16221489e+01  8.29645490e-04 
 1.04712855e+07 -6.15368330e+01  8.37834717e-04 
 1.05925373e+07 -6.14516327e+01  8.46093509e-04 
 1.07151931e+07 -6.13665537e+01  8.54421786e-04 
 1.08392691e+07 -6.12816013e+01  8.62819462e-04 
 1.09647820e+07 -6.11967810e+01  8.71286428e-04 
 1.10917482e+07 -6.11120982e+01  8.79822555e-04 
 1.12201845e+07 -6.10275583e+01  8.88427692e-04 
 1.13501082e+07 -6.09431667e+01  8.97101673e-04 
 1.14815362e+07 -6.08589288e+01  9.05844307e-04 
 1.16144861e+07 -6.07748501e+01  9.14655382e-04 
 1.17489755e+07 -6.06909359e+01  9.23534668e-04 
 1.18850223e+07 -6.06071917e+01  9.32481911e-04 
 1.20226443e+07 -6.05236227e+01  9.41496835e-04 
 1.21618600e+07 -6.04402344e+01  9.50579144e-04 
 1.23026877e+07 -6.03570320e+01  9.59728515e-04 
 1.24451461e+07 -6.02740210e+01  9.68944606e-04 
 1.25892541e+07 -6.01912066e+01  9.78227051e-04 
 1.27350308e+07 -6.01085942e+01  9.87575460e-04 
 1.28824955e+07 -6.00261890e+01  9.96989418e-04 
 1.30316678e+07 -5.99439964e+01  1.00646849e-03 
 1.31825674e+07 -5.98620214e+01  1.01601221e-03 
 1.33352143e+07 -5.97802695e+01  1.02562010e-03 
 1.34896288e+07 -5.96987458e+01  1.03529164e-03 
 1.36458314e+07 -5.96174555e+01  1.04502631e-03 
 1.38038426e+07 -5.95364038e+01  1.05482353e-03 
 1.39636836e+07 -5.94555958e+01  1.06468273e-03 
 1.41253754e+07 -5.93750366e+01  1.07460330e-03 
 1.42889396e+07 -5.92947313e+01  1.08458460e-03 
 1.44543977e+07 -5.92146850e+01  1.09462597e-03 
 1.46217717e+07 -5.91349028e+01  1.10472673e-03 
 1.47910839e+07 -5.90553895e+01  1.11488616e-03 
 1.49623566e+07 -5.89761502e+01  1.12510354e-03 
 1.51356125e+07 -5.88971898e+01  1.13537809e-03 
 1.53108746e+07 -5.88185132e+01  1.14570905e-03 
 1.54881662e+07 -5.87401252e+01  1.15609558e-03 
 1.56675107e+07 -5.86620306e+01  1.16653687e-03 
 1.58489319e+07 -5.85842342e+01  1.17703205e-03 
 1.60324539e+07 -5.85067408e+01  1.18758023e-03 
 1.62181010e+07 -5.84295550e+01  1.19818051e-03 
 1.64058977e+07 -5.83526813e+01  1.20883196e-03 
 1.65958691e+07 -5.82761245e+01  1.21953361e-03 
 1.67880402e+07 -5.81998890e+01  1.23028449e-03 
 1.69824365e+07 -5.81239793e+01  1.24108360e-03 
 1.71790839e+07 -5.80483998e+01  1.25192990e-03 
 1.73780083e+07 -5.79731548e+01  1.26282236e-03 
 1.75792361e+07 -5.78982486e+01  1.27375989e-03 
 1.77827941e+07 -5.78236856e+01  1.28474141e-03 
 1.79887092e+07 -5.77494698e+01  1.29576580e-03 
 1.81970086e+07 -5.76756053e+01  1.30683193e-03 
 1.84077200e+07 -5.76020962e+01  1.31793864e-03 
 1.86208714e+07 -5.75289465e+01  1.32908475e-03 
 1.88364909e+07 -5.74561600e+01  1.34026908e-03 
 1.90546072e+07 -5.73837406e+01  1.35149041e-03 
 1.92752491e+07 -5.73116921e+01  1.36274750e-03 
 1.94984460e+07 -5.72400181e+01  1.37403911e-03 
 1.97242274e+07 -5.71687222e+01  1.38536397e-03 
 1.99526231e+07 -5.70978080e+01  1.39672079e-03 
 2.01836636e+07 -5.70272789e+01  1.40810828e-03 
 2.04173794e+07 -5.69571383e+01  1.41952512e-03 
 2.06538016e+07 -5.68873895e+01  1.43096999e-03 
 2.08929613e+07 -5.68180357e+01  1.44244152e-03 
 2.11348904e+07 -5.67490800e+01  1.45393838e-03 
 2.13796209e+07 -5.66805254e+01  1.46545919e-03 
 2.16271852e+07 -5.66123750e+01  1.47700256e-03 
 2.18776162e+07 -5.65446316e+01  1.48856711e-03 
 2.21309471e+07 -5.64772981e+01  1.50015142e-03 
 2.23872114e+07 -5.64103770e+01  1.51175408e-03 
 2.26464431e+07 -5.63438711e+01  1.52337367e-03 
 2.29086765e+07 -5.62777829e+01  1.53500875e-03 
 2.31739465e+07 -5.62121148e+01  1.54665788e-03 
 2.34422882e+07 -5.61468693e+01  1.55831960e-03 
 2.37137371e+07 -5.60820486e+01  1.56999247e-03 
 2.39883292e+07 -5.60176550e+01  1.58167500e-03 
 2.42661010e+07 -5.59536905e+01  1.59336574e-03 
 2.45470892e+07 -5.58901572e+01  1.60506320e-03 
 2.48313311e+07 -5.58270571e+01  1.61676591e-03 
 2.51188643e+07 -5.57643921e+01  1.62847237e-03 
 2.54097271e+07 -5.57021640e+01  1.64018110e-03 
 2.57039578e+07 -5.56403744e+01  1.65189059e-03 
 2.60015956e+07 -5.55790252e+01  1.66359935e-03 
 2.63026799e+07 -5.55181177e+01  1.67530588e-03 
 2.66072506e+07 -5.54576537e+01  1.68700867e-03 
 2.69153480e+07 -5.53976345e+01  1.69870622e-03 
 2.72270131e+07 -5.53380614e+01  1.71039701e-03 
 2.75422870e+07 -5.52789359e+01  1.72207954e-03 
 2.78612117e+07 -5.52202591e+01  1.73375228e-03 
 2.81838293e+07 -5.51620322e+01  1.74541373e-03 
 2.85101827e+07 -5.51042565e+01  1.75706237e-03 
 2.88403150e+07 -5.50469328e+01  1.76869667e-03 
 2.91742701e+07 -5.49900624e+01  1.78031512e-03 
 2.95120923e+07 -5.49336461e+01  1.79191619e-03 
 2.98538262e+07 -5.48776849e+01  1.80349837e-03 
 3.01995172e+07 -5.48221797e+01  1.81506013e-03 
 3.05492111e+07 -5.47671312e+01  1.82659994e-03 
 3.09029543e+07 -5.47125405e+01  1.83811626e-03 
 3.12607937e+07 -5.46584081e+01  1.84960758e-03 
 3.16227766e+07 -5.46047349e+01  1.86107235e-03 
 3.19889511e+07 -5.45515216e+01  1.87250904e-03 
 3.23593657e+07 -5.44987688e+01  1.88391610e-03 
 3.27340695e+07 -5.44464774e+01  1.89529201e-03 
 3.31131121e+07 -5.43946479e+01  1.90663520e-03 
 3.34965439e+07 -5.43432810e+01  1.91794412e-03 
 3.38844156e+07 -5.42923774e+01  1.92921723e-03 
 3.42767787e+07 -5.42419376e+01  1.94045296e-03 
 3.46736850e+07 -5.41919625e+01  1.95164973e-03 
 3.50751874e+07 -5.41424525e+01  1.96280598e-03 
 3.54813389e+07 -5.40934085e+01  1.97392013e-03 
 3.58921935e+07 -5.40448310e+01  1.98499058e-03 
 3.63078055e+07 -5.39967207e+01  1.99601574e-03 
 3.67282300e+07 -5.39490785e+01  2.00699401e-03 
 3.71535229e+07 -5.39019049e+01  2.01792376e-03 
 3.75837404e+07 -5.38552008e+01  2.02880338e-03 
 3.80189396e+07 -5.38089670e+01  2.03963122e-03 
 3.84591782e+07 -5.37632043e+01  2.05040564e-03 
 3.89045145e+07 -5.37179135e+01  2.06112497e-03 
 3.93550075e+07 -5.36730956e+01  2.07178755e-03 
 3.98107171e+07 -5.36287516e+01  2.08239167e-03 
 4.02717034e+07 -5.35848825e+01  2.09293565e-03 
 4.07380278e+07 -5.35414893e+01  2.10341776e-03 
 4.12097519e+07 -5.34985731e+01  2.11383627e-03 
 4.16869383e+07 -5.34561352e+01  2.12418942e-03 
 4.21696503e+07 -5.34141767e+01  2.13447545e-03 
 4.26579519e+07 -5.33726990e+01  2.14469258e-03 
 4.31519077e+07 -5.33317035e+01  2.15483899e-03 
 4.36515832e+07 -5.32911916e+01  2.16491285e-03 
 4.41570447e+07 -5.32511649e+01  2.17491233e-03 
 4.46683592e+07 -5.32116249e+01  2.18483556e-03 
 4.51855944e+07 -5.31725733e+01  2.19468064e-03 
 4.57088190e+07 -5.31340120e+01  2.20444567e-03 
 4.62381021e+07 -5.30959427e+01  2.21412872e-03 
 4.67735141e+07 -5.30583674e+01  2.22372782e-03 
 4.73151259e+07 -5.30212881e+01  2.23324100e-03 
 4.78630092e+07 -5.29847070e+01  2.24266626e-03 
 4.84172368e+07 -5.29486263e+01  2.25200156e-03 
 4.89778819e+07 -5.29130482e+01  2.26124486e-03 
 4.95450191e+07 -5.28779751e+01  2.27039407e-03 
 5.01187234e+07 -5.28434097e+01  2.27944709e-03 
 5.06990708e+07 -5.28093544e+01  2.28840180e-03 
 5.12861384e+07 -5.27758120e+01  2.29725604e-03 
 5.18800039e+07 -5.27427852e+01  2.30600762e-03 
 5.24807460e+07 -5.27102770e+01  2.31465436e-03 
 5.30884444e+07 -5.26782904e+01  2.32319401e-03 
 5.37031796e+07 -5.26468285e+01  2.33162432e-03 
 5.43250331e+07 -5.26158944e+01  2.33994301e-03 
 5.49540874e+07 -5.25854915e+01  2.34814778e-03 
 5.55904257e+07 -5.25556232e+01  2.35623629e-03 
 5.62341325e+07 -5.25262930e+01  2.36420619e-03 
 5.68852931e+07 -5.24975045e+01  2.37205510e-03 
 5.75439937e+07 -5.24692615e+01  2.37978063e-03 
 5.82103218e+07 -5.24415677e+01  2.38738036e-03 
 5.88843655e+07 -5.24144270e+01  2.39485183e-03 
 5.95662144e+07 -5.23878435e+01  2.40219259e-03 
 6.02559586e+07 -5.23618213e+01  2.40940016e-03 
 6.09536897e+07 -5.23363645e+01  2.41647203e-03 
 6.16595002e+07 -5.23114775e+01  2.42340569e-03 
 6.23734835e+07 -5.22871647e+01  2.43019860e-03 
 6.30957344e+07 -5.22634304e+01  2.43684822e-03 
 6.38263486e+07 -5.22402793e+01  2.44335199e-03 
 6.45654229e+07 -5.22177159e+01  2.44970734e-03 
 6.53130553e+07 -5.21957451e+01  2.45591167e-03 
 6.60693448e+07 -5.21743716e+01  2.46196242e-03 
 6.68343918e+07 -5.21536003e+01  2.46785697e-03 
 6.76082975e+07 -5.21334361e+01  2.47359273e-03 
 6.83911647e+07 -5.21138840e+01  2.47916711e-03 
 6.91830971e+07 -5.20949491e+01  2.48457750e-03 
 6.99841996e+07 -5.20766365e+01  2.48982129e-03 
 7.07945784e+07 -5.20589514e+01  2.49489592e-03 
 7.16143410e+07 -5.20418990e+01  2.49979877e-03 
 7.24435960e+07 -5.20254846e+01  2.50452729e-03 
 7.32824533e+07 -5.20097136e+01  2.50907890e-03 
 7.41310241e+07 -5.19945913e+01  2.51345107e-03 
 7.49894209e+07 -5.19801231e+01  2.51764126e-03 
 7.58577575e+07 -5.19663143e+01  2.52164697e-03 
 7.67361489e+07 -5.19531705e+01  2.52546571e-03 
 7.76247117e+07 -5.19406971e+01  2.52909502e-03 
 7.85235635e+07 -5.19288995e+01  2.53253249e-03 
 7.94328235e+07 -5.19177832e+01  2.53577572e-03 
 8.03526122e+07 -5.19073537e+01  2.53882236e-03 
 8.12830516e+07 -5.18976164e+01  2.54167009e-03 
 8.22242650e+07 -5.18885768e+01  2.54431664e-03 
 8.31763771e+07 -5.18802403e+01  2.54675979e-03 
 8.41395142e+07 -5.18726123e+01  2.54899736e-03 
 8.51138038e+07 -5.18656981e+01  2.55102723e-03 
 8.60993752e+07 -5.18595031e+01  2.55284734e-03 
 8.70963590e+07 -5.18540325e+01  2.55445570e-03 
 8.81048873e+07 -5.18492916e+01  2.55585035e-03 
 8.91250938e+07 -5.18452855e+01  2.55702944e-03 
 9.01571138e+07 -5.18420192e+01  2.55799115e-03 
 9.12010839e+07 -5.18394980e+01  2.55873377e-03 
 9.22571427e+07 -5.18377266e+01  2.55925566e-03 
 9.33254301e+07 -5.18367099e+01  2.55955524e-03 
 9.44060876e+07 -5.18364527e+01  2.55963103e-03 
 9.54992586e+07 -5.18369596e+01  2.55948165e-03 
 9.66050879e+07 -5.18382352e+01  2.55910579e-03 
 9.77237221e+07 -5.18402840e+01  2.55850224e-03 
 9.88553095e+07 -5.18431102e+01  2.55766989e-03 
 1.00000000e+08 -5.18467180e+01  2.55660773e-03 
 1.01157945e+08 -5.18511116e+01  2.55531486e-03 
 1.02329299e+08 -5.18562948e+01  2.55379046e-03 
 1.03514217e+08 -5.18622714e+01  2.55203386e-03 
 1.04712855e+08 -5.18690450e+01  2.55004445e-03 
 1.05925373e+08 -5.18766191e+01  2.54782178e-03 
 1.07151931e+08 -5.18849970e+01  2.54536549e-03 
 1.08392691e+08 -5.18941818e+01  2.54267534e-03 
 1.09647820e+08 -5.19041765e+01  2.53975121e-03 
 1.10917482e+08 -5.19149838e+01  2.53659311e-03 
 1.12201845e+08 -5.19266065e+01  2.53320114e-03 
 1.13501082e+08 -5.19390468e+01  2.52957558e-03 
 1.14815362e+08 -5.19523070e+01  2.52571678e-03 
 1.16144861e+08 -5.19663891e+01  2.52162524e-03 
 1.17489755e+08 -5.19812950e+01  2.51730160e-03 
 1.18850223e+08 -5.19970261e+01  2.51274660e-03 
 1.20226443e+08 -5.20135840e+01  2.50796111e-03 
 1.21618600e+08 -5.20309698e+01  2.50294616e-03 
 1.23026877e+08 -5.20491845e+01  2.49770288e-03 
 1.24451461e+08 -5.20682288e+01  2.49223252e-03 
 1.25892541e+08 -5.20881033e+01  2.48653648e-03 
 1.27350308e+08 -5.21088082e+01  2.48061628e-03 
 1.28824955e+08 -5.21303436e+01  2.47447357e-03 
 1.30316678e+08 -5.21527094e+01  2.46811010e-03 
 1.31825674e+08 -5.21759052e+01  2.46152777e-03 
 1.33352143e+08 -5.21999303e+01  2.45472860e-03 
 1.34896288e+08 -5.22247840e+01  2.44771473e-03 
 1.36458314e+08 -5.22504650e+01  2.44048841e-03 
 1.38038426e+08 -5.22769722e+01  2.43305200e-03 
 1.39636836e+08 -5.23043039e+01  2.42540801e-03 
 1.41253754e+08 -5.23324583e+01  2.41755902e-03 
 1.42889396e+08 -5.23614334e+01  2.40950776e-03 
 1.44543977e+08 -5.23912270e+01  2.40125703e-03 
 1.46217717e+08 -5.24218366e+01  2.39280976e-03 
 1.47910839e+08 -5.24532593e+01  2.38416898e-03 
 1.49623566e+08 -5.24854924e+01  2.37533781e-03 
 1.51356125e+08 -5.25185325e+01  2.36631947e-03 
 1.53108746e+08 -5.25523762e+01  2.35711727e-03 
 1.54881662e+08 -5.25870199e+01  2.34773462e-03 
 1.56675107e+08 -5.26224598e+01  2.33817499e-03 
 1.58489319e+08 -5.26586917e+01  2.32844195e-03 
 1.60324539e+08 -5.26957113e+01  2.31853916e-03 
 1.62181010e+08 -5.27335140e+01  2.30847033e-03 
 1.64058977e+08 -5.27720952e+01  2.29823925e-03 
 1.65958691e+08 -5.28114499e+01  2.28784977e-03 
 1.67880402e+08 -5.28515729e+01  2.27730582e-03 
 1.69824365e+08 -5.28924588e+01  2.26661136e-03 
 1.71790839e+08 -5.29341020e+01  2.25577042e-03 
 1.73780083e+08 -5.29764969e+01  2.24478709e-03 
 1.75792361e+08 -5.30196373e+01  2.23366548e-03 
 1.77827941e+08 -5.30635173e+01  2.22240977e-03 
 1.79887092e+08 -5.31081303e+01  2.21102414e-03 
 1.81970086e+08 -5.31534700e+01  2.19951284e-03 
 1.84077200e+08 -5.31995295e+01  2.18788012e-03 
 1.86208714e+08 -5.32463021e+01  2.17613028e-03 
 1.88364909e+08 -5.32937808e+01  2.16426762e-03 
 1.90546072e+08 -5.33419582e+01  2.15229646e-03 
 1.92752491e+08 -5.33908270e+01  2.14022114e-03 
 1.94984460e+08 -5.34403798e+01  2.12804600e-03 
 1.97242274e+08 -5.34906088e+01  2.11577538e-03 
 1.99526231e+08 -5.35415063e+01  2.10341364e-03 
 2.01836636e+08 -5.35930642e+01  2.09096512e-03 
 2.04173794e+08 -5.36452746e+01  2.07843415e-03 
 2.06538016e+08 -5.36981292e+01  2.06582505e-03 
 2.08929613e+08 -5.37516196e+01  2.05314215e-03 
 2.11348904e+08 -5.38057375e+01  2.04038972e-03 
 2.13796209e+08 -5.38604741e+01  2.02757205e-03 
 2.16271852e+08 -5.39158209e+01  2.01469337e-03 
 2.18776162e+08 -5.39717689e+01  2.00175791e-03 
 2.21309471e+08 -5.40283094e+01  1.98876986e-03 
 2.23872114e+08 -5.40854333e+01  1.97573336e-03 
 2.26464431e+08 -5.41431316e+01  1.96265254e-03 
 2.29086765e+08 -5.42013949e+01  1.94953148e-03 
 2.31739465e+08 -5.42602142e+01  1.93637421e-03 
 2.34422882e+08 -5.43195800e+01  1.92318473e-03 
 2.37137371e+08 -5.43794829e+01  1.90996697e-03 
 2.39883292e+08 -5.44399134e+01  1.89672484e-03 
 2.42661010e+08 -5.45008619e+01  1.88346218e-03 
 2.45470892e+08 -5.45623189e+01  1.87018279e-03 
 2.48313311e+08 -5.46242746e+01  1.85689040e-03 
 2.51188643e+08 -5.46867193e+01  1.84358869e-03 
 2.54097271e+08 -5.47496432e+01  1.83028129e-03 
 2.57039578e+08 -5.48130365e+01  1.81697176e-03 
 2.60015956e+08 -5.48768892e+01  1.80366360e-03 
 2.63026799e+08 -5.49411915e+01  1.79036025e-03 
 2.66072506e+08 -5.50059333e+01  1.77706509e-03 
 2.69153480e+08 -5.50711047e+01  1.76378142e-03 
 2.72270131e+08 -5.51366957e+01  1.75051250e-03 
 2.75422870e+08 -5.52026961e+01  1.73726151e-03 
 2.78612117e+08 -5.52690958e+01  1.72403154e-03 
 2.81838293e+08 -5.53358849e+01  1.71082566e-03 
 2.85101827e+08 -5.54030531e+01  1.69764683e-03 
 2.88403150e+08 -5.54705902e+01  1.68449795e-03 
 2.91742701e+08 -5.55384862e+01  1.67138188e-03 
 2.95120923e+08 -5.56067308e+01  1.65830137e-03 
 2.98538262e+08 -5.56753139e+01  1.64525912e-03 
 3.01995172e+08 -5.57442251e+01  1.63225777e-03 
 3.05492111e+08 -5.58134544e+01  1.61929986e-03 
 3.09029543e+08 -5.58829915e+01  1.60638790e-03 
 3.12607937e+08 -5.59528262e+01  1.59352429e-03 
 3.16227766e+08 -5.60229483e+01  1.58071139e-03 
 3.19889511e+08 -5.60933476e+01  1.56795148e-03 
 3.23593657e+08 -5.61640138e+01  1.55524677e-03 
 3.27340695e+08 -5.62349368e+01  1.54259941e-03 
 3.31131121e+08 -5.63061063e+01  1.53001147e-03 
 3.34965439e+08 -5.63775121e+01  1.51748496e-03 
 3.38844156e+08 -5.64491440e+01  1.50502182e-03 
 3.42767787e+08 -5.65209920e+01  1.49262394e-03 
 3.46736850e+08 -5.65930457e+01  1.48029311e-03 
 3.50751874e+08 -5.66652950e+01  1.46803108e-03 
 3.54813389e+08 -5.67377298e+01  1.45583954e-03 
 3.58921935e+08 -5.68103399e+01  1.44372010e-03 
 3.63078055e+08 -5.68831152e+01  1.43167433e-03 
 3.67282300e+08 -5.69560457e+01  1.41970371e-03 
 3.71535229e+08 -5.70291211e+01  1.40780968e-03 
 3.75837404e+08 -5.71023314e+01  1.39599361e-03 
 3.80189396e+08 -5.71756666e+01  1.38425682e-03 
 3.84591782e+08 -5.72491166e+01  1.37260056e-03 
 3.89045145e+08 -5.73226713e+01  1.36102604e-03 
 3.93550075e+08 -5.73963208e+01  1.34953440e-03 
 3.98107171e+08 -5.74700551e+01  1.33812673e-03 
 4.02717034e+08 -5.75438641e+01  1.32680407e-03 
 4.07380278e+08 -5.76177380e+01  1.31556739e-03 
 4.12097519e+08 -5.76916668e+01  1.30441764e-03 
 4.16869383e+08 -5.77656405e+01  1.29335568e-03 
 4.21696503e+08 -5.78396493e+01  1.28238235e-03 
 4.26579519e+08 -5.79136834e+01  1.27149844e-03 
 4.31519077e+08 -5.79877328e+01  1.26070467e-03 
 4.36515832e+08 -5.80617877e+01  1.25000174e-03 
 4.41570447e+08 -5.81358383e+01  1.23939028e-03 
 4.46683592e+08 -5.82098748e+01  1.22887089e-03 
 4.51855944e+08 -5.82838876e+01  1.21844414e-03 
 4.57088190e+08 -5.83578667e+01  1.20811052e-03 
 4.62381021e+08 -5.84318025e+01  1.19787051e-03 
 4.67735141e+08 -5.85056854e+01  1.18772454e-03 
 4.73151259e+08 -5.85795056e+01  1.17767300e-03 
 4.78630092e+08 -5.86532535e+01  1.16771625e-03 
 4.84172368e+08 -5.87269196e+01  1.15785459e-03 
 4.89778819e+08 -5.88004941e+01  1.14808831e-03 
 4.95450191e+08 -5.88739676e+01  1.13841765e-03 
 5.01187234e+08 -5.89473305e+01  1.12884281e-03 
 5.06990708e+08 -5.90205734e+01  1.11936398e-03 
 5.12861384e+08 -5.90936868e+01  1.10998130e-03 
 5.18800039e+08 -5.91666611e+01  1.10069488e-03 
 5.24807460e+08 -5.92394871e+01  1.09150479e-03 
 5.30884444e+08 -5.93121553e+01  1.08241109e-03 
 5.37031796e+08 -5.93846565e+01  1.07341380e-03 
 5.43250331e+08 -5.94569812e+01  1.06451292e-03 
 5.49540874e+08 -5.95291204e+01  1.05570841e-03 
 5.55904257e+08 -5.96010646e+01  1.04700021e-03 
 5.62341325e+08 -5.96728048e+01  1.03838824e-03 
 5.68852931e+08 -5.97443317e+01  1.02987239e-03 
 5.75439937e+08 -5.98156364e+01  1.02145251e-03 
 5.82103218e+08 -5.98867097e+01  1.01312846e-03 
 5.88843655e+08 -5.99575426e+01  1.00490006e-03 
 5.95662144e+08 -6.00281261e+01  9.96767099e-04 
 6.02559586e+08 -6.00984514e+01  9.88729359e-04 
 6.09536897e+08 -6.01685096e+01  9.80786597e-04 
 6.16595002e+08 -6.02382918e+01  9.72938551e-04 
 6.23734835e+08 -6.03077893e+01  9.65184938e-04 
 6.30957344e+08 -6.03769934e+01  9.57525459e-04 
 6.38263486e+08 -6.04458955e+01  9.49959797e-04 
 6.45654229e+08 -6.05144869e+01  9.42487617e-04 
 6.53130553e+08 -6.05827593e+01  9.35108568e-04 
 6.60693448e+08 -6.06507040e+01  9.27822284e-04 
 6.68343918e+08 -6.07183128e+01  9.20628381e-04 
 6.76082975e+08 -6.07855773e+01  9.13526463e-04 
 6.83911647e+08 -6.08524894e+01  9.06516120e-04 
 6.91830971e+08 -6.09190407e+01  8.99596926e-04 
 6.99841996e+08 -6.09852234e+01  8.92768443e-04 
 7.07945784e+08 -6.10510293e+01  8.86030221e-04 
 7.16143410e+08 -6.11164506e+01  8.79381798e-04 
 7.24435960e+08 -6.11814794e+01  8.72822699e-04 
 7.32824533e+08 -6.12461080e+01  8.66352439e-04 
 7.41310241e+08 -6.13103287e+01  8.59970521e-04 
 7.49894209e+08 -6.13741341e+01  8.53676438e-04 
 7.58577575e+08 -6.14375167e+01  8.47469676e-04 
 7.67361489e+08 -6.15004691e+01  8.41349706e-04 
 7.76247117e+08 -6.15629840e+01  8.35315995e-04 
 7.85235635e+08 -6.16250545e+01  8.29367999e-04 
 7.94328235e+08 -6.16866734e+01  8.23505166e-04 
 8.03526122e+08 -6.17478339e+01  8.17726936e-04 
 8.12830516e+08 -6.18085292e+01  8.12032741e-04 
 8.22242650e+08 -6.18687526e+01  8.06422007e-04 
 8.31763771e+08 -6.19284976e+01  8.00894151e-04 
 8.41395142e+08 -6.19877577e+01  7.95448587e-04 
 8.51138038e+08 -6.20465267e+01  7.90084720e-04 
 8.60993752e+08 -6.21047985e+01  7.84801949e-04 
 8.70963590e+08 -6.21625671e+01  7.79599668e-04 
 8.81048873e+08 -6.22198265e+01  7.74477267e-04 
 8.91250938e+08 -6.22765711e+01  7.69434129e-04 
 9.01571138e+08 -6.23327952e+01  7.64469632e-04 
 9.12010839e+08 -6.23884935e+01  7.59583152e-04 
 9.22571427e+08 -6.24436607e+01  7.54774058e-04 
 9.33254301e+08 -6.24982916e+01  7.50041717e-04 
 9.44060876e+08 -6.25523813e+01  7.45385492e-04 
 9.54992586e+08 -6.26059249e+01  7.40804741e-04 
 9.66050879e+08 -6.26589179e+01  7.36298821e-04 
 9.77237221e+08 -6.27113557e+01  7.31867083e-04 
 9.88553095e+08 -6.27632340e+01  7.27508879e-04 
 1.00000000e+09 -6.28145487e+01  7.23223556e-04 
