 1.00000000e+00 -6.99277829e+01  3.18867939e-04 
 1.01157945e+00 -6.99277845e+01  3.18867880e-04 
 1.02329299e+00 -6.99277861e+01  3.18867821e-04 
 1.03514217e+00 -6.99277878e+01  3.18867759e-04 
 1.04712855e+00 -6.99277895e+01  3.18867697e-04 
 1.05925373e+00 -6.99277912e+01  3.18867633e-04 
 1.07151931e+00 -6.99277930e+01  3.18867567e-04 
 1.08392691e+00 -6.99277949e+01  3.18867500e-04 
 1.09647820e+00 -6.99277967e+01  3.18867432e-04 
 1.10917482e+00 -6.99277986e+01  3.18867362e-04 
 1.12201845e+00 -6.99278006e+01  3.18867290e-04 
 1.13501082e+00 -6.99278026e+01  3.18867216e-04 
 1.14815362e+00 -6.99278046e+01  3.18867141e-04 
 1.16144861e+00 -6.99278067e+01  3.18867064e-04 
 1.17489755e+00 -6.99278089e+01  3.18866985e-04 
 1.18850223e+00 -6.99278111e+01  3.18866905e-04 
 1.20226443e+00 -6.99278133e+01  3.18866823e-04 
 1.21618600e+00 -6.99278156e+01  3.18866738e-04 
 1.23026877e+00 -6.99278180e+01  3.18866652e-04 
 1.24451461e+00 -6.99278204e+01  3.18866563e-04 
 1.25892541e+00 -6.99278227e+01  3.18866477e-04 
 1.27350308e+00 -6.99278252e+01  3.18866385e-04 
 1.28824955e+00 -6.99278278e+01  3.18866290e-04 
 1.30316678e+00 -6.99278305e+01  3.18866193e-04 
 1.31825674e+00 -6.99278332e+01  3.18866094e-04 
 1.33352143e+00 -6.99278359e+01  3.18865993e-04 
 1.34896288e+00 -6.99278388e+01  3.18865889e-04 
 1.36458314e+00 -6.99278416e+01  3.18865783e-04 
 1.38038426e+00 -6.99278446e+01  3.18865674e-04 
 1.39636836e+00 -6.99278476e+01  3.18865563e-04 
 1.41253754e+00 -6.99278507e+01  3.18865449e-04 
 1.42889396e+00 -6.99278539e+01  3.18865332e-04 
 1.44543977e+00 -6.99278572e+01  3.18865213e-04 
 1.46217717e+00 -6.99278605e+01  3.18865091e-04 
 1.47910839e+00 -6.99278639e+01  3.18864966e-04 
 1.49623566e+00 -6.99278674e+01  3.18864839e-04 
 1.51356125e+00 -6.99278709e+01  3.18864708e-04 
 1.53108746e+00 -6.99278746e+01  3.18864574e-04 
 1.54881662e+00 -6.99278783e+01  3.18864438e-04 
 1.56675107e+00 -6.99278821e+01  3.18864298e-04 
 1.58489319e+00 -6.99278860e+01  3.18864154e-04 
 1.60324539e+00 -6.99278900e+01  3.18864008e-04 
 1.62181010e+00 -6.99278941e+01  3.18863858e-04 
 1.64058977e+00 -6.99278983e+01  3.18863704e-04 
 1.65958691e+00 -6.99279025e+01  3.18863547e-04 
 1.67880402e+00 -6.99279069e+01  3.18863386e-04 
 1.69824365e+00 -6.99279113e+01  3.18863226e-04 
 1.71790839e+00 -6.99279159e+01  3.18863058e-04 
 1.73780083e+00 -6.99279206e+01  3.18862885e-04 
 1.75792361e+00 -6.99279256e+01  3.18862701e-04 
 1.77827941e+00 -6.99279305e+01  3.18862520e-04 
 1.79887092e+00 -6.99279355e+01  3.18862336e-04 
 1.81970086e+00 -6.99279407e+01  3.18862147e-04 
 1.84077200e+00 -6.99279459e+01  3.18861954e-04 
 1.86208714e+00 -6.99279513e+01  3.18861756e-04 
 1.88364909e+00 -6.99279569e+01  3.18861553e-04 
 1.90546072e+00 -6.99279625e+01  3.18861346e-04 
 1.92752491e+00 -6.99279683e+01  3.18861134e-04 
 1.94984460e+00 -6.99279742e+01  3.18860918e-04 
 1.97242274e+00 -6.99279802e+01  3.18860696e-04 
 1.99526231e+00 -6.99279864e+01  3.18860468e-04 
 2.01836636e+00 -6.99279927e+01  3.18860236e-04 
 2.04173794e+00 -6.99279992e+01  3.18859998e-04 
 2.06538016e+00 -6.99280057e+01  3.18859759e-04 
 2.08929613e+00 -6.99280125e+01  3.18859510e-04 
 2.11348904e+00 -6.99280194e+01  3.18859255e-04 
 2.13796209e+00 -6.99280265e+01  3.18858995e-04 
 2.16271852e+00 -6.99280338e+01  3.18858728e-04 
 2.18776162e+00 -6.99280413e+01  3.18858455e-04 
 2.21309471e+00 -6.99280489e+01  3.18858176e-04 
 2.23872114e+00 -6.99280566e+01  3.18857890e-04 
 2.26464431e+00 -6.99280646e+01  3.18857597e-04 
 2.29086765e+00 -6.99280728e+01  3.18857298e-04 
 2.31739465e+00 -6.99280811e+01  3.18856992e-04 
 2.34422882e+00 -6.99280899e+01  3.18856670e-04 
 2.37137371e+00 -6.99280985e+01  3.18856353e-04 
 2.39883292e+00 -6.99281074e+01  3.18856025e-04 
 2.42661010e+00 -6.99281166e+01  3.18855689e-04 
 2.45470892e+00 -6.99281260e+01  3.18855345e-04 
 2.48313311e+00 -6.99281355e+01  3.18854994e-04 
 2.51188643e+00 -6.99281453e+01  3.18854634e-04 
 2.54097271e+00 -6.99281554e+01  3.18854266e-04 
 2.57039578e+00 -6.99281655e+01  3.18853893e-04 
 2.60015956e+00 -6.99281760e+01  3.18853507e-04 
 2.63026799e+00 -6.99281867e+01  3.18853117e-04 
 2.66072506e+00 -6.99281977e+01  3.18852713e-04 
 2.69153480e+00 -6.99282089e+01  3.18852300e-04 
 2.72270131e+00 -6.99282204e+01  3.18851877e-04 
 2.75422870e+00 -6.99282322e+01  3.18851445e-04 
 2.78612117e+00 -6.99282443e+01  3.18851002e-04 
 2.81838293e+00 -6.99282569e+01  3.18850540e-04 
 2.85101827e+00 -6.99282695e+01  3.18850077e-04 
 2.88403150e+00 -6.99282823e+01  3.18849607e-04 
 2.91742701e+00 -6.99282955e+01  3.18849121e-04 
 2.95120923e+00 -6.99283090e+01  3.18848625e-04 
 2.98538262e+00 -6.99283229e+01  3.18848116e-04 
 3.01995172e+00 -6.99283371e+01  3.18847596e-04 
 3.05492111e+00 -6.99283516e+01  3.18847064e-04 
 3.09029543e+00 -6.99283663e+01  3.18846523e-04 
 3.12607937e+00 -6.99283817e+01  3.18845958e-04 
 3.16227766e+00 -6.99283972e+01  3.18845387e-04 
 3.19889511e+00 -6.99284131e+01  3.18844804e-04 
 3.23593657e+00 -6.99284296e+01  3.18844198e-04 
 3.27340695e+00 -6.99284463e+01  3.18843587e-04 
 3.31131121e+00 -6.99284632e+01  3.18842966e-04 
 3.34965439e+00 -6.99284806e+01  3.18842326e-04 
 3.38844156e+00 -6.99284985e+01  3.18841671e-04 
 3.42767787e+00 -6.99285167e+01  3.18841001e-04 
 3.46736850e+00 -6.99285354e+01  3.18840316e-04 
 3.50751874e+00 -6.99285544e+01  3.18839618e-04 
 3.54813389e+00 -6.99285739e+01  3.18838900e-04 
 3.58921935e+00 -6.99285942e+01  3.18838157e-04 
 3.63078055e+00 -6.99286147e+01  3.18837406e-04 
 3.67282300e+00 -6.99286356e+01  3.18836636e-04 
 3.71535229e+00 -6.99286570e+01  3.18835853e-04 
 3.75837404e+00 -6.99286789e+01  3.18835048e-04 
 3.80189396e+00 -6.99287014e+01  3.18834223e-04 
 3.84591782e+00 -6.99287242e+01  3.18833384e-04 
 3.89045145e+00 -6.99287477e+01  3.18832521e-04 
 3.93550075e+00 -6.99287718e+01  3.18831638e-04 
 3.98107171e+00 -6.99287965e+01  3.18830730e-04 
 4.02717034e+00 -6.99288216e+01  3.18829809e-04 
 4.07380278e+00 -6.99288474e+01  3.18828863e-04 
 4.12097519e+00 -6.99288738e+01  3.18827895e-04 
 4.16869383e+00 -6.99289008e+01  3.18826904e-04 
 4.21696503e+00 -6.99289283e+01  3.18825894e-04 
 4.26579519e+00 -6.99289565e+01  3.18824856e-04 
 4.31519077e+00 -6.99289857e+01  3.18823786e-04 
 4.36515832e+00 -6.99290152e+01  3.18822704e-04 
 4.41570447e+00 -6.99290455e+01  3.18821592e-04 
 4.46683592e+00 -6.99290765e+01  3.18820454e-04 
 4.51855944e+00 -6.99291081e+01  3.18819295e-04 
 4.57088190e+00 -6.99291405e+01  3.18818103e-04 
 4.62381021e+00 -6.99291740e+01  3.18816876e-04 
 4.67735141e+00 -6.99292078e+01  3.18815633e-04 
 4.73151259e+00 -6.99292426e+01  3.18814356e-04 
 4.78630092e+00 -6.99292781e+01  3.18813054e-04 
 4.84172368e+00 -6.99293145e+01  3.18811718e-04 
 4.89778819e+00 -6.99293518e+01  3.18810350e-04 
 4.95450191e+00 -6.99293899e+01  3.18808951e-04 
 5.01187234e+00 -6.99294289e+01  3.18807519e-04 
 5.06990708e+00 -6.99294687e+01  3.18806057e-04 
 5.12861384e+00 -6.99295096e+01  3.18804558e-04 
 5.18800039e+00 -6.99295515e+01  3.18803019e-04 
 5.24807460e+00 -6.99295945e+01  3.18801441e-04 
 5.30884444e+00 -6.99296381e+01  3.18799838e-04 
 5.37031796e+00 -6.99296832e+01  3.18798186e-04 
 5.43250331e+00 -6.99297290e+01  3.18796504e-04 
 5.49540874e+00 -6.99297758e+01  3.18794786e-04 
 5.55904257e+00 -6.99298237e+01  3.18793029e-04 
 5.62341325e+00 -6.99298730e+01  3.18791218e-04 
 5.68852931e+00 -6.99299232e+01  3.18789378e-04 
 5.75439937e+00 -6.99299745e+01  3.18787494e-04 
 5.82103218e+00 -6.99300272e+01  3.18785559e-04 
 5.88843655e+00 -6.99300811e+01  3.18783582e-04 
 5.95662144e+00 -6.99301361e+01  3.18781564e-04 
 6.02559586e+00 -6.99301923e+01  3.18779499e-04 
 6.09536897e+00 -6.99302503e+01  3.18777373e-04 
 6.16595002e+00 -6.99303092e+01  3.18775210e-04 
 6.23734835e+00 -6.99303695e+01  3.18772997e-04 
 6.30957344e+00 -6.99304315e+01  3.18770720e-04 
 6.38263486e+00 -6.99304947e+01  3.18768402e-04 
 6.45654229e+00 -6.99305593e+01  3.18766031e-04 
 6.53130553e+00 -6.99306257e+01  3.18763596e-04 
 6.60693448e+00 -6.99306933e+01  3.18761112e-04 
 6.68343918e+00 -6.99307626e+01  3.18758571e-04 
 6.76082975e+00 -6.99308339e+01  3.18755954e-04 
 6.83911647e+00 -6.99309064e+01  3.18753293e-04 
 6.91830971e+00 -6.99309807e+01  3.18750565e-04 
 6.99841996e+00 -6.99310569e+01  3.18747770e-04 
 7.07945784e+00 -6.99311346e+01  3.18744919e-04 
 7.16143410e+00 -6.99312142e+01  3.18741997e-04 
 7.24435960e+00 -6.99312956e+01  3.18739011e-04 
 7.32824533e+00 -6.99313791e+01  3.18735947e-04 
 7.41310241e+00 -6.99314643e+01  3.18732820e-04 
 7.49894209e+00 -6.99315517e+01  3.18729612e-04 
 7.58577575e+00 -6.99316409e+01  3.18726339e-04 
 7.67361489e+00 -6.99317325e+01  3.18722980e-04 
 7.76247117e+00 -6.99318258e+01  3.18719556e-04 
 7.85235635e+00 -6.99319216e+01  3.18716039e-04 
 7.94328235e+00 -6.99320197e+01  3.18712441e-04 
 8.03526122e+00 -6.99321200e+01  3.18708759e-04 
 8.12830516e+00 -6.99322225e+01  3.18705000e-04 
 8.22242650e+00 -6.99323275e+01  3.18701145e-04 
 8.31763771e+00 -6.99324349e+01  3.18697205e-04 
 8.41395142e+00 -6.99325446e+01  3.18693182e-04 
 8.51138038e+00 -6.99326571e+01  3.18689052e-04 
 8.60993752e+00 -6.99327723e+01  3.18684826e-04 
 8.70963590e+00 -6.99328899e+01  3.18680511e-04 
 8.81048873e+00 -6.99330103e+01  3.18676095e-04 
 8.91250938e+00 -6.99331337e+01  3.18671568e-04 
 9.01571138e+00 -6.99332599e+01  3.18666935e-04 
 9.12010839e+00 -6.99333890e+01  3.18662200e-04 
 9.22571427e+00 -6.99335212e+01  3.18657350e-04 
 9.33254301e+00 -6.99336560e+01  3.18652404e-04 
 9.44060876e+00 -6.99337944e+01  3.18647326e-04 
 9.54992586e+00 -6.99339359e+01  3.18642134e-04 
 9.66050879e+00 -6.99340809e+01  3.18636818e-04 
 9.77237221e+00 -6.99342289e+01  3.18631386e-04 
 9.88553095e+00 -6.99343806e+01  3.18625824e-04 
 1.00000000e+01 -6.99345357e+01  3.18620133e-04 
 1.01157945e+01 -6.99346946e+01  3.18614305e-04 
 1.02329299e+01 -6.99348569e+01  3.18608351e-04 
 1.03514217e+01 -6.99350231e+01  3.18602253e-04 
 1.04712855e+01 -6.99351932e+01  3.18596014e-04 
 1.05925373e+01 -6.99353673e+01  3.18589630e-04 
 1.07151931e+01 -6.99355453e+01  3.18583102e-04 
 1.08392691e+01 -6.99357277e+01  3.18576410e-04 
 1.09647820e+01 -6.99359142e+01  3.18569570e-04 
 1.10917482e+01 -6.99361049e+01  3.18562576e-04 
 1.12201845e+01 -6.99363001e+01  3.18555416e-04 
 1.13501082e+01 -6.99364999e+01  3.18548089e-04 
 1.14815362e+01 -6.99367042e+01  3.18540596e-04 
 1.16144861e+01 -6.99369135e+01  3.18532920e-04 
 1.17489755e+01 -6.99371278e+01  3.18525063e-04 
 1.18850223e+01 -6.99373466e+01  3.18517039e-04 
 1.20226443e+01 -6.99375707e+01  3.18508821e-04 
 1.21618600e+01 -6.99377999e+01  3.18500417e-04 
 1.23026877e+01 -6.99380349e+01  3.18491800e-04 
 1.24451461e+01 -6.99382749e+01  3.18483001e-04 
 1.25892541e+01 -6.99385207e+01  3.18473988e-04 
 1.27350308e+01 -6.99387719e+01  3.18464776e-04 
 1.28824955e+01 -6.99390289e+01  3.18455353e-04 
 1.30316678e+01 -6.99392925e+01  3.18445691e-04 
 1.31825674e+01 -6.99395617e+01  3.18435821e-04 
 1.33352143e+01 -6.99398373e+01  3.18425718e-04 
 1.34896288e+01 -6.99401191e+01  3.18415386e-04 
 1.36458314e+01 -6.99404076e+01  3.18404809e-04 
 1.38038426e+01 -6.99407029e+01  3.18393987e-04 
 1.39636836e+01 -6.99410049e+01  3.18382914e-04 
 1.41253754e+01 -6.99413142e+01  3.18371580e-04 
 1.42889396e+01 -6.99416305e+01  3.18359983e-04 
 1.44543977e+01 -6.99419540e+01  3.18348126e-04 
 1.46217717e+01 -6.99422851e+01  3.18335994e-04 
 1.47910839e+01 -6.99426239e+01  3.18323577e-04 
 1.49623566e+01 -6.99429707e+01  3.18310868e-04 
 1.51356125e+01 -6.99433253e+01  3.18297872e-04 
 1.53108746e+01 -6.99436883e+01  3.18284572e-04 
 1.54881662e+01 -6.99440598e+01  3.18270959e-04 
 1.56675107e+01 -6.99444396e+01  3.18257039e-04 
 1.58489319e+01 -6.99448285e+01  3.18242792e-04 
 1.60324539e+01 -6.99452263e+01  3.18228216e-04 
 1.62181010e+01 -6.99456336e+01  3.18213294e-04 
 1.64058977e+01 -6.99460499e+01  3.18198043e-04 
 1.65958691e+01 -6.99464762e+01  3.18182427e-04 
 1.67880402e+01 -6.99469123e+01  3.18166453e-04 
 1.69824365e+01 -6.99473586e+01  3.18150106e-04 
 1.71790839e+01 -6.99478151e+01  3.18133385e-04 
 1.73780083e+01 -6.99482822e+01  3.18116277e-04 
 1.75792361e+01 -6.99487598e+01  3.18098785e-04 
 1.77827941e+01 -6.99492490e+01  3.18080869e-04 
 1.79887092e+01 -6.99497494e+01  3.18062546e-04 
 1.81970086e+01 -6.99502616e+01  3.18043791e-04 
 1.84077200e+01 -6.99507850e+01  3.18024625e-04 
 1.86208714e+01 -6.99513213e+01  3.18004989e-04 
 1.88364909e+01 -6.99518696e+01  3.17984918e-04 
 1.90546072e+01 -6.99524305e+01  3.17964382e-04 
 1.92752491e+01 -6.99530046e+01  3.17943368e-04 
 1.94984460e+01 -6.99535918e+01  3.17921873e-04 
 1.97242274e+01 -6.99541928e+01  3.17899877e-04 
 1.99526231e+01 -6.99548077e+01  3.17877374e-04 
 2.01836636e+01 -6.99554370e+01  3.17854343e-04 
 2.04173794e+01 -6.99560807e+01  3.17830790e-04 
 2.06538016e+01 -6.99567390e+01  3.17806701e-04 
 2.08929613e+01 -6.99574129e+01  3.17782044e-04 
 2.11348904e+01 -6.99581023e+01  3.17756823e-04 
 2.13796209e+01 -6.99588078e+01  3.17731016e-04 
 2.16271852e+01 -6.99595292e+01  3.17704628e-04 
 2.18776162e+01 -6.99602676e+01  3.17677618e-04 
 2.21309471e+01 -6.99610230e+01  3.17649991e-04 
 2.23872114e+01 -6.99617960e+01  3.17621724e-04 
 2.26464431e+01 -6.99625867e+01  3.17592814e-04 
 2.29086765e+01 -6.99633959e+01  3.17563226e-04 
 2.31739465e+01 -6.99642234e+01  3.17532975e-04 
 2.34422882e+01 -6.99650702e+01  3.17502019e-04 
 2.37137371e+01 -6.99659368e+01  3.17470343e-04 
 2.39883292e+01 -6.99668232e+01  3.17437947e-04 
 2.42661010e+01 -6.99677299e+01  3.17404811e-04 
 2.45470892e+01 -6.99686576e+01  3.17370914e-04 
 2.48313311e+01 -6.99696069e+01  3.17336229e-04 
 2.51188643e+01 -6.99705781e+01  3.17300749e-04 
 2.54097271e+01 -6.99715714e+01  3.17264463e-04 
 2.57039578e+01 -6.99725878e+01  3.17227340e-04 
 2.60015956e+01 -6.99736276e+01  3.17189365e-04 
 2.63026799e+01 -6.99746914e+01  3.17150520e-04 
 2.66072506e+01 -6.99757797e+01  3.17110785e-04 
 2.69153480e+01 -6.99768931e+01  3.17070139e-04 
 2.72270131e+01 -6.99780324e+01  3.17028555e-04 
 2.75422870e+01 -6.99791975e+01  3.16986031e-04 
 2.78612117e+01 -6.99803897e+01  3.16942525e-04 
 2.81838293e+01 -6.99816092e+01  3.16898029e-04 
 2.85101827e+01 -6.99828567e+01  3.16852520e-04 
 2.88403150e+01 -6.99841330e+01  3.16805966e-04 
 2.91742701e+01 -6.99854386e+01  3.16758349e-04 
 2.95120923e+01 -6.99867741e+01  3.16709649e-04 
 2.98538262e+01 -6.99881404e+01  3.16659833e-04 
 3.01995172e+01 -6.99895384e+01  3.16608873e-04 
 3.05492111e+01 -6.99909682e+01  3.16556759e-04 
 3.09029543e+01 -6.99924309e+01  3.16503453e-04 
 3.12607937e+01 -6.99939270e+01  3.16448942e-04 
 3.16227766e+01 -6.99954576e+01  3.16393186e-04 
 3.19889511e+01 -6.99970232e+01  3.16336160e-04 
 3.23593657e+01 -6.99986246e+01  3.16277843e-04 
 3.27340695e+01 -7.00002630e+01  3.16218191e-04 
 3.31131121e+01 -7.00019386e+01  3.16157197e-04 
 3.34965439e+01 -6.99999118e+01  3.16230976e-04 
 3.38844156e+01 -7.00016654e+01  3.16167138e-04 
 3.42767787e+01 -7.00034588e+01  3.16101865e-04 
 3.46736850e+01 -7.00052934e+01  3.16035108e-04 
 3.50751874e+01 -7.00071700e+01  3.15966836e-04 
 3.54813389e+01 -7.00090894e+01  3.15897022e-04 
 3.58921935e+01 -7.00110527e+01  3.15825626e-04 
 3.63078055e+01 -7.00130609e+01  3.15752616e-04 
 3.67282300e+01 -7.00151145e+01  3.15677970e-04 
 3.71535229e+01 -7.00172154e+01  3.15601626e-04 
 3.75837404e+01 -7.00193640e+01  3.15523565e-04 
 3.80189396e+01 -7.00215618e+01  3.15443737e-04 
 3.84591782e+01 -7.00238093e+01  3.15362127e-04 
 3.89045145e+01 -7.00261081e+01  3.15278673e-04 
 3.93550075e+01 -7.00284595e+01  3.15193335e-04 
 3.98107171e+01 -7.00308640e+01  3.15106092e-04 
 4.02717034e+01 -7.00333233e+01  3.15016886e-04 
 4.07380278e+01 -7.00358385e+01  3.14925680e-04 
 4.12097519e+01 -7.00384108e+01  3.14832431e-04 
 4.16869383e+01 -7.00410414e+01  3.14737094e-04 
 4.21696503e+01 -7.00437317e+01  3.14639624e-04 
 4.26579519e+01 -7.00464831e+01  3.14539973e-04 
 4.31519077e+01 -7.00492966e+01  3.14438105e-04 
 4.36515832e+01 -7.00521740e+01  3.14333958e-04 
 4.41570447e+01 -7.00551162e+01  3.14227498e-04 
 4.46683592e+01 -7.00581253e+01  3.14118661e-04 
 4.51855944e+01 -7.00612023e+01  3.14007400e-04 
 4.57088190e+01 -7.00643486e+01  3.13893680e-04 
 4.62381021e+01 -7.00675659e+01  3.13777434e-04 
 4.67735141e+01 -7.00708558e+01  3.13658607e-04 
 4.73151259e+01 -7.00742196e+01  3.13537159e-04 
 4.78630092e+01 -7.00776594e+01  3.13413018e-04 
 4.84172368e+01 -7.00811764e+01  3.13286140e-04 
 4.89778819e+01 -7.00847723e+01  3.13156467e-04 
 4.95450191e+01 -7.00884493e+01  3.13023926e-04 
 5.01187234e+01 -7.00922084e+01  3.12888486e-04 
 5.06990708e+01 -7.00960519e+01  3.12750063e-04 
 5.12861384e+01 -7.00999817e+01  3.12608594e-04 
 5.18800039e+01 -7.01039992e+01  3.12464039e-04 
 5.24807460e+01 -7.01081066e+01  3.12316312e-04 
 5.30884444e+01 -7.01123056e+01  3.12165367e-04 
 5.37031796e+01 -7.01165985e+01  3.12011121e-04 
 5.43250331e+01 -7.01209870e+01  3.11853519e-04 
 5.49540874e+01 -7.01254733e+01  3.11692486e-04 
 5.55904257e+01 -7.01300595e+01  3.11527956e-04 
 5.62341325e+01 -7.01347474e+01  3.11359864e-04 
 5.68852931e+01 -7.01395394e+01  3.11188135e-04 
 5.75439937e+01 -7.01444376e+01  3.11012699e-04 
 5.82103218e+01 -7.01494444e+01  3.10833471e-04 
 5.88843655e+01 -7.01545620e+01  3.10650388e-04 
 5.95662144e+01 -7.01597927e+01  3.10463367e-04 
 6.02559586e+01 -7.01651387e+01  3.10272342e-04 
 6.09536897e+01 -7.01706028e+01  3.10077219e-04 
 6.16595002e+01 -7.01761871e+01  3.09877931e-04 
 6.23734835e+01 -7.01818942e+01  3.09674388e-04 
 6.30957344e+01 -7.01877265e+01  3.09466521e-04 
 6.38263486e+01 -7.01936871e+01  3.09254228e-04 
 6.45654229e+01 -7.01997780e+01  3.09037442e-04 
 6.53130553e+01 -7.02060021e+01  3.08816073e-04 
 6.60693448e+01 -7.02123622e+01  3.08590031e-04 
 6.68343918e+01 -7.02188613e+01  3.08359219e-04 
 6.76082975e+01 -7.02255015e+01  3.08123574e-04 
 6.83911647e+01 -7.02322862e+01  3.07882987e-04 
 6.91830971e+01 -7.02392182e+01  3.07637371e-04 
 6.99841996e+01 -7.02463005e+01  3.07386632e-04 
 7.07945784e+01 -7.02535364e+01  3.07130666e-04 
 7.16143410e+01 -7.02609279e+01  3.06869413e-04 
 7.24435960e+01 -7.02684795e+01  3.06602735e-04 
 7.32824533e+01 -7.02761936e+01  3.06330557e-04 
 7.41310241e+01 -7.02840733e+01  3.06052786e-04 
 7.49894209e+01 -7.02921224e+01  3.05769302e-04 
 7.58577575e+01 -7.03003436e+01  3.05480026e-04 
 7.67361489e+01 -7.03087407e+01  3.05184845e-04 
 7.76247117e+01 -7.03173169e+01  3.04883663e-04 
 7.85235635e+01 -7.03260758e+01  3.04576374e-04 
 7.94328235e+01 -7.03350209e+01  3.04262870e-04 
 8.03526122e+01 -7.03441554e+01  3.03943057e-04 
 8.12830516e+01 -7.03534837e+01  3.03616810e-04 
 8.22242650e+01 -7.03592680e+01  3.03414686e-04 
 8.31763771e+01 -7.03689938e+01  3.03075136e-04 
 8.41395142e+01 -7.03789242e+01  3.02728837e-04 
 8.51138038e+01 -7.03890631e+01  3.02375672e-04 
 8.60993752e+01 -7.03994142e+01  3.02015540e-04 
 8.70963590e+01 -7.04099811e+01  3.01648344e-04 
 8.81048873e+01 -7.04207682e+01  3.01273955e-04 
 8.91250938e+01 -7.04317802e+01  3.00892243e-04 
 9.01571138e+01 -7.04430199e+01  3.00503133e-04 
 9.12010839e+01 -7.04544922e+01  3.00106492e-04 
 9.22571427e+01 -7.04662010e+01  2.99702214e-04 
 9.33254301e+01 -7.04781509e+01  2.99290172e-04 
 9.44060876e+01 -7.04903456e+01  2.98870274e-04 
 9.54992586e+01 -7.05027898e+01  2.98442389e-04 
 9.66050879e+01 -7.05154883e+01  2.98006395e-04 
 9.77237221e+01 -7.05284449e+01  2.97562196e-04 
 9.88553095e+01 -7.05416639e+01  2.97109682e-04 
 1.00000000e+02 -7.05551508e+01  2.96648706e-04 
 1.01157945e+02 -7.05689092e+01  2.96179191e-04 
 1.02329299e+02 -7.05829445e+01  2.95700989e-04 
 1.03514217e+02 -7.05972608e+01  2.95214007e-04 
 1.04712855e+02 -7.06118627e+01  2.94718138e-04 
 1.05925373e+02 -7.06267553e+01  2.94213255e-04 
 1.07151931e+02 -7.06419438e+01  2.93699232e-04 
 1.08392691e+02 -7.06574319e+01  2.93175992e-04 
 1.09647820e+02 -7.06732254e+01  2.92643397e-04 
 1.10917482e+02 -7.06893289e+01  2.92101345e-04 
 1.12201845e+02 -7.07020063e+01  2.91675322e-04 
 1.13501082e+02 -7.07187444e+01  2.91113792e-04 
 1.14815362e+02 -7.07358076e+01  2.90542467e-04 
 1.16144861e+02 -7.07532009e+01  2.89961245e-04 
 1.17489755e+02 -7.07709286e+01  2.89370045e-04 
 1.18850223e+02 -7.07889969e+01  2.88768725e-04 
 1.20226443e+02 -7.08074101e+01  2.88157213e-04 
 1.21618600e+02 -7.08261737e+01  2.87535395e-04 
 1.23026877e+02 -7.08452930e+01  2.86903173e-04 
 1.24451461e+02 -7.08647730e+01  2.86260451e-04 
 1.25892541e+02 -7.08846185e+01  2.85607149e-04 
 1.27350308e+02 -7.09048352e+01  2.84943162e-04 
 1.28824955e+02 -7.09254282e+01  2.84268403e-04 
 1.30316678e+02 -7.09464028e+01  2.83582782e-04 
 1.31825674e+02 -7.09677641e+01  2.82886223e-04 
 1.33352143e+02 -7.09895176e+01  2.82178628e-04 
 1.34896288e+02 -7.10079270e+01  2.81581195e-04 
 1.36458314e+02 -7.10304799e+01  2.80851021e-04 
 1.38038426e+02 -7.10534406e+01  2.80109584e-04 
 1.39636836e+02 -7.10768140e+01  2.79356834e-04 
 1.41253754e+02 -7.11006056e+01  2.78592691e-04 
 1.42889396e+02 -7.11248209e+01  2.77817088e-04 
 1.44543977e+02 -7.11494646e+01  2.77029979e-04 
 1.46217717e+02 -7.11745420e+01  2.76231308e-04 
 1.47910839e+02 -7.12000584e+01  2.75421018e-04 
 1.49623566e+02 -7.12260190e+01  2.74599063e-04 
 1.51356125e+02 -7.12524284e+01  2.73765415e-04 
 1.53108746e+02 -7.12792923e+01  2.72920013e-04 
 1.54881662e+02 -7.13028745e+01  2.72180042e-04 
 1.56675107e+02 -7.13306617e+01  2.71310696e-04 
 1.58489319e+02 -7.13589181e+01  2.70429519e-04 
 1.60324539e+02 -7.13876487e+01  2.69536487e-04 
 1.62181010e+02 -7.14168585e+01  2.68631585e-04 
 1.64058977e+02 -7.14465521e+01  2.67714807e-04 
 1.65958691e+02 -7.14767344e+01  2.66786150e-04 
 1.67880402e+02 -7.15074097e+01  2.65845622e-04 
 1.69824365e+02 -7.15385834e+01  2.64893212e-04 
 1.71790839e+02 -7.15665185e+01  2.64042645e-04 
 1.73780083e+02 -7.15987013e+01  2.63066131e-04 
 1.75792361e+02 -7.16313956e+01  2.62077791e-04 
 1.77827941e+02 -7.16646060e+01  2.61077652e-04 
 1.79887092e+02 -7.16983364e+01  2.60065762e-04 
 1.81970086e+02 -7.17325913e+01  2.59042148e-04 
 1.84077200e+02 -7.17673744e+01  2.58006876e-04 
 1.86208714e+02 -7.18026902e+01  2.56959979e-04 
 1.88364909e+02 -7.18348015e+01  2.56011765e-04 
 1.90546072e+02 -7.18711935e+01  2.54941376e-04 
 1.92752491e+02 -7.19081300e+01  2.53859545e-04 
 1.94984460e+02 -7.19456142e+01  2.52766370e-04 
 1.97242274e+02 -7.19836493e+01  2.51661938e-04 
 1.99526231e+02 -7.20222391e+01  2.50546329e-04 
 2.01836636e+02 -7.20576462e+01  2.49527082e-04 
 2.04173794e+02 -7.20973549e+01  2.48388942e-04 
 2.06538016e+02 -7.21376281e+01  2.47239921e-04 
 2.08929613e+02 -7.21784683e+01  2.46080150e-04 
 2.11348904e+02 -7.22198788e+01  2.44909741e-04 
 2.13796209e+02 -7.22618621e+01  2.43728825e-04 
 2.16271852e+02 -7.23006796e+01  2.42642023e-04 
 2.18776162e+02 -7.23438160e+01  2.41439988e-04 
 2.21309471e+02 -7.23875328e+01  2.40227852e-04 
 2.23872114e+02 -7.24318318e+01  2.39005783e-04 
 2.26464431e+02 -7.24767155e+01  2.37773923e-04 
 2.29086765e+02 -7.25184448e+01  2.36634336e-04 
 2.31739465e+02 -7.25645030e+01  2.35382868e-04 
 2.34422882e+02 -7.26111513e+01  2.34122114e-04 
 2.37137371e+02 -7.26583913e+01  2.32852249e-04 
 2.39883292e+02 -7.27024833e+01  2.31673221e-04 
 2.42661010e+02 -7.27509101e+01  2.30385156e-04 
 2.45470892e+02 -7.27999325e+01  2.29088546e-04 
 2.48313311e+02 -7.28495511e+01  2.27783596e-04 
 2.51188643e+02 -7.28960259e+01  2.26568070e-04 
 2.54097271e+02 -7.29468393e+01  2.25246492e-04 
 2.57039578e+02 -7.29982513e+01  2.23917189e-04 
 2.60015956e+02 -7.30502621e+01  2.22580387e-04 
 2.63026799e+02 -7.30991310e+01  2.21331612e-04 
 2.66072506e+02 -7.31523404e+01  2.19979890e-04 
 2.69153480e+02 -7.32061485e+01  2.18621351e-04 
 2.72270131e+02 -7.32605564e+01  2.17256201e-04 
 2.75422870e+02 -7.33118214e+01  2.15977710e-04 
 2.78612117e+02 -7.33674259e+01  2.14599499e-04 
 2.81838293e+02 -7.34236289e+01  2.13215392e-04 
 2.85101827e+02 -7.34766876e+01  2.11916914e-04 
 2.88403150e+02 -7.35340840e+01  2.10521181e-04 
 2.91742701e+02 -7.35920758e+01  2.09120309e-04 
 2.95120923e+02 -7.36469211e+01  2.07804020e-04 
 2.98538262e+02 -7.37061002e+01  2.06393013e-04 
 3.01995172e+02 -7.37621308e+01  2.05065906e-04 
 3.05492111e+02 -7.38224923e+01  2.03645766e-04 
 3.09029543e+02 -7.38834433e+01  2.02221737e-04 
 3.12607937e+02 -7.39412403e+01  2.00880595e-04 
 3.16227766e+02 -7.40033638e+01  1.99448977e-04 
 3.19889511e+02 -7.40660712e+01  1.98014247e-04 
 3.23593657e+02 -7.41256188e+01  1.96661369e-04 
 3.27340695e+02 -7.41894871e+01  1.95220601e-04 
 3.31131121e+02 -7.42501918e+01  1.93860983e-04 
 3.34965439e+02 -7.43152126e+01  1.92415197e-04 
 3.38844156e+02 -7.43770651e+01  1.91049868e-04 
 3.42767787e+02 -7.44432286e+01  1.89600103e-04 
 3.46736850e+02 -7.45062192e+01  1.88230086e-04 
 3.50751874e+02 -7.45735154e+01  1.86777359e-04 
 3.54813389e+02 -7.46376332e+01  1.85403675e-04 
 3.58921935e+02 -7.47060512e+01  1.83949003e-04 
 3.63078055e+02 -7.47712854e+01  1.82572655e-04 
 3.67282300e+02 -7.48408137e+01  1.81117042e-04 
 3.71535229e+02 -7.49071520e+01  1.79739033e-04 
 3.75837404e+02 -7.49777793e+01  1.78283453e-04 
 3.80189396e+02 -7.50452099e+01  1.76904755e-04 
 3.84591782e+02 -7.51131820e+01  1.75525775e-04 
 3.89045145e+02 -7.51854333e+01  1.74071767e-04 
 3.93550075e+02 -7.52544790e+01  1.72693523e-04 
 3.98107171e+02 -7.53277974e+01  1.71241937e-04 
 4.02717034e+02 -7.53979029e+01  1.69865371e-04 
 4.07380278e+02 -7.54685339e+01  1.68489680e-04 
 4.12097519e+02 -7.55434278e+01  1.67043126e-04 
 4.16869383e+02 -7.56150987e+01  1.65670454e-04 
 4.21696503e+02 -7.56872848e+01  1.64299318e-04 
 4.26579519e+02 -7.57599826e+01  1.62929929e-04 
 4.31519077e+02 -7.58369298e+01  1.61492929e-04 
 4.36515832e+02 -7.59106404e+01  1.60128259e-04 
 4.41570447e+02 -7.59848525e+01  1.58765953e-04 
 4.46683592e+02 -7.60595628e+01  1.57406209e-04 
 4.51855944e+02 -7.61347676e+01  1.56049227e-04 
 4.57088190e+02 -7.62142049e+01  1.54628575e-04 
 4.62381021e+02 -7.62903885e+01  1.53278265e-04 
 4.67735141e+02 -7.63670568e+01  1.51931268e-04 
 4.73151259e+02 -7.64442062e+01  1.50587766e-04 
 4.78630092e+02 -7.65218338e+01  1.49247929e-04 
 4.84172368e+02 -7.65999359e+01  1.47911930e-04 
 4.89778819e+02 -7.66785093e+01  1.46579938e-04 
 4.95450191e+02 -7.67575511e+01  1.45252108e-04 
 5.01187234e+02 -7.68370579e+01  1.43928601e-04 
 5.06990708e+02 -7.69170269e+01  1.42609564e-04 
 5.12861384e+02 -7.69974550e+01  1.41295148e-04 
 5.18800039e+02 -7.70783390e+01  1.39985499e-04 
 5.24807460e+02 -7.71596761e+01  1.38680754e-04 
 5.30884444e+02 -7.72414636e+01  1.37381047e-04 
 5.37031796e+02 -7.73199575e+01  1.36145134e-04 
 5.43250331e+02 -7.74026372e+01  1.34855337e-04 
 5.49540874e+02 -7.74857587e+01  1.33570965e-04 
 5.55904257e+02 -7.75693200e+01  1.32292127e-04 
 5.62341325e+02 -7.76495780e+01  1.31075373e-04 
 5.68852931e+02 -7.77340107e+01  1.29807404e-04 
 5.75439937e+02 -7.78188762e+01  1.28545297e-04 
 5.82103218e+02 -7.79004313e+01  1.27343984e-04 
 5.88843655e+02 -7.79861548e+01  1.26093373e-04 
 5.95662144e+02 -7.80723043e+01  1.24848919e-04 
 6.02559586e+02 -7.81551369e+01  1.23663962e-04 
 6.09536897e+02 -7.82421325e+01  1.22431558e-04 
 6.16595002e+02 -7.83258081e+01  1.21257776e-04 
 6.23734835e+02 -7.84136433e+01  1.20037747e-04 
 6.30957344e+02 -7.84981546e+01  1.18875476e-04 
 6.38263486e+02 -7.85830821e+01  1.17718819e-04 
 6.45654229e+02 -7.86721650e+01  1.16517659e-04 
 6.53130553e+02 -7.87579201e+01  1.15372949e-04 
 6.60693448e+02 -7.88440876e+01  1.14234062e-04 
 6.68343918e+02 -7.89306669e+01  1.13101054e-04 
 6.76082975e+02 -7.90176569e+01  1.11973990e-04 
 6.83911647e+02 -7.91087974e+01  1.10805197e-04 
 6.91830971e+02 -7.91966068e+01  1.09690662e-04 
 6.99841996e+02 -7.92848248e+01  1.08582231e-04 
 7.07945784e+02 -7.93734519e+01  1.07479938e-04 
 7.16143410e+02 -7.94624879e+01  1.06383826e-04 
 7.24435960e+02 -7.95481912e+01  1.05339303e-04 
 7.32824533e+02 -7.96380442e+01  1.04255216e-04 
 7.41310241e+02 -7.97283065e+01  1.03177423e-04 
 7.49894209e+02 -7.98189786e+01  1.02105955e-04 
 7.58577575e+02 -7.99063200e+01  1.01084367e-04 
 7.67361489e+02 -7.99978126e+01  1.00025186e-04 
 7.76247117e+02 -8.00897369e+01  9.89721840e-05 
 7.85235635e+02 -8.01783135e+01  9.79680185e-05 
 7.94328235e+02 -8.02710459e+01  9.69276550e-05 
 8.03526122e+02 -8.03604528e+01  9.59350616e-05 
 8.12830516e+02 -8.04502769e+01  9.49480725e-05 
 8.22242650e+02 -8.05405202e+01  9.39667029e-05 
 8.31763771e+02 -8.06349248e+01  9.29509345e-05 
 8.41395142e+02 -8.07260117e+01  9.19812726e-05 
 8.51138038e+02 -8.08175239e+01  9.10172697e-05 
 8.60993752e+02 -8.09094641e+01  9.00589325e-05 
 8.70963590e+02 -8.10018344e+01  8.91062728e-05 
 8.81048873e+02 -8.10946381e+01  8.81592919e-05 
 8.91250938e+02 -8.11841379e+01  8.72555591e-05 
 9.01571138e+02 -8.12778172e+01  8.63195445e-05 
 9.12010839e+02 -8.13719398e+01  8.53892129e-05 
 9.22571427e+02 -8.14627681e+01  8.45009510e-05 
 9.33254301e+02 -8.15577874e+01  8.35815900e-05 
 9.44060876e+02 -8.16495207e+01  8.27035142e-05 
 9.54992586e+02 -8.17454534e+01  8.17951078e-05 
 9.66050879e+02 -8.18381084e+01  8.09272122e-05 
 9.77237221e+02 -8.19312311e+01  8.00642138e-05 
 9.88553095e+02 -8.20248269e+01  7.92061045e-05 
 1.00000000e+03 -8.21189002e+01  7.83528851e-05 
 1.01157945e+03 -8.22134573e+01  7.75045388e-05 
 1.02329299e+03 -8.23085030e+01  7.66610652e-05 
 1.03514217e+03 -8.24003025e+01  7.58551161e-05 
 1.04712855e+03 -8.24963435e+01  7.50209959e-05 
 1.05925373e+03 -8.25891508e+01  7.42236764e-05 
 1.07151931e+03 -8.26862126e+01  7.33988696e-05 
 1.08392691e+03 -8.27800535e+01  7.26101482e-05 
 1.09647820e+03 -8.28744224e+01  7.18255365e-05 
 1.10917482e+03 -8.29693263e+01  7.10450273e-05 
 1.12201845e+03 -8.30647726e+01  7.02686114e-05 
 1.13501082e+03 -8.31607691e+01  6.94962779e-05 
 1.14815362e+03 -8.32535833e+01  6.87576202e-05 
 1.16144861e+03 -8.33507049e+01  6.79930861e-05 
 1.17489755e+03 -8.34446615e+01  6.72615587e-05 
 1.18850223e+03 -8.35429439e+01  6.65047717e-05 
 1.20226443e+03 -8.36380789e+01  6.57803310e-05 
 1.21618600e+03 -8.37338177e+01  6.50592591e-05 
 1.23026877e+03 -8.38301700e+01  6.43415471e-05 
 1.24451461e+03 -8.39234050e+01  6.36545939e-05 
 1.25892541e+03 -8.40210152e+01  6.29432614e-05 
 1.27350308e+03 -8.41155297e+01  6.22620641e-05 
 1.28824955e+03 -8.42144413e+01  6.15570692e-05 
 1.30316678e+03 -8.43102798e+01  6.08815936e-05 
 1.31825674e+03 -8.44067981e+01  6.02088169e-05 
 1.33352143e+03 -8.45040089e+01  5.95387284e-05 
 1.34896288e+03 -8.45982016e+01  5.88965589e-05 
 1.36458314e+03 -8.46968341e+01  5.82315423e-05 
 1.38038426e+03 -8.47924563e+01  5.75939923e-05 
 1.39636836e+03 -8.48888235e+01  5.69585371e-05 
 1.41253754e+03 -8.49859491e+01  5.63251741e-05 
 1.42889396e+03 -8.50838485e+01  5.56938931e-05 
 1.44543977e+03 -8.51787948e+01  5.50884130e-05 
 1.46217717e+03 -8.52782856e+01  5.44610139e-05 
 1.47910839e+03 -8.53748544e+01  5.38588753e-05 
 1.49623566e+03 -8.54722584e+01  5.32582729e-05 
 1.51356125e+03 -8.55667739e+01  5.26818850e-05 
 1.53108746e+03 -8.56658989e+01  5.20840868e-05 
 1.54881662e+03 -8.57621695e+01  5.15099972e-05 
 1.56675107e+03 -8.58593447e+01  5.09369296e-05 
 1.58489319e+03 -8.59574426e+01  5.03648876e-05 
 1.60324539e+03 -8.60564825e+01  4.97938690e-05 
 1.62181010e+03 -8.61527428e+01  4.92450817e-05 
 1.64058977e+03 -8.62499842e+01  4.86968410e-05 
 1.65958691e+03 -8.63482270e+01  4.81491530e-05 
 1.67880402e+03 -8.64474927e+01  4.76020178e-05 
 1.69824365e+03 -8.65440613e+01  4.70757163e-05 
 1.71790839e+03 -8.66416959e+01  4.65495200e-05 
 1.73780083e+03 -8.67404384e+01  4.60233344e-05 
 1.75792361e+03 -8.68365331e+01  4.55169703e-05 
 1.77827941e+03 -8.69337632e+01  4.50102928e-05 
 1.79887092e+03 -8.70321539e+01  4.45033092e-05 
 1.81970086e+03 -8.71317291e+01  4.39960355e-05 
 1.84077200e+03 -8.72287744e+01  4.35072147e-05 
 1.86208714e+03 -8.73270568e+01  4.30176973e-05 
 1.88364909e+03 -8.74266032e+01  4.25274987e-05 
 1.90546072e+03 -8.75236996e+01  4.20547466e-05 
 1.92752491e+03 -8.76221161e+01  4.15809295e-05 
 1.94984460e+03 -8.77218815e+01  4.11060668e-05 
 1.97242274e+03 -8.78192840e+01  4.06476835e-05 
 1.99526231e+03 -8.79180954e+01  4.01878925e-05 
 2.01836636e+03 -8.80146061e+01  3.97438282e-05 
 2.04173794e+03 -8.81163290e+01  3.92810917e-05 
 2.06538016e+03 -8.82120935e+01  3.88503847e-05 
 2.08929613e+03 -8.83131187e+01  3.84011353e-05 
 2.11348904e+03 -8.84119747e+01  3.79665612e-05 
 2.13796209e+03 -8.85086973e+01  3.75461263e-05 
 2.16271852e+03 -8.86070632e+01  3.71233228e-05 
 2.18776162e+03 -8.87071095e+01  3.66981800e-05 
 2.21309471e+03 -8.88051328e+01  3.62863562e-05 
 2.23872114e+03 -8.89049131e+01  3.58718970e-05 
 2.26464431e+03 -8.90027478e+01  3.54701159e-05 
 2.29086765e+03 -8.91024201e+01  3.50654160e-05 
 2.31739465e+03 -8.92002293e+01  3.46727696e-05 
 2.34422882e+03 -8.92999784e+01  3.42768638e-05 
 2.37137371e+03 -8.93979316e+01  3.38924856e-05 
 2.39883292e+03 -8.94978939e+01  3.35046668e-05 
 2.42661010e+03 -8.95961692e+01  3.31277194e-05 
 2.45470892e+03 -8.96928052e+01  3.27611956e-05 
 2.48313311e+03 -8.97915899e+01  3.23907126e-05 
 2.51188643e+03 -8.98925727e+01  3.20163165e-05 
 2.54097271e+03 -8.99920625e+01  3.16516878e-05 
 2.57039578e+03 -9.00901110e+01  3.12964048e-05 
 2.60015956e+03 -9.01905491e+01  3.09365973e-05 
 2.63026799e+03 -9.02896140e+01  3.05857615e-05 
 2.66072506e+03 -9.03873989e+01  3.02433613e-05 
 2.69153480e+03 -9.04877010e+01  2.98961285e-05 
 2.72270131e+03 -9.05868369e+01  2.95568506e-05 
 2.75422870e+03 -9.06848658e+01  2.92251475e-05 
 2.78612117e+03 -9.07855890e+01  2.88882044e-05 
 2.81838293e+03 -9.08816056e+01  2.85706235e-05 
 2.85101827e+03 -9.09841633e+01  2.82352629e-05 
 2.88403150e+03 -9.10821238e+01  2.79186111e-05 
 2.91742701e+03 -9.11792940e+01  2.76080226e-05 
 2.95120923e+03 -9.12794825e+01  2.72914039e-05 
 2.98538262e+03 -9.13790186e+01  2.69804426e-05 
 3.01995172e+03 -9.14779921e+01  2.66747522e-05 
 3.05492111e+03 -9.15764380e+01  2.63741275e-05 
 3.09029543e+03 -9.16781907e+01  2.60669647e-05 
 3.12607937e+03 -9.17758443e+01  2.57755407e-05 
 3.16227766e+03 -9.18769593e+01  2.54772200e-05 
 3.19889511e+03 -9.19741336e+01  2.51937792e-05 
 3.23593657e+03 -9.20749494e+01  2.49030495e-05 
 3.27340695e+03 -9.21757119e+01  2.46158255e-05 
 3.31131121e+03 -9.22727853e+01  2.43422509e-05 
 3.34965439e+03 -9.23737389e+01  2.40609659e-05 
 3.38844156e+03 -9.24711803e+01  2.37925496e-05 
 3.42767787e+03 -9.25726837e+01  2.35161279e-05 
 3.46736850e+03 -9.26708607e+01  2.32518206e-05 
 3.50751874e+03 -9.27692626e+01  2.29898887e-05 
 3.54813389e+03 -9.28685601e+01  2.27285640e-05 
 3.58921935e+03 -9.29686060e+01  2.24682735e-05 
 3.63078055e+03 -9.30694270e+01  2.22089818e-05 
 3.67282300e+03 -9.31674269e+01  2.19598140e-05 
 3.71535229e+03 -9.32664536e+01  2.17108746e-05 
 3.75837404e+03 -9.33666179e+01  2.14619463e-05 
 3.80189396e+03 -9.34680327e+01  2.12128179e-05 
 3.84591782e+03 -9.35670731e+01  2.09723136e-05 
 3.89045145e+03 -9.36676174e+01  2.07309466e-05 
 3.93550075e+03 -9.37660084e+01  2.04974379e-05 
 3.98107171e+03 -9.38661302e+01  2.02625216e-05 
 4.02717034e+03 -9.39643686e+01  2.00346413e-05 
 4.07380278e+03 -9.40646318e+01  1.98047065e-05 
 4.12097519e+03 -9.41632369e+01  1.95811483e-05 
 4.16869383e+03 -9.42640984e+01  1.93550850e-05 
 4.21696503e+03 -9.43636147e+01  1.91345946e-05 
 4.26579519e+03 -9.44619292e+01  1.89192336e-05 
 4.31519077e+03 -9.45629279e+01  1.87005166e-05 
 4.36515832e+03 -9.46630568e+01  1.84861793e-05 
 4.41570447e+03 -9.47623930e+01  1.82759664e-05 
 4.46683592e+03 -9.48611316e+01  1.80693871e-05 
 4.51855944e+03 -9.49631728e+01  1.78583513e-05 
 4.57088190e+03 -9.50611992e+01  1.76579402e-05 
 4.62381021e+03 -9.51628783e+01  1.74524373e-05 
 4.67735141e+03 -9.52608613e+01  1.72566676e-05 
 4.73151259e+03 -9.53591039e+01  1.70625842e-05 
 4.78630092e+03 -9.54614883e+01  1.68626406e-05 
 4.84172368e+03 -9.55607344e+01  1.66710626e-05 
 4.89778819e+03 -9.56607909e+01  1.64801233e-05 
 4.95450191e+03 -9.57580717e+01  1.62965778e-05 
 5.01187234e+03 -9.58603121e+01  1.61058776e-05 
 5.06990708e+03 -9.59601556e+01  1.59218020e-05 
 5.12861384e+03 -9.60578469e+01  1.57437307e-05 
 5.18800039e+03 -9.61573370e+01  1.55644275e-05 
 5.24807460e+03 -9.62588616e+01  1.53835626e-05 
 5.30884444e+03 -9.63588631e+01  1.52074657e-05 
 5.37031796e+03 -9.64576046e+01  1.50355656e-05 
 5.43250331e+03 -9.65590403e+01  1.48609983e-05 
 5.49540874e+03 -9.66559055e+01  1.46961889e-05 
 5.55904257e+03 -9.67559623e+01  1.45278680e-05 
 5.62341325e+03 -9.68556804e+01  1.43620350e-05 
 5.68852931e+03 -9.69553508e+01  1.41981729e-05 
 5.75439937e+03 -9.70551956e+01  1.40358985e-05 
 5.82103218e+03 -9.71555183e+01  1.38747155e-05 
 5.88843655e+03 -9.72565727e+01  1.37142280e-05 
 5.95662144e+03 -9.73548756e+01  1.35598917e-05 
 6.02559586e+03 -9.74544920e+01  1.34052649e-05 
 6.09536897e+03 -9.75556928e+01  1.32499842e-05 
 6.16595002e+03 -9.76550363e+01  1.30993029e-05 
 6.23734835e+03 -9.77565501e+01  1.29470998e-05 
 6.30957344e+03 -9.78568422e+01  1.27984651e-05 
 6.38263486e+03 -9.79562322e+01  1.26528509e-05 
 6.45654229e+03 -9.80549909e+01  1.25098026e-05 
 6.53130553e+03 -9.81534905e+01  1.23687405e-05 
 6.60693448e+03 -9.82558519e+01  1.22238329e-05 
 6.68343918e+03 -9.83548670e+01  1.20852781e-05 
 6.76082975e+03 -9.84544270e+01  1.19475444e-05 
 6.83911647e+03 -9.85554123e+01  1.18094422e-05 
 6.91830971e+03 -9.86541723e+01  1.16759274e-05 
 6.99841996e+03 -9.87548878e+01  1.15413234e-05 
 7.07945784e+03 -9.88541367e+01  1.14101976e-05 
 7.16143410e+03 -9.89523955e+01  1.12818475e-05 
 7.24435960e+03 -9.90537420e+01  1.11509765e-05 
 7.32824533e+03 -9.91549129e+01  1.10218464e-05 
 7.41310241e+03 -9.92525983e+01  1.08985842e-05 
 7.49894209e+03 -9.93546651e+01  1.07712658e-05 
 7.58577575e+03 -9.94541383e+01  1.06486141e-05 
 7.67361489e+03 -9.95514617e+01  1.05299647e-05 
 7.76247117e+03 -9.96508487e+01  1.04101639e-05 
 7.85235635e+03 -9.97527822e+01  1.02887091e-05 
 7.94328235e+03 -9.98540170e+01  1.01694894e-05 
 8.03526122e+03 -9.99513374e+01  1.00561822e-05 
 8.12830516e+03 -1.00052706e+02  9.93950413e-06 
 8.22242650e+03 -1.00151189e+02  9.82744323e-06 
 8.31763771e+03 -1.00251072e+02  9.71508077e-06 
 8.41395142e+03 -1.00352927e+02  9.60182229e-06 
 8.51138038e+03 -1.00453544e+02  9.49123681e-06 
 8.60993752e+03 -1.00553543e+02  9.38259229e-06 
 8.70963590e+03 -1.00653500e+02  9.27523631e-06 
 8.81048873e+03 -1.00750264e+02  9.17248050e-06 
 8.91250938e+03 -1.00851691e+02  9.06599428e-06 
 9.01571138e+03 -1.00951454e+02  8.96246153e-06 
 9.12010839e+03 -1.01049993e+02  8.86135941e-06 
 9.22571427e+03 -1.01151698e+02  8.75820495e-06 
 9.33254301e+03 -1.01249696e+02  8.65994623e-06 
 9.44060876e+03 -1.01352261e+02  8.55828878e-06 
 9.54992586e+03 -1.01452590e+02  8.46000276e-06 
 9.66050879e+03 -1.01551414e+02  8.36429425e-06 
 9.77237221e+03 -1.01649464e+02  8.27040572e-06 
 9.88553095e+03 -1.01751284e+02  8.17402190e-06 
 1.00000000e+04 -1.01850159e+02  8.08150140e-06 
 1.01157945e+04 -1.01950632e+02  7.98855813e-06 
 1.02329299e+04 -1.02049785e+02  7.89788444e-06 
 1.03514217e+04 -1.02152215e+02  7.80529340e-06 
 1.04712855e+04 -1.02251266e+02  7.71679048e-06 
 1.05925373e+04 -1.02351289e+02  7.62843645e-06 
 1.07151931e+04 -1.02450019e+02  7.54221753e-06 
 1.08392691e+04 -1.02551849e+02  7.45431188e-06 
 1.09647820e+04 -1.02650183e+02  7.37039629e-06 
 1.10917482e+04 -1.02749786e+02  7.28636133e-06 
 1.12201845e+04 -1.02851644e+02  7.20141423e-06 
 1.13501082e+04 -1.02949249e+02  7.12094361e-06 
 1.14815362e+04 -1.03051134e+02  7.03790297e-06 
 1.16144861e+04 -1.03150897e+02  6.95753106e-06 
 1.17489755e+04 -1.03249618e+02  6.87890169e-06 
 1.18850223e+04 -1.03348331e+02  6.80116753e-06 
 1.20226443e+04 -1.03451738e+02  6.72067827e-06 
 1.21618600e+04 -1.03550272e+02  6.64486885e-06 
 1.23026877e+04 -1.03648577e+02  6.57008781e-06 
 1.24451461e+04 -1.03751645e+02  6.49258695e-06 
 1.25892541e+04 -1.03849478e+02  6.41986806e-06 
 1.27350308e+04 -1.03950831e+02  6.34539209e-06 
 1.28824955e+04 -1.04049522e+02  6.27370187e-06 
 1.30316678e+04 -1.04150627e+02  6.20109883e-06 
 1.31825674e+04 -1.04248026e+02  6.13195162e-06 
 1.33352143e+04 -1.04350346e+02  6.06014037e-06 
 1.34896288e+04 -1.04448271e+02  5.99220222e-06 
 1.36458314e+04 -1.04550571e+02  5.92204158e-06 
 1.38038426e+04 -1.04651145e+02  5.85386535e-06 
 1.39636836e+04 -1.04747877e+02  5.78903496e-06 
 1.41253754e+04 -1.04849773e+02  5.72151882e-06 
 1.42889396e+04 -1.04950976e+02  5.65524178e-06 
 1.44543977e+04 -1.05049182e+02  5.59166189e-06 
 1.46217717e+04 -1.05150152e+02  5.52703740e-06 
 1.47910839e+04 -1.05247978e+02  5.46513761e-06 
 1.49623566e+04 -1.05348100e+02  5.40250305e-06 
 1.51356125e+04 -1.05448487e+02  5.34042298e-06 
 1.53108746e+04 -1.05547524e+02  5.27987688e-06 
 1.54881662e+04 -1.05650672e+02  5.21754745e-06 
 1.56675107e+04 -1.05748471e+02  5.15912999e-06 
 1.58489319e+04 -1.05850554e+02  5.09885098e-06 
 1.60324539e+04 -1.05947821e+02  5.04207080e-06 
 1.62181010e+04 -1.06049712e+02  4.98326994e-06 
 1.64058977e+04 -1.06150730e+02  4.92564921e-06 
 1.65958691e+04 -1.06249508e+02  4.86995086e-06 
 1.67880402e+04 -1.06348151e+02  4.81495728e-06 
 1.69824365e+04 -1.06448758e+02  4.75950843e-06 
 1.71790839e+04 -1.06550247e+02  4.70422009e-06 
 1.73780083e+04 -1.06647201e+02  4.65200256e-06 
 1.75792361e+04 -1.06749772e+02  4.59739045e-06 
 1.77827941e+04 -1.06848934e+02  4.54520300e-06 
 1.79887092e+04 -1.06947549e+02  4.49389095e-06 
 1.81970086e+04 -1.07048052e+02  4.44219291e-06 
 1.84077200e+04 -1.07149235e+02  4.39074528e-06 
 1.86208714e+04 -1.07250328e+02  4.33993873e-06 
 1.88364909e+04 -1.07350123e+02  4.29036095e-06 
 1.90546072e+04 -1.07447995e+02  4.24228888e-06 
 1.92752491e+04 -1.07550333e+02  4.19259904e-06 
 1.94984460e+04 -1.07649144e+02  4.14517426e-06 
 1.97242274e+04 -1.07747195e+02  4.09864462e-06 
 1.99526231e+04 -1.07847806e+02  4.05144281e-06 
 2.01836636e+04 -1.07950540e+02  4.00380595e-06 
 2.04173794e+04 -1.08047156e+02  3.95951687e-06 
 2.06538016e+04 -1.08148752e+02  3.91347347e-06 
 2.08929613e+04 -1.08247279e+02  3.86933242e-06 
 2.11348904e+04 -1.08350145e+02  3.82377880e-06 
 2.13796209e+04 -1.08449780e+02  3.78016730e-06 
 2.16271852e+04 -1.08549623e+02  3.73696331e-06 
 2.18776162e+04 -1.08649795e+02  3.69411381e-06 
 2.21309471e+04 -1.08746854e+02  3.65306406e-06 
 2.23872114e+04 -1.08848149e+02  3.61070946e-06 
 2.26464431e+04 -1.08950346e+02  3.56847516e-06 
 2.29086765e+04 -1.09050262e+02  3.52766144e-06 
 2.31739465e+04 -1.09148080e+02  3.48815673e-06 
 2.34422882e+04 -1.09248199e+02  3.44818083e-06 
 2.37137371e+04 -1.09347624e+02  3.40893561e-06 
 2.39883292e+04 -1.09447234e+02  3.37006527e-06 
 2.42661010e+04 -1.09547619e+02  3.33134054e-06 
 2.45470892e+04 -1.09649930e+02  3.29233119e-06 
 2.48313311e+04 -1.09747740e+02  3.25546467e-06 
 2.51188643e+04 -1.09849799e+02  3.21743689e-06 
 2.54097271e+04 -1.09949872e+02  3.18058069e-06 
 2.57039578e+04 -1.10049476e+02  3.14431600e-06 
 2.60015956e+04 -1.10150119e+02  3.10809321e-06 
 2.63026799e+04 -1.10249801e+02  3.07262773e-06 
 2.66072506e+04 -1.10346538e+02  3.03859698e-06 
 2.69153480e+04 -1.10449792e+02  3.00268943e-06 
 2.72270131e+04 -1.10546672e+02  2.96938409e-06 
 2.75422870e+04 -1.10646815e+02  2.93534567e-06 
 2.78612117e+04 -1.10748902e+02  2.90104787e-06 
 2.81838293e+04 -1.10847906e+02  2.86816876e-06 
 2.85101827e+04 -1.10950201e+02  2.83458813e-06 
 2.88403150e+04 -1.11047243e+02  2.80309506e-06 
 2.91742701e+04 -1.11149806e+02  2.77019105e-06 
 2.95120923e+04 -1.11249259e+02  2.73865325e-06 
 2.98538262e+04 -1.11349389e+02  2.70726362e-06 
 3.01995172e+04 -1.11449275e+02  2.67630885e-06 
 3.05492111e+04 -1.11549121e+02  2.64572051e-06 
 3.09029543e+04 -1.11649126e+02  2.61543366e-06 
 3.12607937e+04 -1.11748978e+02  2.58553892e-06 
 3.16227766e+04 -1.11849288e+02  2.55585138e-06 
 3.19889511e+04 -1.11947167e+02  2.52721192e-06 
 3.23593657e+04 -1.12046475e+02  2.49848201e-06 
 3.27340695e+04 -1.12148463e+02  2.46931688e-06 
 3.31131121e+04 -1.12246787e+02  2.44152210e-06 
 3.34965439e+04 -1.12346736e+02  2.41358844e-06 
 3.38844156e+04 -1.12449262e+02  2.38526643e-06 
 3.42767787e+04 -1.12548983e+02  2.35803834e-06 
 3.46736850e+04 -1.12647789e+02  2.33136661e-06 
 3.50751874e+04 -1.12747992e+02  2.30462583e-06 
 3.54813389e+04 -1.12847979e+02  2.27824830e-06 
 3.58921935e+04 -1.12946776e+02  2.25248140e-06 
 3.63078055e+04 -1.13047221e+02  2.22658322e-06 
 3.67282300e+04 -1.13148658e+02  2.20073167e-06 
 3.71535229e+04 -1.13247006e+02  2.17595391e-06 
 3.75837404e+04 -1.13349588e+02  2.15040672e-06 
 3.80189396e+04 -1.13449018e+02  2.12593065e-06 
 3.84591782e+04 -1.13549435e+02  2.10149445e-06 
 3.89045145e+04 -1.13647770e+02  2.07783722e-06 
 3.93550075e+04 -1.13748631e+02  2.05384864e-06 
 3.98107171e+04 -1.13849529e+02  2.03012871e-06 
 4.02717034e+04 -1.13948200e+02  2.00719707e-06 
 4.07380278e+04 -1.14046318e+02  1.98465069e-06 
 4.12097519e+04 -1.14150009e+02  1.96109917e-06 
 4.16869383e+04 -1.14246574e+02  1.93941736e-06 
 4.21696503e+04 -1.14349842e+02  1.91649594e-06 
 4.26579519e+04 -1.14447965e+02  1.89496737e-06 
 4.31519077e+04 -1.14548291e+02  1.87320558e-06 
 4.36515832e+04 -1.14646917e+02  1.85205606e-06 
 4.41570447e+04 -1.14747574e+02  1.83071736e-06 
 4.46683592e+04 -1.14847838e+02  1.80970624e-06 
 4.51855944e+04 -1.14948191e+02  1.78891815e-06 
 4.57088190e+04 -1.15046812e+02  1.76872125e-06 
 4.62381021e+04 -1.15149061e+02  1.74802218e-06 
 4.67735141e+04 -1.15249309e+02  1.72796350e-06 
 4.73151259e+04 -1.15346739e+02  1.70868901e-06 
 4.78630092e+04 -1.15448328e+02  1.68882092e-06 
 4.84172368e+04 -1.15549524e+02  1.66925933e-06 
 4.89778819e+04 -1.15647070e+02  1.65061779e-06 
 4.95450191e+04 -1.15748875e+02  1.63138413e-06 
 5.01187234e+04 -1.15848336e+02  1.61280991e-06 
 5.06990708e+04 -1.15947177e+02  1.59456107e-06 
 5.12861384e+04 -1.16047041e+02  1.57633296e-06 
 5.18800039e+04 -1.16146721e+02  1.55834629e-06 
 5.24807460e+04 -1.16249155e+02  1.54007643e-06 
 5.30884444e+04 -1.16346506e+02  1.52291164e-06 
 5.37031796e+04 -1.16446597e+02  1.50546319e-06 
 5.43250331e+04 -1.16549828e+02  1.48767675e-06 
 5.49540874e+04 -1.16646383e+02  1.47123095e-06 
 5.55904257e+04 -1.16748957e+02  1.45395897e-06 
 5.62341325e+04 -1.16849279e+02  1.43726234e-06 
 5.68852931e+04 -1.16946281e+02  1.42130066e-06 
 5.75439937e+04 -1.17047090e+02  1.40490022e-06 
 5.82103218e+04 -1.17148649e+02  1.38856932e-06 
 5.88843655e+04 -1.17247882e+02  1.37279568e-06 
 5.95662144e+04 -1.17346678e+02  1.35726950e-06 
 6.02559586e+04 -1.17447256e+02  1.34164377e-06 
 6.09536897e+04 -1.17548870e+02  1.32603960e-06 
 6.16595002e+04 -1.17647535e+02  1.31106201e-06 
 6.23734835e+04 -1.17747870e+02  1.29600451e-06 
 6.30957344e+04 -1.17847129e+02  1.28127860e-06 
 6.38263486e+04 -1.17947504e+02  1.26655711e-06 
 6.45654229e+04 -1.18048032e+02  1.25198298e-06 
 6.53130553e+04 -1.18148484e+02  1.23758713e-06 
 6.60693448e+04 -1.18249639e+02  1.22325800e-06 
 6.68343918e+04 -1.18348762e+02  1.20937752e-06 
 6.76082975e+04 -1.18448101e+02  1.19562485e-06 
 6.83911647e+04 -1.18547167e+02  1.18206577e-06 
 6.91830971e+04 -1.18649647e+02  1.16820115e-06 
 6.99841996e+04 -1.18749100e+02  1.15490164e-06 
 7.07945784e+04 -1.18847670e+02  1.14186955e-06 
 7.16143410e+04 -1.18947714e+02  1.12879303e-06 
 7.24435960e+04 -1.19049535e+02  1.11563790e-06 
 7.32824533e+04 -1.19146792e+02  1.10321561e-06 
 7.41310241e+04 -1.19248764e+02  1.09033966e-06 
 7.49894209e+04 -1.19347047e+02  1.07807171e-06 
 7.58577575e+04 -1.19449535e+02  1.06542594e-06 
 7.67361489e+04 -1.19546145e+02  1.05364120e-06 
 7.76247117e+04 -1.19647183e+02  1.04145576e-06 
 7.85235635e+04 -1.19747932e+02  1.02944558e-06 
 7.94328235e+04 -1.19846209e+02  1.01786348e-06 
 8.03526122e+04 -1.19947362e+02  1.00607856e-06 
 8.12830516e+04 -1.20047249e+02  9.94574999e-07 
 8.22242650e+04 -1.20146391e+02  9.83287334e-07 
 8.31763771e+04 -1.20246827e+02  9.71982929e-07 
 8.41395142e+04 -1.20347979e+02  9.60729298e-07 
 8.51138038e+04 -1.20446822e+02  9.49858421e-07 
 8.60993752e+04 -1.20549260e+02  9.38722049e-07 
 8.70963590e+04 -1.20647070e+02  9.28210535e-07 
 8.81048873e+04 -1.20749060e+02  9.17375224e-07 
 8.91250938e+04 -1.20846464e+02  9.07145154e-07 
 9.01571138e+04 -1.20946770e+02  8.96729611e-07 
 9.12010839e+04 -1.21048296e+02  8.86309107e-07 
 9.22571427e+04 -1.21146078e+02  8.76387332e-07 
 9.33254301e+04 -1.21249136e+02  8.66050478e-07 
 9.44060876e+04 -1.21348520e+02  8.56197547e-07 
 9.54992586e+04 -1.21448763e+02  8.46373098e-07 
 9.66050879e+04 -1.21548073e+02  8.36751238e-07 
 9.77237221e+04 -1.21646279e+02  8.27343833e-07 
 9.88553095e+04 -1.21749268e+02  8.17591936e-07 
 1.00000000e+05 -1.21849428e+02  8.08218159e-07 
 1.01157945e+05 -1.21948511e+02  7.99050948e-07 
 1.02329299e+05 -1.22046278e+02  7.90107312e-07 
 1.03514217e+05 -1.22148162e+02  7.80893666e-07 
 1.04712855e+05 -1.22246595e+02  7.72094086e-07 
 1.05925373e+05 -1.22347660e+02  7.63162459e-07 
 1.07151931e+05 -1.22447554e+02  7.54435820e-07 
 1.08392691e+05 -1.22548825e+02  7.45690768e-07 
 1.09647820e+05 -1.22648252e+02  7.37203511e-07 
 1.10917482e+05 -1.22749337e+02  7.28673768e-07 
 1.12201845e+05 -1.22849335e+02  7.20332881e-07 
 1.13501082e+05 -1.22948589e+02  7.12148454e-07 
 1.14815362e+05 -1.23049423e+02  7.03928952e-07 
 1.16144861e+05 -1.23149127e+02  6.95894859e-07 
 1.17489755e+05 -1.23247563e+02  6.88052945e-07 
 1.18850223e+05 -1.23346986e+02  6.80222002e-07 
 1.20226443e+05 -1.23448621e+02  6.72309010e-07 
 1.21618600e+05 -1.23548869e+02  6.64594240e-07 
 1.23026877e+05 -1.23646423e+02  6.57171732e-07 
 1.24451461e+05 -1.23747118e+02  6.49597108e-07 
 1.25892541e+05 -1.23848237e+02  6.42078497e-07 
 1.27350308e+05 -1.23945619e+02  6.34920086e-07 
 1.28824955e+05 -1.24046326e+02  6.27601125e-07 
 1.30316678e+05 -1.24148884e+02  6.20234313e-07 
 1.31825674e+05 -1.24247319e+02  6.13245046e-07 
 1.33352143e+05 -1.24346474e+02  6.06284301e-07 
 1.34896288e+05 -1.24447083e+02  5.99302202e-07 
 1.36458314e+05 -1.24549035e+02  5.92308868e-07 
 1.38038426e+05 -1.24648880e+02  5.85539261e-07 
 1.39636836e+05 -1.24745867e+02  5.79037439e-07 
 1.41253754e+05 -1.24846918e+02  5.72340018e-07 
 1.42889396e+05 -1.24947739e+02  5.65735032e-07 
 1.44543977e+05 -1.25047503e+02  5.59274272e-07 
 1.46217717e+05 -1.25145397e+02  5.53006363e-07 
 1.47910839e+05 -1.25248910e+02  5.46455097e-07 
 1.49623566e+05 -1.25346431e+02  5.40354113e-07 
 1.51356125e+05 -1.25448951e+02  5.34013769e-07 
 1.53108746e+05 -1.25546251e+02  5.28065090e-07 
 1.54881662e+05 -1.25646940e+02  5.21978980e-07 
 1.56675107e+05 -1.25749070e+02  5.15877416e-07 
 1.58489319e+05 -1.25847269e+02  5.10077965e-07 
 1.60324539e+05 -1.25945290e+02  5.04354034e-07 
 1.62181010e+05 -1.26047454e+02  4.98456568e-07 
 1.64058977e+05 -1.26147700e+02  4.92736798e-07 
 1.65958691e+05 -1.26245379e+02  4.87226646e-07 
 1.67880402e+05 -1.26348198e+02  4.81493120e-07 
 1.69824365e+05 -1.26446741e+02  4.76061352e-07 
 1.71790839e+05 -1.26547995e+02  4.70543998e-07 
 1.73780083e+05 -1.26645806e+02  4.65274957e-07 
 1.75792361e+05 -1.26746871e+02  4.59892614e-07 
 1.77827941e+05 -1.26848488e+02  4.54543645e-07 
 1.79887092e+05 -1.26946812e+02  4.49427263e-07 
 1.81970086e+05 -1.27046778e+02  4.44284447e-07 
 1.84077200e+05 -1.27148587e+02  4.39107298e-07 
 1.86208714e+05 -1.27247741e+02  4.34123149e-07 
 1.88364909e+05 -1.27345434e+02  4.29267796e-07 
 1.90546072e+05 -1.27446198e+02  4.24316693e-07 
 1.92752491e+05 -1.27545827e+02  4.19477466e-07 
 1.94984460e+05 -1.27646905e+02  4.14624278e-07 
 1.97242274e+05 -1.27747983e+02  4.09827262e-07 
 1.99526231e+05 -1.27847018e+02  4.05181032e-07 
 2.01836636e+05 -1.27945842e+02  4.00597181e-07 
 2.04173794e+05 -1.28042062e+02  3.96183960e-07 
 2.06538016e+05 -1.28141066e+02  3.91693796e-07 
 2.08929613e+05 -1.28241396e+02  3.87195409e-07 
 2.11348904e+05 -1.28341539e+02  3.82756931e-07 
 2.13796209e+05 -1.28444685e+02  3.78238520e-07 
 2.16271852e+05 -1.28543683e+02  3.73951989e-07 
 2.18776162e+05 -1.28643902e+02  3.69662069e-07 
 2.21309471e+05 -1.28743941e+02  3.65428929e-07 
 2.23872114e+05 -1.28844202e+02  3.61235050e-07 
 2.26464431e+05 -1.28943022e+02  3.57148562e-07 
 2.29086765e+05 -1.29040778e+02  3.53151548e-07 
 2.31739465e+05 -1.29143292e+02  3.49008018e-07 
 2.34422882e+05 -1.29243678e+02  3.44997621e-07 
 2.37137371e+05 -1.29342209e+02  3.41106156e-07 
 2.39883292e+05 -1.29441102e+02  3.37244502e-07 
 2.42661010e+05 -1.29542159e+02  3.33343537e-07 
 2.45470892e+05 -1.29642908e+02  3.29499393e-07 
 2.48313311e+05 -1.29740952e+02  3.25800973e-07 
 2.51188643e+05 -1.29840691e+02  3.22081256e-07 
 2.54097271e+05 -1.29940342e+02  3.18407220e-07 
 2.57039578e+05 -1.30041735e+02  3.14711957e-07 
 2.60015956e+05 -1.30140342e+02  3.11159383e-07 
 2.63026799e+05 -1.30240162e+02  3.07603957e-07 
 2.66072506e+05 -1.30342897e+02  3.03987094e-07 
 2.69153480e+05 -1.30440677e+02  3.00584184e-07 
 2.72270131e+05 -1.30542501e+02  2.97081051e-07 
 2.75422870e+05 -1.30641307e+02  2.93720759e-07 
 2.78612117e+05 -1.30740076e+02  2.90399728e-07 
 2.81838293e+05 -1.30840935e+02  2.87047144e-07 
 2.85101827e+05 -1.30941483e+02  2.83743446e-07 
 2.88403150e+05 -1.31040115e+02  2.80539649e-07 
 2.91742701e+05 -1.31141863e+02  2.77272518e-07 
 2.95120923e+05 -1.31241602e+02  2.74106857e-07 
 2.98538262e+05 -1.31342903e+02  2.70928607e-07 
 3.01995172e+05 -1.31442826e+02  2.67829677e-07 
 3.05492111e+05 -1.31540423e+02  2.64837125e-07 
 3.09029543e+05 -1.31639956e+02  2.61819622e-07 
 3.12607937e+05 -1.31741518e+02  2.58776064e-07 
 3.16227766e+05 -1.31839968e+02  2.55859530e-07 
 3.19889511e+05 -1.31941497e+02  2.52886201e-07 
 3.23593657e+05 -1.32040500e+02  2.50020137e-07 
 3.27340695e+05 -1.32139850e+02  2.47176678e-07 
 3.31131121e+05 -1.32239000e+02  2.44371176e-07 
 3.34965439e+05 -1.32338677e+02  2.41582874e-07 
 3.38844156e+05 -1.32438864e+02  2.38812362e-07 
 3.42767787e+05 -1.32540050e+02  2.36046460e-07 
 3.46736850e+05 -1.32639250e+02  2.33365944e-07 
 3.50751874e+05 -1.32740351e+02  2.30665404e-07 
 3.54813389e+05 -1.32839036e+02  2.28059509e-07 
 3.58921935e+05 -1.32939930e+02  2.25425749e-07 
 3.63078055e+05 -1.33040712e+02  2.22825241e-07 
 3.67282300e+05 -1.33141058e+02  2.20265812e-07 
 3.71535229e+05 -1.33238718e+02  2.17803126e-07 
 3.75837404e+05 -1.33338188e+02  2.15323098e-07 
 3.80189396e+05 -1.33439874e+02  2.12816982e-07 
 3.84591782e+05 -1.33540559e+02  2.10364316e-07 
 3.89045145e+05 -1.33638096e+02  2.08015259e-07 
 3.93550075e+05 -1.33738763e+02  2.05618331e-07 
 3.98107171e+05 -1.33840435e+02  2.03225528e-07 
 4.02717034e+05 -1.33939323e+02  2.00924945e-07 
 4.07380278e+05 -1.34039503e+02  1.98620860e-07 
 4.12097519e+05 -1.34137050e+02  1.96402727e-07 
 4.16869383e+05 -1.34237848e+02  1.94136673e-07 
 4.21696503e+05 -1.34337337e+02  1.91925718e-07 
 4.26579519e+05 -1.34437580e+02  1.89723448e-07 
 4.31519077e+05 -1.34536766e+02  1.87569285e-07 
 4.36515832e+05 -1.34637035e+02  1.85416443e-07 
 4.41570447e+05 -1.34737319e+02  1.83287999e-07 
 4.46683592e+05 -1.34835726e+02  1.81223165e-07 
 4.51855944e+05 -1.34936430e+02  1.79134187e-07 
 4.57088190e+05 -1.35036077e+02  1.77090868e-07 
 4.62381021e+05 -1.35135495e+02  1.75075457e-07 
 4.67735141e+05 -1.35237577e+02  1.73029905e-07 
 4.73151259e+05 -1.35336685e+02  1.71066805e-07 
 4.78630092e+05 -1.35437603e+02  1.69090755e-07 
 4.84172368e+05 -1.35535259e+02  1.67200293e-07 
 4.89778819e+05 -1.35636504e+02  1.65262680e-07 
 4.95450191e+05 -1.35737029e+02  1.63361070e-07 
 5.01187234e+05 -1.35835286e+02  1.61523488e-07 
 5.06990708e+05 -1.35935301e+02  1.59674274e-07 
 5.12861384e+05 -1.36035074e+02  1.57850617e-07 
 5.18800039e+05 -1.36136130e+02  1.56024758e-07 
 5.24807460e+05 -1.36236403e+02  1.54233897e-07 
 5.30884444e+05 -1.36335761e+02  1.52479674e-07 
 5.37031796e+05 -1.36433587e+02  1.50771976e-07 
 5.43250331e+05 -1.36535854e+02  1.49007223e-07 
 5.49540874e+05 -1.36633041e+02  1.47349249e-07 
 5.55904257e+05 -1.36735686e+02  1.45618211e-07 
 5.62341325e+05 -1.36832881e+02  1.43997834e-07 
 5.68852931e+05 -1.36934279e+02  1.42326595e-07 
 5.75439937e+05 -1.37032975e+02  1.40718520e-07 
 5.82103218e+05 -1.37131239e+02  1.39135525e-07 
 5.88843655e+05 -1.37233050e+02  1.37514185e-07 
 5.95662144e+05 -1.37333957e+02  1.35925872e-07 
 6.02559586e+05 -1.37431698e+02  1.34404906e-07 
 6.09536897e+05 -1.37533638e+02  1.32836702e-07 
 6.16595002e+05 -1.37632976e+02  1.31326141e-07 
 6.23734835e+05 -1.37732254e+02  1.29833656e-07 
 6.30957344e+05 -1.37830549e+02  1.28372656e-07 
 6.38263486e+05 -1.37932296e+02  1.26877677e-07 
 6.45654229e+05 -1.38029916e+02  1.25459689e-07 
 6.53130553e+05 -1.38129113e+02  1.24035025e-07 
 6.60693448e+05 -1.38230831e+02  1.22590964e-07 
 6.68343918e+05 -1.38329358e+02  1.21208223e-07 
 6.76082975e+05 -1.38430014e+02  1.19811719e-07 
 6.83911647e+05 -1.38527945e+02  1.18468459e-07 
 6.91830971e+05 -1.38628570e+02  1.17103932e-07 
 6.99841996e+05 -1.38728247e+02  1.15767770e-07 
 7.07945784e+05 -1.38826212e+02  1.14469399e-07 
 7.16143410e+05 -1.38926922e+02  1.13149830e-07 
 7.24435960e+05 -1.39028221e+02  1.11837882e-07 
 7.32824533e+05 -1.39126035e+02  1.10585516e-07 
 7.41310241e+05 -1.39225371e+02  1.09328018e-07 
 7.49894209e+05 -1.39325452e+02  1.08075539e-07 
 7.58577575e+05 -1.39424983e+02  1.06844180e-07 
 7.67361489e+05 -1.39525636e+02  1.05613197e-07 
 7.76247117e+05 -1.39625288e+02  1.04408441e-07 
 7.85235635e+05 -1.39722425e+02  1.03247308e-07 
 7.94328235e+05 -1.39821543e+02  1.02075811e-07 
 8.03526122e+05 -1.39923702e+02  1.00882284e-07 
 8.12830516e+05 -1.40022629e+02  9.97398103e-08 
 8.22242650e+05 -1.40119341e+02  9.86354325e-08 
 8.31763771e+05 -1.40220743e+02  9.74906202e-08 
 8.41395142e+05 -1.40319114e+02  9.63927335e-08 
 8.51138038e+05 -1.40417826e+02  9.53034671e-08 
 8.60993752e+05 -1.40517133e+02  9.42200593e-08 
 8.70963590e+05 -1.40618346e+02  9.31285238e-08 
 8.81048873e+05 -1.40716107e+02  9.20862205e-08 
 8.91250938e+05 -1.40815009e+02  9.10436300e-08 
 9.01571138e+05 -1.40915076e+02  9.00007691e-08 
 9.12010839e+05 -1.41015400e+02  8.89672115e-08 
 9.22571427e+05 -1.41113770e+02  8.79653229e-08 
 9.33254301e+05 -1.41213385e+02  8.69622431e-08 
 9.44060876e+05 -1.41312429e+02  8.59762601e-08 
 9.54992586e+05 -1.41413329e+02  8.49832944e-08 
 9.66050879e+05 -1.41508566e+02  8.40565792e-08 
 9.77237221e+05 -1.41607626e+02  8.31033782e-08 
 9.88553095e+05 -1.41706413e+02  8.21635820e-08 
 1.00000000e+06 -1.41806025e+02  8.12266843e-08 
 1.01157945e+06 -1.41903462e+02  8.03205901e-08 
 1.02329299e+06 -1.42006042e+02  7.93775903e-08 
 1.03514217e+06 -1.42103935e+02  7.84879997e-08 
 1.04712855e+06 -1.42202205e+02  7.76050074e-08 
 1.05925373e+06 -1.42302004e+02  7.67184498e-08 
 1.07151931e+06 -1.42402316e+02  7.58375308e-08 
 1.08392691e+06 -1.42498729e+02  7.50003967e-08 
 1.09647820e+06 -1.42599399e+02  7.41361536e-08 
 1.10917482e+06 -1.42697759e+02  7.33013616e-08 
 1.12201845e+06 -1.42797923e+02  7.24609206e-08 
 1.13501082e+06 -1.42896235e+02  7.16453910e-08 
 1.14815362e+06 -1.42996929e+02  7.08196108e-08 
 1.16144861e+06 -1.43094529e+02  7.00282907e-08 
 1.17489755e+06 -1.43194812e+02  6.92244315e-08 
 1.18850223e+06 -1.43291887e+02  6.84550776e-08 
 1.20226443e+06 -1.43386945e+02  6.77099889e-08 
 1.21618600e+06 -1.43486895e+02  6.69353092e-08 
 1.23026877e+06 -1.43587136e+02  6.61672679e-08 
 1.24451461e+06 -1.43683629e+02  6.54362745e-08 
 1.25892541e+06 -1.43783536e+02  6.46879204e-08 
 1.27350308e+06 -1.43881543e+02  6.39621173e-08 
 1.28824955e+06 -1.43982057e+02  6.32262125e-08 
 1.30316678e+06 -1.44078698e+02  6.25266395e-08 
 1.31825674e+06 -1.44180066e+02  6.18011679e-08 
 1.33352143e+06 -1.44276875e+02  6.11161856e-08 
 1.34896288e+06 -1.44376661e+02  6.04180831e-08 
 1.36458314e+06 -1.44473001e+02  5.97516566e-08 
 1.38038426e+06 -1.44573591e+02  5.90636710e-08 
 1.39636836e+06 -1.44611689e+02  5.88051786e-08 
 1.41253754e+06 -1.44707995e+02  5.81567642e-08 
 1.42889396e+06 -1.44805405e+02  5.75081987e-08 
 1.44543977e+06 -1.44904669e+02  5.68547246e-08 
 1.46217717e+06 -1.45002074e+02  5.62207089e-08 
 1.47910839e+06 -1.45103253e+02  5.55696127e-08 
 1.49623566e+06 -1.45202397e+02  5.49389235e-08 
 1.51356125e+06 -1.45297374e+02  5.43414609e-08 
 1.53108746e+06 -1.45393504e+02  5.37433553e-08 
 1.54881662e+06 -1.45492907e+02  5.31318132e-08 
 1.56675107e+06 -1.45592726e+02  5.25247156e-08 
 1.58489319e+06 -1.45689906e+02  5.19403306e-08 
 1.60324539e+06 -1.45788017e+02  5.13569435e-08 
 1.62181010e+06 -1.45885437e+02  5.07841446e-08 
 1.64058977e+06 -1.45986735e+02  5.01953246e-08 
 1.65958691e+06 -1.46083404e+02  4.96397726e-08 
 1.67880402e+06 -1.46181941e+02  4.90798162e-08 
 1.69824365e+06 -1.46278973e+02  4.85345904e-08 
 1.71790839e+06 -1.46376388e+02  4.79932996e-08 
 1.73780083e+06 -1.46475549e+02  4.74485078e-08 
 1.75792361e+06 -1.46571763e+02  4.69258183e-08 
 1.77827941e+06 -1.46670924e+02  4.63931425e-08 
 1.79887092e+06 -1.46763250e+02  4.59026217e-08 
 1.81970086e+06 -1.46860438e+02  4.53918705e-08 
 1.84077200e+06 -1.46960559e+02  4.48716504e-08 
 1.86208714e+06 -1.47054611e+02  4.43883978e-08 
 1.88364909e+06 -1.47153412e+02  4.38863426e-08 
 1.90546072e+06 -1.47250982e+02  4.33961201e-08 
 1.92752491e+06 -1.47349101e+02  4.29086574e-08 
 1.94984460e+06 -1.47447051e+02  4.24274988e-08 
 1.97242274e+06 -1.47543873e+02  4.19571871e-08 
 1.99526231e+06 -1.47639935e+02  4.14957124e-08 
 2.01836636e+06 -1.47729041e+02  4.10722000e-08 
 2.04173794e+06 -1.47833273e+02  4.05822706e-08 
 2.06538016e+06 -1.47927359e+02  4.01450554e-08 
 2.08929613e+06 -1.48024536e+02  3.96984185e-08 
 2.11348904e+06 -1.48121643e+02  3.92570678e-08 
 2.13796209e+06 -1.48216399e+02  3.88311309e-08 
 2.16271852e+06 -1.48315935e+02  3.83886872e-08 
 2.18776162e+06 -1.48412710e+02  3.79633488e-08 
 2.21309471e+06 -1.48506359e+02  3.75562345e-08 
 2.23872114e+06 -1.48600280e+02  3.71523245e-08 
 2.26464431e+06 -1.48695926e+02  3.67454604e-08 
 2.29086765e+06 -1.48791839e+02  3.63419341e-08 
 2.31739465e+06 -1.48890066e+02  3.59332672e-08 
 2.34422882e+06 -1.48982546e+02  3.55527092e-08 
 2.37137371e+06 -1.49079530e+02  3.51579469e-08 
 2.39883292e+06 -1.49177521e+02  3.47635373e-08 
 2.42661010e+06 -1.49213787e+02  3.46186898e-08 
 2.45470892e+06 -1.49311438e+02  3.42316704e-08 
 2.48313311e+06 -1.49408669e+02  3.38506139e-08 
 2.51188643e+06 -1.49496228e+02  3.35110944e-08 
 2.54097271e+06 -1.49594165e+02  3.31353639e-08 
 2.57039578e+06 -1.49685666e+02  3.27881349e-08 
 2.60015956e+06 -1.49782858e+02  3.24232929e-08 
 2.63026799e+06 -1.49876582e+02  3.20753122e-08 
 2.66072506e+06 -1.49973615e+02  3.17189841e-08 
 2.69153480e+06 -1.50067357e+02  3.13784973e-08 
 2.72270131e+06 -1.50160701e+02  3.10430892e-08 
 2.75422870e+06 -1.50255686e+02  3.07054683e-08 
 2.78612117e+06 -1.50349397e+02  3.03759684e-08 
 2.81838293e+06 -1.50442479e+02  3.00521841e-08 
 2.85101827e+06 -1.50539559e+02  2.97181689e-08 
 2.88403150e+06 -1.50630547e+02  2.94084838e-08 
 2.91742701e+06 -1.50726505e+02  2.90853801e-08 
 2.95120923e+06 -1.50814455e+02  2.87923598e-08 
 2.98538262e+06 -1.50905647e+02  2.84916540e-08 
 3.01995172e+06 -1.51002235e+02  2.81765796e-08 
 3.05492111e+06 -1.51101334e+02  2.78569320e-08 
 3.09029543e+06 -1.51191218e+02  2.75701493e-08 
 3.12607937e+06 -1.51226974e+02  2.74568858e-08 
 3.16227766e+06 -1.51324150e+02  2.71514161e-08 
 3.19889511e+06 -1.51403570e+02  2.69042867e-08 
 3.23593657e+06 -1.51506001e+02  2.65888755e-08 
 3.27340695e+06 -1.51594837e+02  2.63183182e-08 
 3.31131121e+06 -1.51683138e+02  2.60521219e-08 
 3.34965439e+06 -1.51773304e+02  2.57830809e-08 
 3.38844156e+06 -1.51870863e+02  2.54951070e-08 
 3.42767787e+06 -1.51958148e+02  2.52401890e-08 
 3.46736850e+06 -1.52056089e+02  2.49571816e-08 
 3.50751874e+06 -1.52151850e+02  2.46835421e-08 
 3.54813389e+06 -1.52240159e+02  2.44338576e-08 
 3.58921935e+06 -1.52326311e+02  2.41927073e-08 
 3.63078055e+06 -1.52423321e+02  2.39240092e-08 
 3.67282300e+06 -1.52510765e+02  2.36843656e-08 
 3.71535229e+06 -1.52554824e+02  2.35645302e-08 
 3.75837404e+06 -1.52644671e+02  2.33220350e-08 
 3.80189396e+06 -1.52735982e+02  2.30781440e-08 
 3.84591782e+06 -1.52832974e+02  2.28218736e-08 
 3.89045145e+06 -1.52916709e+02  2.26029194e-08 
 3.93550075e+06 -1.53005739e+02  2.23724239e-08 
 3.98107171e+06 -1.53087217e+02  2.21635404e-08 
 4.02717034e+06 -1.53177541e+02  2.19342582e-08 
 4.07380278e+06 -1.53264835e+02  2.17149215e-08 
 4.12097519e+06 -1.53356944e+02  2.14858630e-08 
 4.16869383e+06 -1.53398141e+02  2.13841980e-08 
 4.21696503e+06 -1.53484075e+02  2.11736742e-08 
 4.26579519e+06 -1.53578725e+02  2.09441976e-08 
 4.31519077e+06 -1.53661738e+02  2.07449832e-08 
 4.36515832e+06 -1.53745504e+02  2.05458835e-08 
 4.41570447e+06 -1.53824451e+02  2.03599847e-08 
 4.46683592e+06 -1.53933967e+02  2.01048882e-08 
 4.51855944e+06 -1.54009592e+02  1.99306008e-08 
 4.57088190e+06 -1.54097224e+02  1.97305311e-08 
 4.62381021e+06 -1.54138371e+02  1.96372855e-08 
 4.67735141e+06 -1.54225062e+02  1.94422668e-08 
 4.73151259e+06 -1.54301560e+02  1.92717884e-08 
 4.78630092e+06 -1.54398218e+02  1.90585165e-08 
 4.84172368e+06 -1.54486748e+02  1.88652526e-08 
 4.89778819e+06 -1.54569540e+02  1.86862871e-08 
 4.95450191e+06 -1.54657600e+02  1.84977957e-08 
 5.01187234e+06 -1.54700898e+02  1.84058180e-08 
 5.06990708e+06 -1.54788301e+02  1.82215338e-08 
 5.12861384e+06 -1.54875210e+02  1.80401235e-08 
 5.18800039e+06 -1.54892149e+02  1.80049765e-08 
 5.24807460e+06 -1.54980229e+02  1.78233173e-08 
 5.30884444e+06 -1.55060145e+02  1.76600842e-08 
 5.37031796e+06 -1.55147479e+02  1.74834065e-08 
 5.43250331e+06 -1.55191218e+02  1.73955878e-08 
 5.49540874e+06 -1.55270017e+02  1.72384865e-08 
 5.55904257e+06 -1.55362500e+02  1.70559137e-08 
 5.62341325e+06 -1.55427017e+02  1.69296953e-08 
 5.68852931e+06 -1.55515232e+02  1.67586262e-08 
 5.75439937e+06 -1.55564074e+02  1.66646548e-08 
 5.82103218e+06 -1.55652736e+02  1.64954126e-08 
 5.88843655e+06 -1.55726053e+02  1.63567618e-08 
 5.95662144e+06 -1.55816745e+02  1.61868658e-08 
 6.02559586e+06 -1.55900999e+02  1.60306094e-08 
 6.09536897e+06 -1.55938348e+02  1.59618277e-08 
 6.16595002e+06 -1.56031272e+02  1.57919724e-08 
 6.23734835e+06 -1.56080631e+02  1.57024875e-08 
 6.30957344e+06 -1.56167010e+02  1.55471031e-08 
 6.38263486e+06 -1.56201465e+02  1.54855539e-08 
 6.45654229e+06 -1.56299690e+02  1.53114203e-08 
 6.53130553e+06 -1.56379023e+02  1.51722096e-08 
 6.60693448e+06 -1.56448519e+02  1.50513014e-08 
 6.68343918e+06 -1.56492707e+02  1.49749242e-08 
 6.76082975e+06 -1.56558925e+02  1.48611961e-08 
 6.83911647e+06 -1.56659218e+02  1.46905862e-08 
 6.91830971e+06 -1.56713638e+02  1.45988322e-08 
 6.99841996e+06 -1.56738503e+02  1.45570989e-08 
 7.07945784e+06 -1.56824396e+02  1.44138562e-08 
 7.16143410e+06 -1.56882779e+02  1.43172975e-08 
 7.24435960e+06 -1.56896509e+02  1.42946834e-08 
 7.32824533e+06 -1.57023596e+02  1.40870550e-08 
 7.41310241e+06 -1.57118613e+02  1.39337936e-08 
 7.49894209e+06 -1.57151232e+02  1.38815646e-08 
 7.58577575e+06 -1.57252993e+02  1.37198817e-08 
 7.67361489e+06 -1.57315127e+02  1.36220874e-08 
 7.76247117e+06 -1.57370190e+02  1.35360043e-08 
 7.85235635e+06 -1.57430634e+02  1.34421359e-08 
 7.94328235e+06 -1.57495628e+02  1.33419284e-08 
 8.03526122e+06 -1.57557341e+02  1.32474699e-08 
 8.12830516e+06 -1.57616978e+02  1.31568256e-08 
 8.22242650e+06 -1.57655372e+02  1.30987970e-08 
 8.31763771e+06 -1.57727331e+02  1.29907273e-08 
 8.41395142e+06 -1.57850086e+02  1.28084236e-08 
 8.51138038e+06 -1.57878109e+02  1.27671676e-08 
 8.60993752e+06 -1.57983473e+02  1.26132316e-08 
 8.70963590e+06 -1.58000963e+02  1.25878578e-08 
 8.81048873e+06 -1.58008623e+02  1.25767620e-08 
 8.91250938e+06 -1.58022347e+02  1.25569068e-08 
 9.01571138e+06 -1.58133406e+02  1.23973746e-08 
 9.12010839e+06 -1.58174288e+02  1.23391599e-08 
 9.22571427e+06 -1.58234504e+02  1.22539126e-08 
 9.33254301e+06 -1.58312658e+02  1.21441491e-08 
 9.44060876e+06 -1.58347880e+02  1.20950039e-08 
 9.54992586e+06 -1.58435489e+02  1.19736225e-08 
 9.66050879e+06 -1.58540557e+02  1.18296563e-08 
 9.77237221e+06 -1.58606816e+02  1.17397596e-08 
 9.88553095e+06 -1.58621720e+02  1.17196324e-08 
 1.00000000e+07 -1.58663441e+02  1.16634744e-08 
 1.01157945e+07 -1.58715784e+02  1.15933992e-08 
 1.02329299e+07 -1.58739389e+02  1.15619357e-08 
 1.03514217e+07 -1.58825068e+02  1.14484478e-08 
 1.04712855e+07 -1.58887341e+02  1.13666621e-08 
 1.05925373e+07 -1.58953035e+02  1.12810164e-08 
 1.07151931e+07 -1.59026731e+02  1.11857076e-08 
 1.08392691e+07 -1.59074391e+02  1.11244983e-08 
 1.09647820e+07 -1.59121479e+02  1.10643534e-08 
 1.10917482e+07 -1.59149569e+02  1.10286291e-08 
 1.12201845e+07 -1.59212691e+02  1.09487733e-08 
 1.13501082e+07 -1.59296801e+02  1.08432618e-08 
 1.14815362e+07 -1.59366185e+02  1.07569899e-08 
 1.16144861e+07 -1.59333165e+02  1.07979605e-08 
 1.17489755e+07 -1.59382118e+02  1.07372754e-08 
 1.18850223e+07 -1.59464487e+02  1.06359346e-08 
 1.20226443e+07 -1.59498008e+02  1.05949666e-08 
 1.21618600e+07 -1.59577394e+02  1.04985732e-08 
 1.23026877e+07 -1.59624457e+02  1.04418426e-08 
 1.24451461e+07 -1.59687542e+02  1.03662793e-08 
 1.25892541e+07 -1.59749799e+02  1.02922429e-08 
 1.27350308e+07 -1.59805635e+02  1.02262931e-08 
 1.28824955e+07 -1.59845069e+02  1.01799709e-08 
 1.30316678e+07 -1.59868612e+02  1.01524158e-08 
 1.31825674e+07 -1.59914341e+02  1.00991063e-08 
 1.33352143e+07 -1.59995720e+02  1.00049285e-08 
 1.34896288e+07 -1.60024551e+02  9.97177483e-09 
 1.36458314e+07 -1.60068734e+02  9.92117921e-09 
 1.38038426e+07 -1.60150120e+02  9.82865298e-09 
 1.39636836e+07 -1.60166534e+02  9.81009657e-09 
 1.41253754e+07 -1.60237301e+02  9.73049503e-09 
 1.42889396e+07 -1.60277193e+02  9.68590797e-09 
 1.44543977e+07 -1.60360761e+02  9.59316533e-09 
 1.46217717e+07 -1.60377332e+02  9.57488148e-09 
 1.47910839e+07 -1.60433105e+02  9.51359655e-09 
 1.49623566e+07 -1.60531205e+02  9.40675279e-09 
 1.51356125e+07 -1.60577189e+02  9.35708430e-09 
 1.53108746e+07 -1.60610148e+02  9.32164604e-09 
 1.54881662e+07 -1.60691000e+02  9.23527890e-09 
 1.56675107e+07 -1.60725905e+02  9.19824023e-09 
 1.58489319e+07 -1.60771528e+02  9.15005276e-09 
 1.60324539e+07 -1.60848666e+02  9.06915197e-09 
 1.62181010e+07 -1.60825179e+02  9.09370916e-09 
 1.64058977e+07 -1.60936777e+02  8.97761864e-09 
 1.65958691e+07 -1.60970873e+02  8.94244627e-09 
 1.67880402e+07 -1.61063807e+02  8.84727708e-09 
 1.69824365e+07 -1.61105816e+02  8.80459124e-09 
 1.71790839e+07 -1.61121677e+02  8.78852796e-09 
 1.73780083e+07 -1.61164585e+02  8.74521971e-09 
 1.75792361e+07 -1.61220150e+02  8.68945406e-09 
 1.77827941e+07 -1.61310358e+02  8.59967662e-09 
 1.79887092e+07 -1.61347802e+02  8.56268374e-09 
 1.81970086e+07 -1.61423275e+02  8.48860372e-09 
 1.84077200e+07 -1.61453758e+02  8.45886518e-09 
 1.86208714e+07 -1.61549373e+02  8.36625970e-09 
 1.88364909e+07 -1.61613434e+02  8.30478368e-09 
 1.90546072e+07 -1.61637949e+02  8.28137698e-09 
 1.92752491e+07 -1.61717998e+02  8.20540611e-09 
 1.94984460e+07 -1.61775888e+02  8.15090107e-09 
 1.97242274e+07 -1.61792018e+02  8.13577815e-09 
 1.99526231e+07 -1.61869841e+02  8.06320992e-09 
 2.01836636e+07 -1.61951661e+02  7.98761140e-09 
 2.04173794e+07 -1.62079888e+02  7.87055900e-09 
 2.06538016e+07 -1.62029098e+02  7.91671636e-09 
 2.08929613e+07 -1.62122324e+02  7.83220078e-09 
 2.11348904e+07 -1.62168230e+02  7.79091565e-09 
 2.13796209e+07 -1.62261324e+02  7.70785942e-09 
 2.16271852e+07 -1.62303202e+02  7.67078662e-09 
 2.18776162e+07 -1.62317580e+02  7.65809967e-09 
 2.21309471e+07 -1.62435834e+02  7.55454501e-09 
 2.23872114e+07 -1.62464958e+02  7.52925649e-09 
 2.26464431e+07 -1.62570411e+02  7.43839869e-09 
 2.29086765e+07 -1.62586380e+02  7.42473576e-09 
 2.31739465e+07 -1.62702532e+02  7.32610947e-09 
 2.34422882e+07 -1.62720221e+02  7.31120493e-09 
 2.37137371e+07 -1.62778994e+02  7.26190069e-09 
 2.39883292e+07 -1.62869446e+02  7.18666994e-09 
 2.42661010e+07 -1.62881436e+02  7.17675605e-09 
 2.45470892e+07 -1.62996807e+02  7.08206111e-09 
 2.48313311e+07 -1.63015804e+02  7.06658813e-09 
 2.51188643e+07 -1.63129229e+02  6.97490890e-09 
 2.54097271e+07 -1.63233113e+02  6.89198579e-09 
 2.57039578e+07 -1.63276401e+02  6.85772339e-09 
 2.60015956e+07 -1.63350477e+02  6.79948687e-09 
 2.63026799e+07 -1.63431559e+02  6.73630996e-09 
 2.66072506e+07 -1.63500552e+02  6.68301424e-09 
 2.69153480e+07 -1.63579755e+02  6.62235159e-09 
 2.72270131e+07 -1.63690900e+02  6.53815196e-09 
 2.75422870e+07 -1.63697506e+02  6.53318086e-09 
 2.78612117e+07 -1.63790667e+02  6.46348350e-09 
 2.81838293e+07 -1.63915629e+02  6.37116074e-09 
 2.85101827e+07 -1.63895972e+02  6.38559557e-09 
 2.88403150e+07 -1.64053246e+02  6.27101317e-09 
 2.91742701e+07 -1.64084430e+02  6.24853902e-09 
 2.95120923e+07 -1.64210184e+02  6.15872482e-09 
 2.98538262e+07 -1.64251297e+02  6.12964255e-09 
 3.01995172e+07 -1.64344960e+02  6.06389975e-09 
 3.05492111e+07 -1.64420602e+02  6.01132091e-09 
 3.09029543e+07 -1.64488152e+02  5.96475201e-09 
 3.12607937e+07 -1.64549346e+02  5.92287666e-09 
 3.16227766e+07 -1.64590244e+02  5.89505436e-09 
 3.19889511e+07 -1.64662661e+02  5.84610942e-09 
 3.23593657e+07 -1.64778358e+02  5.76875482e-09 
 3.27340695e+07 -1.64878438e+02  5.70266801e-09 
 3.31131121e+07 -1.64951222e+02  5.65508191e-09 
 3.34965439e+07 -1.65025753e+02  5.60676478e-09 
 3.38844156e+07 -1.65125973e+02  5.54244455e-09 
 3.42767787e+07 -1.65204802e+02  5.49237160e-09 
 3.46736850e+07 -1.65317439e+02  5.42160741e-09 
 3.50751874e+07 -1.65360149e+02  5.39501396e-09 
 3.54813389e+07 -1.65457048e+02  5.33516190e-09 
 3.58921935e+07 -1.65562094e+02  5.27102783e-09 
 3.63078055e+07 -1.65635998e+02  5.22636910e-09 
 3.67282300e+07 -1.65664010e+02  5.20954157e-09 
 3.71535229e+07 -1.65837621e+02  5.10644822e-09 
 3.75837404e+07 -1.65909067e+02  5.06461774e-09 
 3.80189396e+07 -1.65977490e+02  5.02487757e-09 
 3.84591782e+07 -1.66088042e+02  4.96132751e-09 
 3.89045145e+07 -1.66197782e+02  4.89903899e-09 
 3.93550075e+07 -1.66277136e+02  4.85448518e-09 
 3.98107171e+07 -1.66370258e+02  4.80271814e-09 
 4.02717034e+07 -1.66463962e+02  4.75118456e-09 
 4.07380278e+07 -1.66555984e+02  4.70111406e-09 
 4.12097519e+07 -1.66685055e+02  4.63177289e-09 
 4.16869383e+07 -1.66796842e+02  4.57254384e-09 
 4.21696503e+07 -1.66890451e+02  4.52352959e-09 
 4.26579519e+07 -1.66989693e+02  4.47213979e-09 
 4.31519077e+07 -1.67006036e+02  4.46373298e-09 
 4.36515832e+07 -1.67162477e+02  4.38405662e-09 
 4.41570447e+07 -1.67259776e+02  4.33522066e-09 
 4.46683592e+07 -1.67362395e+02  4.28430383e-09 
 4.51855944e+07 -1.67492376e+02  4.22066805e-09 
 4.57088190e+07 -1.67634749e+02  4.15204982e-09 
 4.62381021e+07 -1.67696785e+02  4.12250100e-09 
 4.67735141e+07 -1.67774675e+02  4.08569808e-09 
 4.73151259e+07 -1.67983173e+02  3.98879141e-09 
 4.78630092e+07 -1.68012232e+02  3.97546945e-09 
 4.84172368e+07 -1.68151961e+02  3.91202778e-09 
 4.89778819e+07 -1.68247149e+02  3.86939020e-09 
 4.95450191e+07 -1.68362415e+02  3.81838106e-09 
 5.01187234e+07 -1.68476496e+02  3.76855780e-09 
 5.06990708e+07 -1.68577487e+02  3.72499481e-09 
 5.12861384e+07 -1.68694663e+02  3.67508055e-09 
 5.18800039e+07 -1.68774031e+02  3.64165218e-09 
 5.24807460e+07 -1.68900547e+02  3.58899320e-09 
 5.30884444e+07 -1.68960246e+02  3.56441034e-09 
 5.37031796e+07 -1.69131257e+02  3.49491911e-09 
 5.43250331e+07 -1.69218923e+02  3.45982285e-09 
 5.49540874e+07 -1.69379781e+02  3.39633842e-09 
 5.55904257e+07 -1.69438378e+02  3.37350285e-09 
 5.62341325e+07 -1.69617628e+02  3.30459775e-09 
 5.68852931e+07 -1.69715691e+02  3.26749902e-09 
 5.75439937e+07 -1.69783336e+02  3.24215061e-09 
 5.82103218e+07 -1.69961100e+02  3.17647171e-09 
 5.88843655e+07 -1.70065381e+02  3.13856372e-09 
 5.95662144e+07 -1.70209435e+02  3.08694026e-09 
 6.02559586e+07 -1.70332765e+02  3.04341917e-09 
 6.09536897e+07 -1.70404206e+02  3.01848985e-09 
 6.16595002e+07 -1.70575271e+02  2.95962323e-09 
 6.23734835e+07 -1.70683543e+02  2.92295970e-09 
 6.30957344e+07 -1.70801130e+02  2.88365644e-09 
 6.38263486e+07 -1.70915235e+02  2.84602201e-09 
 6.45654229e+07 -1.71021547e+02  2.81140022e-09 
 6.53130553e+07 -1.71196486e+02  2.75534326e-09 
 6.60693448e+07 -1.71304692e+02  2.72123100e-09 
 6.68343918e+07 -1.71396871e+02  2.69250453e-09 
 6.76082975e+07 -1.71530488e+02  2.65140215e-09 
 6.83911647e+07 -1.71652518e+02  2.61441238e-09 
 6.91830971e+07 -1.71837908e+02  2.55920215e-09 
 6.99841996e+07 -1.71989227e+02  2.51500383e-09 
 7.07945784e+07 -1.72077935e+02  2.48944901e-09 
 7.16143410e+07 -1.72247174e+02  2.44141339e-09 
 7.24435960e+07 -1.72341456e+02  2.41505591e-09 
 7.32824533e+07 -1.72440325e+02  2.38772184e-09 
 7.41310241e+07 -1.72610516e+02  2.34139241e-09 
 7.49894209e+07 -1.72742833e+02  2.30599502e-09 
 7.58577575e+07 -1.72867504e+02  2.27313275e-09 
 7.67361489e+07 -1.72951884e+02  2.25115705e-09 
 7.76247117e+07 -1.73113400e+02  2.20968304e-09 
 7.85235635e+07 -1.73257444e+02  2.17334072e-09 
 7.94328235e+07 -1.73387404e+02  2.14106486e-09 
 8.03526122e+07 -1.73545651e+02  2.10241018e-09 
 8.12830516e+07 -1.73682945e+02  2.06943946e-09 
 8.22242650e+07 -1.73805261e+02  2.04050160e-09 
 8.31763771e+07 -1.73941531e+02  2.00873882e-09 
 8.41395142e+07 -1.74036837e+02  1.98681836e-09 
 8.51138038e+07 -1.74245250e+02  1.93971320e-09 
 8.60993752e+07 -1.74420056e+02  1.90106601e-09 
 8.70963590e+07 -1.74540751e+02  1.87483236e-09 
 8.81048873e+07 -1.74705160e+02  1.83967887e-09 
 8.91250938e+07 -1.74832309e+02  1.81294475e-09 
 9.01571138e+07 -1.74926217e+02  1.79344956e-09 
 9.12010839e+07 -1.75095392e+02  1.75885652e-09 
 9.22571427e+07 -1.75171315e+02  1.74354933e-09 
 9.33254301e+07 -1.75335538e+02  1.71089397e-09 
 9.44060876e+07 -1.75539623e+02  1.67116307e-09 
 9.54992586e+07 -1.75723228e+02  1.63620830e-09 
 9.66050879e+07 -1.75817329e+02  1.61857773e-09 
 9.77237221e+07 -1.75958740e+02  1.59243980e-09 
 9.88553095e+07 -1.76070513e+02  1.57207888e-09 
 1.00000000e+08 -1.76210252e+02  1.54698955e-09 
 1.01157945e+08 -1.76376966e+02  1.51758031e-09 
 1.02329299e+08 -1.76542280e+02  1.48897022e-09 
 1.03514217e+08 -1.76644908e+02  1.47148073e-09 
 1.04712855e+08 -1.76805109e+02  1.44458974e-09 
 1.05925373e+08 -1.76917035e+02  1.42609431e-09 
 1.07151931e+08 -1.77141039e+02  1.38978641e-09 
 1.08392691e+08 -1.77308577e+02  1.36323626e-09 
 1.09647820e+08 -1.77444610e+02  1.34205255e-09 
 1.10917482e+08 -1.77574412e+02  1.32214597e-09 
 1.12201845e+08 -1.77733781e+02  1.29810832e-09 
 1.13501082e+08 -1.77874858e+02  1.27719475e-09 
 1.14815362e+08 -1.78029199e+02  1.25470042e-09 
 1.16144861e+08 -1.78181462e+02  1.23289733e-09 
 1.17489755e+08 -1.78304499e+02  1.21555626e-09 
 1.18850223e+08 -1.78482580e+02  1.19088826e-09 
 1.20226443e+08 -1.78649855e+02  1.16817320e-09 
 1.21618600e+08 -1.78804590e+02  1.14754706e-09 
 1.23026877e+08 -1.78914808e+02  1.13307751e-09 
 1.24451461e+08 -1.79084627e+02  1.11113968e-09 
 1.25892541e+08 -1.79267336e+02  1.08801078e-09 
 1.27350308e+08 -1.79385778e+02  1.07327527e-09 
 1.28824955e+08 -1.79547910e+02  1.05342710e-09 
 1.30316678e+08 -1.79730014e+02  1.03157147e-09 
 1.31825674e+08 -1.79842219e+02  1.01833123e-09 
 1.33352143e+08 -1.79973907e+02  1.00300854e-09 
 1.34896288e+08 -1.80188671e+02  9.78512705e-10 
 1.36458314e+08 -1.80304361e+02  9.65565976e-10 
 1.38038426e+08 -1.80480925e+02  9.46136428e-10 
 1.39636836e+08 -1.80665405e+02  9.26253270e-10 
 1.41253754e+08 -1.80760550e+02  9.16162529e-10 
 1.42889396e+08 -1.80920892e+02  8.99405236e-10 
 1.44543977e+08 -1.81098585e+02  8.81192388e-10 
 1.46217717e+08 -1.81234872e+02  8.67473866e-10 
 1.47910839e+08 -1.81401266e+02  8.51013959e-10 
 1.49623566e+08 -1.81570199e+02  8.34622443e-10 
 1.51356125e+08 -1.81706192e+02  8.21656661e-10 
 1.53108746e+08 -1.81814370e+02  8.11486888e-10 
 1.54881662e+08 -1.82045041e+02  7.90219855e-10 
 1.56675107e+08 -1.82172863e+02  7.78676073e-10 
 1.58489319e+08 -1.82324130e+02  7.65232682e-10 
 1.60324539e+08 -1.82462655e+02  7.53125285e-10 
 1.62181010e+08 -1.82620229e+02  7.39585756e-10 
 1.64058977e+08 -1.82786977e+02  7.25522978e-10 
 1.65958691e+08 -1.82949684e+02  7.12058685e-10 
 1.67880402e+08 -1.83101176e+02  6.99747282e-10 
 1.69824365e+08 -1.83238139e+02  6.88799855e-10 
 1.71790839e+08 -1.83404658e+02  6.75720543e-10 
 1.73780083e+08 -1.83537207e+02  6.65487077e-10 
 1.75792361e+08 -1.83709770e+02  6.52396311e-10 
 1.77827941e+08 -1.83858841e+02  6.41295164e-10 
 1.79887092e+08 -1.84013612e+02  6.29969322e-10 
 1.81970086e+08 -1.84178124e+02  6.18149918e-10 
 1.84077200e+08 -1.84312371e+02  6.08669366e-10 
 1.86208714e+08 -1.84461152e+02  5.98332204e-10 
 1.88364909e+08 -1.84655140e+02  5.85117401e-10 
 1.90546072e+08 -1.84747549e+02  5.78925339e-10 
 1.92752491e+08 -1.84936069e+02  5.66495615e-10 
 1.94984460e+08 -1.85074694e+02  5.57526209e-10 
 1.97242274e+08 -1.85220669e+02  5.48234739e-10 
 1.99526231e+08 -1.85374172e+02  5.38631057e-10 
 2.01836636e+08 -1.85543639e+02  5.28223915e-10 
 2.04173794e+08 -1.85672780e+02  5.20428423e-10 
 2.06538016e+08 -1.85861123e+02  5.09265040e-10 
 2.08929613e+08 -1.86007024e+02  5.00782103e-10 
 2.11348904e+08 -1.86150558e+02  4.92574700e-10 
 2.13796209e+08 -1.86273390e+02  4.85657964e-10 
 2.16271852e+08 -1.86453287e+02  4.75702714e-10 
 2.18776162e+08 -1.86548678e+02  4.70507025e-10 
 2.21309471e+08 -1.86729283e+02  4.60824810e-10 
 2.23872114e+08 -1.86855362e+02  4.54184090e-10 
 2.26464431e+08 -1.87002892e+02  4.46534912e-10 
 2.29086765e+08 -1.87149716e+02  4.39050203e-10 
 2.31739465e+08 -1.87301378e+02  4.31450620e-10 
 2.34422882e+08 -1.87456710e+02  4.23803462e-10 
 2.37137371e+08 -1.87592951e+02  4.17207849e-10 
 2.39883292e+08 -1.87770347e+02  4.08773400e-10 
 2.42661010e+08 -1.87906072e+02  4.02435600e-10 
 2.45470892e+08 -1.88030549e+02  3.96709435e-10 
 2.48313311e+08 -1.88201845e+02  3.88962495e-10 
 2.51188643e+08 -1.88330692e+02  3.83235195e-10 
 2.54097271e+08 -1.88455085e+02  3.77785908e-10 
 2.57039578e+08 -1.88634108e+02  3.70079142e-10 
 2.60015956e+08 -1.88746960e+02  3.65301941e-10 
 2.63026799e+08 -1.88888521e+02  3.59396574e-10 
 2.66072506e+08 -1.89043882e+02  3.53025370e-10 
 2.69153480e+08 -1.89190760e+02  3.47105900e-10 
 2.72270131e+08 -1.89334774e+02  3.41398244e-10 
 2.75422870e+08 -1.89456921e+02  3.36630876e-10 
 2.78612117e+08 -1.89601851e+02  3.31060554e-10 
 2.81838293e+08 -1.89702088e+02  3.27262028e-10 
 2.85101827e+08 -1.89877480e+02  3.20719980e-10 
 2.88403150e+08 -1.90004877e+02  3.16050276e-10 
 2.91742701e+08 -1.90141557e+02  3.11115860e-10 
 2.95120923e+08 -1.90278441e+02  3.06251310e-10 
 2.98538262e+08 -1.90427745e+02  3.01032068e-10 
 3.01995172e+08 -1.90570607e+02  2.96121307e-10 
 3.05492111e+08 -1.90687856e+02  2.92150883e-10 
 3.09029543e+08 -1.90827456e+02  2.87492935e-10 
 3.12607937e+08 -1.90988794e+02  2.82202123e-10 
 3.16227766e+08 -1.91104491e+02  2.78468096e-10 
 3.19889511e+08 -1.91231519e+02  2.74425249e-10 
 3.23593657e+08 -1.91371468e+02  2.70039067e-10 
 3.27340695e+08 -1.91527624e+02  2.65227643e-10 
 3.31131121e+08 -1.91633042e+02  2.62028115e-10 
 3.34965439e+08 -1.91809445e+02  2.56760224e-10 
 3.38844156e+08 -1.91915401e+02  2.53647116e-10 
 3.42767787e+08 -1.92053949e+02  2.49633307e-10 
 3.46736850e+08 -1.92186681e+02  2.45847580e-10 
 3.50751874e+08 -1.92324957e+02  2.41964774e-10 
 3.54813389e+08 -1.92419344e+02  2.39349640e-10 
 3.58921935e+08 -1.92538673e+02  2.36083902e-10 
 3.63078055e+08 -1.92663511e+02  2.32715043e-10 
 3.67282300e+08 -1.92812920e+02  2.28746270e-10 
 3.71535229e+08 -1.92967280e+02  2.24717029e-10 
 3.75837404e+08 -1.93059941e+02  2.22332498e-10 
 3.80189396e+08 -1.93256075e+02  2.17368311e-10 
 3.84591782e+08 -1.93309256e+02  2.16041502e-10 
 3.89045145e+08 -1.93453055e+02  2.12494288e-10 
 3.93550075e+08 -1.93580985e+02  2.09387497e-10 
 3.98107171e+08 -1.93704536e+02  2.06430194e-10 
 4.02717034e+08 -1.93823539e+02  2.03621235e-10 
 4.07380278e+08 -1.93953957e+02  2.00586700e-10 
 4.12097519e+08 -1.94066563e+02  1.98003038e-10 
 4.16869383e+08 -1.94158482e+02  1.95918704e-10 
 4.21696503e+08 -1.94325744e+02  1.92182037e-10 
 4.26579519e+08 -1.94434938e+02  1.89781159e-10 
 4.31519077e+08 -1.94563382e+02  1.86995382e-10 
 4.36515832e+08 -1.94699143e+02  1.84095353e-10 
 4.41570447e+08 -1.94825152e+02  1.81443907e-10 
 4.46683592e+08 -1.94987043e+02  1.78093406e-10 
 4.51855944e+08 -1.95053028e+02  1.76745595e-10 
 4.57088190e+08 -1.95201862e+02  1.73742837e-10 
 4.62381021e+08 -1.95288107e+02  1.72026227e-10 
 4.67735141e+08 -1.95472787e+02  1.68407189e-10 
 4.73151259e+08 -1.95532950e+02  1.67244750e-10 
 4.78630092e+08 -1.95664845e+02  1.64724338e-10 
 4.84172368e+08 -1.95797654e+02  1.62224816e-10 
 4.89778819e+08 -1.95909105e+02  1.60156571e-10 
 4.95450191e+08 -1.96018939e+02  1.58144119e-10 
 5.01187234e+08 -1.96153998e+02  1.55704114e-10 
 5.06990708e+08 -1.96267493e+02  1.53682828e-10 
 5.12861384e+08 -1.96372999e+02  1.51827359e-10 
 5.18800039e+08 -1.96528154e+02  1.49139376e-10 
 5.24807460e+08 -1.96598367e+02  1.47938643e-10 
 5.30884444e+08 -1.96749612e+02  1.45384935e-10 
 5.37031796e+08 -1.96859470e+02  1.43557709e-10 
 5.43250331e+08 -1.96971346e+02  1.41720515e-10 
 5.49540874e+08 -1.97057252e+02  1.40325767e-10 
 5.55904257e+08 -1.97207758e+02  1.37915188e-10 
 5.62341325e+08 -1.97286076e+02  1.36677233e-10 
 5.68852931e+08 -1.97445167e+02  1.34196645e-10 
 5.75439937e+08 -1.97545910e+02  1.32649164e-10 
 5.82103218e+08 -1.97639862e+02  1.31222068e-10 
 5.88843655e+08 -1.97748288e+02  1.29594218e-10 
 5.95662144e+08 -1.97881046e+02  1.27628507e-10 
 6.02559586e+08 -1.97976418e+02  1.26234806e-10 
 6.09536897e+08 -1.98136422e+02  1.23930693e-10 
 6.16595002e+08 -1.98200065e+02  1.23025956e-10 
 6.23734835e+08 -1.98324933e+02  1.21269995e-10 
 6.30957344e+08 -1.98447574e+02  1.19569746e-10 
 6.38263486e+08 -1.98536204e+02  1.18355875e-10 
 6.45654229e+08 -1.98663460e+02  1.16634495e-10 
 6.53130553e+08 -1.98764317e+02  1.15288016e-10 
 6.60693448e+08 -1.98869509e+02  1.13900218e-10 
 6.68343918e+08 -1.98962743e+02  1.12684153e-10 
 6.76082975e+08 -1.99100430e+02  1.10911987e-10 
 6.83911647e+08 -1.99236645e+02  1.09186198e-10 
 6.91830971e+08 -1.99322191e+02  1.08116121e-10 
 6.99841996e+08 -1.99440784e+02  1.06649983e-10 
 7.07945784e+08 -1.99574205e+02  1.05024286e-10 
 7.16143410e+08 -1.99662774e+02  1.03958809e-10 
 7.24435960e+08 -1.99747167e+02  1.02953624e-10 
 7.32824533e+08 -1.99862167e+02  1.01599524e-10 
 7.41310241e+08 -1.99987416e+02  1.00144981e-10 
 7.49894209e+08 -2.00092934e+02  9.89357594e-11 
 7.58577575e+08 -2.00198714e+02  9.77381912e-11 
 7.67361489e+08 -2.00317978e+02  9.64053446e-11 
 7.76247117e+08 -2.00403934e+02  9.54560196e-11 
 7.85235635e+08 -2.00501752e+02  9.43870447e-11 
 7.94328235e+08 -2.00628633e+02  9.30182845e-11 
 8.03526122e+08 -2.00744176e+02  9.17891172e-11 
 8.12830516e+08 -2.00839377e+02  9.07885626e-11 
 8.22242650e+08 -2.00973582e+02  8.93965811e-11 
 8.31763771e+08 -2.01043062e+02  8.86843355e-11 
 8.41395142e+08 -2.01164309e+02  8.74549856e-11 
 8.51138038e+08 -2.01284127e+02  8.62568657e-11 
 8.60993752e+08 -2.01359375e+02  8.55128278e-11 
 8.70963590e+08 -2.01443046e+02  8.46930394e-11 
 8.81048873e+08 -2.01580123e+02  8.33669396e-11 
 8.91250938e+08 -2.01729031e+02  8.19499044e-11 
 9.01571138e+08 -2.01801732e+02  8.12668441e-11 
 9.12010839e+08 -2.01950876e+02  7.98833378e-11 
 9.22571427e+08 -2.02020981e+02  7.92411802e-11 
 9.33254301e+08 -2.02120681e+02  7.83368237e-11 
 9.44060876e+08 -2.02258490e+02  7.71037466e-11 
 9.54992586e+08 -2.02349110e+02  7.63035096e-11 
 9.66050879e+08 -2.02442444e+02  7.54879753e-11 
 9.77237221e+08 -2.02532250e+02  7.47115040e-11 
 9.88553095e+08 -2.02691149e+02  7.33571662e-11 
 1.00000000e+09 -2.02769754e+02  7.26962967e-11 
