 1.00000000e+00 -1.25366222e+01  2.36139635e-01 
 1.01157945e+00 -1.25366238e+01  2.36139593e-01 
 1.02329299e+00 -1.25366254e+01  2.36139549e-01 
 1.03514217e+00 -1.25366271e+01  2.36139504e-01 
 1.04712855e+00 -1.25366288e+01  2.36139458e-01 
 1.05925373e+00 -1.25366305e+01  2.36139411e-01 
 1.07151931e+00 -1.25366322e+01  2.36139363e-01 
 1.08392691e+00 -1.25366341e+01  2.36139314e-01 
 1.09647820e+00 -1.25366359e+01  2.36139264e-01 
 1.10917482e+00 -1.25366378e+01  2.36139212e-01 
 1.12201845e+00 -1.25366397e+01  2.36139160e-01 
 1.13501082e+00 -1.25366417e+01  2.36139106e-01 
 1.14815362e+00 -1.25366437e+01  2.36139051e-01 
 1.16144861e+00 -1.25366458e+01  2.36138994e-01 
 1.17489755e+00 -1.25366479e+01  2.36138937e-01 
 1.18850223e+00 -1.25366501e+01  2.36138878e-01 
 1.20226443e+00 -1.25366523e+01  2.36138817e-01 
 1.21618600e+00 -1.25366546e+01  2.36138755e-01 
 1.23026877e+00 -1.25366569e+01  2.36138692e-01 
 1.24451461e+00 -1.25366593e+01  2.36138627e-01 
 1.25892541e+00 -1.25366618e+01  2.36138561e-01 
 1.27350308e+00 -1.25366643e+01  2.36138493e-01 
 1.28824955e+00 -1.25366668e+01  2.36138424e-01 
 1.30316678e+00 -1.25366694e+01  2.36138353e-01 
 1.31825674e+00 -1.25366721e+01  2.36138280e-01 
 1.33352143e+00 -1.25366748e+01  2.36138206e-01 
 1.34896288e+00 -1.25366776e+01  2.36138130e-01 
 1.36458314e+00 -1.25366805e+01  2.36138052e-01 
 1.38038426e+00 -1.25366834e+01  2.36137972e-01 
 1.39636836e+00 -1.25366864e+01  2.36137891e-01 
 1.41253754e+00 -1.25366895e+01  2.36137807e-01 
 1.42889396e+00 -1.25366926e+01  2.36137722e-01 
 1.44543977e+00 -1.25366958e+01  2.36137634e-01 
 1.46217717e+00 -1.25366991e+01  2.36137545e-01 
 1.47910839e+00 -1.25367025e+01  2.36137454e-01 
 1.49623566e+00 -1.25367059e+01  2.36137360e-01 
 1.51356125e+00 -1.25367095e+01  2.36137264e-01 
 1.53108746e+00 -1.25367131e+01  2.36137166e-01 
 1.54881662e+00 -1.25367168e+01  2.36137066e-01 
 1.56675107e+00 -1.25367205e+01  2.36136963e-01 
 1.58489319e+00 -1.25367244e+01  2.36136858e-01 
 1.60324539e+00 -1.25367283e+01  2.36136751e-01 
 1.62181010e+00 -1.25367324e+01  2.36136641e-01 
 1.64058977e+00 -1.25367365e+01  2.36136528e-01 
 1.65958691e+00 -1.25367408e+01  2.36136413e-01 
 1.67880402e+00 -1.25367451e+01  2.36136295e-01 
 1.69824365e+00 -1.25367495e+01  2.36136175e-01 
 1.71790839e+00 -1.25367541e+01  2.36136051e-01 
 1.73780083e+00 -1.25367587e+01  2.36135925e-01 
 1.75792361e+00 -1.25367635e+01  2.36135796e-01 
 1.77827941e+00 -1.25367683e+01  2.36135663e-01 
 1.79887092e+00 -1.25367733e+01  2.36135528e-01 
 1.81970086e+00 -1.25367784e+01  2.36135390e-01 
 1.84077200e+00 -1.25367836e+01  2.36135248e-01 
 1.86208714e+00 -1.25367889e+01  2.36135103e-01 
 1.88364909e+00 -1.25367944e+01  2.36134955e-01 
 1.90546072e+00 -1.25368000e+01  2.36134803e-01 
 1.92752491e+00 -1.25368057e+01  2.36134648e-01 
 1.94984460e+00 -1.25368115e+01  2.36134489e-01 
 1.97242274e+00 -1.25368175e+01  2.36134326e-01 
 1.99526231e+00 -1.25368237e+01  2.36134160e-01 
 2.01836636e+00 -1.25368299e+01  2.36133989e-01 
 2.04173794e+00 -1.25368363e+01  2.36133815e-01 
 2.06538016e+00 -1.25368429e+01  2.36133637e-01 
 2.08929613e+00 -1.25368496e+01  2.36133454e-01 
 2.11348904e+00 -1.25368565e+01  2.36133267e-01 
 2.13796209e+00 -1.25368635e+01  2.36133076e-01 
 2.16271852e+00 -1.25368707e+01  2.36132881e-01 
 2.18776162e+00 -1.25368781e+01  2.36132680e-01 
 2.21309471e+00 -1.25368856e+01  2.36132476e-01 
 2.23872114e+00 -1.25368933e+01  2.36132266e-01 
 2.26464431e+00 -1.25369012e+01  2.36132052e-01 
 2.29086765e+00 -1.25369093e+01  2.36131832e-01 
 2.31739465e+00 -1.25369175e+01  2.36131608e-01 
 2.34422882e+00 -1.25369260e+01  2.36131378e-01 
 2.37137371e+00 -1.25369346e+01  2.36131143e-01 
 2.39883292e+00 -1.25369435e+01  2.36130902e-01 
 2.42661010e+00 -1.25369525e+01  2.36130656e-01 
 2.45470892e+00 -1.25369618e+01  2.36130404e-01 
 2.48313311e+00 -1.25369713e+01  2.36130146e-01 
 2.51188643e+00 -1.25369810e+01  2.36129883e-01 
 2.54097271e+00 -1.25369909e+01  2.36129613e-01 
 2.57039578e+00 -1.25370011e+01  2.36129337e-01 
 2.60015956e+00 -1.25370115e+01  2.36129054e-01 
 2.63026799e+00 -1.25370221e+01  2.36128765e-01 
 2.66072506e+00 -1.25370330e+01  2.36128469e-01 
 2.69153480e+00 -1.25370441e+01  2.36128166e-01 
 2.72270131e+00 -1.25370555e+01  2.36127856e-01 
 2.75422870e+00 -1.25370672e+01  2.36127539e-01 
 2.78612117e+00 -1.25370791e+01  2.36127214e-01 
 2.81838293e+00 -1.25370913e+01  2.36126882e-01 
 2.85101827e+00 -1.25371038e+01  2.36126542e-01 
 2.88403150e+00 -1.25371166e+01  2.36126195e-01 
 2.91742701e+00 -1.25371297e+01  2.36125839e-01 
 2.95120923e+00 -1.25371431e+01  2.36125475e-01 
 2.98538262e+00 -1.25371568e+01  2.36125102e-01 
 3.01995172e+00 -1.25371709e+01  2.36124721e-01 
 3.05492111e+00 -1.25371852e+01  2.36124331e-01 
 3.09029543e+00 -1.25371999e+01  2.36123931e-01 
 3.12607937e+00 -1.25372149e+01  2.36123523e-01 
 3.16227766e+00 -1.25372303e+01  2.36123105e-01 
 3.19889511e+00 -1.25372460e+01  2.36122677e-01 
 3.23593657e+00 -1.25372621e+01  2.36122239e-01 
 3.27340695e+00 -1.25372786e+01  2.36121791e-01 
 3.31131121e+00 -1.25372955e+01  2.36121333e-01 
 3.34965439e+00 -1.25373127e+01  2.36120864e-01 
 3.38844156e+00 -1.25373304e+01  2.36120384e-01 
 3.42767787e+00 -1.25373485e+01  2.36119893e-01 
 3.46736850e+00 -1.25373669e+01  2.36119390e-01 
 3.50751874e+00 -1.25373859e+01  2.36118876e-01 
 3.54813389e+00 -1.25374052e+01  2.36118350e-01 
 3.58921935e+00 -1.25374250e+01  2.36117811e-01 
 3.63078055e+00 -1.25374453e+01  2.36117260e-01 
 3.67282300e+00 -1.25374660e+01  2.36116696e-01 
 3.71535229e+00 -1.25374873e+01  2.36116119e-01 
 3.75837404e+00 -1.25375090e+01  2.36115529e-01 
 3.80189396e+00 -1.25375312e+01  2.36114925e-01 
 3.84591782e+00 -1.25375540e+01  2.36114306e-01 
 3.89045145e+00 -1.25375772e+01  2.36113674e-01 
 3.93550075e+00 -1.25376010e+01  2.36113026e-01 
 3.98107171e+00 -1.25376254e+01  2.36112364e-01 
 4.02717034e+00 -1.25376504e+01  2.36111686e-01 
 4.07380278e+00 -1.25376759e+01  2.36110992e-01 
 4.12097519e+00 -1.25377020e+01  2.36110282e-01 
 4.16869383e+00 -1.25377287e+01  2.36109556e-01 
 4.21696503e+00 -1.25377561e+01  2.36108813e-01 
 4.26579519e+00 -1.25377840e+01  2.36108052e-01 
 4.31519077e+00 -1.25378127e+01  2.36107274e-01 
 4.36515832e+00 -1.25378420e+01  2.36106477e-01 
 4.41570447e+00 -1.25378719e+01  2.36105663e-01 
 4.46683592e+00 -1.25379026e+01  2.36104829e-01 
 4.51855944e+00 -1.25379340e+01  2.36103975e-01 
 4.57088190e+00 -1.25379661e+01  2.36103102e-01 
 4.62381021e+00 -1.25379990e+01  2.36102209e-01 
 4.67735141e+00 -1.25380326e+01  2.36101294e-01 
 4.73151259e+00 -1.25380671e+01  2.36100359e-01 
 4.78630092e+00 -1.25381023e+01  2.36099401e-01 
 4.84172368e+00 -1.25381383e+01  2.36098422e-01 
 4.89778819e+00 -1.25381752e+01  2.36097419e-01 
 4.95450191e+00 -1.25382130e+01  2.36096393e-01 
 5.01187234e+00 -1.25382516e+01  2.36095343e-01 
 5.06990708e+00 -1.25382911e+01  2.36094269e-01 
 5.12861384e+00 -1.25383315e+01  2.36093170e-01 
 5.18800039e+00 -1.25383729e+01  2.36092045e-01 
 5.24807460e+00 -1.25384152e+01  2.36090894e-01 
 5.30884444e+00 -1.25384586e+01  2.36089717e-01 
 5.37031796e+00 -1.25385029e+01  2.36088512e-01 
 5.43250331e+00 -1.25385483e+01  2.36087278e-01 
 5.49540874e+00 -1.25385947e+01  2.36086017e-01 
 5.55904257e+00 -1.25386422e+01  2.36084725e-01 
 5.62341325e+00 -1.25386908e+01  2.36083404e-01 
 5.68852931e+00 -1.25387406e+01  2.36082052e-01 
 5.75439937e+00 -1.25387915e+01  2.36080668e-01 
 5.82103218e+00 -1.25388436e+01  2.36079253e-01 
 5.88843655e+00 -1.25388969e+01  2.36077804e-01 
 5.95662144e+00 -1.25389514e+01  2.36076321e-01 
 6.02559586e+00 -1.25390072e+01  2.36074805e-01 
 6.09536897e+00 -1.25390643e+01  2.36073252e-01 
 6.16595002e+00 -1.25391228e+01  2.36071664e-01 
 6.23734835e+00 -1.25391826e+01  2.36070039e-01 
 6.30957344e+00 -1.25392438e+01  2.36068376e-01 
 6.38263486e+00 -1.25393064e+01  2.36066674e-01 
 6.45654229e+00 -1.25393705e+01  2.36064932e-01 
 6.53130553e+00 -1.25394360e+01  2.36063150e-01 
 6.60693448e+00 -1.25395031e+01  2.36061327e-01 
 6.68343918e+00 -1.25395718e+01  2.36059461e-01 
 6.76082975e+00 -1.25396420e+01  2.36057552e-01 
 6.83911647e+00 -1.25397139e+01  2.36055598e-01 
 6.91830971e+00 -1.25397875e+01  2.36053599e-01 
 6.99841996e+00 -1.25398627e+01  2.36051553e-01 
 7.07945784e+00 -1.25399398e+01  2.36049460e-01 
 7.16143410e+00 -1.25400186e+01  2.36047318e-01 
 7.24435960e+00 -1.25400992e+01  2.36045126e-01 
 7.32824533e+00 -1.25401818e+01  2.36042884e-01 
 7.41310241e+00 -1.25402662e+01  2.36040589e-01 
 7.49894209e+00 -1.25403526e+01  2.36038240e-01 
 7.58577575e+00 -1.25404411e+01  2.36035837e-01 
 7.67361489e+00 -1.25405315e+01  2.36033378e-01 
 7.76247117e+00 -1.25406241e+01  2.36030862e-01 
 7.85235635e+00 -1.25407189e+01  2.36028288e-01 
 7.94328235e+00 -1.25408158e+01  2.36025653e-01 
 8.03526122e+00 -1.25409150e+01  2.36022958e-01 
 8.12830516e+00 -1.25410166e+01  2.36020199e-01 
 8.22242650e+00 -1.25411204e+01  2.36017377e-01 
 8.31763771e+00 -1.25412267e+01  2.36014488e-01 
 8.41395142e+00 -1.25413355e+01  2.36011533e-01 
 8.51138038e+00 -1.25414468e+01  2.36008509e-01 
 8.60993752e+00 -1.25415607e+01  2.36005414e-01 
 8.70963590e+00 -1.25416772e+01  2.36002248e-01 
 8.81048873e+00 -1.25417965e+01  2.35999008e-01 
 8.91250938e+00 -1.25419185e+01  2.35995693e-01 
 9.01571138e+00 -1.25420433e+01  2.35992300e-01 
 9.12010839e+00 -1.25421711e+01  2.35988829e-01 
 9.22571427e+00 -1.25423018e+01  2.35985277e-01 
 9.33254301e+00 -1.25424356e+01  2.35981642e-01 
 9.44060876e+00 -1.25425725e+01  2.35977923e-01 
 9.54992586e+00 -1.25427126e+01  2.35974118e-01 
 9.66050879e+00 -1.25428559e+01  2.35970224e-01 
 9.77237221e+00 -1.25430026e+01  2.35966239e-01 
 9.88553095e+00 -1.25431527e+01  2.35962162e-01 
 1.00000000e+01 -1.25433062e+01  2.35957991e-01 
 1.01157945e+01 -1.25434634e+01  2.35953722e-01 
 1.02329299e+01 -1.25436241e+01  2.35949354e-01 
 1.03514217e+01 -1.25437887e+01  2.35944885e-01 
 1.04712855e+01 -1.25439570e+01  2.35940311e-01 
 1.05925373e+01 -1.25441293e+01  2.35935632e-01 
 1.07151931e+01 -1.25443056e+01  2.35930844e-01 
 1.08392691e+01 -1.25444860e+01  2.35925944e-01 
 1.09647820e+01 -1.25446705e+01  2.35920931e-01 
 1.10917482e+01 -1.25448594e+01  2.35915801e-01 
 1.12201845e+01 -1.25450527e+01  2.35910552e-01 
 1.13501082e+01 -1.25452504e+01  2.35905182e-01 
 1.14815362e+01 -1.25454527e+01  2.35899686e-01 
 1.16144861e+01 -1.25456598e+01  2.35894063e-01 
 1.17489755e+01 -1.25458716e+01  2.35888309e-01 
 1.18850223e+01 -1.25460884e+01  2.35882422e-01 
 1.20226443e+01 -1.25463102e+01  2.35876398e-01 
 1.21618600e+01 -1.25465372e+01  2.35870235e-01 
 1.23026877e+01 -1.25467695e+01  2.35863928e-01 
 1.24451461e+01 -1.25470071e+01  2.35857475e-01 
 1.25892541e+01 -1.25472503e+01  2.35850872e-01 
 1.27350308e+01 -1.25474991e+01  2.35844115e-01 
 1.28824955e+01 -1.25477537e+01  2.35837203e-01 
 1.30316678e+01 -1.25480142e+01  2.35830129e-01 
 1.31825674e+01 -1.25482808e+01  2.35822892e-01 
 1.33352143e+01 -1.25485535e+01  2.35815486e-01 
 1.34896288e+01 -1.25488326e+01  2.35807909e-01 
 1.36458314e+01 -1.25491182e+01  2.35800157e-01 
 1.38038426e+01 -1.25494104e+01  2.35792224e-01 
 1.39636836e+01 -1.25497094e+01  2.35784107e-01 
 1.41253754e+01 -1.25500154e+01  2.35775803e-01 
 1.42889396e+01 -1.25503284e+01  2.35767305e-01 
 1.44543977e+01 -1.25506487e+01  2.35758611e-01 
 1.46217717e+01 -1.25509765e+01  2.35749715e-01 
 1.47910839e+01 -1.25513118e+01  2.35740613e-01 
 1.49623566e+01 -1.25516550e+01  2.35731300e-01 
 1.51356125e+01 -1.25520061e+01  2.35721772e-01 
 1.53108746e+01 -1.25523653e+01  2.35712022e-01 
 1.54881662e+01 -1.25527329e+01  2.35702047e-01 
 1.56675107e+01 -1.25531090e+01  2.35691841e-01 
 1.58489319e+01 -1.25534939e+01  2.35681398e-01 
 1.60324539e+01 -1.25538877e+01  2.35670714e-01 
 1.62181010e+01 -1.25542906e+01  2.35659782e-01 
 1.64058977e+01 -1.25547028e+01  2.35648597e-01 
 1.65958691e+01 -1.25551247e+01  2.35637153e-01 
 1.67880402e+01 -1.25555563e+01  2.35625445e-01 
 1.69824365e+01 -1.25559979e+01  2.35613465e-01 
 1.71790839e+01 -1.25564497e+01  2.35601208e-01 
 1.73780083e+01 -1.25569121e+01  2.35588668e-01 
 1.75792361e+01 -1.25573851e+01  2.35575838e-01 
 1.77827941e+01 -1.25578691e+01  2.35562711e-01 
 1.79887092e+01 -1.25583644e+01  2.35549281e-01 
 1.81970086e+01 -1.25588711e+01  2.35535540e-01 
 1.84077200e+01 -1.25593895e+01  2.35521481e-01 
 1.86208714e+01 -1.25599200e+01  2.35507098e-01 
 1.88364909e+01 -1.25604627e+01  2.35492383e-01 
 1.90546072e+01 -1.25610180e+01  2.35477327e-01 
 1.92752491e+01 -1.25615862e+01  2.35461924e-01 
 1.94984460e+01 -1.25621676e+01  2.35446165e-01 
 1.97242274e+01 -1.25627624e+01  2.35430043e-01 
 1.99526231e+01 -1.25633710e+01  2.35413548e-01 
 2.01836636e+01 -1.25639936e+01  2.35396672e-01 
 2.04173794e+01 -1.25646307e+01  2.35379408e-01 
 2.06538016e+01 -1.25652825e+01  2.35361745e-01 
 2.08929613e+01 -1.25659494e+01  2.35343675e-01 
 2.11348904e+01 -1.25666317e+01  2.35325188e-01 
 2.13796209e+01 -1.25673298e+01  2.35306275e-01 
 2.16271852e+01 -1.25680441e+01  2.35286926e-01 
 2.18776162e+01 -1.25687748e+01  2.35267132e-01 
 2.21309471e+01 -1.25695225e+01  2.35246882e-01 
 2.23872114e+01 -1.25702874e+01  2.35226165e-01 
 2.26464431e+01 -1.25710701e+01  2.35204971e-01 
 2.29086765e+01 -1.25718708e+01  2.35183290e-01 
 2.31739465e+01 -1.25726900e+01  2.35161110e-01 
 2.34422882e+01 -1.25735281e+01  2.35138420e-01 
 2.37137371e+01 -1.25743856e+01  2.35115208e-01 
 2.39883292e+01 -1.25752628e+01  2.35091463e-01 
 2.42661010e+01 -1.25761604e+01  2.35067171e-01 
 2.45470892e+01 -1.25770786e+01  2.35042322e-01 
 2.48313311e+01 -1.25780180e+01  2.35016903e-01 
 2.51188643e+01 -1.25789791e+01  2.34990899e-01 
 2.54097271e+01 -1.25799624e+01  2.34964299e-01 
 2.57039578e+01 -1.25809683e+01  2.34937089e-01 
 2.60015956e+01 -1.25819975e+01  2.34909254e-01 
 2.63026799e+01 -1.25830503e+01  2.34880782e-01 
 2.66072506e+01 -1.25841274e+01  2.34851657e-01 
 2.69153480e+01 -1.25852293e+01  2.34821865e-01 
 2.72270131e+01 -1.25863566e+01  2.34791390e-01 
 2.75422870e+01 -1.25875099e+01  2.34760219e-01 
 2.78612117e+01 -1.25886897e+01  2.34728333e-01 
 2.81838293e+01 -1.25898966e+01  2.34695719e-01 
 2.85101827e+01 -1.25911314e+01  2.34662359e-01 
 2.88403150e+01 -1.25923945e+01  2.34628237e-01 
 2.91742701e+01 -1.25936866e+01  2.34593335e-01 
 2.95120923e+01 -1.25950085e+01  2.34557637e-01 
 2.98538262e+01 -1.25963607e+01  2.34521123e-01 
 3.01995172e+01 -1.25977440e+01  2.34483777e-01 
 3.05492111e+01 -1.25991590e+01  2.34445580e-01 
 3.09029543e+01 -1.26006065e+01  2.34406512e-01 
 3.12607937e+01 -1.26020873e+01  2.34366554e-01 
 3.16227766e+01 -1.26036020e+01  2.34325687e-01 
 3.19889511e+01 -1.26051515e+01  2.34283890e-01 
 3.23593657e+01 -1.26067364e+01  2.34241143e-01 
 3.27340695e+01 -1.26083577e+01  2.34197424e-01 
 3.31131121e+01 -1.26100162e+01  2.34152712e-01 
 3.34965439e+01 -1.26117125e+01  2.34106985e-01 
 3.38844156e+01 -1.26134478e+01  2.34060221e-01 
 3.42767787e+01 -1.26152227e+01  2.34012397e-01 
 3.46736850e+01 -1.26170382e+01  2.33963489e-01 
 3.50751874e+01 -1.26188953e+01  2.33913473e-01 
 3.54813389e+01 -1.26207947e+01  2.33862326e-01 
 3.58921935e+01 -1.26227376e+01  2.33810022e-01 
 3.63078055e+01 -1.26247248e+01  2.33756536e-01 
 3.67282300e+01 -1.26267573e+01  2.33701842e-01 
 3.71535229e+01 -1.26288362e+01  2.33645914e-01 
 3.75837404e+01 -1.26309625e+01  2.33588724e-01 
 3.80189396e+01 -1.26331372e+01  2.33530247e-01 
 3.84591782e+01 -1.26353615e+01  2.33470452e-01 
 3.89045145e+01 -1.26376364e+01  2.33409312e-01 
 3.93550075e+01 -1.26399631e+01  2.33346798e-01 
 3.98107171e+01 -1.26423426e+01  2.33282880e-01 
 4.02717034e+01 -1.26447763e+01  2.33217527e-01 
 4.07380278e+01 -1.26472652e+01  2.33150709e-01 
 4.12097519e+01 -1.26498106e+01  2.33082394e-01 
 4.16869383e+01 -1.26524138e+01  2.33012550e-01 
 4.21696503e+01 -1.26550759e+01  2.32941143e-01 
 4.26579519e+01 -1.26577984e+01  2.32868142e-01 
 4.31519077e+01 -1.26605826e+01  2.32793511e-01 
 4.36515832e+01 -1.26634297e+01  2.32717216e-01 
 4.41570447e+01 -1.26663413e+01  2.32639222e-01 
 4.46683592e+01 -1.26693186e+01  2.32559492e-01 
 4.51855944e+01 -1.26723632e+01  2.32477990e-01 
 4.57088190e+01 -1.26754764e+01  2.32394678e-01 
 4.62381021e+01 -1.26786599e+01  2.32309518e-01 
 4.67735141e+01 -1.26819151e+01  2.32222472e-01 
 4.73151259e+01 -1.26852437e+01  2.32133499e-01 
 4.78630092e+01 -1.26886471e+01  2.32042559e-01 
 4.84172368e+01 -1.26921270e+01  2.31949612e-01 
 4.89778819e+01 -1.26956851e+01  2.31854616e-01 
 4.95450191e+01 -1.26993230e+01  2.31757527e-01 
 5.01187234e+01 -1.27030426e+01  2.31658304e-01 
 5.06990708e+01 -1.27068454e+01  2.31556901e-01 
 5.12861384e+01 -1.27107334e+01  2.31453274e-01 
 5.18800039e+01 -1.27147084e+01  2.31347377e-01 
 5.24807460e+01 -1.27187722e+01  2.31239164e-01 
 5.30884444e+01 -1.27229267e+01  2.31128587e-01 
 5.37031796e+01 -1.27271739e+01  2.31015599e-01 
 5.43250331e+01 -1.27315157e+01  2.30900150e-01 
 5.49540874e+01 -1.27359541e+01  2.30782192e-01 
 5.55904257e+01 -1.27404913e+01  2.30661673e-01 
 5.62341325e+01 -1.27451292e+01  2.30538542e-01 
 5.68852931e+01 -1.27498700e+01  2.30412747e-01 
 5.75439937e+01 -1.27547159e+01  2.30284235e-01 
 5.82103218e+01 -1.27596690e+01  2.30152952e-01 
 5.88843655e+01 -1.27647317e+01  2.30018843e-01 
 5.95662144e+01 -1.27699062e+01  2.29881853e-01 
 6.02559586e+01 -1.27751949e+01  2.29741925e-01 
 6.09536897e+01 -1.27806000e+01  2.29599003e-01 
 6.16595002e+01 -1.27861242e+01  2.29453027e-01 
 6.23734835e+01 -1.27917697e+01  2.29303939e-01 
 6.30957344e+01 -1.27975391e+01  2.29151679e-01 
 6.38263486e+01 -1.28034350e+01  2.28996187e-01 
 6.45654229e+01 -1.28094599e+01  2.28837399e-01 
 6.53130553e+01 -1.28156166e+01  2.28675255e-01 
 6.60693448e+01 -1.28219076e+01  2.28509691e-01 
 6.68343918e+01 -1.28283357e+01  2.28340642e-01 
 6.76082975e+01 -1.28349037e+01  2.28168043e-01 
 6.83911647e+01 -1.28416144e+01  2.27991829e-01 
 6.91830971e+01 -1.28484706e+01  2.27811932e-01 
 6.99841996e+01 -1.28554754e+01  2.27628286e-01 
 7.07945784e+01 -1.28626317e+01  2.27440821e-01 
 7.16143410e+01 -1.28699425e+01  2.27249469e-01 
 7.24435960e+01 -1.28774108e+01  2.27054159e-01 
 7.32824533e+01 -1.28850398e+01  2.26854820e-01 
 7.41310241e+01 -1.28928326e+01  2.26651381e-01 
 7.49894209e+01 -1.29007925e+01  2.26443769e-01 
 7.58577575e+01 -1.29089227e+01  2.26231911e-01 
 7.67361489e+01 -1.29172266e+01  2.26015734e-01 
 7.76247117e+01 -1.29257074e+01  2.25795161e-01 
 7.85235635e+01 -1.29343687e+01  2.25570118e-01 
 7.94328235e+01 -1.29432138e+01  2.25340529e-01 
 8.03526122e+01 -1.29522464e+01  2.25106317e-01 
 8.12830516e+01 -1.29614699e+01  2.24867404e-01 
 8.22242650e+01 -1.29708880e+01  2.24623713e-01 
 8.31763771e+01 -1.29805043e+01  2.24375164e-01 
 8.41395142e+01 -1.29903227e+01  2.24121679e-01 
 8.51138038e+01 -1.30003468e+01  2.23863177e-01 
 8.60993752e+01 -1.30105804e+01  2.23599578e-01 
 8.70963590e+01 -1.30210275e+01  2.23330801e-01 
 8.81048873e+01 -1.30316920e+01  2.23056765e-01 
 8.91250938e+01 -1.30425778e+01  2.22777389e-01 
 9.01571138e+01 -1.30536890e+01  2.22492590e-01 
 9.12010839e+01 -1.30650296e+01  2.22202285e-01 
 9.22571427e+01 -1.30766037e+01  2.21906393e-01 
 9.33254301e+01 -1.30884156e+01  2.21604829e-01 
 9.44060876e+01 -1.31004694e+01  2.21297511e-01 
 9.54992586e+01 -1.31127694e+01  2.20984356e-01 
 9.66050879e+01 -1.31253199e+01  2.20665279e-01 
 9.77237221e+01 -1.31381253e+01  2.20340198e-01 
 9.88553095e+01 -1.31511899e+01  2.20009028e-01 
 1.00000000e+02 -1.31645183e+01  2.19671687e-01 
 1.01157945e+02 -1.31781149e+01  2.19328090e-01 
 1.02329299e+02 -1.31919841e+01  2.18978155e-01 
 1.03514217e+02 -1.32061307e+01  2.18621799e-01 
 1.04712855e+02 -1.32205592e+01  2.18258938e-01 
 1.05925373e+02 -1.32352743e+01  2.17889491e-01 
 1.07151931e+02 -1.32502807e+01  2.17513374e-01 
 1.08392691e+02 -1.32655830e+01  2.17130508e-01 
 1.09647820e+02 -1.32811862e+01  2.16740810e-01 
 1.10917482e+02 -1.32970948e+01  2.16344201e-01 
 1.12201845e+02 -1.33133139e+01  2.15940601e-01 
 1.13501082e+02 -1.33298482e+01  2.15529931e-01 
 1.14815362e+02 -1.33467027e+01  2.15112113e-01 
 1.16144861e+02 -1.33638822e+01  2.14687070e-01 
 1.17489755e+02 -1.33813918e+01  2.14254726e-01 
 1.18850223e+02 -1.33992363e+01  2.13815007e-01 
 1.20226443e+02 -1.34174209e+01  2.13367838e-01 
 1.21618600e+02 -1.34359504e+01  2.12913148e-01 
 1.23026877e+02 -1.34548300e+01  2.12450864e-01 
 1.24451461e+02 -1.34740646e+01  2.11980919e-01 
 1.25892541e+02 -1.34936594e+01  2.11503243e-01 
 1.27350308e+02 -1.35136194e+01  2.11017771e-01 
 1.28824955e+02 -1.35339497e+01  2.10524438e-01 
 1.30316678e+02 -1.35546553e+01  2.10023181e-01 
 1.31825674e+02 -1.35757415e+01  2.09513940e-01 
 1.33352143e+02 -1.35972133e+01  2.08996656e-01 
 1.34896288e+02 -1.36190756e+01  2.08471273e-01 
 1.36458314e+02 -1.36413338e+01  2.07937735e-01 
 1.38038426e+02 -1.36639928e+01  2.07395992e-01 
 1.39636836e+02 -1.36870578e+01  2.06845993e-01 
 1.41253754e+02 -1.37105337e+01  2.06287692e-01 
 1.42889396e+02 -1.37344256e+01  2.05721045e-01 
 1.44543977e+02 -1.37587385e+01  2.05146009e-01 
 1.46217717e+02 -1.37834776e+01  2.04562547e-01 
 1.47910839e+02 -1.38086476e+01  2.03970622e-01 
 1.49623566e+02 -1.38342536e+01  2.03370201e-01 
 1.51356125e+02 -1.38603005e+01  2.02761256e-01 
 1.53108746e+02 -1.38867932e+01  2.02143759e-01 
 1.54881662e+02 -1.39137365e+01  2.01517689e-01 
 1.56675107e+02 -1.39411353e+01  2.00883024e-01 
 1.58489319e+02 -1.39689942e+01  2.00239748e-01 
 1.60324539e+02 -1.39973180e+01  1.99587850e-01 
 1.62181010e+02 -1.40261113e+01  1.98927321e-01 
 1.64058977e+02 -1.40553788e+01  1.98258155e-01 
 1.65958691e+02 -1.40851250e+01  1.97580351e-01 
 1.67880402e+02 -1.41153543e+01  1.96893912e-01 
 1.69824365e+02 -1.41460711e+01  1.96198844e-01 
 1.71790839e+02 -1.41772799e+01  1.95495158e-01 
 1.73780083e+02 -1.42089848e+01  1.94782870e-01 
 1.75792361e+02 -1.42411901e+01  1.94061997e-01 
 1.77827941e+02 -1.42738998e+01  1.93332564e-01 
 1.79887092e+02 -1.43071180e+01  1.92594597e-01 
 1.81970086e+02 -1.43408486e+01  1.91848130e-01 
 1.84077200e+02 -1.43750954e+01  1.91093198e-01 
 1.86208714e+02 -1.44098623e+01  1.90329842e-01 
 1.88364909e+02 -1.44451527e+01  1.89558108e-01 
 1.90546072e+02 -1.44809704e+01  1.88778044e-01 
 1.92752491e+02 -1.45173186e+01  1.87989706e-01 
 1.94984460e+02 -1.45542008e+01  1.87193153e-01 
 1.97242274e+02 -1.45916202e+01  1.86388448e-01 
 1.99526231e+02 -1.46295798e+01  1.85575659e-01 
 2.01836636e+02 -1.46680827e+01  1.84754858e-01 
 2.04173794e+02 -1.47071316e+01  1.83926123e-01 
 2.06538016e+02 -1.47467295e+01  1.83089536e-01 
 2.08929613e+02 -1.47868788e+01  1.82245183e-01 
 2.11348904e+02 -1.48275821e+01  1.81393154e-01 
 2.13796209e+02 -1.48688417e+01  1.80533546e-01 
 2.16271852e+02 -1.49106599e+01  1.79666458e-01 
 2.18776162e+02 -1.49530387e+01  1.78791994e-01 
 2.21309471e+02 -1.49959800e+01  1.77910262e-01 
 2.23872114e+02 -1.50394857e+01  1.77021377e-01 
 2.26464431e+02 -1.50835575e+01  1.76125454e-01 
 2.29086765e+02 -1.51281968e+01  1.75222616e-01 
 2.31739465e+02 -1.51734051e+01  1.74312987e-01 
 2.34422882e+02 -1.52191835e+01  1.73396698e-01 
 2.37137371e+02 -1.52655332e+01  1.72473882e-01 
 2.39883292e+02 -1.53124551e+01  1.71544676e-01 
 2.42661010e+02 -1.53599500e+01  1.70609222e-01 
 2.45470892e+02 -1.54080184e+01  1.69667663e-01 
 2.48313311e+02 -1.54566609e+01  1.68720150e-01 
 2.51188643e+02 -1.55058779e+01  1.67766833e-01 
 2.54097271e+02 -1.55556693e+01  1.66807868e-01 
 2.57039578e+02 -1.56060354e+01  1.65843414e-01 
 2.60015956e+02 -1.56569760e+01  1.64873630e-01 
 2.63026799e+02 -1.57084907e+01  1.63898684e-01 
 2.66072506e+02 -1.57605791e+01  1.62918740e-01 
 2.69153480e+02 -1.58132407e+01  1.61933970e-01 
 2.72270131e+02 -1.58664747e+01  1.60944546e-01 
 2.75422870e+02 -1.59202802e+01  1.59950642e-01 
 2.78612117e+02 -1.59746562e+01  1.58952437e-01 
 2.81838293e+02 -1.60296014e+01  1.57950109e-01 
 2.85101827e+02 -1.60851146e+01  1.56943839e-01 
 2.88403150e+02 -1.61411942e+01  1.55933810e-01 
 2.91742701e+02 -1.61978386e+01  1.54920208e-01 
 2.95120923e+02 -1.62550460e+01  1.53903218e-01 
 2.98538262e+02 -1.63128145e+01  1.52883027e-01 
 3.01995172e+02 -1.63711421e+01  1.51859824e-01 
 3.05492111e+02 -1.64300266e+01  1.50833799e-01 
 3.09029543e+02 -1.64894656e+01  1.49805142e-01 
 3.12607937e+02 -1.65494567e+01  1.48774044e-01 
 3.16227766e+02 -1.66099972e+01  1.47740696e-01 
 3.19889511e+02 -1.66710845e+01  1.46705290e-01 
 3.23593657e+02 -1.67327157e+01  1.45668020e-01 
 3.27340695e+02 -1.67948878e+01  1.44629075e-01 
 3.31131121e+02 -1.68575978e+01  1.43588650e-01 
 3.34965439e+02 -1.69208424e+01  1.42546934e-01 
 3.38844156e+02 -1.69846183e+01  1.41504120e-01 
 3.42767787e+02 -1.70489221e+01  1.40460398e-01 
 3.46736850e+02 -1.71137503e+01  1.39415958e-01 
 3.50751874e+02 -1.71790991e+01  1.38370989e-01 
 3.54813389e+02 -1.72449649e+01  1.37325679e-01 
 3.58921935e+02 -1.73113438e+01  1.36280215e-01 
 3.63078055e+02 -1.73782319e+01  1.35234782e-01 
 3.67282300e+02 -1.74456251e+01  1.34189565e-01 
 3.71535229e+02 -1.75135193e+01  1.33144746e-01 
 3.75837404e+02 -1.75819104e+01  1.32100506e-01 
 3.80189396e+02 -1.76507940e+01  1.31057024e-01 
 3.84591782e+02 -1.77201657e+01  1.30014477e-01 
 3.89045145e+02 -1.77900213e+01  1.28973040e-01 
 3.93550075e+02 -1.78603560e+01  1.27932887e-01 
 3.98107171e+02 -1.79311655e+01  1.26894187e-01 
 4.02717034e+02 -1.80024449e+01  1.25857110e-01 
 4.07380278e+02 -1.80741898e+01  1.24821821e-01 
 4.12097519e+02 -1.81463952e+01  1.23788483e-01 
 4.16869383e+02 -1.82190564e+01  1.22757258e-01 
 4.21696503e+02 -1.82921686e+01  1.21728304e-01 
 4.26579519e+02 -1.83657268e+01  1.20701775e-01 
 4.31519077e+02 -1.84397262e+01  1.19677825e-01 
 4.36515832e+02 -1.85141618e+01  1.18656603e-01 
 4.41570447e+02 -1.85890284e+01  1.17638256e-01 
 4.46683592e+02 -1.86643212e+01  1.16622928e-01 
 4.51855944e+02 -1.87400350e+01  1.15610759e-01 
 4.57088190e+02 -1.88161647e+01  1.14601886e-01 
 4.62381021e+02 -1.88927053e+01  1.13596444e-01 
 4.67735141e+02 -1.89696515e+01  1.12594564e-01 
 4.73151259e+02 -1.90469983e+01  1.11596375e-01 
 4.78630092e+02 -1.91247404e+01  1.10602000e-01 
 4.84172368e+02 -1.92028727e+01  1.09611561e-01 
 4.89778819e+02 -1.92813900e+01  1.08625177e-01 
 4.95450191e+02 -1.93602872e+01  1.07642962e-01 
 5.01187234e+02 -1.94395589e+01  1.06665028e-01 
 5.06990708e+02 -1.95192001e+01  1.05691483e-01 
 5.12861384e+02 -1.95992056e+01  1.04722433e-01 
 5.18800039e+02 -1.96795701e+01  1.03757977e-01 
 5.24807460e+02 -1.97602885e+01  1.02798215e-01 
 5.30884444e+02 -1.98413556e+01  1.01843243e-01 
 5.37031796e+02 -1.99227663e+01  1.00893151e-01 
 5.43250331e+02 -2.00045155e+01  9.99480269e-02 
 5.49540874e+02 -2.00865980e+01  9.90079572e-02 
 5.55904257e+02 -2.01690087e+01  9.80730233e-02 
 5.62341325e+02 -2.02517426e+01  9.71433040e-02 
 5.68852931e+02 -2.03347946e+01  9.62188742e-02 
 5.75439937e+02 -2.04181596e+01  9.52998065e-02 
 5.82103218e+02 -2.05018327e+01  9.43861703e-02 
 5.88843655e+02 -2.05858089e+01  9.34780309e-02 
 5.95662144e+02 -2.06700832e+01  9.25754516e-02 
 6.02559586e+02 -2.07546507e+01  9.16784925e-02 
 6.09536897e+02 -2.08395066e+01  9.07872101e-02 
 6.16595002e+02 -2.09246459e+01  8.99016586e-02 
 6.23734835e+02 -2.10100639e+01  8.90218886e-02 
 6.30957344e+02 -2.10957558e+01  8.81479488e-02 
 6.38263486e+02 -2.11817168e+01  8.72798841e-02 
 6.45654229e+02 -2.12679422e+01  8.64177369e-02 
 6.53130553e+02 -2.13544274e+01  8.55615473e-02 
 6.60693448e+02 -2.14411677e+01  8.47113523e-02 
 6.68343918e+02 -2.15281586e+01  8.38671861e-02 
 6.76082975e+02 -2.16153954e+01  8.30290808e-02 
 6.83911647e+02 -2.17028738e+01  8.21970653e-02 
 6.91830971e+02 -2.17905891e+01  8.13711669e-02 
 6.99841996e+02 -2.18785371e+01  8.05514098e-02 
 7.07945784e+02 -2.19667133e+01  7.97378160e-02 
 7.16143410e+02 -2.20551134e+01  7.89304050e-02 
 7.24435960e+02 -2.21437331e+01  7.81291945e-02 
 7.32824533e+02 -2.22325682e+01  7.73341991e-02 
 7.41310241e+02 -2.23216144e+01  7.65454322e-02 
 7.49894209e+02 -2.24108677e+01  7.57629044e-02 
 7.58577575e+02 -2.25003239e+01  7.49866249e-02 
 7.67361489e+02 -2.25899789e+01  7.42165998e-02 
 7.76247117e+02 -2.26798288e+01  7.34528343e-02 
 7.85235635e+02 -2.27698696e+01  7.26953315e-02 
 7.94328235e+02 -2.28600973e+01  7.19440919e-02 
 8.03526122e+02 -2.29505081e+01  7.11991152e-02 
 8.12830516e+02 -2.30410981e+01  7.04603987e-02 
 8.22242650e+02 -2.31318635e+01  6.97279381e-02 
 8.31763771e+02 -2.32228007e+01  6.90017274e-02 
 8.41395142e+02 -2.33139059e+01  6.82817594e-02 
 8.51138038e+02 -2.34051755e+01  6.75680250e-02 
 8.60993752e+02 -2.34966058e+01  6.68605136e-02 
 8.70963590e+02 -2.35881934e+01  6.61592132e-02 
 8.81048873e+02 -2.36799346e+01  6.54641105e-02 
 8.91250938e+02 -2.37718260e+01  6.47751909e-02 
 9.01571138e+02 -2.38638642e+01  6.40924380e-02 
 9.12010839e+02 -2.39560458e+01  6.34158346e-02 
 9.22571427e+02 -2.40483674e+01  6.27453624e-02 
 9.33254301e+02 -2.41408257e+01  6.20810013e-02 
 9.44060876e+02 -2.42334176e+01  6.14227308e-02 
 9.54992586e+02 -2.43261397e+01  6.07705287e-02 
 9.66050879e+02 -2.44189889e+01  6.01243724e-02 
 9.77237221e+02 -2.45119620e+01  5.94842376e-02 
 9.88553095e+02 -2.46050560e+01  5.88500996e-02 
 1.00000000e+03 -2.46982677e+01  5.82219323e-02 
 1.01157945e+03 -2.47915942e+01  5.75997091e-02 
 1.02329299e+03 -2.48850325e+01  5.69834023e-02 
 1.03514217e+03 -2.49785795e+01  5.63729838e-02 
 1.04712855e+03 -2.50722325e+01  5.57684241e-02 
 1.05925373e+03 -2.51659886e+01  5.51696936e-02 
 1.07151931e+03 -2.52598448e+01  5.45767614e-02 
 1.08392691e+03 -2.53537984e+01  5.39895965e-02 
 1.09647820e+03 -2.54478466e+01  5.34081669e-02 
 1.10917482e+03 -2.55419866e+01  5.28324400e-02 
 1.12201845e+03 -2.56362159e+01  5.22623829e-02 
 1.13501082e+03 -2.57305316e+01  5.16979618e-02 
 1.14815362e+03 -2.58249311e+01  5.11391430e-02 
 1.16144861e+03 -2.59194119e+01  5.05858914e-02 
 1.17489755e+03 -2.60139712e+01  5.00381723e-02 
 1.18850223e+03 -2.61086067e+01  4.94959500e-02 
 1.20226443e+03 -2.62033157e+01  4.89591889e-02 
 1.21618600e+03 -2.62980958e+01  4.84278527e-02 
 1.23026877e+03 -2.63929444e+01  4.79019047e-02 
 1.24451461e+03 -2.64878590e+01  4.73813082e-02 
 1.25892541e+03 -2.65828374e+01  4.68660259e-02 
 1.27350308e+03 -2.66778771e+01  4.63560204e-02 
 1.28824955e+03 -2.67729757e+01  4.58512538e-02 
 1.30316678e+03 -2.68681308e+01  4.53516885e-02 
 1.31825674e+03 -2.69633401e+01  4.48572862e-02 
 1.33352143e+03 -2.70586013e+01  4.43680086e-02 
 1.34896288e+03 -2.71539120e+01  4.38838173e-02 
 1.36458314e+03 -2.72492701e+01  4.34046735e-02 
 1.38038426e+03 -2.73446733e+01  4.29305386e-02 
 1.39636836e+03 -2.74401192e+01  4.24613736e-02 
 1.41253754e+03 -2.75356057e+01  4.19971397e-02 
 1.42889396e+03 -2.76311307e+01  4.15377977e-02 
 1.44543977e+03 -2.77266918e+01  4.10833087e-02 
 1.46217717e+03 -2.78222869e+01  4.06336332e-02 
 1.47910839e+03 -2.79179138e+01  4.01887325e-02 
 1.49623566e+03 -2.80135704e+01  3.97485672e-02 
 1.51356125e+03 -2.81092546e+01  3.93130982e-02 
 1.53108746e+03 -2.82049642e+01  3.88822861e-02 
 1.54881662e+03 -2.83006970e+01  3.84560921e-02 
 1.56675107e+03 -2.83964511e+01  3.80344768e-02 
 1.58489319e+03 -2.84922242e+01  3.76174014e-02 
 1.60324539e+03 -2.85880143e+01  3.72048267e-02 
 1.62181010e+03 -2.86838193e+01  3.67967140e-02 
 1.64058977e+03 -2.87796370e+01  3.63930244e-02 
 1.65958691e+03 -2.88754655e+01  3.59937191e-02 
 1.67880402e+03 -2.89713027e+01  3.55987594e-02 
 1.69824365e+03 -2.90671465e+01  3.52081071e-02 
 1.71790839e+03 -2.91629947e+01  3.48217236e-02 
 1.73780083e+03 -2.92588454e+01  3.44395706e-02 
 1.75792361e+03 -2.93546965e+01  3.40616101e-02 
 1.77827941e+03 -2.94505459e+01  3.36878041e-02 
 1.79887092e+03 -2.95463916e+01  3.33181148e-02 
 1.81970086e+03 -2.96422315e+01  3.29525044e-02 
 1.84077200e+03 -2.97380634e+01  3.25909356e-02 
 1.86208714e+03 -2.98338855e+01  3.22333710e-02 
 1.88364909e+03 -2.99296954e+01  3.18797735e-02 
 1.90546072e+03 -3.00254913e+01  3.15301062e-02 
 1.92752491e+03 -3.01212710e+01  3.11843323e-02 
 1.94984460e+03 -3.02170324e+01  3.08424153e-02 
 1.97242274e+03 -3.03127734e+01  3.05043188e-02 
 1.99526231e+03 -3.04084919e+01  3.01700067e-02 
 2.01836636e+03 -3.05041857e+01  2.98394431e-02 
 2.04173794e+03 -3.05998529e+01  2.95125922e-02 
 2.06538016e+03 -3.06954911e+01  2.91894187e-02 
 2.08929613e+03 -3.07910983e+01  2.88698871e-02 
 2.11348904e+03 -3.08866723e+01  2.85539625e-02 
 2.13796209e+03 -3.09822109e+01  2.82416101e-02 
 2.16271852e+03 -3.10777120e+01  2.79327953e-02 
 2.18776162e+03 -3.11731733e+01  2.76274838e-02 
 2.21309471e+03 -3.12685927e+01  2.73256415e-02 
 2.23872114e+03 -3.13639678e+01  2.70272346e-02 
 2.26464431e+03 -3.14592964e+01  2.67322294e-02 
 2.29086765e+03 -3.15545763e+01  2.64405925e-02 
 2.31739465e+03 -3.16498052e+01  2.61522910e-02 
 2.34422882e+03 -3.17449808e+01  2.58672918e-02 
 2.37137371e+03 -3.18401006e+01  2.55855624e-02 
 2.39883292e+03 -3.19351625e+01  2.53070705e-02 
 2.42661010e+03 -3.20301640e+01  2.50317839e-02 
 2.45470892e+03 -3.21251026e+01  2.47596709e-02 
 2.48313311e+03 -3.22199761e+01  2.44906997e-02 
 2.51188643e+03 -3.23147820e+01  2.42248391e-02 
 2.54097271e+03 -3.24095177e+01  2.39620580e-02 
 2.57039578e+03 -3.25041808e+01  2.37023255e-02 
 2.60015956e+03 -3.25987688e+01  2.34456112e-02 
 2.63026799e+03 -3.26932792e+01  2.31918847e-02 
 2.66072506e+03 -3.27877092e+01  2.29411159e-02 
 2.69153480e+03 -3.28820564e+01  2.26932751e-02 
 2.72270131e+03 -3.29763181e+01  2.24483328e-02 
 2.75422870e+03 -3.30704917e+01  2.22062597e-02 
 2.78612117e+03 -3.31645744e+01  2.19670268e-02 
 2.81838293e+03 -3.32585635e+01  2.17306053e-02 
 2.85101827e+03 -3.33524563e+01  2.14969667e-02 
 2.88403150e+03 -3.34462499e+01  2.12660829e-02 
 2.91742701e+03 -3.35399416e+01  2.10379259e-02 
 2.95120923e+03 -3.36335284e+01  2.08124678e-02 
 2.98538262e+03 -3.37270075e+01  2.05896812e-02 
 3.01995172e+03 -3.38203760e+01  2.03695390e-02 
 3.05492111e+03 -3.39136308e+01  2.01520143e-02 
 3.09029543e+03 -3.40067689e+01  1.99370801e-02 
 3.12607937e+03 -3.40997874e+01  1.97247102e-02 
 3.16227766e+03 -3.41926831e+01  1.95148783e-02 
 3.19889511e+03 -3.42854528e+01  1.93075585e-02 
 3.23593657e+03 -3.43780935e+01  1.91027250e-02 
 3.27340695e+03 -3.44706019e+01  1.89003525e-02 
 3.31131121e+03 -3.45629748e+01  1.87004156e-02 
 3.34965439e+03 -3.46552089e+01  1.85028895e-02 
 3.38844156e+03 -3.47473008e+01  1.83077493e-02 
 3.42767787e+03 -3.48392473e+01  1.81149707e-02 
 3.46736850e+03 -3.49310448e+01  1.79245293e-02 
 3.50751874e+03 -3.50226898e+01  1.77364014e-02 
 3.54813389e+03 -3.51141791e+01  1.75505628e-02 
 3.58921935e+03 -3.52055089e+01  1.73669901e-02 
 3.63078055e+03 -3.52966757e+01  1.71856600e-02 
 3.67282300e+03 -3.53876758e+01  1.70065496e-02 
 3.71535229e+03 -3.54785056e+01  1.68296359e-02 
 3.75837404e+03 -3.55691614e+01  1.66548963e-02 
 3.80189396e+03 -3.56596393e+01  1.64823084e-02 
 3.84591782e+03 -3.57499356e+01  1.63118501e-02 
 3.89045145e+03 -3.58400464e+01  1.61434994e-02 
 3.93550075e+03 -3.59299677e+01  1.59772346e-02 
 3.98107171e+03 -3.60196958e+01  1.58130342e-02 
 4.02717034e+03 -3.61092264e+01  1.56508770e-02 
 4.07380278e+03 -3.61985557e+01  1.54907418e-02 
 4.12097519e+03 -3.62876795e+01  1.53326078e-02 
 4.16869383e+03 -3.63765936e+01  1.51764543e-02 
 4.21696503e+03 -3.64652940e+01  1.50222609e-02 
 4.26579519e+03 -3.65537763e+01  1.48700074e-02 
 4.31519077e+03 -3.66420363e+01  1.47196737e-02 
 4.36515832e+03 -3.67300697e+01  1.45712401e-02 
 4.41570447e+03 -3.68178722e+01  1.44246868e-02 
 4.46683592e+03 -3.69054392e+01  1.42799945e-02 
 4.51855944e+03 -3.69927665e+01  1.41371438e-02 
 4.57088190e+03 -3.70798494e+01  1.39961159e-02 
 4.62381021e+03 -3.71666835e+01  1.38568918e-02 
 4.67735141e+03 -3.72532641e+01  1.37194529e-02 
 4.73151259e+03 -3.73395868e+01  1.35837807e-02 
 4.78630092e+03 -3.74256467e+01  1.34498569e-02 
 4.84172368e+03 -3.75114393e+01  1.33176634e-02 
 4.89778819e+03 -3.75969598e+01  1.31871823e-02 
 4.95450191e+03 -3.76822034e+01  1.30583959e-02 
 5.01187234e+03 -3.77671653e+01  1.29312865e-02 
 5.06990708e+03 -3.78518407e+01  1.28058369e-02 
 5.12861384e+03 -3.79362247e+01  1.26820297e-02 
 5.18800039e+03 -3.80203124e+01  1.25598479e-02 
 5.24807460e+03 -3.81040988e+01  1.24392747e-02 
 5.30884444e+03 -3.81875791e+01  1.23202932e-02 
 5.37031796e+03 -3.82707482e+01  1.22028871e-02 
 5.43250331e+03 -3.83536010e+01  1.20870397e-02 
 5.49540874e+03 -3.84361326e+01  1.19727350e-02 
 5.55904257e+03 -3.85183378e+01  1.18599569e-02 
 5.62341325e+03 -3.86002116e+01  1.17486893e-02 
 5.68852931e+03 -3.86817489e+01  1.16389166e-02 
 5.75439937e+03 -3.87629445e+01  1.15306231e-02 
 5.82103218e+03 -3.88437933e+01  1.14237933e-02 
 5.88843655e+03 -3.89242901e+01  1.13184119e-02 
 5.95662144e+03 -3.90044297e+01  1.12144638e-02 
 6.02559586e+03 -3.90842071e+01  1.11119338e-02 
 6.09536897e+03 -3.91636169e+01  1.10108071e-02 
 6.16595002e+03 -3.92426541e+01  1.09110688e-02 
 6.23734835e+03 -3.93213134e+01  1.08127044e-02 
 6.30957344e+03 -3.93995896e+01  1.07156994e-02 
 6.38263486e+03 -3.94774775e+01  1.06200393e-02 
 6.45654229e+03 -3.95549720e+01  1.05257100e-02 
 6.53130553e+03 -3.96320679e+01  1.04326973e-02 
 6.60693448e+03 -3.97087600e+01  1.03409872e-02 
 6.68343918e+03 -3.97850432e+01  1.02505658e-02 
 6.76082975e+03 -3.98609123e+01  1.01614196e-02 
 6.83911647e+03 -3.99363624e+01  1.00735346e-02 
 6.91830971e+03 -4.00113882e+01  9.98689748e-03 
 6.99841996e+03 -4.00859847e+01  9.90149480e-03 
 7.07945784e+03 -4.01601470e+01  9.81731330e-03 
 7.16143410e+03 -4.02338700e+01  9.73433980e-03 
 7.24435960e+03 -4.03071487e+01  9.65256120e-03 
 7.32824533e+03 -4.03799783e+01  9.57196458e-03 
 7.41310241e+03 -4.04523539e+01  9.49253710e-03 
 7.49894209e+03 -4.05242707e+01  9.41426596e-03 
 7.58577575e+03 -4.05957239e+01  9.33713856e-03 
 7.67361489e+03 -4.06667088e+01  9.26114235e-03 
 7.76247117e+03 -4.07372207e+01  9.18626486e-03 
 7.85235635e+03 -4.08072551e+01  9.11249375e-03 
 7.94328235e+03 -4.08768074e+01  9.03981677e-03 
 8.03526122e+03 -4.09458732e+01  8.96822179e-03 
 8.12830516e+03 -4.10144481e+01  8.89769670e-03 
 8.22242650e+03 -4.10825276e+01  8.82822956e-03 
 8.31763771e+03 -4.11501078e+01  8.75980847e-03 
 8.41395142e+03 -4.12171843e+01  8.69242164e-03 
 8.51138038e+03 -4.12837532e+01  8.62605736e-03 
 8.60993752e+03 -4.13498104e+01  8.56070403e-03 
 8.70963590e+03 -4.14153520e+01  8.49635010e-03 
 8.81048873e+03 -4.14803743e+01  8.43298414e-03 
 8.91250938e+03 -4.15448736e+01  8.37059480e-03 
 9.01571138e+03 -4.16088464e+01  8.30917070e-03 
 9.12010839e+03 -4.16722891e+01  8.24870070e-03 
 9.22571427e+03 -4.17351984e+01  8.18917365e-03 
 9.33254301e+03 -4.17975710e+01  8.13057853e-03 
 9.44060876e+03 -4.18594039e+01  8.07290435e-03 
 9.54992586e+03 -4.19206939e+01  8.01614022e-03 
 9.66050879e+03 -4.19814382e+01  7.96027534e-03 
 9.77237221e+03 -4.20416340e+01  7.90529895e-03 
 9.88553095e+03 -4.21012788e+01  7.85120038e-03 
 1.00000000e+04 -4.21603698e+01  7.79796906e-03 
 1.01157945e+04 -4.22189049e+01  7.74559444e-03 
 1.02329299e+04 -4.22768817e+01  7.69406609e-03 
 1.03514217e+04 -4.23342982e+01  7.64337362e-03 
 1.04712855e+04 -4.23911523e+01  7.59350675e-03 
 1.05925373e+04 -4.24474422e+01  7.54445528e-03 
 1.07151931e+04 -4.25031663e+01  7.49620894e-03 
 1.08392691e+04 -4.25583231e+01  7.44875769e-03 
 1.09647820e+04 -4.26129110e+01  7.40209152e-03 
 1.10917482e+04 -4.26669289e+01  7.35620046e-03 
 1.12201845e+04 -4.27203757e+01  7.31107463e-03 
 1.13501082e+04 -4.27732503e+01  7.26670423e-03 
 1.14815362e+04 -4.28255521e+01  7.22307948e-03 
 1.16144861e+04 -4.28772804e+01  7.18019073e-03 
 1.17489755e+04 -4.29284346e+01  7.13802836e-03 
 1.18850223e+04 -4.29790145e+01  7.09658284e-03 
 1.20226443e+04 -4.30290197e+01  7.05584471e-03 
 1.21618600e+04 -4.30784504e+01  7.01580451e-03 
 1.23026877e+04 -4.31273066e+01  6.97645293e-03 
 1.24451461e+04 -4.31755886e+01  6.93778070e-03 
 1.25892541e+04 -4.32232968e+01  6.89977864e-03 
 1.27350308e+04 -4.32704318e+01  6.86243759e-03 
 1.28824955e+04 -4.33169943e+01  6.82574852e-03 
 1.30316678e+04 -4.33629852e+01  6.78970240e-03 
 1.31825674e+04 -4.34084055e+01  6.75429034e-03 
 1.33352143e+04 -4.34532563e+01  6.71950349e-03 
 1.34896288e+04 -4.34975391e+01  6.68533302e-03 
 1.36458314e+04 -4.35412552e+01  6.65177022e-03 
 1.38038426e+04 -4.35844064e+01  6.61880646e-03 
 1.39636836e+04 -4.36269942e+01  6.58643316e-03 
 1.41253754e+04 -4.36690207e+01  6.55464181e-03 
 1.42889396e+04 -4.37104879e+01  6.52342398e-03 
 1.44543977e+04 -4.37513979e+01  6.49277132e-03 
 1.46217717e+04 -4.37917530e+01  6.46267549e-03 
 1.47910839e+04 -4.38315557e+01  6.43312830e-03 
 1.49623566e+04 -4.38708086e+01  6.40412159e-03 
 1.51356125e+04 -4.39095143e+01  6.37564729e-03 
 1.53108746e+04 -4.39476757e+01  6.34769738e-03 
 1.54881662e+04 -4.39852957e+01  6.32026392e-03 
 1.56675107e+04 -4.40223774e+01  6.29333908e-03 
 1.58489319e+04 -4.40589239e+01  6.26691504e-03 
 1.60324539e+04 -4.40949385e+01  6.24098409e-03 
 1.62181010e+04 -4.41304247e+01  6.21553858e-03 
 1.64058977e+04 -4.41653859e+01  6.19057097e-03 
 1.65958691e+04 -4.41998257e+01  6.16607375e-03 
 1.67880402e+04 -4.42337479e+01  6.14203950e-03 
 1.69824365e+04 -4.42671562e+01  6.11846089e-03 
 1.71790839e+04 -4.43000546e+01  6.09533062e-03 
 1.73780083e+04 -4.43324471e+01  6.07264155e-03 
 1.75792361e+04 -4.43643376e+01  6.05038650e-03 
 1.77827941e+04 -4.43957304e+01  6.02855847e-03 
 1.79887092e+04 -4.44266298e+01  6.00715048e-03 
 1.81970086e+04 -4.44570399e+01  5.98615563e-03 
 1.84077200e+04 -4.44869653e+01  5.96556712e-03 
 1.86208714e+04 -4.45164103e+01  5.94537821e-03 
 1.88364909e+04 -4.45453794e+01  5.92558224e-03 
 1.90546072e+04 -4.45738773e+01  5.90617261e-03 
 1.92752491e+04 -4.46019086e+01  5.88714282e-03 
 1.94984460e+04 -4.46294779e+01  5.86848644e-03 
 1.97242274e+04 -4.46565900e+01  5.85019712e-03 
 1.99526231e+04 -4.46832497e+01  5.83226857e-03 
 2.01836636e+04 -4.47094618e+01  5.81469458e-03 
 2.04173794e+04 -4.47352312e+01  5.79746904e-03 
 2.06538016e+04 -4.47605628e+01  5.78058589e-03 
 2.08929613e+04 -4.47854615e+01  5.76403917e-03 
 2.11348904e+04 -4.48099323e+01  5.74782296e-03 
 2.13796209e+04 -4.48339802e+01  5.73193145e-03 
 2.16271852e+04 -4.48576102e+01  5.71635890e-03 
 2.18776162e+04 -4.48808274e+01  5.70109964e-03 
 2.21309471e+04 -4.49036367e+01  5.68614807e-03 
 2.23872114e+04 -4.49260433e+01  5.67149868e-03 
 2.26464431e+04 -4.49480522e+01  5.65714601e-03 
 2.29086765e+04 -4.49696686e+01  5.64308470e-03 
 2.31739465e+04 -4.49908975e+01  5.62930946e-03 
 2.34422882e+04 -4.50117440e+01  5.61581508e-03 
 2.37137371e+04 -4.50322133e+01  5.60259639e-03 
 2.39883292e+04 -4.50523103e+01  5.58964832e-03 
 2.42661010e+04 -4.50720402e+01  5.57696589e-03 
 2.45470892e+04 -4.50914081e+01  5.56454417e-03 
 2.48313311e+04 -4.51104190e+01  5.55237829e-03 
 2.51188643e+04 -4.51290781e+01  5.54046348e-03 
 2.54097271e+04 -4.51473902e+01  5.52879503e-03 
 2.57039578e+04 -4.51653605e+01  5.51736830e-03 
 2.60015956e+04 -4.51829939e+01  5.50617871e-03 
 2.63026799e+04 -4.52002955e+01  5.49522178e-03 
 2.66072506e+04 -4.52172702e+01  5.48449307e-03 
 2.69153480e+04 -4.52339228e+01  5.47398821e-03 
 2.72270131e+04 -4.52502584e+01  5.46370293e-03 
 2.75422870e+04 -4.52662818e+01  5.45363300e-03 
 2.78612117e+04 -4.52819979e+01  5.44377425e-03 
 2.81838293e+04 -4.52974113e+01  5.43412260e-03 
 2.85101827e+04 -4.53125271e+01  5.42467404e-03 
 2.88403150e+04 -4.53273497e+01  5.41542460e-03 
 2.91742701e+04 -4.53418841e+01  5.40637038e-03 
 2.95120923e+04 -4.53561348e+01  5.39750757e-03 
 2.98538262e+04 -4.53701065e+01  5.38883239e-03 
 3.01995172e+04 -4.53838037e+01  5.38034115e-03 
 3.05492111e+04 -4.53972311e+01  5.37203021e-03 
 3.09029543e+04 -4.54103931e+01  5.36389598e-03 
 3.12607937e+04 -4.54232941e+01  5.35593496e-03 
 3.16227766e+04 -4.54359386e+01  5.34814370e-03 
 3.19889511e+04 -4.54483311e+01  5.34051878e-03 
 3.23593657e+04 -4.54604757e+01  5.33305689e-03 
 3.27340695e+04 -4.54723768e+01  5.32575473e-03 
 3.31131121e+04 -4.54840386e+01  5.31860910e-03 
 3.34965439e+04 -4.54954653e+01  5.31161681e-03 
 3.38844156e+04 -4.55066610e+01  5.30477478e-03 
 3.42767787e+04 -4.55176298e+01  5.29807996e-03 
 3.46736850e+04 -4.55283758e+01  5.29152933e-03 
 3.50751874e+04 -4.55389030e+01  5.28511996e-03 
 3.54813389e+04 -4.55492153e+01  5.27884896e-03 
 3.58921935e+04 -4.55593165e+01  5.27271350e-03 
 3.63078055e+04 -4.55692106e+01  5.26671079e-03 
 3.67282300e+04 -4.55789013e+01  5.26083810e-03 
 3.71535229e+04 -4.55883923e+01  5.25509274e-03 
 3.75837404e+04 -4.55976874e+01  5.24947208e-03 
 3.80189396e+04 -4.56067901e+01  5.24397355e-03 
 3.84591782e+04 -4.56157042e+01  5.23859460e-03 
 3.89045145e+04 -4.56244330e+01  5.23333276e-03 
 3.93550075e+04 -4.56329801e+01  5.22818557e-03 
 3.98107171e+04 -4.56413490e+01  5.22315065e-03 
 4.02717034e+04 -4.56495429e+01  5.21822564e-03 
 4.07380278e+04 -4.56575653e+01  5.21340826e-03 
 4.12097519e+04 -4.56654194e+01  5.20869623e-03 
 4.16869383e+04 -4.56731085e+01  5.20408734e-03 
 4.21696503e+04 -4.56806357e+01  5.19957942e-03 
 4.26579519e+04 -4.56880042e+01  5.19517034e-03 
 4.31519077e+04 -4.56952170e+01  5.19085802e-03 
 4.36515832e+04 -4.57022772e+01  5.18664039e-03 
 4.41570447e+04 -4.57091879e+01  5.18251547e-03 
 4.46683592e+04 -4.57159518e+01  5.17848127e-03 
 4.51855944e+04 -4.57225719e+01  5.17453588e-03 
 4.57088190e+04 -4.57290512e+01  5.17067739e-03 
 4.62381021e+04 -4.57353922e+01  5.16690396e-03 
 4.67735141e+04 -4.57415979e+01  5.16321378e-03 
 4.73151259e+04 -4.57476708e+01  5.15960506e-03 
 4.78630092e+04 -4.57536137e+01  5.15607605e-03 
 4.84172368e+04 -4.57594292e+01  5.15262505e-03 
 4.89778819e+04 -4.57651198e+01  5.14925038e-03 
 4.95450191e+04 -4.57706881e+01  5.14595041e-03 
 5.01187234e+04 -4.57761365e+01  5.14272352e-03 
 5.06990708e+04 -4.57814674e+01  5.13956815e-03 
 5.12861384e+04 -4.57866833e+01  5.13648274e-03 
 5.18800039e+04 -4.57917865e+01  5.13346579e-03 
 5.24807460e+04 -4.57967794e+01  5.13051582e-03 
 5.30884444e+04 -4.58016641e+01  5.12763138e-03 
 5.37031796e+04 -4.58064428e+01  5.12481105e-03 
 5.43250331e+04 -4.58111179e+01  5.12205343e-03 
 5.49540874e+04 -4.58156914e+01  5.11935718e-03 
 5.55904257e+04 -4.58201654e+01  5.11672094e-03 
 5.62341325e+04 -4.58245419e+01  5.11414342e-03 
 5.68852931e+04 -4.58288231e+01  5.11162334e-03 
 5.75439937e+04 -4.58330109e+01  5.10915945e-03 
 5.82103218e+04 -4.58371072e+01  5.10675052e-03 
 5.88843655e+04 -4.58411139e+01  5.10439534e-03 
 5.95662144e+04 -4.58450330e+01  5.10209276e-03 
 6.02559586e+04 -4.58488662e+01  5.09984161e-03 
 6.09536897e+04 -4.58526155e+01  5.09764076e-03 
 6.16595002e+04 -4.58562824e+01  5.09548913e-03 
 6.23734835e+04 -4.58598689e+01  5.09338562e-03 
 6.30957344e+04 -4.58633765e+01  5.09132918e-03 
 6.38263486e+04 -4.58668069e+01  5.08931878e-03 
 6.45654229e+04 -4.58701618e+01  5.08735340e-03 
 6.53130553e+04 -4.58734429e+01  5.08543207e-03 
 6.60693448e+04 -4.58766515e+01  5.08355379e-03 
 6.68343918e+04 -4.58797894e+01  5.08171763e-03 
 6.76082975e+04 -4.58828580e+01  5.07992267e-03 
 6.83911647e+04 -4.58858587e+01  5.07816798e-03 
 6.91830971e+04 -4.58887931e+01  5.07645268e-03 
 6.99841996e+04 -4.58916626e+01  5.07477591e-03 
 7.07945784e+04 -4.58944685e+01  5.07313681e-03 
 7.16143410e+04 -4.58972122e+01  5.07153454e-03 
 7.24435960e+04 -4.58998951e+01  5.06996830e-03 
 7.32824533e+04 -4.59025185e+01  5.06843728e-03 
 7.41310241e+04 -4.59050835e+01  5.06694071e-03 
 7.49894209e+04 -4.59075916e+01  5.06547782e-03 
 7.58577575e+04 -4.59100440e+01  5.06404787e-03 
 7.67361489e+04 -4.59124417e+01  5.06265012e-03 
 7.76247117e+04 -4.59147861e+01  5.06128385e-03 
 7.85235635e+04 -4.59170783e+01  5.05994839e-03 
 7.94328235e+04 -4.59193193e+01  5.05864302e-03 
 8.03526122e+04 -4.59215104e+01  5.05736710e-03 
 8.12830516e+04 -4.59236526e+01  5.05611996e-03 
 8.22242650e+04 -4.59257470e+01  5.05490096e-03 
 8.31763771e+04 -4.59277946e+01  5.05370948e-03 
 8.41395142e+04 -4.59297964e+01  5.05254490e-03 
 8.51138038e+04 -4.59317534e+01  5.05140663e-03 
 8.60993752e+04 -4.59336666e+01  5.05029408e-03 
 8.70963590e+04 -4.59355371e+01  5.04920667e-03 
 8.81048873e+04 -4.59373656e+01  5.04814385e-03 
 8.91250938e+04 -4.59391531e+01  5.04710507e-03 
 9.01571138e+04 -4.59409005e+01  5.04608979e-03 
 9.12010839e+04 -4.59426087e+01  5.04509749e-03 
 9.22571427e+04 -4.59442786e+01  5.04412766e-03 
 9.33254301e+04 -4.59459110e+01  5.04317978e-03 
 9.44060876e+04 -4.59475067e+01  5.04225339e-03 
 9.54992586e+04 -4.59490665e+01  5.04134798e-03 
 9.66050879e+04 -4.59505912e+01  5.04046310e-03 
 9.77237221e+04 -4.59520816e+01  5.03959829e-03 
 9.88553095e+04 -4.59535384e+01  5.03875309e-03 
 1.00000000e+05 -4.59549625e+01  5.03792708e-03 
 1.01157945e+05 -4.59563544e+01  5.03711981e-03 
 1.02329299e+05 -4.59577149e+01  5.03633088e-03 
 1.03514217e+05 -4.59590447e+01  5.03555987e-03 
 1.04712855e+05 -4.59603445e+01  5.03480638e-03 
 1.05925373e+05 -4.59616150e+01  5.03407002e-03 
 1.07151931e+05 -4.59628567e+01  5.03335041e-03 
 1.08392691e+05 -4.59640703e+01  5.03264717e-03 
 1.09647820e+05 -4.59652565e+01  5.03195994e-03 
 1.10917482e+05 -4.59664158e+01  5.03128836e-03 
 1.12201845e+05 -4.59675489e+01  5.03063208e-03 
 1.13501082e+05 -4.59686563e+01  5.02999075e-03 
 1.14815362e+05 -4.59697385e+01  5.02936404e-03 
 1.16144861e+05 -4.59707963e+01  5.02875163e-03 
 1.17489755e+05 -4.59718300e+01  5.02815320e-03 
 1.18850223e+05 -4.59728402e+01  5.02756843e-03 
 1.20226443e+05 -4.59738274e+01  5.02699702e-03 
 1.21618600e+05 -4.59747922e+01  5.02643867e-03 
 1.23026877e+05 -4.59757351e+01  5.02589309e-03 
 1.24451461e+05 -4.59766565e+01  5.02535999e-03 
 1.25892541e+05 -4.59775568e+01  5.02483909e-03 
 1.27350308e+05 -4.59784367e+01  5.02433012e-03 
 1.28824955e+05 -4.59792964e+01  5.02383283e-03 
 1.30316678e+05 -4.59801365e+01  5.02334693e-03 
 1.31825674e+05 -4.59809575e+01  5.02287219e-03 
 1.33352143e+05 -4.59817596e+01  5.02240835e-03 
 1.34896288e+05 -4.59825434e+01  5.02195517e-03 
 1.36458314e+05 -4.59833092e+01  5.02151241e-03 
 1.38038426e+05 -4.59840575e+01  5.02107984e-03 
 1.39636836e+05 -4.59847885e+01  5.02065724e-03 
 1.41253754e+05 -4.59855028e+01  5.02024437e-03 
 1.42889396e+05 -4.59862007e+01  5.01984103e-03 
 1.44543977e+05 -4.59868825e+01  5.01944701e-03 
 1.46217717e+05 -4.59875486e+01  5.01906209e-03 
 1.47910839e+05 -4.59881994e+01  5.01868608e-03 
 1.49623566e+05 -4.59888351e+01  5.01831877e-03 
 1.51356125e+05 -4.59894561e+01  5.01795998e-03 
 1.53108746e+05 -4.59900628e+01  5.01760952e-03 
 1.54881662e+05 -4.59906554e+01  5.01726719e-03 
 1.56675107e+05 -4.59912343e+01  5.01693283e-03 
 1.58489319e+05 -4.59917997e+01  5.01660626e-03 
 1.60324539e+05 -4.59923520e+01  5.01628730e-03 
 1.62181010e+05 -4.59928914e+01  5.01597578e-03 
 1.64058977e+05 -4.59934182e+01  5.01567156e-03 
 1.65958691e+05 -4.59939327e+01  5.01537445e-03 
 1.67880402e+05 -4.59944352e+01  5.01508431e-03 
 1.69824365e+05 -4.59949259e+01  5.01480099e-03 
 1.71790839e+05 -4.59954051e+01  5.01452433e-03 
 1.73780083e+05 -4.59958731e+01  5.01425419e-03 
 1.75792361e+05 -4.59963300e+01  5.01399043e-03 
 1.77827941e+05 -4.59967761e+01  5.01373290e-03 
 1.79887092e+05 -4.59972117e+01  5.01348148e-03 
 1.81970086e+05 -4.59976369e+01  5.01323604e-03 
 1.84077200e+05 -4.59980521e+01  5.01299643e-03 
 1.86208714e+05 -4.59984574e+01  5.01276254e-03 
 1.88364909e+05 -4.59988530e+01  5.01253424e-03 
 1.90546072e+05 -4.59992391e+01  5.01231141e-03 
 1.92752491e+05 -4.59996160e+01  5.01209393e-03 
 1.94984460e+05 -4.59999838e+01  5.01188170e-03 
 1.97242274e+05 -4.60003427e+01  5.01167459e-03 
 1.99526231e+05 -4.60006930e+01  5.01147251e-03 
 2.01836636e+05 -4.60010347e+01  5.01127533e-03 
 2.04173794e+05 -4.60013681e+01  5.01108296e-03 
 2.06538016e+05 -4.60016934e+01  5.01089530e-03 
 2.08929613e+05 -4.60020107e+01  5.01071225e-03 
 2.11348904e+05 -4.60023202e+01  5.01053371e-03 
 2.13796209e+05 -4.60026221e+01  5.01035958e-03 
 2.16271852e+05 -4.60029165e+01  5.01018978e-03 
 2.18776162e+05 -4.60032035e+01  5.01002422e-03 
 2.21309471e+05 -4.60034833e+01  5.00986280e-03 
 2.23872114e+05 -4.60037562e+01  5.00970545e-03 
 2.26464431e+05 -4.60040221e+01  5.00955208e-03 
 2.29086765e+05 -4.60042813e+01  5.00940260e-03 
 2.31739465e+05 -4.60045338e+01  5.00925694e-03 
 2.34422882e+05 -4.60047799e+01  5.00911503e-03 
 2.37137371e+05 -4.60050197e+01  5.00897675e-03 
 2.39883292e+05 -4.60052532e+01  5.00884210e-03 
 2.42661010e+05 -4.60054806e+01  5.00871098e-03 
 2.45470892e+05 -4.60057020e+01  5.00858331e-03 
 2.48313311e+05 -4.60059175e+01  5.00845902e-03 
 2.51188643e+05 -4.60061273e+01  5.00833806e-03 
 2.54097271e+05 -4.60063314e+01  5.00822036e-03 
 2.57039578e+05 -4.60065300e+01  5.00810586e-03 
 2.60015956e+05 -4.60067232e+01  5.00799448e-03 
 2.63026799e+05 -4.60069110e+01  5.00788619e-03 
 2.66072506e+05 -4.60070936e+01  5.00778091e-03 
 2.69153480e+05 -4.60072711e+01  5.00767860e-03 
 2.72270131e+05 -4.60074435e+01  5.00757920e-03 
 2.75422870e+05 -4.60076109e+01  5.00748265e-03 
 2.78612117e+05 -4.60077735e+01  5.00738891e-03 
 2.81838293e+05 -4.60079314e+01  5.00729793e-03 
 2.85101827e+05 -4.60080845e+01  5.00720965e-03 
 2.88403150e+05 -4.60082329e+01  5.00712408e-03 
 2.91742701e+05 -4.60083769e+01  5.00704108e-03 
 2.95120923e+05 -4.60085164e+01  5.00696065e-03 
 2.98538262e+05 -4.60086516e+01  5.00688276e-03 
 3.01995172e+05 -4.60087824e+01  5.00680735e-03 
 3.05492111e+05 -4.60089090e+01  5.00673439e-03 
 3.09029543e+05 -4.60090313e+01  5.00666384e-03 
 3.12607937e+05 -4.60091496e+01  5.00659566e-03 
 3.16227766e+05 -4.60092638e+01  5.00652983e-03 
 3.19889511e+05 -4.60093741e+01  5.00646629e-03 
 3.23593657e+05 -4.60094804e+01  5.00640502e-03 
 3.27340695e+05 -4.60095828e+01  5.00634598e-03 
 3.31131121e+05 -4.60096814e+01  5.00628915e-03 
 3.34965439e+05 -4.60097762e+01  5.00623450e-03 
 3.38844156e+05 -4.60098673e+01  5.00618199e-03 
 3.42767787e+05 -4.60099548e+01  5.00613160e-03 
 3.46736850e+05 -4.60100386e+01  5.00608330e-03 
 3.50751874e+05 -4.60101188e+01  5.00603707e-03 
 3.54813389e+05 -4.60101955e+01  5.00599288e-03 
 3.58921935e+05 -4.60102686e+01  5.00595070e-03 
 3.63078055e+05 -4.60103383e+01  5.00591052e-03 
 3.67282300e+05 -4.60104046e+01  5.00587232e-03 
 3.71535229e+05 -4.60104675e+01  5.00583606e-03 
 3.75837404e+05 -4.60105271e+01  5.00580175e-03 
 3.80189396e+05 -4.60105833e+01  5.00576935e-03 
 3.84591782e+05 -4.60106362e+01  5.00573885e-03 
 3.89045145e+05 -4.60106859e+01  5.00571023e-03 
 3.93550075e+05 -4.60107323e+01  5.00568348e-03 
 3.98107171e+05 -4.60107755e+01  5.00565858e-03 
 4.02717034e+05 -4.60108155e+01  5.00563553e-03 
 4.07380278e+05 -4.60108523e+01  5.00561430e-03 
 4.12097519e+05 -4.60108860e+01  5.00559489e-03 
 4.16869383e+05 -4.60109166e+01  5.00557729e-03 
 4.21696503e+05 -4.60109440e+01  5.00556149e-03 
 4.26579519e+05 -4.60109683e+01  5.00554747e-03 
 4.31519077e+05 -4.60109895e+01  5.00553524e-03 
 4.36515832e+05 -4.60110077e+01  5.00552478e-03 
 4.41570447e+05 -4.60110228e+01  5.00551609e-03 
 4.46683592e+05 -4.60110348e+01  5.00550916e-03 
 4.51855944e+05 -4.60110437e+01  5.00550400e-03 
 4.57088190e+05 -4.60110497e+01  5.00550060e-03 
 4.62381021e+05 -4.60110525e+01  5.00549895e-03 
 4.67735141e+05 -4.60110523e+01  5.00549906e-03 
 4.73151259e+05 -4.60110491e+01  5.00550092e-03 
 4.78630092e+05 -4.60110428e+01  5.00550454e-03 
 4.84172368e+05 -4.60110335e+01  5.00550991e-03 
 4.89778819e+05 -4.60110211e+01  5.00551705e-03 
 4.95450191e+05 -4.60110056e+01  5.00552596e-03 
 5.01187234e+05 -4.60109870e+01  5.00553668e-03 
 5.06990708e+05 -4.60109654e+01  5.00554913e-03 
 5.12861384e+05 -4.60109407e+01  5.00556336e-03 
 5.18800039e+05 -4.60109129e+01  5.00557938e-03 
 5.24807460e+05 -4.60108820e+01  5.00559719e-03 
 5.30884444e+05 -4.60108480e+01  5.00561682e-03 
 5.37031796e+05 -4.60108108e+01  5.00563826e-03 
 5.43250331e+05 -4.60107704e+01  5.00566153e-03 
 5.49540874e+05 -4.60107268e+01  5.00568664e-03 
 5.55904257e+05 -4.60106800e+01  5.00571360e-03 
 5.62341325e+05 -4.60106300e+01  5.00574243e-03 
 5.68852931e+05 -4.60105767e+01  5.00577315e-03 
 5.75439937e+05 -4.60105201e+01  5.00580576e-03 
 5.82103218e+05 -4.60104602e+01  5.00584029e-03 
 5.88843655e+05 -4.60103970e+01  5.00587671e-03 
 5.95662144e+05 -4.60103303e+01  5.00591513e-03 
 6.02559586e+05 -4.60102603e+01  5.00595553e-03 
 6.09536897e+05 -4.60101867e+01  5.00599791e-03 
 6.16595002e+05 -4.60101097e+01  5.00604232e-03 
 6.23734835e+05 -4.60100291e+01  5.00608876e-03 
 6.30957344e+05 -4.60099449e+01  5.00613727e-03 
 6.38263486e+05 -4.60098571e+01  5.00618787e-03 
 6.45654229e+05 -4.60097656e+01  5.00624064e-03 
 6.53130553e+05 -4.60096704e+01  5.00629550e-03 
 6.60693448e+05 -4.60095714e+01  5.00635253e-03 
 6.68343918e+05 -4.60094687e+01  5.00641177e-03 
 6.76082975e+05 -4.60093620e+01  5.00647325e-03 
 6.83911647e+05 -4.60092514e+01  5.00653699e-03 
 6.91830971e+05 -4.60091368e+01  5.00660303e-03 
 6.99841996e+05 -4.60090182e+01  5.00667140e-03 
 7.07945784e+05 -4.60088955e+01  5.00674215e-03 
 7.16143410e+05 -4.60087686e+01  5.00681531e-03 
 7.24435960e+05 -4.60086374e+01  5.00689091e-03 
 7.32824533e+05 -4.60085020e+01  5.00696899e-03 
 7.41310241e+05 -4.60083621e+01  5.00704961e-03 
 7.49894209e+05 -4.60082178e+01  5.00713279e-03 
 7.58577575e+05 -4.60080690e+01  5.00721859e-03 
 7.67361489e+05 -4.60079155e+01  5.00730708e-03 
 7.76247117e+05 -4.60077574e+01  5.00739824e-03 
 7.85235635e+05 -4.60075945e+01  5.00749215e-03 
 7.94328235e+05 -4.60074268e+01  5.00758882e-03 
 8.03526122e+05 -4.60072541e+01  5.00768838e-03 
 8.12830516e+05 -4.60070764e+01  5.00779084e-03 
 8.22242650e+05 -4.60068935e+01  5.00789627e-03 
 8.31763771e+05 -4.60067054e+01  5.00800471e-03 
 8.41395142e+05 -4.60065120e+01  5.00811621e-03 
 8.51138038e+05 -4.60063132e+01  5.00823084e-03 
 8.60993752e+05 -4.60061089e+01  5.00834867e-03 
 8.70963590e+05 -4.60058988e+01  5.00846978e-03 
 8.81048873e+05 -4.60056831e+01  5.00859416e-03 
 8.91250938e+05 -4.60054616e+01  5.00872192e-03 
 9.01571138e+05 -4.60052341e+01  5.00885313e-03 
 9.12010839e+05 -4.60050004e+01  5.00898784e-03 
 9.22571427e+05 -4.60047606e+01  5.00912614e-03 
 9.33254301e+05 -4.60045145e+01  5.00926810e-03 
 9.44060876e+05 -4.60042619e+01  5.00941378e-03 
 9.54992586e+05 -4.60040026e+01  5.00956332e-03 
 9.66050879e+05 -4.60037367e+01  5.00971665e-03 
 9.77237221e+05 -4.60034640e+01  5.00987399e-03 
 9.88553095e+05 -4.60031842e+01  5.01003537e-03 
 1.00000000e+06 -4.60028972e+01  5.01020088e-03 
 1.01157945e+06 -4.60026030e+01  5.01037061e-03 
 1.02329299e+06 -4.60023013e+01  5.01054464e-03 
 1.03514217e+06 -4.60019920e+01  5.01072307e-03 
 1.04712855e+06 -4.60016748e+01  5.01090603e-03 
 1.05925373e+06 -4.60013498e+01  5.01109352e-03 
 1.07151931e+06 -4.60010167e+01  5.01128570e-03 
 1.08392691e+06 -4.60006754e+01  5.01148265e-03 
 1.09647820e+06 -4.60003256e+01  5.01168449e-03 
 1.10917482e+06 -4.59999673e+01  5.01189122e-03 
 1.12201845e+06 -4.59995999e+01  5.01210318e-03 
 1.13501082e+06 -4.59992237e+01  5.01232030e-03 
 1.14815362e+06 -4.59988382e+01  5.01254274e-03 
 1.16144861e+06 -4.59984434e+01  5.01277061e-03 
 1.17489755e+06 -4.59980389e+01  5.01300403e-03 
 1.18850223e+06 -4.59976246e+01  5.01324316e-03 
 1.20226443e+06 -4.59972003e+01  5.01348804e-03 
 1.21618600e+06 -4.59967658e+01  5.01373884e-03 
 1.23026877e+06 -4.59963209e+01  5.01399565e-03 
 1.24451461e+06 -4.59958653e+01  5.01425869e-03 
 1.25892541e+06 -4.59953986e+01  5.01452808e-03 
 1.27350308e+06 -4.59949209e+01  5.01480389e-03 
 1.28824955e+06 -4.59944318e+01  5.01508630e-03 
 1.30316678e+06 -4.59939310e+01  5.01537546e-03 
 1.31825674e+06 -4.59934183e+01  5.01567150e-03 
 1.33352143e+06 -4.59928934e+01  5.01597464e-03 
 1.34896288e+06 -4.59923561e+01  5.01628489e-03 
 1.36458314e+06 -4.59918061e+01  5.01660255e-03 
 1.38038426e+06 -4.59912431e+01  5.01692773e-03 
 1.39636836e+06 -4.59906667e+01  5.01726064e-03 
 1.41253754e+06 -4.59900769e+01  5.01760136e-03 
 1.42889396e+06 -4.59894731e+01  5.01795018e-03 
 1.44543977e+06 -4.59888552e+01  5.01830716e-03 
 1.46217717e+06 -4.59882228e+01  5.01867254e-03 
 1.47910839e+06 -4.59875756e+01  5.01904650e-03 
 1.49623566e+06 -4.59869133e+01  5.01942923e-03 
 1.51356125e+06 -4.59862355e+01  5.01982093e-03 
 1.53108746e+06 -4.59855419e+01  5.02022180e-03 
 1.54881662e+06 -4.59848321e+01  5.02063205e-03 
 1.56675107e+06 -4.59841058e+01  5.02105192e-03 
 1.58489319e+06 -4.59833626e+01  5.02148154e-03 
 1.60324539e+06 -4.59826021e+01  5.02192122e-03 
 1.62181010e+06 -4.59818241e+01  5.02237104e-03 
 1.64058977e+06 -4.59810280e+01  5.02283137e-03 
 1.65958691e+06 -4.59802135e+01  5.02330244e-03 
 1.67880402e+06 -4.59793801e+01  5.02378440e-03 
 1.69824365e+06 -4.59785276e+01  5.02427754e-03 
 1.71790839e+06 -4.59776554e+01  5.02478206e-03 
 1.73780083e+06 -4.59767631e+01  5.02529830e-03 
 1.75792361e+06 -4.59758501e+01  5.02582653e-03 
 1.77827941e+06 -4.59749162e+01  5.02636692e-03 
 1.79887092e+06 -4.59739609e+01  5.02691979e-03 
 1.81970086e+06 -4.59729836e+01  5.02748541e-03 
 1.84077200e+06 -4.59719840e+01  5.02806406e-03 
 1.86208714e+06 -4.59709613e+01  5.02865608e-03 
 1.88364909e+06 -4.59699154e+01  5.02926164e-03 
 1.90546072e+06 -4.59688454e+01  5.02988120e-03 
 1.92752491e+06 -4.59677511e+01  5.03051496e-03 
 1.94984460e+06 -4.59666318e+01  5.03116326e-03 
 1.97242274e+06 -4.59654870e+01  5.03182642e-03 
 1.99526231e+06 -4.59643160e+01  5.03250483e-03 
 2.01836636e+06 -4.59631184e+01  5.03319877e-03 
 2.04173794e+06 -4.59618937e+01  5.03390845e-03 
 2.06538016e+06 -4.59606411e+01  5.03463448e-03 
 2.08929613e+06 -4.59593601e+01  5.03537705e-03 
 2.11348904e+06 -4.59580500e+01  5.03613657e-03 
 2.13796209e+06 -4.59567102e+01  5.03691345e-03 
 2.16271852e+06 -4.59553403e+01  5.03770794e-03 
 2.18776162e+06 -4.59539392e+01  5.03852060e-03 
 2.21309471e+06 -4.59525065e+01  5.03935175e-03 
 2.23872114e+06 -4.59510417e+01  5.04020170e-03 
 2.26464431e+06 -4.59495437e+01  5.04107103e-03 
 2.29086765e+06 -4.59480120e+01  5.04196004e-03 
 2.31739465e+06 -4.59464459e+01  5.04286920e-03 
 2.34422882e+06 -4.59448446e+01  5.04379899e-03 
 2.37137371e+06 -4.59432074e+01  5.04474978e-03 
 2.39883292e+06 -4.59415335e+01  5.04572206e-03 
 2.42661010e+06 -4.59398221e+01  5.04671633e-03 
 2.45470892e+06 -4.59380725e+01  5.04773301e-03 
 2.48313311e+06 -4.59362838e+01  5.04877260e-03 
 2.51188643e+06 -4.59344551e+01  5.04983565e-03 
 2.54097271e+06 -4.59325858e+01  5.05092258e-03 
 2.57039578e+06 -4.59306747e+01  5.05203399e-03 
 2.60015956e+06 -4.59287213e+01  5.05317030e-03 
 2.63026799e+06 -4.59267244e+01  5.05433215e-03 
 2.66072506e+06 -4.59246834e+01  5.05551999e-03 
 2.69153480e+06 -4.59225971e+01  5.05673439e-03 
 2.72270131e+06 -4.59204647e+01  5.05797603e-03 
 2.75422870e+06 -4.59182852e+01  5.05924536e-03 
 2.78612117e+06 -4.59160575e+01  5.06054306e-03 
 2.81838293e+06 -4.59137808e+01  5.06186969e-03 
 2.85101827e+06 -4.59114542e+01  5.06322576e-03 
 2.88403150e+06 -4.59090763e+01  5.06461208e-03 
 2.91742701e+06 -4.59066463e+01  5.06602915e-03 
 2.95120923e+06 -4.59041631e+01  5.06747770e-03 
 2.98538262e+06 -4.59016256e+01  5.06895834e-03 
 3.01995172e+06 -4.58990327e+01  5.07047171e-03 
 3.05492111e+06 -4.58963835e+01  5.07201848e-03 
 3.09029543e+06 -4.58936764e+01  5.07359947e-03 
 3.12607937e+06 -4.58909106e+01  5.07521532e-03 
 3.16227766e+06 -4.58880848e+01  5.07686669e-03 
 3.19889511e+06 -4.58851977e+01  5.07855448e-03 
 3.23593657e+06 -4.58822485e+01  5.08027916e-03 
 3.27340695e+06 -4.58792355e+01  5.08204172e-03 
 3.31131121e+06 -4.58761576e+01  5.08384286e-03 
 3.34965439e+06 -4.58730137e+01  5.08568335e-03 
 3.38844156e+06 -4.58698024e+01  5.08756396e-03 
 3.42767787e+06 -4.58665222e+01  5.08948558e-03 
 3.46736850e+06 -4.58631721e+01  5.09144895e-03 
 3.50751874e+06 -4.58597506e+01  5.09345494e-03 
 3.54813389e+06 -4.58562563e+01  5.09550446e-03 
 3.58921935e+06 -4.58526878e+01  5.09759833e-03 
 3.63078055e+06 -4.58490438e+01  5.09973737e-03 
 3.67282300e+06 -4.58453227e+01  5.10192258e-03 
 3.71535229e+06 -4.58415232e+01  5.10415481e-03 
 3.75837404e+06 -4.58376439e+01  5.10643495e-03 
 3.80189396e+06 -4.58336832e+01  5.10876401e-03 
 3.84591782e+06 -4.58296396e+01  5.11114286e-03 
 3.89045145e+06 -4.58255116e+01  5.11357254e-03 
 3.93550075e+06 -4.58212976e+01  5.11605399e-03 
 3.98107171e+06 -4.58169961e+01  5.11858823e-03 
 4.02717034e+06 -4.58126057e+01  5.12117616e-03 
 4.07380278e+06 -4.58081246e+01  5.12381891e-03 
 4.12097519e+06 -4.58035512e+01  5.12651744e-03 
 4.16869383e+06 -4.57988840e+01  5.12927285e-03 
 4.21696503e+06 -4.57941212e+01  5.13208619e-03 
 4.26579519e+06 -4.57892613e+01  5.13495848e-03 
 4.31519077e+06 -4.57843024e+01  5.13789093e-03 
 4.36515832e+06 -4.57792431e+01  5.14088451e-03 
 4.41570447e+06 -4.57740814e+01  5.14394041e-03 
 4.46683592e+06 -4.57688160e+01  5.14705961e-03 
 4.51855944e+06 -4.57634448e+01  5.15024348e-03 
 4.57088190e+06 -4.57579662e+01  5.15349301e-03 
 4.62381021e+06 -4.57523784e+01  5.15680939e-03 
 4.67735141e+06 -4.57466797e+01  5.16019381e-03 
 4.73151259e+06 -4.57408683e+01  5.16364750e-03 
 4.78630092e+06 -4.57349424e+01  5.16717153e-03 
 4.84172368e+06 -4.57289003e+01  5.17076722e-03 
 4.89778819e+06 -4.57227399e+01  5.17443580e-03 
 4.95450191e+06 -4.57164598e+01  5.17817841e-03 
 5.01187234e+06 -4.57100580e+01  5.18199632e-03 
 5.06990708e+06 -4.57035327e+01  5.18589079e-03 
 5.12861384e+06 -4.56968820e+01  5.18986308e-03 
 5.18800039e+06 -4.56901040e+01  5.19391452e-03 
 5.24807460e+06 -4.56831973e+01  5.19804623e-03 
 5.30884444e+06 -4.56761596e+01  5.20225960e-03 
 5.37031796e+06 -4.56689894e+01  5.20655584e-03 
 5.43250331e+06 -4.56616848e+01  5.21093627e-03 
 5.49540874e+06 -4.56542438e+01  5.21540223e-03 
 5.55904257e+06 -4.56466649e+01  5.21995495e-03 
 5.62341325e+06 -4.56389460e+01  5.22459583e-03 
 5.68852931e+06 -4.56310856e+01  5.22932603e-03 
 5.75439937e+06 -4.56230818e+01  5.23414693e-03 
 5.82103218e+06 -4.56149329e+01  5.23905982e-03 
 5.88843655e+06 -4.56066369e+01  5.24406610e-03 
 5.95662144e+06 -4.55981923e+01  5.24916692e-03 
 6.02559586e+06 -4.55895974e+01  5.25436368e-03 
 6.09536897e+06 -4.55808504e+01  5.25965766e-03 
 6.16595002e+06 -4.55719498e+01  5.26505009e-03 
 6.23734835e+06 -4.55628937e+01  5.27054243e-03 
 6.30957344e+06 -4.55536808e+01  5.27613574e-03 
 6.38263486e+06 -4.55443093e+01  5.28183138e-03 
 6.45654229e+06 -4.55347779e+01  5.28763057e-03 
 6.53130553e+06 -4.55250848e+01  5.29353463e-03 
 6.60693448e+06 -4.55152287e+01  5.29954479e-03 
 6.68343918e+06 -4.55052081e+01  5.30566220e-03 
 6.76082975e+06 -4.54950216e+01  5.31188811e-03 
 6.83911647e+06 -4.54846681e+01  5.31822363e-03 
 6.91830971e+06 -4.54741459e+01  5.32467007e-03 
 6.99841996e+06 -4.54634543e+01  5.33122837e-03 
 7.07945784e+06 -4.54525917e+01  5.33789979e-03 
 7.16143410e+06 -4.54415570e+01  5.34468545e-03 
 7.24435960e+06 -4.54303493e+01  5.35158635e-03 
 7.32824533e+06 -4.54189676e+01  5.35860344e-03 
 7.41310241e+06 -4.54074111e+01  5.36573779e-03 
 7.49894209e+06 -4.53956787e+01  5.37299041e-03 
 7.58577575e+06 -4.53837698e+01  5.38036215e-03 
 7.67361489e+06 -4.53716836e+01  5.38785401e-03 
 7.76247117e+06 -4.53594197e+01  5.39546671e-03 
 7.85235635e+06 -4.53469773e+01  5.40320117e-03 
 7.94328235e+06 -4.53343561e+01  5.41105809e-03 
 8.03526122e+06 -4.53215559e+01  5.41903812e-03 
 8.12830516e+06 -4.53085762e+01  5.42714206e-03 
 8.22242650e+06 -4.52954171e+01  5.43537042e-03 
 8.31763771e+06 -4.52820785e+01  5.44372374e-03 
 8.41395142e+06 -4.52685605e+01  5.45220250e-03 
 8.51138038e+06 -4.52548630e+01  5.46080728e-03 
 8.60993752e+06 -4.52409868e+01  5.46953820e-03 
 8.70963590e+06 -4.52269319e+01  5.47839576e-03 
 8.81048873e+06 -4.52126992e+01  5.48738007e-03 
 8.91250938e+06 -4.51982891e+01  5.49649129e-03 
 9.01571138e+06 -4.51837026e+01  5.50572949e-03 
 9.12010839e+06 -4.51689405e+01  5.51509468e-03 
 9.22571427e+06 -4.51540040e+01  5.52458678e-03 
 9.33254301e+06 -4.51388943e+01  5.53420552e-03 
 9.44060876e+06 -4.51236127e+01  5.54395080e-03 
 9.54992586e+06 -4.51081608e+01  5.55382205e-03 
 9.66050879e+06 -4.50925401e+01  5.56381900e-03 
 9.77237221e+06 -4.50767527e+01  5.57394095e-03 
 9.88553095e+06 -4.50608004e+01  5.58418733e-03 
 1.00000000e+07 -4.50446854e+01  5.59455733e-03 
 1.01157945e+07 -4.50284100e+01  5.60505010e-03 
 1.02329299e+07 -4.50119766e+01  5.61566470e-03 
 1.03514217e+07 -4.49953881e+01  5.62639988e-03 
 1.04712855e+07 -4.49786471e+01  5.63725454e-03 
 1.05925373e+07 -4.49617566e+01  5.64822737e-03 
 1.07151931e+07 -4.49447199e+01  5.65931681e-03 
 1.08392691e+07 -4.49275402e+01  5.67052136e-03 
 1.09647820e+07 -4.49102212e+01  5.68183921e-03 
 1.10917482e+07 -4.48927665e+01  5.69326862e-03 
 1.12201845e+07 -4.48751801e+01  5.70480750e-03 
 1.13501082e+07 -4.48574660e+01  5.71645380e-03 
 1.14815362e+07 -4.48396287e+01  5.72820518e-03 
 1.16144861e+07 -4.48216723e+01  5.74005936e-03 
 1.17489755e+07 -4.48036018e+01  5.75201369e-03 
 1.18850223e+07 -4.47854219e+01  5.76406549e-03 
 1.20226443e+07 -4.47671375e+01  5.77621199e-03 
 1.21618600e+07 -4.47487542e+01  5.78845004e-03 
 1.23026877e+07 -4.47302771e+01  5.80077665e-03 
 1.24451461e+07 -4.47117120e+01  5.81318842e-03 
 1.25892541e+07 -4.46930646e+01  5.82568196e-03 
 1.27350308e+07 -4.46743408e+01  5.83825364e-03 
 1.28824955e+07 -4.46555469e+01  5.85089970e-03 
 1.30316678e+07 -4.46366893e+01  5.86361622e-03 
 1.31825674e+07 -4.46177743e+01  5.87639910e-03 
 1.33352143e+07 -4.45988089e+01  5.88924410e-03 
 1.34896288e+07 -4.45797998e+01  5.90214687e-03 
 1.36458314e+07 -4.45607541e+01  5.91510280e-03 
 1.38038426e+07 -4.45416790e+01  5.92810722e-03 
 1.39636836e+07 -4.45225819e+01  5.94115528e-03 
 1.41253754e+07 -4.45034704e+01  5.95424195e-03 
 1.42889396e+07 -4.44843522e+01  5.96736209e-03 
 1.44543977e+07 -4.44652351e+01  5.98051034e-03 
 1.46217717e+07 -4.44461271e+01  5.99368130e-03 
 1.47910839e+07 -4.44270363e+01  6.00686931e-03 
 1.49623566e+07 -4.44079712e+01  6.02006862e-03 
 1.51356125e+07 -4.43889398e+01  6.03327342e-03 
 1.53108746e+07 -4.43699510e+01  6.04647765e-03 
 1.54881662e+07 -4.43510131e+01  6.05967516e-03 
 1.56675107e+07 -4.43321350e+01  6.07285974e-03 
 1.58489319e+07 -4.43133255e+01  6.08602492e-03 
 1.60324539e+07 -4.42945934e+01  6.09916426e-03 
 1.62181010e+07 -4.42759477e+01  6.11227121e-03 
 1.64058977e+07 -4.42573975e+01  6.12533895e-03 
 1.65958691e+07 -4.42389518e+01  6.13836079e-03 
 1.67880402e+07 -4.42206198e+01  6.15132979e-03 
 1.69824365e+07 -4.42024105e+01  6.16423906e-03 
 1.71790839e+07 -4.41843333e+01  6.17708157e-03 
 1.73780083e+07 -4.41663972e+01  6.18985021e-03 
 1.75792361e+07 -4.41486115e+01  6.20253790e-03 
 1.77827941e+07 -4.41309853e+01  6.21513745e-03 
 1.79887092e+07 -4.41135276e+01  6.22764172e-03 
 1.81970086e+07 -4.40962477e+01  6.24004348e-03 
 1.84077200e+07 -4.40791544e+01  6.25233557e-03 
 1.86208714e+07 -4.40622568e+01  6.26451075e-03 
 1.88364909e+07 -4.40455637e+01  6.27656191e-03 
 1.90546072e+07 -4.40290837e+01  6.28848191e-03 
 1.92752491e+07 -4.40128255e+01  6.30026366e-03 
 1.94984460e+07 -4.39967976e+01  6.31190015e-03 
 1.97242274e+07 -4.39810082e+01  6.32338448e-03 
 1.99526231e+07 -4.39654655e+01  6.33470978e-03 
 2.01836636e+07 -4.39501774e+01  6.34586937e-03 
 2.04173794e+07 -4.39351516e+01  6.35685664e-03 
 2.06538016e+07 -4.39203956e+01  6.36766522e-03 
 2.08929613e+07 -4.39059165e+01  6.37828876e-03 
 2.11348904e+07 -4.38917213e+01  6.38872121e-03 
 2.13796209e+07 -4.38778166e+01  6.39895666e-03 
 2.16271852e+07 -4.38642088e+01  6.40898949e-03 
 2.18776162e+07 -4.38509038e+01  6.41881428e-03 
 2.21309471e+07 -4.38379073e+01  6.42842581e-03 
 2.23872114e+07 -4.38252244e+01  6.43781928e-03 
 2.26464431e+07 -4.38128600e+01  6.44699008e-03 
 2.29086765e+07 -4.38008184e+01  6.45593398e-03 
 2.31739465e+07 -4.37891036e+01  6.46464705e-03 
 2.34422882e+07 -4.37777191e+01  6.47312578e-03 
 2.37137371e+07 -4.37666677e+01  6.48136701e-03 
 2.39883292e+07 -4.37559519e+01  6.48936801e-03 
 2.42661010e+07 -4.37455736e+01  6.49712647e-03 
 2.45470892e+07 -4.37355340e+01  6.50464053e-03 
 2.48313311e+07 -4.37258338e+01  6.51190883e-03 
 2.51188643e+07 -4.37164730e+01  6.51893048e-03 
 2.54097271e+07 -4.37074511e+01  6.52570515e-03 
 2.57039578e+07 -4.36987666e+01  6.53223301e-03 
 2.60015956e+07 -4.36904178e+01  6.53851481e-03 
 2.63026799e+07 -4.36824017e+01  6.54455191e-03 
 2.66072506e+07 -4.36747149e+01  6.55034624e-03 
 2.69153480e+07 -4.36673531e+01  6.55590038e-03 
 2.72270131e+07 -4.36603112e+01  6.56121755e-03 
 2.75422870e+07 -4.36535834e+01  6.56630166e-03 
 2.78612117e+07 -4.36471628e+01  6.57115726e-03 
 2.81838293e+07 -4.36410417e+01  6.57578966e-03 
 2.85101827e+07 -4.36352117e+01  6.58020486e-03 
 2.88403150e+07 -4.36296632e+01  6.58440961e-03 
 2.91742701e+07 -4.36243858e+01  6.58841142e-03 
 2.95120923e+07 -4.36193681e+01  6.59221855e-03 
 2.98538262e+07 -4.36145976e+01  6.59584009e-03 
 3.01995172e+07 -4.36100612e+01  6.59928587e-03 
 3.05492111e+07 -4.36057442e+01  6.60256657e-03 
 3.09029543e+07 -4.36016314e+01  6.60569366e-03 
 3.12607937e+07 -4.35977063e+01  6.60867945e-03 
 3.16227766e+07 -4.35939512e+01  6.61153708e-03 
 3.19889511e+07 -4.35903478e+01  6.61428050e-03 
 3.23593657e+07 -4.35868764e+01  6.61692453e-03 
 3.27340695e+07 -4.35835162e+01  6.61948479e-03 
 3.31131121e+07 -4.35802456e+01  6.62197777e-03 
 3.34965439e+07 -4.35770418e+01  6.62442074e-03 
 3.38844156e+07 -4.35738810e+01  6.62683184e-03 
 3.42767787e+07 -4.35707383e+01  6.62922997e-03 
 3.46736850e+07 -4.35675879e+01  6.63163487e-03 
 3.50751874e+07 -4.35644029e+01  6.63406702e-03 
 3.54813389e+07 -4.35611556e+01  6.63654770e-03 
 3.58921935e+07 -4.35578172e+01  6.63909890e-03 
 3.63078055e+07 -4.35543582e+01  6.64174334e-03 
 3.67282300e+07 -4.35507481e+01  6.64450439e-03 
 3.71535229e+07 -4.35469557e+01  6.64740615e-03 
 3.75837404e+07 -4.35429490e+01  6.65047324e-03 
 3.80189396e+07 -4.35386953e+01  6.65373093e-03 
 3.84591782e+07 -4.35341614e+01  6.65720500e-03 
 3.89045145e+07 -4.35293134e+01  6.66092172e-03 
 3.93550075e+07 -4.35241171e+01  6.66490779e-03 
 3.98107171e+07 -4.35185378e+01  6.66919033e-03 
 4.02717034e+07 -4.35125405e+01  6.67379675e-03 
 4.07380278e+07 -4.35060901e+01  6.67875474e-03 
 4.12097519e+07 -4.34991513e+01  6.68409223e-03 
 4.16869383e+07 -4.34916890e+01  6.68983724e-03 
 4.21696503e+07 -4.34836679e+01  6.69601789e-03 
 4.26579519e+07 -4.34750532e+01  6.70266229e-03 
 4.31519077e+07 -4.34658105e+01  6.70979846e-03 
 4.36515832e+07 -4.34559056e+01  6.71745430e-03 
 4.41570447e+07 -4.34453051e+01  6.72565743e-03 
 4.46683592e+07 -4.34339765e+01  6.73443517e-03 
 4.51855944e+07 -4.34218878e+01  6.74381444e-03 
 4.57088190e+07 -4.34090082e+01  6.75382167e-03 
 4.62381021e+07 -4.33953082e+01  6.76448270e-03 
 4.67735141e+07 -4.33807593e+01  6.77582274e-03 
 4.73151259e+07 -4.33653345e+01  6.78786626e-03 
 4.78630092e+07 -4.33490083e+01  6.80063683e-03 
 4.84172368e+07 -4.33317571e+01  6.81415719e-03 
 4.89778819e+07 -4.33135586e+01  6.82844902e-03 
 4.95450191e+07 -4.32943928e+01  6.84353294e-03 
 5.01187234e+07 -4.32742414e+01  6.85942841e-03 
 5.06990708e+07 -4.32530886e+01  6.87615362e-03 
 5.12861384e+07 -4.32309203e+01  6.89372548e-03 
 5.18800039e+07 -4.32077250e+01  6.91215948e-03 
 5.24807460e+07 -4.31834934e+01  6.93146969e-03 
 5.30884444e+07 -4.31582188e+01  6.95166862e-03 
 5.37031796e+07 -4.31318966e+01  6.97276725e-03 
 5.43250331e+07 -4.31045251e+01  6.99477489e-03 
 5.49540874e+07 -4.30761050e+01  7.01769922e-03 
 5.55904257e+07 -4.30466394e+01  7.04154613e-03 
 5.62341325e+07 -4.30161342e+01  7.06631985e-03 
 5.68852931e+07 -4.29845976e+01  7.09202275e-03 
 5.75439937e+07 -4.29520406e+01  7.11865541e-03 
 5.82103218e+07 -4.29184764e+01  7.14621665e-03 
 5.88843655e+07 -4.28839210e+01  7.17470335e-03 
 5.95662144e+07 -4.28483925e+01  7.20411063e-03 
 6.02559586e+07 -4.28119115e+01  7.23443175e-03 
 6.09536897e+07 -4.27745008e+01  7.26565812e-03 
 6.16595002e+07 -4.27361854e+01  7.29777938e-03 
 6.23734835e+07 -4.26969923e+01  7.33078335e-03 
 6.30957344e+07 -4.26569506e+01  7.36465608e-03 
 6.38263486e+07 -4.26160911e+01  7.39938192e-03 
 6.45654229e+07 -4.25744466e+01  7.43494349e-03 
 6.53130553e+07 -4.25320511e+01  7.47132181e-03 
 6.60693448e+07 -4.24889407e+01  7.50849622e-03 
 6.68343918e+07 -4.24451522e+01  7.54644459e-03 
 6.76082975e+07 -4.24007242e+01  7.58514327e-03 
 6.83911647e+07 -4.23556961e+01  7.62456718e-03 
 6.91830971e+07 -4.23101083e+01  7.66468987e-03 
 6.99841996e+07 -4.22640020e+01  7.70548358e-03 
 7.07945784e+07 -4.22174193e+01  7.74691934e-03 
 7.16143410e+07 -4.21704027e+01  7.78896705e-03 
 7.24435960e+07 -4.21229951e+01  7.83159547e-03 
 7.32824533e+07 -4.20752398e+01  7.87477242e-03 
 7.41310241e+07 -4.20271802e+01  7.91846475e-03 
 7.49894209e+07 -4.19788600e+01  7.96263848e-03 
 7.58577575e+07 -4.19303226e+01  8.00725886e-03 
 7.67361489e+07 -4.18816114e+01  8.05229044e-03 
 7.76247117e+07 -4.18327693e+01  8.09769721e-03 
 7.85235635e+07 -4.17838393e+01  8.14344256e-03 
 7.94328235e+07 -4.17348634e+01  8.18948948e-03 
 8.03526122e+07 -4.16858836e+01  8.23580058e-03 
 8.12830516e+07 -4.16369408e+01  8.28233815e-03 
 8.22242650e+07 -4.15880757e+01  8.32906430e-03 
 8.31763771e+07 -4.15393278e+01  8.37594098e-03 
 8.41395142e+07 -4.14907361e+01  8.42293006e-03 
 8.51138038e+07 -4.14423385e+01  8.46999345e-03 
 8.60993752e+07 -4.13941721e+01  8.51709307e-03 
 8.70963590e+07 -4.13462731e+01  8.56419104e-03 
 8.81048873e+07 -4.12986764e+01  8.61124965e-03 
 8.91250938e+07 -4.12514161e+01  8.65823149e-03 
 9.01571138e+07 -4.12045253e+01  8.70509944e-03 
 9.12010839e+07 -4.11580356e+01  8.75181684e-03 
 9.22571427e+07 -4.11119779e+01  8.79834740e-03 
 9.33254301e+07 -4.10663817e+01  8.84465541e-03 
 9.44060876e+07 -4.10212753e+01  8.89070567e-03 
 9.54992586e+07 -4.09766862e+01  8.93646360e-03 
 9.66050879e+07 -4.09326403e+01  8.98189525e-03 
 9.77237221e+07 -4.08891625e+01  9.02696743e-03 
 9.88553095e+07 -4.08462765e+01  9.07164764e-03 
 1.00000000e+08 -4.08040049e+01  9.11590420e-03 
 1.01157945e+08 -4.07623691e+01  9.15970625e-03 
 1.02329299e+08 -4.07213891e+01  9.20302375e-03 
 1.03514217e+08 -4.06810842e+01  9.24582759e-03 
 1.04712855e+08 -4.06414721e+01  9.28808957e-03 
 1.05925373e+08 -4.06025697e+01  9.32978244e-03 
 1.07151931e+08 -4.05643925e+01  9.37087994e-03 
 1.08392691e+08 -4.05269552e+01  9.41135678e-03 
 1.09647820e+08 -4.04902713e+01  9.45118872e-03 
 1.10917482e+08 -4.04543531e+01  9.49035254e-03 
 1.12201845e+08 -4.04192120e+01  9.52882610e-03 
 1.13501082e+08 -4.03848583e+01  9.56658832e-03 
 1.14815362e+08 -4.03513014e+01  9.60361920e-03 
 1.16144861e+08 -4.03185496e+01  9.63989983e-03 
 1.17489755e+08 -4.02866103e+01  9.67541243e-03 
 1.18850223e+08 -4.02554899e+01  9.71014030e-03 
 1.20226443e+08 -4.02251940e+01  9.74406787e-03 
 1.21618600e+08 -4.01957272e+01  9.77718067e-03 
 1.23026877e+08 -4.01670933e+01  9.80946535e-03 
 1.24451461e+08 -4.01392951e+01  9.84090969e-03 
 1.25892541e+08 -4.01123348e+01  9.87150254e-03 
 1.27350308e+08 -4.00862136e+01  9.90123389e-03 
 1.28824955e+08 -4.00609321e+01  9.93009482e-03 
 1.30316678e+08 -4.00364900e+01  9.95807748e-03 
 1.31825674e+08 -4.00128863e+01  9.98517510e-03 
 1.33352143e+08 -3.99901193e+01  1.00113820e-02 
 1.34896288e+08 -3.99681867e+01  1.00366935e-02 
 1.36458314e+08 -3.99470855e+01  1.00611060e-02 
 1.38038426e+08 -3.99268118e+01  1.00846170e-02 
 1.39636836e+08 -3.99073615e+01  1.01072247e-02 
 1.41253754e+08 -3.98887297e+01  1.01289287e-02 
 1.42889396e+08 -3.98709109e+01  1.01497293e-02 
 1.44543977e+08 -3.98538990e+01  1.01696276e-02 
 1.46217717e+08 -3.98376875e+01  1.01886261e-02 
 1.47910839e+08 -3.98222694e+01  1.02067277e-02 
 1.49623566e+08 -3.98076371e+01  1.02239365e-02 
 1.51356125e+08 -3.97937827e+01  1.02402573e-02 
 1.53108746e+08 -3.97806976e+01  1.02556956e-02 
 1.54881662e+08 -3.97683729e+01  1.02702580e-02 
 1.56675107e+08 -3.97567995e+01  1.02839516e-02 
 1.58489319e+08 -3.97459677e+01  1.02967843e-02 
 1.60324539e+08 -3.97358673e+01  1.03087649e-02 
 1.62181010e+08 -3.97264881e+01  1.03199026e-02 
 1.64058977e+08 -3.97178193e+01  1.03302073e-02 
 1.65958691e+08 -3.97098499e+01  1.03396897e-02 
 1.67880402e+08 -3.97025686e+01  1.03483610e-02 
 1.69824365e+08 -3.96959639e+01  1.03562328e-02 
 1.71790839e+08 -3.96900239e+01  1.03633175e-02 
 1.73780083e+08 -3.96847366e+01  1.03696278e-02 
 1.75792361e+08 -3.96800897e+01  1.03751770e-02 
 1.77827941e+08 -3.96760708e+01  1.03799787e-02 
 1.79887092e+08 -3.96726671e+01  1.03840470e-02 
 1.81970086e+08 -3.96698659e+01  1.03873964e-02 
 1.84077200e+08 -3.96676542e+01  1.03900417e-02 
 1.86208714e+08 -3.96660189e+01  1.03919980e-02 
 1.88364909e+08 -3.96649468e+01  1.03932807e-02 
 1.90546072e+08 -3.96644246e+01  1.03939056e-02 
 1.92752491e+08 -3.96644388e+01  1.03938886e-02 
 1.94984460e+08 -3.96649761e+01  1.03932458e-02 
 1.97242274e+08 -3.96660227e+01  1.03919934e-02 
 1.99526231e+08 -3.96675653e+01  1.03901480e-02 
 2.01836636e+08 -3.96695901e+01  1.03877262e-02 
 2.04173794e+08 -3.96720835e+01  1.03847447e-02 
 2.06538016e+08 -3.96750320e+01  1.03812201e-02 
 2.08929613e+08 -3.96784219e+01  1.03771694e-02 
 2.11348904e+08 -3.96822395e+01  1.03726094e-02 
 2.13796209e+08 -3.96864714e+01  1.03675569e-02 
 2.16271852e+08 -3.96911041e+01  1.03620288e-02 
 2.18776162e+08 -3.96961240e+01  1.03560420e-02 
 2.21309471e+08 -3.97015178e+01  1.03496130e-02 
 2.23872114e+08 -3.97072722e+01  1.03427587e-02 
 2.26464431e+08 -3.97133739e+01  1.03354956e-02 
 2.29086765e+08 -3.97198099e+01  1.03278401e-02 
 2.31739465e+08 -3.97265672e+01  1.03198086e-02 
 2.34422882e+08 -3.97336328e+01  1.03114173e-02 
 2.37137371e+08 -3.97409940e+01  1.03026822e-02 
 2.39883292e+08 -3.97486381e+01  1.02936191e-02 
 2.42661010e+08 -3.97565528e+01  1.02842437e-02 
 2.45470892e+08 -3.97647256e+01  1.02745715e-02 
 2.48313311e+08 -3.97731444e+01  1.02646177e-02 
 2.51188643e+08 -3.97817972e+01  1.02543973e-02 
 2.54097271e+08 -3.97906722e+01  1.02439250e-02 
 2.57039578e+08 -3.97997577e+01  1.02332154e-02 
 2.60015956e+08 -3.98090422e+01  1.02222828e-02 
 2.63026799e+08 -3.98185145e+01  1.02111411e-02 
 2.66072506e+08 -3.98281634e+01  1.01998041e-02 
 2.69153480e+08 -3.98379782e+01  1.01882852e-02 
 2.72270131e+08 -3.98479480e+01  1.01765975e-02 
 2.75422870e+08 -3.98580625e+01  1.01647540e-02 
 2.78612117e+08 -3.98683114e+01  1.01527672e-02 
 2.81838293e+08 -3.98786847e+01  1.01406493e-02 
 2.85101827e+08 -3.98891725e+01  1.01284124e-02 
 2.88403150e+08 -3.98997652e+01  1.01160681e-02 
 2.91742701e+08 -3.99104534e+01  1.01036276e-02 
 2.95120923e+08 -3.99212280e+01  1.00911021e-02 
 2.98538262e+08 -3.99320800e+01  1.00785023e-02 
 3.01995172e+08 -3.99430008e+01  1.00658386e-02 
 3.05492111e+08 -3.99539818e+01  1.00531210e-02 
 3.09029543e+08 -3.99650148e+01  1.00403594e-02 
 3.12607937e+08 -3.99760919e+01  1.00275632e-02 
 3.16227766e+08 -3.99872051e+01  1.00147415e-02 
 3.19889511e+08 -3.99983470e+01  1.00019033e-02 
 3.23593657e+08 -4.00095102e+01  9.98905696e-03 
 3.27340695e+08 -4.00206876e+01  9.97621083e-03 
 3.31131121e+08 -4.00318724e+01  9.96337279e-03 
 3.34965439e+08 -4.00430578e+01  9.95055049e-03 
 3.38844156e+08 -4.00542376e+01  9.93775126e-03 
 3.42767787e+08 -4.00654053e+01  9.92498212e-03 
 3.46736850e+08 -4.00765552e+01  9.91224984e-03 
 3.50751874e+08 -4.00876814e+01  9.89956088e-03 
 3.54813389e+08 -4.00987783e+01  9.88692144e-03 
 3.58921935e+08 -4.01098407e+01  9.87433741e-03 
 3.63078055e+08 -4.01208635e+01  9.86181445e-03 
 3.67282300e+08 -4.01318416e+01  9.84935793e-03 
 3.71535229e+08 -4.01427704e+01  9.83697296e-03 
 3.75837404e+08 -4.01536455e+01  9.82466442e-03 
 3.80189396e+08 -4.01644625e+01  9.81243691e-03 
 3.84591782e+08 -4.01752172e+01  9.80029479e-03 
 3.89045145e+08 -4.01859059e+01  9.78824221e-03 
 3.93550075e+08 -4.01965247e+01  9.77628305e-03 
 3.98107171e+08 -4.02070701e+01  9.76442099e-03 
 4.02717034e+08 -4.02175388e+01  9.75265948e-03 
 4.07380278e+08 -4.02279276e+01  9.74100174e-03 
 4.12097519e+08 -4.02382335e+01  9.72945082e-03 
 4.16869383e+08 -4.02484536e+01  9.71800952e-03 
 4.21696503e+08 -4.02585853e+01  9.70668047e-03 
 4.26579519e+08 -4.02686261e+01  9.69546611e-03 
 4.31519077e+08 -4.02785737e+01  9.68436868e-03 
 4.36515832e+08 -4.02884258e+01  9.67339024e-03 
 4.41570447e+08 -4.02981805e+01  9.66253270e-03 
 4.46683592e+08 -4.03078357e+01  9.65179776e-03 
 4.51855944e+08 -4.03173899e+01  9.64118701e-03 
 4.57088190e+08 -4.03268413e+01  9.63070183e-03 
 4.62381021e+08 -4.03361884e+01  9.62034348e-03 
 4.67735141e+08 -4.03454300e+01  9.61011308e-03 
 4.73151259e+08 -4.03545649e+01  9.60001158e-03 
 4.78630092e+08 -4.03635918e+01  9.59003982e-03 
 4.84172368e+08 -4.03725098e+01  9.58019850e-03 
 4.89778819e+08 -4.03813182e+01  9.57048819e-03 
 4.95450191e+08 -4.03900160e+01  9.56090936e-03 
 5.01187234e+08 -4.03986026e+01  9.55146234e-03 
 5.06990708e+08 -4.04070776e+01  9.54214738e-03 
 5.12861384e+08 -4.04154404e+01  9.53296458e-03 
 5.18800039e+08 -4.04236907e+01  9.52391400e-03 
 5.24807460e+08 -4.04318282e+01  9.51499555e-03 
 5.30884444e+08 -4.04398528e+01  9.50620908e-03 
 5.37031796e+08 -4.04477643e+01  9.49755435e-03 
 5.43250331e+08 -4.04555627e+01  9.48903102e-03 
 5.49540874e+08 -4.04632481e+01  9.48063868e-03 
 5.55904257e+08 -4.04708206e+01  9.47237687e-03 
 5.62341325e+08 -4.04782805e+01  9.46424502e-03 
 5.68852931e+08 -4.04856280e+01  9.45624252e-03 
 5.75439937e+08 -4.04928634e+01  9.44836869e-03 
 5.82103218e+08 -4.04999871e+01  9.44062279e-03 
 5.88843655e+08 -4.05069996e+01  9.43300402e-03 
 5.95662144e+08 -4.05139014e+01  9.42551153e-03 
 6.02559586e+08 -4.05206931e+01  9.41814442e-03 
 6.09536897e+08 -4.05273752e+01  9.41090177e-03 
 6.16595002e+08 -4.05339484e+01  9.40378256e-03 
 6.23734835e+08 -4.05404135e+01  9.39678579e-03 
 6.30957344e+08 -4.05467711e+01  9.38991038e-03 
 6.38263486e+08 -4.05530220e+01  9.38315523e-03 
 6.45654229e+08 -4.05591670e+01  9.37651923e-03 
 6.53130553e+08 -4.05652071e+01  9.37000120e-03 
 6.60693448e+08 -4.05711430e+01  9.36359996e-03 
 6.68343918e+08 -4.05769757e+01  9.35731431e-03 
 6.76082975e+08 -4.05827060e+01  9.35114300e-03 
 6.83911647e+08 -4.05883351e+01  9.34508478e-03 
 6.91830971e+08 -4.05938638e+01  9.33913839e-03 
 6.99841996e+08 -4.05992931e+01  9.33330253e-03 
 7.07945784e+08 -4.06046242e+01  9.32757591e-03 
 7.16143410e+08 -4.06098579e+01  9.32195720e-03 
 7.24435960e+08 -4.06149954e+01  9.31644510e-03 
 7.32824533e+08 -4.06200378e+01  9.31103826e-03 
 7.41310241e+08 -4.06249861e+01  9.30573534e-03 
 7.49894209e+08 -4.06298414e+01  9.30053499e-03 
 7.58577575e+08 -4.06346048e+01  9.29543588e-03 
 7.67361489e+08 -4.06392775e+01  9.29043664e-03 
 7.76247117e+08 -4.06438605e+01  9.28553591e-03 
 7.85235635e+08 -4.06483550e+01  9.28073235e-03 
 7.94328235e+08 -4.06527622e+01  9.27602460e-03 
 8.03526122e+08 -4.06570830e+01  9.27141130e-03 
 8.12830516e+08 -4.06613188e+01  9.26689110e-03 
 8.22242650e+08 -4.06654706e+01  9.26246267e-03 
 8.31763771e+08 -4.06695395e+01  9.25812465e-03 
 8.41395142e+08 -4.06735268e+01  9.25387571e-03 
 8.51138038e+08 -4.06774334e+01  9.24971452e-03 
 8.60993752e+08 -4.06812606e+01  9.24563976e-03 
 8.70963590e+08 -4.06850096e+01  9.24165012e-03 
 8.81048873e+08 -4.06886813e+01  9.23774428e-03 
 8.91250938e+08 -4.06922769e+01  9.23392096e-03 
 9.01571138e+08 -4.06957977e+01  9.23017887e-03 
 9.12010839e+08 -4.06992445e+01  9.22651673e-03 
 9.22571427e+08 -4.07026187e+01  9.22293327e-03 
 9.33254301e+08 -4.07059212e+01  9.21942725e-03 
 9.44060876e+08 -4.07091531e+01  9.21599742e-03 
 9.54992586e+08 -4.07123156e+01  9.21264255e-03 
 9.66050879e+08 -4.07154096e+01  9.20936143e-03 
 9.77237221e+08 -4.07184364e+01  9.20615285e-03 
 9.88553095e+08 -4.07213968e+01  9.20301562e-03 
 1.00000000e+09 -4.07242920e+01  9.19994857e-03 
