 1.00000000e+00 -1.11800542e+01  2.76056063e-01 
 1.01157945e+00 -1.11800563e+01  2.76055997e-01 
 1.02329299e+00 -1.11800584e+01  2.76055930e-01 
 1.03514217e+00 -1.11800605e+01  2.76055862e-01 
 1.04712855e+00 -1.11800627e+01  2.76055791e-01 
 1.05925373e+00 -1.11800650e+01  2.76055719e-01 
 1.07151931e+00 -1.11800673e+01  2.76055646e-01 
 1.08392691e+00 -1.11800697e+01  2.76055571e-01 
 1.09647820e+00 -1.11800721e+01  2.76055494e-01 
 1.10917482e+00 -1.11800746e+01  2.76055415e-01 
 1.12201845e+00 -1.11800771e+01  2.76055334e-01 
 1.13501082e+00 -1.11800797e+01  2.76055251e-01 
 1.14815362e+00 -1.11800824e+01  2.76055167e-01 
 1.16144861e+00 -1.11800851e+01  2.76055081e-01 
 1.17489755e+00 -1.11800879e+01  2.76054992e-01 
 1.18850223e+00 -1.11800907e+01  2.76054902e-01 
 1.20226443e+00 -1.11800937e+01  2.76054809e-01 
 1.21618600e+00 -1.11800966e+01  2.76054714e-01 
 1.23026877e+00 -1.11800997e+01  2.76054617e-01 
 1.24451461e+00 -1.11801028e+01  2.76054518e-01 
 1.25892541e+00 -1.11801060e+01  2.76054416e-01 
 1.27350308e+00 -1.11801093e+01  2.76054312e-01 
 1.28824955e+00 -1.11801126e+01  2.76054206e-01 
 1.30316678e+00 -1.11801161e+01  2.76054097e-01 
 1.31825674e+00 -1.11801196e+01  2.76053986e-01 
 1.33352143e+00 -1.11801231e+01  2.76053872e-01 
 1.34896288e+00 -1.11801268e+01  2.76053755e-01 
 1.36458314e+00 -1.11801306e+01  2.76053636e-01 
 1.38038426e+00 -1.11801344e+01  2.76053514e-01 
 1.39636836e+00 -1.11801383e+01  2.76053389e-01 
 1.41253754e+00 -1.11801424e+01  2.76053261e-01 
 1.42889396e+00 -1.11801465e+01  2.76053130e-01 
 1.44543977e+00 -1.11801507e+01  2.76052996e-01 
 1.46217717e+00 -1.11801550e+01  2.76052859e-01 
 1.47910839e+00 -1.11801594e+01  2.76052719e-01 
 1.49623566e+00 -1.11801639e+01  2.76052576e-01 
 1.51356125e+00 -1.11801685e+01  2.76052429e-01 
 1.53108746e+00 -1.11801733e+01  2.76052279e-01 
 1.54881662e+00 -1.11801781e+01  2.76052125e-01 
 1.56675107e+00 -1.11801831e+01  2.76051968e-01 
 1.58489319e+00 -1.11801881e+01  2.76051807e-01 
 1.60324539e+00 -1.11801933e+01  2.76051642e-01 
 1.62181010e+00 -1.11801986e+01  2.76051473e-01 
 1.64058977e+00 -1.11802040e+01  2.76051301e-01 
 1.65958691e+00 -1.11802096e+01  2.76051124e-01 
 1.67880402e+00 -1.11802153e+01  2.76050944e-01 
 1.69824365e+00 -1.11802211e+01  2.76050759e-01 
 1.71790839e+00 -1.11802270e+01  2.76050570e-01 
 1.73780083e+00 -1.11802331e+01  2.76050376e-01 
 1.75792361e+00 -1.11802394e+01  2.76050178e-01 
 1.77827941e+00 -1.11802457e+01  2.76049976e-01 
 1.79887092e+00 -1.11802523e+01  2.76049768e-01 
 1.81970086e+00 -1.11802589e+01  2.76049556e-01 
 1.84077200e+00 -1.11802658e+01  2.76049339e-01 
 1.86208714e+00 -1.11802728e+01  2.76049117e-01 
 1.88364909e+00 -1.11802799e+01  2.76048889e-01 
 1.90546072e+00 -1.11802872e+01  2.76048657e-01 
 1.92752491e+00 -1.11802947e+01  2.76048419e-01 
 1.94984460e+00 -1.11803024e+01  2.76048175e-01 
 1.97242274e+00 -1.11803102e+01  2.76047926e-01 
 1.99526231e+00 -1.11803183e+01  2.76047671e-01 
 2.01836636e+00 -1.11803265e+01  2.76047410e-01 
 2.04173794e+00 -1.11803349e+01  2.76047143e-01 
 2.06538016e+00 -1.11803435e+01  2.76046869e-01 
 2.08929613e+00 -1.11803523e+01  2.76046590e-01 
 2.11348904e+00 -1.11803613e+01  2.76046303e-01 
 2.13796209e+00 -1.11803705e+01  2.76046010e-01 
 2.16271852e+00 -1.11803799e+01  2.76045711e-01 
 2.18776162e+00 -1.11803896e+01  2.76045404e-01 
 2.21309471e+00 -1.11803995e+01  2.76045090e-01 
 2.23872114e+00 -1.11804096e+01  2.76044769e-01 
 2.26464431e+00 -1.11804199e+01  2.76044440e-01 
 2.29086765e+00 -1.11804305e+01  2.76044104e-01 
 2.31739465e+00 -1.11804413e+01  2.76043760e-01 
 2.34422882e+00 -1.11804524e+01  2.76043408e-01 
 2.37137371e+00 -1.11804637e+01  2.76043048e-01 
 2.39883292e+00 -1.11804753e+01  2.76042679e-01 
 2.42661010e+00 -1.11804872e+01  2.76042302e-01 
 2.45470892e+00 -1.11804994e+01  2.76041915e-01 
 2.48313311e+00 -1.11805118e+01  2.76041520e-01 
 2.51188643e+00 -1.11805245e+01  2.76041116e-01 
 2.54097271e+00 -1.11805375e+01  2.76040702e-01 
 2.57039578e+00 -1.11805508e+01  2.76040279e-01 
 2.60015956e+00 -1.11805645e+01  2.76039846e-01 
 2.63026799e+00 -1.11805784e+01  2.76039403e-01 
 2.66072506e+00 -1.11805927e+01  2.76038949e-01 
 2.69153480e+00 -1.11806073e+01  2.76038485e-01 
 2.72270131e+00 -1.11806222e+01  2.76038010e-01 
 2.75422870e+00 -1.11806375e+01  2.76037524e-01 
 2.78612117e+00 -1.11806532e+01  2.76037027e-01 
 2.81838293e+00 -1.11806692e+01  2.76036518e-01 
 2.85101827e+00 -1.11806856e+01  2.76035997e-01 
 2.88403150e+00 -1.11807024e+01  2.76035464e-01 
 2.91742701e+00 -1.11807195e+01  2.76034919e-01 
 2.95120923e+00 -1.11807371e+01  2.76034361e-01 
 2.98538262e+00 -1.11807550e+01  2.76033790e-01 
 3.01995172e+00 -1.11807734e+01  2.76033205e-01 
 3.05492111e+00 -1.11807922e+01  2.76032607e-01 
 3.09029543e+00 -1.11808115e+01  2.76031995e-01 
 3.12607937e+00 -1.11808312e+01  2.76031369e-01 
 3.16227766e+00 -1.11808514e+01  2.76030729e-01 
 3.19889511e+00 -1.11808720e+01  2.76030073e-01 
 3.23593657e+00 -1.11808931e+01  2.76029402e-01 
 3.27340695e+00 -1.11809147e+01  2.76028716e-01 
 3.31131121e+00 -1.11809368e+01  2.76028013e-01 
 3.34965439e+00 -1.11809594e+01  2.76027295e-01 
 3.38844156e+00 -1.11809826e+01  2.76026559e-01 
 3.42767787e+00 -1.11810063e+01  2.76025806e-01 
 3.46736850e+00 -1.11810305e+01  2.76025036e-01 
 3.50751874e+00 -1.11810553e+01  2.76024248e-01 
 3.54813389e+00 -1.11810807e+01  2.76023441e-01 
 3.58921935e+00 -1.11811066e+01  2.76022616e-01 
 3.63078055e+00 -1.11811332e+01  2.76021772e-01 
 3.67282300e+00 -1.11811604e+01  2.76020908e-01 
 3.71535229e+00 -1.11811882e+01  2.76020023e-01 
 3.75837404e+00 -1.11812167e+01  2.76019118e-01 
 3.80189396e+00 -1.11812458e+01  2.76018193e-01 
 3.84591782e+00 -1.11812757e+01  2.76017245e-01 
 3.89045145e+00 -1.11813062e+01  2.76016275e-01 
 3.93550075e+00 -1.11813374e+01  2.76015283e-01 
 3.98107171e+00 -1.11813693e+01  2.76014268e-01 
 4.02717034e+00 -1.11814020e+01  2.76013229e-01 
 4.07380278e+00 -1.11814355e+01  2.76012166e-01 
 4.12097519e+00 -1.11814697e+01  2.76011079e-01 
 4.16869383e+00 -1.11815047e+01  2.76009965e-01 
 4.21696503e+00 -1.11815406e+01  2.76008826e-01 
 4.26579519e+00 -1.11815773e+01  2.76007661e-01 
 4.31519077e+00 -1.11816148e+01  2.76006468e-01 
 4.36515832e+00 -1.11816532e+01  2.76005248e-01 
 4.41570447e+00 -1.11816925e+01  2.76003999e-01 
 4.46683592e+00 -1.11817327e+01  2.76002721e-01 
 4.51855944e+00 -1.11817739e+01  2.76001413e-01 
 4.57088190e+00 -1.11818160e+01  2.76000075e-01 
 4.62381021e+00 -1.11818591e+01  2.75998706e-01 
 4.67735141e+00 -1.11819032e+01  2.75997305e-01 
 4.73151259e+00 -1.11819483e+01  2.75995871e-01 
 4.78630092e+00 -1.11819945e+01  2.75994404e-01 
 4.84172368e+00 -1.11820417e+01  2.75992903e-01 
 4.89778819e+00 -1.11820901e+01  2.75991367e-01 
 4.95450191e+00 -1.11821395e+01  2.75989795e-01 
 5.01187234e+00 -1.11821902e+01  2.75988186e-01 
 5.06990708e+00 -1.11822420e+01  2.75986540e-01 
 5.12861384e+00 -1.11822950e+01  2.75984856e-01 
 5.18800039e+00 -1.11823492e+01  2.75983132e-01 
 5.24807460e+00 -1.11824047e+01  2.75981369e-01 
 5.30884444e+00 -1.11824615e+01  2.75979564e-01 
 5.37031796e+00 -1.11825196e+01  2.75977717e-01 
 5.43250331e+00 -1.11825791e+01  2.75975828e-01 
 5.49540874e+00 -1.11826400e+01  2.75973894e-01 
 5.55904257e+00 -1.11827022e+01  2.75971915e-01 
 5.62341325e+00 -1.11827660e+01  2.75969891e-01 
 5.68852931e+00 -1.11828312e+01  2.75967819e-01 
 5.75439937e+00 -1.11828979e+01  2.75965699e-01 
 5.82103218e+00 -1.11829662e+01  2.75963530e-01 
 5.88843655e+00 -1.11830360e+01  2.75961310e-01 
 5.95662144e+00 -1.11831075e+01  2.75959039e-01 
 6.02559586e+00 -1.11831807e+01  2.75956714e-01 
 6.09536897e+00 -1.11832556e+01  2.75954336e-01 
 6.16595002e+00 -1.11833322e+01  2.75951902e-01 
 6.23734835e+00 -1.11834105e+01  2.75949412e-01 
 6.30957344e+00 -1.11834908e+01  2.75946864e-01 
 6.38263486e+00 -1.11835728e+01  2.75944256e-01 
 6.45654229e+00 -1.11836568e+01  2.75941588e-01 
 6.53130553e+00 -1.11837428e+01  2.75938858e-01 
 6.60693448e+00 -1.11838307e+01  2.75936064e-01 
 6.68343918e+00 -1.11839207e+01  2.75933205e-01 
 6.76082975e+00 -1.11840128e+01  2.75930280e-01 
 6.83911647e+00 -1.11841070e+01  2.75927287e-01 
 6.91830971e+00 -1.11842034e+01  2.75924224e-01 
 6.99841996e+00 -1.11843021e+01  2.75921090e-01 
 7.07945784e+00 -1.11844030e+01  2.75917883e-01 
 7.16143410e+00 -1.11845063e+01  2.75914601e-01 
 7.24435960e+00 -1.11846120e+01  2.75911243e-01 
 7.32824533e+00 -1.11847202e+01  2.75907807e-01 
 7.41310241e+00 -1.11848309e+01  2.75904291e-01 
 7.49894209e+00 -1.11849442e+01  2.75900693e-01 
 7.58577575e+00 -1.11850601e+01  2.75897012e-01 
 7.67361489e+00 -1.11851787e+01  2.75893245e-01 
 7.76247117e+00 -1.11853000e+01  2.75889390e-01 
 7.85235635e+00 -1.11854242e+01  2.75885446e-01 
 7.94328235e+00 -1.11855512e+01  2.75881410e-01 
 8.03526122e+00 -1.11856813e+01  2.75877281e-01 
 8.12830516e+00 -1.11858143e+01  2.75873055e-01 
 8.22242650e+00 -1.11859505e+01  2.75868731e-01 
 8.31763771e+00 -1.11860898e+01  2.75864307e-01 
 8.41395142e+00 -1.11862323e+01  2.75859779e-01 
 8.51138038e+00 -1.11863782e+01  2.75855147e-01 
 8.60993752e+00 -1.11865274e+01  2.75850407e-01 
 8.70963590e+00 -1.11866802e+01  2.75845557e-01 
 8.81048873e+00 -1.11868364e+01  2.75840594e-01 
 8.91250938e+00 -1.11869963e+01  2.75835515e-01 
 9.01571138e+00 -1.11871600e+01  2.75830319e-01 
 9.12010839e+00 -1.11873274e+01  2.75825002e-01 
 9.22571427e+00 -1.11874987e+01  2.75819561e-01 
 9.33254301e+00 -1.11876740e+01  2.75813994e-01 
 9.44060876e+00 -1.11878534e+01  2.75808298e-01 
 9.54992586e+00 -1.11880370e+01  2.75802469e-01 
 9.66050879e+00 -1.11882248e+01  2.75796505e-01 
 9.77237221e+00 -1.11884170e+01  2.75790403e-01 
 9.88553095e+00 -1.11886137e+01  2.75784158e-01 
 1.00000000e+01 -1.11888149e+01  2.75777769e-01 
 1.01157945e+01 -1.11890208e+01  2.75771231e-01 
 1.02329299e+01 -1.11892315e+01  2.75764542e-01 
 1.03514217e+01 -1.11894471e+01  2.75757697e-01 
 1.04712855e+01 -1.11896677e+01  2.75750694e-01 
 1.05925373e+01 -1.11898935e+01  2.75743527e-01 
 1.07151931e+01 -1.11901244e+01  2.75736195e-01 
 1.08392691e+01 -1.11903608e+01  2.75728692e-01 
 1.09647820e+01 -1.11906026e+01  2.75721015e-01 
 1.10917482e+01 -1.11908501e+01  2.75713160e-01 
 1.12201845e+01 -1.11911033e+01  2.75705123e-01 
 1.13501082e+01 -1.11913624e+01  2.75696899e-01 
 1.14815362e+01 -1.11916275e+01  2.75688484e-01 
 1.16144861e+01 -1.11918988e+01  2.75679874e-01 
 1.17489755e+01 -1.11921763e+01  2.75671065e-01 
 1.18850223e+01 -1.11924603e+01  2.75662051e-01 
 1.20226443e+01 -1.11927509e+01  2.75652828e-01 
 1.21618600e+01 -1.11930483e+01  2.75643391e-01 
 1.23026877e+01 -1.11933526e+01  2.75633736e-01 
 1.24451461e+01 -1.11936639e+01  2.75623856e-01 
 1.25892541e+01 -1.11939825e+01  2.75613748e-01 
 1.27350308e+01 -1.11943084e+01  2.75603405e-01 
 1.28824955e+01 -1.11946419e+01  2.75592823e-01 
 1.30316678e+01 -1.11949832e+01  2.75581995e-01 
 1.31825674e+01 -1.11953324e+01  2.75570916e-01 
 1.33352143e+01 -1.11956897e+01  2.75559581e-01 
 1.34896288e+01 -1.11960553e+01  2.75547983e-01 
 1.36458314e+01 -1.11964293e+01  2.75536117e-01 
 1.38038426e+01 -1.11968121e+01  2.75523975e-01 
 1.39636836e+01 -1.11972037e+01  2.75511553e-01 
 1.41253754e+01 -1.11976044e+01  2.75498843e-01 
 1.42889396e+01 -1.11980144e+01  2.75485839e-01 
 1.44543977e+01 -1.11984339e+01  2.75472533e-01 
 1.46217717e+01 -1.11988632e+01  2.75458920e-01 
 1.47910839e+01 -1.11993024e+01  2.75444992e-01 
 1.49623566e+01 -1.11997518e+01  2.75430741e-01 
 1.51356125e+01 -1.12002116e+01  2.75416161e-01 
 1.53108746e+01 -1.12006820e+01  2.75401244e-01 
 1.54881662e+01 -1.12011634e+01  2.75385982e-01 
 1.56675107e+01 -1.12016559e+01  2.75370367e-01 
 1.58489319e+01 -1.12021599e+01  2.75354390e-01 
 1.60324539e+01 -1.12026755e+01  2.75338045e-01 
 1.62181010e+01 -1.12032031e+01  2.75321322e-01 
 1.64058977e+01 -1.12037429e+01  2.75304212e-01 
 1.65958691e+01 -1.12042952e+01  2.75286708e-01 
 1.67880402e+01 -1.12048602e+01  2.75268799e-01 
 1.69824365e+01 -1.12054384e+01  2.75250476e-01 
 1.71790839e+01 -1.12060300e+01  2.75231731e-01 
 1.73780083e+01 -1.12066352e+01  2.75212552e-01 
 1.75792361e+01 -1.12072545e+01  2.75192932e-01 
 1.77827941e+01 -1.12078881e+01  2.75172858e-01 
 1.79887092e+01 -1.12085364e+01  2.75152322e-01 
 1.81970086e+01 -1.12091996e+01  2.75131312e-01 
 1.84077200e+01 -1.12098782e+01  2.75109817e-01 
 1.86208714e+01 -1.12105725e+01  2.75087827e-01 
 1.88364909e+01 -1.12112829e+01  2.75065331e-01 
 1.90546072e+01 -1.12120097e+01  2.75042316e-01 
 1.92752491e+01 -1.12127533e+01  2.75018770e-01 
 1.94984460e+01 -1.12135141e+01  2.74994683e-01 
 1.97242274e+01 -1.12142924e+01  2.74970041e-01 
 1.99526231e+01 -1.12150888e+01  2.74944833e-01 
 2.01836636e+01 -1.12159035e+01  2.74919044e-01 
 2.04173794e+01 -1.12167371e+01  2.74892661e-01 
 2.06538016e+01 -1.12175899e+01  2.74865673e-01 
 2.08929613e+01 -1.12184624e+01  2.74838064e-01 
 2.11348904e+01 -1.12193550e+01  2.74809820e-01 
 2.13796209e+01 -1.12202683e+01  2.74780927e-01 
 2.16271852e+01 -1.12212026e+01  2.74751371e-01 
 2.18776162e+01 -1.12221585e+01  2.74721137e-01 
 2.21309471e+01 -1.12231364e+01  2.74690208e-01 
 2.23872114e+01 -1.12241369e+01  2.74658570e-01 
 2.26464431e+01 -1.12251605e+01  2.74626206e-01 
 2.29086765e+01 -1.12262076e+01  2.74593100e-01 
 2.31739465e+01 -1.12272789e+01  2.74559236e-01 
 2.34422882e+01 -1.12283748e+01  2.74524595e-01 
 2.37137371e+01 -1.12294960e+01  2.74489162e-01 
 2.39883292e+01 -1.12306430e+01  2.74452917e-01 
 2.42661010e+01 -1.12318164e+01  2.74415843e-01 
 2.45470892e+01 -1.12330168e+01  2.74377920e-01 
 2.48313311e+01 -1.12342448e+01  2.74339131e-01 
 2.51188643e+01 -1.12355011e+01  2.74299455e-01 
 2.54097271e+01 -1.12367863e+01  2.74258873e-01 
 2.57039578e+01 -1.12381010e+01  2.74217364e-01 
 2.60015956e+01 -1.12394459e+01  2.74174908e-01 
 2.63026799e+01 -1.12408217e+01  2.74131484e-01 
 2.66072506e+01 -1.12422291e+01  2.74087069e-01 
 2.69153480e+01 -1.12436688e+01  2.74041642e-01 
 2.72270131e+01 -1.12451415e+01  2.73995180e-01 
 2.75422870e+01 -1.12466481e+01  2.73947661e-01 
 2.78612117e+01 -1.12481892e+01  2.73899060e-01 
 2.81838293e+01 -1.12497656e+01  2.73849354e-01 
 2.85101827e+01 -1.12513781e+01  2.73798518e-01 
 2.88403150e+01 -1.12530276e+01  2.73746527e-01 
 2.91742701e+01 -1.12547149e+01  2.73693356e-01 
 2.95120923e+01 -1.12564408e+01  2.73638979e-01 
 2.98538262e+01 -1.12582062e+01  2.73583368e-01 
 3.01995172e+01 -1.12600119e+01  2.73526498e-01 
 3.05492111e+01 -1.12618589e+01  2.73468339e-01 
 3.09029543e+01 -1.12637482e+01  2.73408864e-01 
 3.12607937e+01 -1.12656806e+01  2.73348044e-01 
 3.16227766e+01 -1.12676571e+01  2.73285849e-01 
 3.19889511e+01 -1.12696788e+01  2.73222249e-01 
 3.23593657e+01 -1.12717465e+01  2.73157214e-01 
 3.27340695e+01 -1.12738614e+01  2.73090712e-01 
 3.31131121e+01 -1.12760245e+01  2.73022711e-01 
 3.34965439e+01 -1.12782368e+01  2.72953180e-01 
 3.38844156e+01 -1.12804996e+01  2.72882083e-01 
 3.42767787e+01 -1.12828138e+01  2.72809388e-01 
 3.46736850e+01 -1.12851806e+01  2.72735060e-01 
 3.50751874e+01 -1.12876013e+01  2.72659063e-01 
 3.54813389e+01 -1.12900769e+01  2.72581361e-01 
 3.58921935e+01 -1.12926087e+01  2.72501919e-01 
 3.63078055e+01 -1.12951980e+01  2.72420698e-01 
 3.67282300e+01 -1.12978460e+01  2.72337660e-01 
 3.71535229e+01 -1.13005539e+01  2.72252767e-01 
 3.75837404e+01 -1.13033233e+01  2.72165979e-01 
 3.80189396e+01 -1.13061553e+01  2.72077254e-01 
 3.84591782e+01 -1.13090513e+01  2.71986553e-01 
 3.89045145e+01 -1.13120128e+01  2.71893833e-01 
 3.93550075e+01 -1.13150412e+01  2.71799052e-01 
 3.98107171e+01 -1.13181380e+01  2.71702165e-01 
 4.02717034e+01 -1.13213046e+01  2.71603129e-01 
 4.07380278e+01 -1.13245426e+01  2.71501898e-01 
 4.12097519e+01 -1.13278535e+01  2.71398426e-01 
 4.16869383e+01 -1.13312389e+01  2.71292667e-01 
 4.21696503e+01 -1.13347005e+01  2.71184571e-01 
 4.26579519e+01 -1.13382398e+01  2.71074092e-01 
 4.31519077e+01 -1.13418585e+01  2.70961179e-01 
 4.36515832e+01 -1.13455585e+01  2.70845782e-01 
 4.41570447e+01 -1.13493413e+01  2.70727850e-01 
 4.46683592e+01 -1.13532089e+01  2.70607329e-01 
 4.51855944e+01 -1.13571630e+01  2.70484169e-01 
 4.57088190e+01 -1.13612054e+01  2.70358313e-01 
 4.62381021e+01 -1.13653382e+01  2.70229708e-01 
 4.67735141e+01 -1.13695631e+01  2.70098296e-01 
 4.73151259e+01 -1.13738822e+01  2.69964023e-01 
 4.78630092e+01 -1.13782974e+01  2.69826828e-01 
 4.84172368e+01 -1.13828109e+01  2.69686655e-01 
 4.89778819e+01 -1.13874246e+01  2.69543442e-01 
 4.95450191e+01 -1.13921407e+01  2.69397130e-01 
 5.01187234e+01 -1.13969614e+01  2.69247655e-01 
 5.06990708e+01 -1.14018888e+01  2.69094957e-01 
 5.12861384e+01 -1.14069252e+01  2.68938971e-01 
 5.18800039e+01 -1.14120729e+01  2.68779631e-01 
 5.24807460e+01 -1.14173342e+01  2.68616873e-01 
 5.30884444e+01 -1.14227114e+01  2.68450630e-01 
 5.37031796e+01 -1.14282070e+01  2.68280834e-01 
 5.43250331e+01 -1.14338235e+01  2.68107416e-01 
 5.49540874e+01 -1.14395632e+01  2.67930306e-01 
 5.55904257e+01 -1.14454288e+01  2.67749434e-01 
 5.62341325e+01 -1.14514228e+01  2.67564728e-01 
 5.68852931e+01 -1.14575479e+01  2.67376114e-01 
 5.75439937e+01 -1.14638067e+01  2.67183520e-01 
 5.82103218e+01 -1.14702019e+01  2.66986870e-01 
 5.88843655e+01 -1.14767364e+01  2.66786088e-01 
 5.95662144e+01 -1.14834130e+01  2.66581098e-01 
 6.02559586e+01 -1.14902344e+01  2.66371821e-01 
 6.09536897e+01 -1.14972036e+01  2.66158180e-01 
 6.16595002e+01 -1.15043237e+01  2.65940094e-01 
 6.23734835e+01 -1.15115975e+01  2.65717481e-01 
 6.30957344e+01 -1.15190281e+01  2.65490262e-01 
 6.38263486e+01 -1.15266186e+01  2.65258353e-01 
 6.45654229e+01 -1.15343723e+01  2.65021670e-01 
 6.53130553e+01 -1.15422922e+01  2.64780128e-01 
 6.60693448e+01 -1.15503817e+01  2.64533644e-01 
 6.68343918e+01 -1.15586441e+01  2.64282129e-01 
 6.76082975e+01 -1.15670826e+01  2.64025497e-01 
 6.83911647e+01 -1.15757008e+01  2.63763660e-01 
 6.91830971e+01 -1.15845020e+01  2.63496530e-01 
 6.99841996e+01 -1.15934898e+01  2.63224016e-01 
 7.07945784e+01 -1.16026677e+01  2.62946027e-01 
 7.16143410e+01 -1.16120394e+01  2.62662474e-01 
 7.24435960e+01 -1.16216084e+01  2.62373264e-01 
 7.32824533e+01 -1.16313786e+01  2.62078305e-01 
 7.41310241e+01 -1.16413536e+01  2.61777503e-01 
 7.49894209e+01 -1.16515373e+01  2.61470764e-01 
 7.58577575e+01 -1.16619335e+01  2.61157994e-01 
 7.67361489e+01 -1.16725462e+01  2.60839099e-01 
 7.76247117e+01 -1.16833792e+01  2.60513982e-01 
 7.85235635e+01 -1.16944367e+01  2.60182548e-01 
 7.94328235e+01 -1.17057227e+01  2.59844701e-01 
 8.03526122e+01 -1.17172413e+01  2.59500343e-01 
 8.12830516e+01 -1.17289966e+01  2.59149379e-01 
 8.22242650e+01 -1.17409928e+01  2.58791710e-01 
 8.31763771e+01 -1.17532342e+01  2.58427239e-01 
 8.41395142e+01 -1.17657252e+01  2.58055869e-01 
 8.51138038e+01 -1.17784700e+01  2.57677501e-01 
 8.60993752e+01 -1.17914730e+01  2.57292039e-01 
 8.70963590e+01 -1.18047387e+01  2.56899384e-01 
 8.81048873e+01 -1.18182716e+01  2.56499439e-01 
 8.91250938e+01 -1.18320762e+01  2.56092106e-01 
 9.01571138e+01 -1.18461570e+01  2.55677288e-01 
 9.12010839e+01 -1.18605186e+01  2.55254889e-01 
 9.22571427e+01 -1.18751658e+01  2.54824811e-01 
 9.33254301e+01 -1.18901031e+01  2.54386959e-01 
 9.44060876e+01 -1.19053354e+01  2.53941238e-01 
 9.54992586e+01 -1.19208673e+01  2.53487552e-01 
 9.66050879e+01 -1.19367036e+01  2.53025807e-01 
 9.77237221e+01 -1.19528493e+01  2.52555911e-01 
 9.88553095e+01 -1.19693090e+01  2.52077770e-01 
 1.00000000e+02 -1.19860879e+01  2.51591293e-01 
 1.01157945e+02 -1.20031906e+01  2.51096390e-01 
 1.02329299e+02 -1.20206223e+01  2.50592972e-01 
 1.03514217e+02 -1.20383878e+01  2.50080951e-01 
 1.04712855e+02 -1.20564921e+01  2.49560240e-01 
 1.05925373e+02 -1.20749403e+01  2.49030754e-01 
 1.07151931e+02 -1.20937374e+01  2.48492411e-01 
 1.08392691e+02 -1.21128885e+01  2.47945127e-01 
 1.09647820e+02 -1.21323985e+01  2.47388824e-01 
 1.10917482e+02 -1.21522726e+01  2.46823422e-01 
 1.12201845e+02 -1.21725159e+01  2.46248848e-01 
 1.13501082e+02 -1.21931334e+01  2.45665025e-01 
 1.14815362e+02 -1.22141302e+01  2.45071884e-01 
 1.16144861e+02 -1.22355115e+01  2.44469353e-01 
 1.17489755e+02 -1.22572824e+01  2.43857368e-01 
 1.18850223e+02 -1.22794478e+01  2.43235863e-01 
 1.20226443e+02 -1.23020130e+01  2.42604777e-01 
 1.21618600e+02 -1.23249830e+01  2.41964052e-01 
 1.23026877e+02 -1.23483629e+01  2.41313632e-01 
 1.24451461e+02 -1.23721576e+01  2.40653464e-01 
 1.25892541e+02 -1.23963724e+01  2.39983499e-01 
 1.27350308e+02 -1.24210121e+01  2.39303691e-01 
 1.28824955e+02 -1.24460817e+01  2.38613996e-01 
 1.30316678e+02 -1.24715863e+01  2.37914377e-01 
 1.31825674e+02 -1.24975307e+01  2.37204796e-01 
 1.33352143e+02 -1.25239198e+01  2.36485223e-01 
 1.34896288e+02 -1.25507586e+01  2.35755630e-01 
 1.36458314e+02 -1.25780517e+01  2.35015991e-01 
 1.38038426e+02 -1.26058041e+01  2.34266289e-01 
 1.39636836e+02 -1.26340203e+01  2.33506506e-01 
 1.41253754e+02 -1.26627051e+01  2.32736631e-01 
 1.42889396e+02 -1.26918632e+01  2.31956657e-01 
 1.44543977e+02 -1.27214990e+01  2.31166582e-01 
 1.46217717e+02 -1.27516170e+01  2.30366408e-01 
 1.47910839e+02 -1.27822217e+01  2.29556140e-01 
 1.49623566e+02 -1.28133175e+01  2.28735791e-01 
 1.51356125e+02 -1.28449086e+01  2.27905377e-01 
 1.53108746e+02 -1.28769992e+01  2.27064918e-01 
 1.54881662e+02 -1.29095935e+01  2.26214441e-01 
 1.56675107e+02 -1.29426955e+01  2.25353976e-01 
 1.58489319e+02 -1.29763092e+01  2.24483559e-01 
 1.60324539e+02 -1.30104385e+01  2.23603232e-01 
 1.62181010e+02 -1.30450870e+01  2.22713042e-01 
 1.64058977e+02 -1.30802586e+01  2.21813039e-01 
 1.65958691e+02 -1.31159567e+01  2.20903280e-01 
 1.67880402e+02 -1.31521849e+01  2.19983829e-01 
 1.69824365e+02 -1.31889464e+01  2.19054752e-01 
 1.71790839e+02 -1.32262446e+01  2.18116122e-01 
 1.73780083e+02 -1.32640827e+01  2.17168017e-01 
 1.75792361e+02 -1.33024635e+01  2.16210522e-01 
 1.77827941e+02 -1.33413901e+01  2.15243723e-01 
 1.79887092e+02 -1.33808651e+01  2.14267717e-01 
 1.81970086e+02 -1.34208914e+01  2.13282603e-01 
 1.84077200e+02 -1.34614713e+01  2.12288485e-01 
 1.86208714e+02 -1.35026072e+01  2.11285473e-01 
 1.88364909e+02 -1.35443015e+01  2.10273684e-01 
 1.90546072e+02 -1.35865563e+01  2.09253237e-01 
 1.92752491e+02 -1.36293735e+01  2.08224258e-01 
 1.94984460e+02 -1.36727551e+01  2.07186878e-01 
 1.97242274e+02 -1.37167026e+01  2.06141232e-01 
 1.99526231e+02 -1.37612178e+01  2.05087462e-01 
 2.01836636e+02 -1.38063019e+01  2.04025713e-01 
 2.04173794e+02 -1.38519563e+01  2.02956134e-01 
 2.06538016e+02 -1.38981822e+01  2.01878882e-01 
 2.08929613e+02 -1.39449804e+01  2.00794115e-01 
 2.11348904e+02 -1.39923518e+01  1.99701998e-01 
 2.13796209e+02 -1.40402971e+01  1.98602698e-01 
 2.16271852e+02 -1.40888168e+01  1.97496388e-01 
 2.18776162e+02 -1.41379114e+01  1.96383245e-01 
 2.21309471e+02 -1.41875809e+01  1.95263448e-01 
 2.23872114e+02 -1.42378255e+01  1.94137183e-01 
 2.26464431e+02 -1.42886451e+01  1.93004637e-01 
 2.29086765e+02 -1.43400395e+01  1.91866002e-01 
 2.31739465e+02 -1.43920082e+01  1.90721472e-01 
 2.34422882e+02 -1.44445508e+01  1.89571244e-01 
 2.37137371e+02 -1.44976665e+01  1.88415521e-01 
 2.39883292e+02 -1.45513545e+01  1.87254506e-01 
 2.42661010e+02 -1.46056137e+01  1.86088405e-01 
 2.45470892e+02 -1.46604432e+01  1.84917426e-01 
 2.48313311e+02 -1.47158415e+01  1.83741783e-01 
 2.51188643e+02 -1.47718072e+01  1.82561687e-01 
 2.54097271e+02 -1.48283388e+01  1.81377354e-01 
 2.57039578e+02 -1.48854344e+01  1.80189001e-01 
 2.60015956e+02 -1.49430924e+01  1.78996847e-01 
 2.63026799e+02 -1.50013105e+01  1.77801112e-01 
 2.66072506e+02 -1.50600868e+01  1.76602017e-01 
 2.69153480e+02 -1.51194189e+01  1.75399785e-01 
 2.72270131e+02 -1.51793043e+01  1.74194638e-01 
 2.75422870e+02 -1.52397406e+01  1.72986801e-01 
 2.78612117e+02 -1.53007252e+01  1.71776497e-01 
 2.81838293e+02 -1.53622550e+01  1.70563951e-01 
 2.85101827e+02 -1.54243274e+01  1.69349388e-01 
 2.88403150e+02 -1.54869391e+01  1.68133032e-01 
 2.91742701e+02 -1.55500871e+01  1.66915106e-01 
 2.95120923e+02 -1.56137681e+01  1.65695836e-01 
 2.98538262e+02 -1.56779787e+01  1.64475443e-01 
 3.01995172e+02 -1.57427154e+01  1.63254151e-01 
 3.05492111e+02 -1.58079745e+01  1.62032179e-01 
 3.09029543e+02 -1.58737525e+01  1.60809749e-01 
 3.12607937e+02 -1.59400455e+01  1.59587079e-01 
 3.16227766e+02 -1.60068496e+01  1.58364386e-01 
 3.19889511e+02 -1.60741608e+01  1.57141886e-01 
 3.23593657e+02 -1.61419750e+01  1.55919792e-01 
 3.27340695e+02 -1.62102882e+01  1.54698317e-01 
 3.31131121e+02 -1.62790960e+01  1.53477671e-01 
 3.34965439e+02 -1.63483941e+01  1.52258061e-01 
 3.38844156e+02 -1.64181782e+01  1.51039692e-01 
 3.42767787e+02 -1.64884438e+01  1.49822766e-01 
 3.46736850e+02 -1.65591863e+01  1.48607486e-01 
 3.50751874e+02 -1.66304012e+01  1.47394046e-01 
 3.54813389e+02 -1.67020838e+01  1.46182643e-01 
 3.58921935e+02 -1.67742294e+01  1.44973468e-01 
 3.63078055e+02 -1.68468333e+01  1.43766711e-01 
 3.67282300e+02 -1.69198906e+01  1.42562555e-01 
 3.71535229e+02 -1.69933965e+01  1.41361184e-01 
 3.75837404e+02 -1.70673461e+01  1.40162777e-01 
 3.80189396e+02 -1.71417345e+01  1.38967510e-01 
 3.84591782e+02 -1.72165567e+01  1.37775554e-01 
 3.89045145e+02 -1.72918076e+01  1.36587079e-01 
 3.93550075e+02 -1.73674824e+01  1.35402250e-01 
 3.98107171e+02 -1.74435758e+01  1.34221228e-01 
 4.02717034e+02 -1.75200829e+01  1.33044172e-01 
 4.07380278e+02 -1.75969985e+01  1.31871236e-01 
 4.12097519e+02 -1.76743175e+01  1.30702569e-01 
 4.16869383e+02 -1.77520349e+01  1.29538319e-01 
 4.21696503e+02 -1.78301453e+01  1.28378629e-01 
 4.26579519e+02 -1.79086438e+01  1.27223637e-01 
 4.31519077e+02 -1.79875252e+01  1.26073479e-01 
 4.36515832e+02 -1.80667843e+01  1.24928286e-01 
 4.41570447e+02 -1.81464160e+01  1.23788186e-01 
 4.46683592e+02 -1.82264151e+01  1.22653302e-01 
 4.51855944e+02 -1.83067765e+01  1.21523753e-01 
 4.57088190e+02 -1.83874951e+01  1.20399656e-01 
 4.62381021e+02 -1.84685657e+01  1.19281122e-01 
 4.67735141e+02 -1.85499833e+01  1.18168259e-01 
 4.73151259e+02 -1.86317426e+01  1.17061172e-01 
 4.78630092e+02 -1.87138388e+01  1.15959961e-01 
 4.84172368e+02 -1.87962667e+01  1.14864722e-01 
 4.89778819e+02 -1.88790212e+01  1.13775548e-01 
 4.95450191e+02 -1.89620975e+01  1.12692529e-01 
 5.01187234e+02 -1.90454904e+01  1.11615749e-01 
 5.06990708e+02 -1.91291951e+01  1.10545290e-01 
 5.12861384e+02 -1.92132066e+01  1.09481231e-01 
 5.18800039e+02 -1.92975200e+01  1.08423644e-01 
 5.24807460e+02 -1.93821304e+01  1.07372602e-01 
 5.30884444e+02 -1.94670331e+01  1.06328172e-01 
 5.37031796e+02 -1.95522231e+01  1.05290417e-01 
 5.43250331e+02 -1.96376958e+01  1.04259397e-01 
 5.49540874e+02 -1.97234465e+01  1.03235170e-01 
 5.55904257e+02 -1.98094703e+01  1.02217789e-01 
 5.62341325e+02 -1.98957628e+01  1.01207305e-01 
 5.68852931e+02 -1.99823192e+01  1.00203765e-01 
 5.75439937e+02 -2.00691350e+01  9.92072129e-02 
 5.82103218e+02 -2.01562057e+01  9.82176896e-02 
 5.88843655e+02 -2.02435268e+01  9.72352327e-02 
 5.95662144e+02 -2.03310939e+01  9.62598774e-02 
 6.02559586e+02 -2.04189025e+01  9.52916557e-02 
 6.09536897e+02 -2.05069484e+01  9.43305964e-02 
 6.16595002e+02 -2.05952271e+01  9.33767261e-02 
 6.23734835e+02 -2.06837346e+01  9.24300680e-02 
 6.30957344e+02 -2.07724664e+01  9.14906433e-02 
 6.38263486e+02 -2.08614185e+01  9.05584700e-02 
 6.45654229e+02 -2.09505867e+01  8.96335636e-02 
 6.53130553e+02 -2.10399671e+01  8.87159377e-02 
 6.60693448e+02 -2.11295554e+01  8.78056028e-02 
 6.68343918e+02 -2.12193479e+01  8.69025672e-02 
 6.76082975e+02 -2.13093405e+01  8.60068371e-02 
 6.83911647e+02 -2.13995293e+01  8.51184159e-02 
 6.91830971e+02 -2.14899106e+01  8.42373058e-02 
 6.99841996e+02 -2.15804806e+01  8.33635060e-02 
 7.07945784e+02 -2.16712354e+01  8.24970139e-02 
 7.16143410e+02 -2.17621715e+01  8.16378250e-02 
 7.24435960e+02 -2.18532851e+01  8.07859329e-02 
 7.32824533e+02 -2.19445727e+01  7.99413287e-02 
 7.41310241e+02 -2.20360308e+01  7.91040026e-02 
 7.49894209e+02 -2.21276558e+01  7.82739424e-02 
 7.58577575e+02 -2.22194443e+01  7.74511345e-02 
 7.67361489e+02 -2.23113929e+01  7.66355633e-02 
 7.76247117e+02 -2.24034982e+01  7.58272120e-02 
 7.85235635e+02 -2.24957570e+01  7.50260621e-02 
 7.94328235e+02 -2.25881659e+01  7.42320933e-02 
 8.03526122e+02 -2.26807217e+01  7.34452844e-02 
 8.12830516e+02 -2.27734212e+01  7.26656126e-02 
 8.22242650e+02 -2.28662614e+01  7.18930535e-02 
 8.31763771e+02 -2.29592392e+01  7.11275815e-02 
 8.41395142e+02 -2.30523514e+01  7.03691703e-02 
 8.51138038e+02 -2.31455951e+01  6.96177918e-02 
 8.60993752e+02 -2.32389674e+01  6.88734170e-02 
 8.70963590e+02 -2.33324653e+01  6.81360157e-02 
 8.81048873e+02 -2.34260860e+01  6.74055568e-02 
 8.91250938e+02 -2.35198266e+01  6.66820082e-02 
 9.01571138e+02 -2.36136843e+01  6.59653366e-02 
 9.12010839e+02 -2.37076565e+01  6.52555081e-02 
 9.22571427e+02 -2.38017403e+01  6.45524879e-02 
 9.33254301e+02 -2.38959332e+01  6.38562399e-02 
 9.44060876e+02 -2.39902324e+01  6.31667279e-02 
 9.54992586e+02 -2.40846354e+01  6.24839145e-02 
 9.66050879e+02 -2.41791397e+01  6.18077617e-02 
 9.77237221e+02 -2.42737426e+01  6.11382310e-02 
 9.88553095e+02 -2.43684418e+01  6.04752828e-02 
 1.00000000e+03 -2.44632348e+01  5.98188774e-02 
 1.01157945e+03 -2.45581192e+01  5.91689742e-02 
 1.02329299e+03 -2.46530925e+01  5.85255323e-02 
 1.03514217e+03 -2.47481525e+01  5.78885103e-02 
 1.04712855e+03 -2.48432969e+01  5.72578658e-02 
 1.05925373e+03 -2.49385232e+01  5.66335568e-02 
 1.07151931e+03 -2.50338295e+01  5.60155401e-02 
 1.08392691e+03 -2.51292132e+01  5.54037727e-02 
 1.09647820e+03 -2.52246724e+01  5.47982111e-02 
 1.10917482e+03 -2.53202048e+01  5.41988112e-02 
 1.12201845e+03 -2.54158083e+01  5.36055289e-02 
 1.13501082e+03 -2.55114808e+01  5.30183197e-02 
 1.14815362e+03 -2.56072202e+01  5.24371390e-02 
 1.16144861e+03 -2.57030246e+01  5.18619416e-02 
 1.17489755e+03 -2.57988917e+01  5.12926826e-02 
 1.18850223e+03 -2.58948198e+01  5.07293165e-02 
 1.20226443e+03 -2.59908067e+01  5.01717980e-02 
 1.21618600e+03 -2.60868506e+01  4.96200813e-02 
 1.23026877e+03 -2.61829494e+01  4.90741209e-02 
 1.24451461e+03 -2.62791014e+01  4.85338708e-02 
 1.25892541e+03 -2.63753046e+01  4.79992851e-02 
 1.27350308e+03 -2.64715572e+01  4.74703180e-02 
 1.28824955e+03 -2.65678573e+01  4.69469233e-02 
 1.30316678e+03 -2.66642031e+01  4.64290551e-02 
 1.31825674e+03 -2.67605928e+01  4.59166674e-02 
 1.33352143e+03 -2.68570246e+01  4.54097142e-02 
 1.34896288e+03 -2.69534968e+01  4.49081495e-02 
 1.36458314e+03 -2.70500076e+01  4.44119272e-02 
 1.38038426e+03 -2.71465553e+01  4.39210016e-02 
 1.39636836e+03 -2.72431381e+01  4.34353269e-02 
 1.41253754e+03 -2.73397544e+01  4.29548572e-02 
 1.42889396e+03 -2.74364025e+01  4.24795470e-02 
 1.44543977e+03 -2.75330806e+01  4.20093508e-02 
 1.46217717e+03 -2.76297872e+01  4.15442229e-02 
 1.47910839e+03 -2.77265206e+01  4.10841183e-02 
 1.49623566e+03 -2.78232791e+01  4.06289918e-02 
 1.51356125e+03 -2.79200611e+01  4.01787983e-02 
 1.53108746e+03 -2.80168651e+01  3.97334930e-02 
 1.54881662e+03 -2.81136893e+01  3.92930313e-02 
 1.56675107e+03 -2.82105323e+01  3.88573686e-02 
 1.58489319e+03 -2.83073923e+01  3.84264606e-02 
 1.60324539e+03 -2.84042679e+01  3.80002632e-02 
 1.62181010e+03 -2.85011574e+01  3.75787326e-02 
 1.64058977e+03 -2.85980593e+01  3.71618250e-02 
 1.65958691e+03 -2.86949720e+01  3.67494969e-02 
 1.67880402e+03 -2.87918940e+01  3.63417050e-02 
 1.69824365e+03 -2.88888237e+01  3.59384065e-02 
 1.71790839e+03 -2.89857595e+01  3.55395583e-02 
 1.73780083e+03 -2.90826999e+01  3.51451180e-02 
 1.75792361e+03 -2.91796433e+01  3.47550433e-02 
 1.77827941e+03 -2.92765883e+01  3.43692920e-02 
 1.79887092e+03 -2.93735332e+01  3.39878225e-02 
 1.81970086e+03 -2.94704765e+01  3.36105931e-02 
 1.84077200e+03 -2.95674166e+01  3.32375626e-02 
 1.86208714e+03 -2.96643521e+01  3.28686899e-02 
 1.88364909e+03 -2.97612814e+01  3.25039344e-02 
 1.90546072e+03 -2.98582028e+01  3.21432555e-02 
 1.92752491e+03 -2.99551149e+01  3.17866131e-02 
 1.94984460e+03 -3.00520161e+01  3.14339673e-02 
 1.97242274e+03 -3.01489048e+01  3.10852785e-02 
 1.99526231e+03 -3.02457794e+01  3.07405072e-02 
 2.01836636e+03 -3.03426384e+01  3.03996146e-02 
 2.04173794e+03 -3.04394803e+01  3.00625618e-02 
 2.06538016e+03 -3.05363033e+01  2.97293104e-02 
 2.08929613e+03 -3.06331059e+01  2.93998222e-02 
 2.11348904e+03 -3.07298865e+01  2.90740593e-02 
 2.13796209e+03 -3.08266435e+01  2.87519843e-02 
 2.16271852e+03 -3.09233753e+01  2.84335598e-02 
 2.18776162e+03 -3.10200802e+01  2.81187488e-02 
 2.21309471e+03 -3.11167565e+01  2.78075147e-02 
 2.23872114e+03 -3.12134026e+01  2.74998212e-02 
 2.26464431e+03 -3.13100169e+01  2.71956321e-02 
 2.29086765e+03 -3.14065975e+01  2.68949117e-02 
 2.31739465e+03 -3.15031430e+01  2.65976246e-02 
 2.34422882e+03 -3.15996514e+01  2.63037356e-02 
 2.37137371e+03 -3.16961211e+01  2.60132098e-02 
 2.39883292e+03 -3.17925504e+01  2.57260128e-02 
 2.42661010e+03 -3.18889374e+01  2.54421102e-02 
 2.45470892e+03 -3.19852804e+01  2.51614683e-02 
 2.48313311e+03 -3.20815776e+01  2.48840532e-02 
 2.51188643e+03 -3.21778271e+01  2.46098317e-02 
 2.54097271e+03 -3.22740272e+01  2.43387708e-02 
 2.57039578e+03 -3.23701759e+01  2.40708377e-02 
 2.60015956e+03 -3.24662714e+01  2.38060000e-02 
 2.63026799e+03 -3.25623118e+01  2.35442256e-02 
 2.66072506e+03 -3.26582951e+01  2.32854828e-02 
 2.69153480e+03 -3.27542194e+01  2.30297398e-02 
 2.72270131e+03 -3.28500827e+01  2.27769656e-02 
 2.75422870e+03 -3.29458830e+01  2.25271292e-02 
 2.78612117e+03 -3.30416184e+01  2.22801999e-02 
 2.81838293e+03 -3.31372866e+01  2.20361475e-02 
 2.85101827e+03 -3.32328858e+01  2.17949417e-02 
 2.88403150e+03 -3.33284136e+01  2.15565531e-02 
 2.91742701e+03 -3.34238682e+01  2.13209520e-02 
 2.95120923e+03 -3.35192472e+01  2.10881092e-02 
 2.98538262e+03 -3.36145484e+01  2.08579959e-02 
 3.01995172e+03 -3.37097698e+01  2.06305835e-02 
 3.05492111e+03 -3.38049089e+01  2.04058437e-02 
 3.09029543e+03 -3.38999636e+01  2.01837483e-02 
 3.12607937e+03 -3.39949314e+01  1.99642697e-02 
 3.16227766e+03 -3.40898102e+01  1.97473804e-02 
 3.19889511e+03 -3.41845974e+01  1.95330532e-02 
 3.23593657e+03 -3.42792906e+01  1.93212610e-02 
 3.27340695e+03 -3.43738875e+01  1.91119774e-02 
 3.31131121e+03 -3.44683855e+01  1.89051759e-02 
 3.34965439e+03 -3.45627822e+01  1.87008304e-02 
 3.38844156e+03 -3.46570748e+01  1.84989151e-02 
 3.42767787e+03 -3.47512610e+01  1.82994043e-02 
 3.46736850e+03 -3.48453379e+01  1.81022728e-02 
 3.50751874e+03 -3.49393030e+01  1.79074955e-02 
 3.54813389e+03 -3.50331535e+01  1.77150477e-02 
 3.58921935e+03 -3.51268867e+01  1.75249047e-02 
 3.63078055e+03 -3.52204998e+01  1.73370424e-02 
 3.67282300e+03 -3.53139899e+01  1.71514366e-02 
 3.71535229e+03 -3.54073543e+01  1.69680637e-02 
 3.75837404e+03 -3.55005899e+01  1.67869000e-02 
 3.80189396e+03 -3.55936938e+01  1.66079224e-02 
 3.84591782e+03 -3.56866631e+01  1.64311078e-02 
 3.89045145e+03 -3.57794946e+01  1.62564334e-02 
 3.93550075e+03 -3.58721853e+01  1.60838767e-02 
 3.98107171e+03 -3.59647320e+01  1.59134154e-02 
 4.02717034e+03 -3.60571316e+01  1.57450273e-02 
 4.07380278e+03 -3.61493809e+01  1.55786907e-02 
 4.12097519e+03 -3.62414765e+01  1.54143840e-02 
 4.16869383e+03 -3.63334152e+01  1.52520858e-02 
 4.21696503e+03 -3.64251936e+01  1.50917749e-02 
 4.26579519e+03 -3.65168083e+01  1.49334305e-02 
 4.31519077e+03 -3.66082558e+01  1.47770318e-02 
 4.36515832e+03 -3.66995327e+01  1.46225584e-02 
 4.41570447e+03 -3.67906354e+01  1.44699900e-02 
 4.46683592e+03 -3.68815603e+01  1.43193066e-02 
 4.51855944e+03 -3.69723037e+01  1.41704883e-02 
 4.57088190e+03 -3.70628620e+01  1.40235156e-02 
 4.62381021e+03 -3.71532314e+01  1.38783690e-02 
 4.67735141e+03 -3.72434081e+01  1.37350295e-02 
 4.73151259e+03 -3.73333882e+01  1.35934780e-02 
 4.78630092e+03 -3.74231681e+01  1.34536956e-02 
 4.84172368e+03 -3.75127436e+01  1.33156638e-02 
 4.89778819e+03 -3.76021108e+01  1.31793642e-02 
 4.95450191e+03 -3.76912656e+01  1.30447788e-02 
 5.01187234e+03 -3.77802041e+01  1.29118893e-02 
 5.06990708e+03 -3.78689221e+01  1.27806781e-02 
 5.12861384e+03 -3.79574153e+01  1.26511275e-02 
 5.18800039e+03 -3.80456797e+01  1.25232202e-02 
 5.24807460e+03 -3.81337109e+01  1.23969388e-02 
 5.30884444e+03 -3.82215045e+01  1.22722664e-02 
 5.37031796e+03 -3.83090564e+01  1.21491860e-02 
 5.43250331e+03 -3.83963620e+01  1.20276809e-02 
 5.49540874e+03 -3.84834169e+01  1.19077348e-02 
 5.55904257e+03 -3.85702167e+01  1.17893311e-02 
 5.62341325e+03 -3.86567568e+01  1.16724537e-02 
 5.68852931e+03 -3.87430326e+01  1.15570866e-02 
 5.75439937e+03 -3.88290396e+01  1.14432140e-02 
 5.82103218e+03 -3.89147730e+01  1.13308202e-02 
 5.88843655e+03 -3.90002282e+01  1.12198897e-02 
 5.95662144e+03 -3.90854005e+01  1.11104072e-02 
 6.02559586e+03 -3.91702850e+01  1.10023574e-02 
 6.09536897e+03 -3.92548771e+01  1.08957253e-02 
 6.16595002e+03 -3.93391718e+01  1.07904961e-02 
 6.23734835e+03 -3.94231643e+01  1.06866550e-02 
 6.30957344e+03 -3.95068496e+01  1.05841874e-02 
 6.38263486e+03 -3.95902229e+01  1.04830789e-02 
 6.45654229e+03 -3.96732793e+01  1.03833152e-02 
 6.53130553e+03 -3.97560136e+01  1.02848822e-02 
 6.60693448e+03 -3.98384209e+01  1.01877658e-02 
 6.68343918e+03 -3.99204962e+01  1.00919523e-02 
 6.76082975e+03 -4.00022344e+01  9.99742787e-03 
 6.83911647e+03 -4.00836305e+01  9.90417892e-03 
 6.91830971e+03 -4.01646792e+01  9.81219201e-03 
 6.99841996e+03 -4.02453757e+01  9.72145380e-03 
 7.07945784e+03 -4.03257146e+01  9.63195111e-03 
 7.16143410e+03 -4.04056909e+01  9.54367087e-03 
 7.24435960e+03 -4.04852995e+01  9.45660010e-03 
 7.32824533e+03 -4.05645352e+01  9.37072601e-03 
 7.41310241e+03 -4.06433928e+01  9.28603590e-03 
 7.49894209e+03 -4.07218673e+01  9.20251715e-03 
 7.58577575e+03 -4.07999533e+01  9.12015741e-03 
 7.67361489e+03 -4.08776459e+01  9.03894416e-03 
 7.76247117e+03 -4.09549399e+01  8.95886523e-03 
 7.85235635e+03 -4.10318302e+01  8.87990848e-03 
 7.94328235e+03 -4.11083116e+01  8.80206192e-03 
 8.03526122e+03 -4.11843791e+01  8.72531364e-03 
 8.12830516e+03 -4.12600275e+01  8.64965181e-03 
 8.22242650e+03 -4.13352518e+01  8.57506475e-03 
 8.31763771e+03 -4.14100471e+01  8.50154086e-03 
 8.41395142e+03 -4.14844082e+01  8.42906861e-03 
 8.51138038e+03 -4.15583303e+01  8.35763664e-03 
 8.60993752e+03 -4.16318083e+01  8.28723364e-03 
 8.70963590e+03 -4.17048375e+01  8.21784840e-03 
 8.81048873e+03 -4.17774129e+01  8.14946981e-03 
 8.91250938e+03 -4.18495298e+01  8.08208683e-03 
 9.01571138e+03 -4.19211833e+01  8.01568855e-03 
 9.12010839e+03 -4.19923688e+01  7.95026414e-03 
 9.22571427e+03 -4.20630817e+01  7.88580281e-03 
 9.33254301e+03 -4.21333174e+01  7.82229394e-03 
 9.44060876e+03 -4.22030713e+01  7.75972691e-03 
 9.54992586e+03 -4.22723389e+01  7.69809125e-03 
 9.66050879e+03 -4.23411159e+01  7.63737659e-03 
 9.77237221e+03 -4.24093980e+01  7.57757250e-03 
 9.88553095e+03 -4.24771810e+01  7.51866874e-03 
 1.00000000e+04 -4.25444606e+01  7.46065518e-03 
 1.01157945e+04 -4.26112329e+01  7.40352169e-03 
 1.02329299e+04 -4.26774939e+01  7.34725827e-03 
 1.03514217e+04 -4.27432396e+01  7.29185495e-03 
 1.04712855e+04 -4.28084662e+01  7.23730188e-03 
 1.05925373e+04 -4.28731702e+01  7.18358924e-03 
 1.07151931e+04 -4.29373478e+01  7.13070732e-03 
 1.08392691e+04 -4.30009956e+01  7.07864643e-03 
 1.09647820e+04 -4.30641102e+01  7.02739702e-03 
 1.10917482e+04 -4.31266884e+01  6.97694954e-03 
 1.12201845e+04 -4.31887269e+01  6.92729455e-03 
 1.13501082e+04 -4.32502228e+01  6.87842272e-03 
 1.14815362e+04 -4.33111731e+01  6.83032462e-03 
 1.16144861e+04 -4.33715751e+01  6.78299106e-03 
 1.17489755e+04 -4.34314261e+01  6.73641285e-03 
 1.18850223e+04 -4.34907235e+01  6.69058087e-03 
 1.20226443e+04 -4.35494650e+01  6.64548605e-03 
 1.21618600e+04 -4.36076482e+01  6.60111941e-03 
 1.23026877e+04 -4.36652711e+01  6.55747202e-03 
 1.24451461e+04 -4.37223316e+01  6.51453499e-03 
 1.25892541e+04 -4.37788278e+01  6.47229953e-03 
 1.27350308e+04 -4.38347582e+01  6.43075689e-03 
 1.28824955e+04 -4.38901209e+01  6.38989840e-03 
 1.30316678e+04 -4.39449148e+01  6.34971539e-03 
 1.31825674e+04 -4.39991384e+01  6.31019934e-03 
 1.33352143e+04 -4.40527907e+01  6.27134172e-03 
 1.34896288e+04 -4.41058706e+01  6.23313411e-03 
 1.36458314e+04 -4.41583773e+01  6.19556809e-03 
 1.38038426e+04 -4.42103102e+01  6.15863536e-03 
 1.39636836e+04 -4.42616686e+01  6.12232766e-03 
 1.41253754e+04 -4.43124523e+01  6.08663678e-03 
 1.42889396e+04 -4.43626610e+01  6.05155454e-03 
 1.44543977e+04 -4.44122945e+01  6.01707289e-03 
 1.46217717e+04 -4.44613531e+01  5.98318378e-03 
 1.47910839e+04 -4.45098369e+01  5.94987927e-03 
 1.49623566e+04 -4.45577464e+01  5.91715141e-03 
 1.51356125e+04 -4.46050819e+01  5.88499237e-03 
 1.53108746e+04 -4.46518443e+01  5.85339436e-03 
 1.54881662e+04 -4.46980344e+01  5.82234963e-03 
 1.56675107e+04 -4.47436531e+01  5.79185052e-03 
 1.58489319e+04 -4.47887016e+01  5.76188940e-03 
 1.60324539e+04 -4.48331812e+01  5.73245876e-03 
 1.62181010e+04 -4.48770933e+01  5.70355106e-03 
 1.64058977e+04 -4.49204395e+01  5.67515887e-03 
 1.65958691e+04 -4.49632215e+01  5.64727484e-03 
 1.67880402e+04 -4.50054412e+01  5.61989165e-03 
 1.69824365e+04 -4.50471005e+01  5.59300202e-03 
 1.71790839e+04 -4.50882016e+01  5.56659878e-03 
 1.73780083e+04 -4.51287468e+01  5.54067482e-03 
 1.75792361e+04 -4.51687384e+01  5.51522303e-03 
 1.77827941e+04 -4.52081791e+01  5.49023643e-03 
 1.79887092e+04 -4.52470714e+01  5.46570807e-03 
 1.81970086e+04 -4.52854181e+01  5.44163106e-03 
 1.84077200e+04 -4.53232223e+01  5.41799857e-03 
 1.86208714e+04 -4.53604868e+01  5.39480386e-03 
 1.88364909e+04 -4.53972149e+01  5.37204023e-03 
 1.90546072e+04 -4.54334097e+01  5.34970104e-03 
 1.92752491e+04 -4.54690748e+01  5.32777974e-03 
 1.94984460e+04 -4.55042135e+01  5.30626979e-03 
 1.97242274e+04 -4.55388293e+01  5.28516479e-03 
 1.99526231e+04 -4.55729262e+01  5.26445832e-03 
 2.01836636e+04 -4.56065077e+01  5.24414409e-03 
 2.04173794e+04 -4.56395778e+01  5.22421585e-03 
 2.06538016e+04 -4.56721404e+01  5.20466741e-03 
 2.08929613e+04 -4.57041995e+01  5.18549265e-03 
 2.11348904e+04 -4.57357594e+01  5.16668552e-03 
 2.13796209e+04 -4.57668243e+01  5.14824003e-03 
 2.16271852e+04 -4.57973983e+01  5.13015024e-03 
 2.18776162e+04 -4.58274860e+01  5.11241031e-03 
 2.21309471e+04 -4.58570916e+01  5.09501445e-03 
 2.23872114e+04 -4.58862198e+01  5.07795690e-03 
 2.26464431e+04 -4.59148751e+01  5.06123202e-03 
 2.29086765e+04 -4.59430620e+01  5.04483420e-03 
 2.31739465e+04 -4.59707854e+01  5.02875794e-03 
 2.34422882e+04 -4.59980498e+01  5.01299774e-03 
 2.37137371e+04 -4.60248602e+01  4.99754821e-03 
 2.39883292e+04 -4.60512212e+01  4.98240400e-03 
 2.42661010e+04 -4.60771378e+01  4.96755987e-03 
 2.45470892e+04 -4.61026148e+01  4.95301061e-03 
 2.48313311e+04 -4.61276573e+01  4.93875106e-03 
 2.51188643e+04 -4.61522701e+01  4.92477617e-03 
 2.54097271e+04 -4.61764582e+01  4.91108092e-03 
 2.57039578e+04 -4.62002267e+01  4.89766037e-03 
 2.60015956e+04 -4.62235806e+01  4.88450965e-03 
 2.63026799e+04 -4.62465249e+01  4.87162395e-03 
 2.66072506e+04 -4.62690647e+01  4.85899850e-03 
 2.69153480e+04 -4.62912051e+01  4.84662864e-03 
 2.72270131e+04 -4.63129512e+01  4.83450975e-03 
 2.75422870e+04 -4.63343081e+01  4.82263726e-03 
 2.78612117e+04 -4.63552808e+01  4.81100668e-03 
 2.81838293e+04 -4.63758745e+01  4.79961360e-03 
 2.85101827e+04 -4.63960943e+01  4.78845363e-03 
 2.88403150e+04 -4.64159452e+01  4.77752250e-03 
 2.91742701e+04 -4.64354323e+01  4.76681594e-03 
 2.95120923e+04 -4.64545608e+01  4.75632980e-03 
 2.98538262e+04 -4.64733356e+01  4.74605993e-03 
 3.01995172e+04 -4.64917619e+01  4.73600232e-03 
 3.05492111e+04 -4.65098446e+01  4.72615294e-03 
 3.09029543e+04 -4.65275887e+01  4.71650788e-03 
 3.12607937e+04 -4.65449993e+01  4.70706326e-03 
 3.16227766e+04 -4.65620813e+01  4.69781526e-03 
 3.19889511e+04 -4.65788397e+01  4.68876015e-03 
 3.23593657e+04 -4.65952793e+01  4.67989422e-03 
 3.27340695e+04 -4.66114051e+01  4.67121382e-03 
 3.31131121e+04 -4.66272218e+01  4.66271540e-03 
 3.34965439e+04 -4.66427344e+01  4.65439543e-03 
 3.38844156e+04 -4.66579477e+01  4.64625044e-03 
 3.42767787e+04 -4.66728663e+01  4.63827703e-03 
 3.46736850e+04 -4.66874950e+01  4.63047185e-03 
 3.50751874e+04 -4.67018385e+01  4.62283160e-03 
 3.54813389e+04 -4.67159015e+01  4.61535304e-03 
 3.58921935e+04 -4.67296884e+01  4.60803299e-03 
 3.63078055e+04 -4.67432040e+01  4.60086831e-03 
 3.67282300e+04 -4.67564526e+01  4.59385592e-03 
 3.71535229e+04 -4.67694388e+01  4.58699279e-03 
 3.75837404e+04 -4.67821671e+01  4.58027596e-03 
 3.80189396e+04 -4.67946418e+01  4.57370249e-03 
 3.84591782e+04 -4.68068672e+01  4.56726951e-03 
 3.89045145e+04 -4.68188477e+01  4.56097421e-03 
 3.93550075e+04 -4.68305875e+01  4.55481379e-03 
 3.98107171e+04 -4.68420907e+01  4.54878556e-03 
 4.02717034e+04 -4.68533617e+01  4.54288682e-03 
 4.07380278e+04 -4.68644044e+01  4.53711494e-03 
 4.12097519e+04 -4.68752229e+01  4.53146736e-03 
 4.16869383e+04 -4.68858212e+01  4.52594153e-03 
 4.21696503e+04 -4.68962033e+01  4.52053496e-03 
 4.26579519e+04 -4.69063732e+01  4.51524522e-03 
 4.31519077e+04 -4.69163345e+01  4.51006990e-03 
 4.36515832e+04 -4.69260913e+01  4.50500666e-03 
 4.41570447e+04 -4.69356471e+01  4.50005318e-03 
 4.46683592e+04 -4.69450057e+01  4.49520718e-03 
 4.51855944e+04 -4.69541709e+01  4.49046646e-03 
 4.57088190e+04 -4.69631461e+01  4.48582882e-03 
 4.62381021e+04 -4.69719349e+01  4.48129212e-03 
 4.67735141e+04 -4.69805409e+01  4.47685427e-03 
 4.73151259e+04 -4.69889674e+01  4.47251319e-03 
 4.78630092e+04 -4.69972179e+01  4.46826687e-03 
 4.84172368e+04 -4.70052958e+01  4.46411332e-03 
 4.89778819e+04 -4.70132043e+01  4.46005060e-03 
 4.95450191e+04 -4.70209467e+01  4.45607679e-03 
 5.01187234e+04 -4.70285261e+01  4.45219004e-03 
 5.06990708e+04 -4.70359458e+01  4.44838849e-03 
 5.12861384e+04 -4.70432089e+01  4.44467036e-03 
 5.18800039e+04 -4.70503183e+01  4.44103387e-03 
 5.24807460e+04 -4.70572771e+01  4.43747730e-03 
 5.30884444e+04 -4.70640883e+01  4.43399896e-03 
 5.37031796e+04 -4.70707547e+01  4.43059718e-03 
 5.43250331e+04 -4.70772792e+01  4.42727032e-03 
 5.49540874e+04 -4.70836646e+01  4.42401681e-03 
 5.55904257e+04 -4.70899138e+01  4.42083506e-03 
 5.62341325e+04 -4.70960293e+01  4.41772356e-03 
 5.68852931e+04 -4.71020139e+01  4.41468079e-03 
 5.75439937e+04 -4.71078702e+01  4.41170527e-03 
 5.82103218e+04 -4.71136007e+01  4.40879558e-03 
 5.88843655e+04 -4.71192081e+01  4.40595029e-03 
 5.95662144e+04 -4.71246948e+01  4.40316802e-03 
 6.02559586e+04 -4.71300633e+01  4.40044742e-03 
 6.09536897e+04 -4.71353159e+01  4.39778715e-03 
 6.16595002e+04 -4.71404550e+01  4.39518591e-03 
 6.23734835e+04 -4.71454830e+01  4.39264242e-03 
 6.30957344e+04 -4.71504020e+01  4.39015545e-03 
 6.38263486e+04 -4.71552145e+01  4.38772376e-03 
 6.45654229e+04 -4.71599224e+01  4.38534615e-03 
 6.53130553e+04 -4.71645281e+01  4.38302145e-03 
 6.60693448e+04 -4.71690335e+01  4.38074852e-03 
 6.68343918e+04 -4.71734409e+01  4.37852622e-03 
 6.76082975e+04 -4.71777522e+01  4.37635346e-03 
 6.83911647e+04 -4.71819694e+01  4.37422916e-03 
 6.91830971e+04 -4.71860945e+01  4.37215225e-03 
 6.99841996e+04 -4.71901294e+01  4.37012171e-03 
 7.07945784e+04 -4.71940759e+01  4.36813652e-03 
 7.16143410e+04 -4.71979361e+01  4.36619569e-03 
 7.24435960e+04 -4.72017115e+01  4.36429826e-03 
 7.32824533e+04 -4.72054042e+01  4.36244326e-03 
 7.41310241e+04 -4.72090157e+01  4.36062978e-03 
 7.49894209e+04 -4.72125478e+01  4.35885689e-03 
 7.58577575e+04 -4.72160022e+01  4.35712372e-03 
 7.67361489e+04 -4.72193805e+01  4.35542938e-03 
 7.76247117e+04 -4.72226843e+01  4.35377303e-03 
 7.85235635e+04 -4.72259153e+01  4.35215383e-03 
 7.94328235e+04 -4.72290749e+01  4.35057096e-03 
 8.03526122e+04 -4.72321647e+01  4.34902361e-03 
 8.12830516e+04 -4.72351862e+01  4.34751102e-03 
 8.22242650e+04 -4.72381408e+01  4.34603241e-03 
 8.31763771e+04 -4.72410300e+01  4.34458703e-03 
 8.41395142e+04 -4.72438551e+01  4.34317416e-03 
 8.51138038e+04 -4.72466176e+01  4.34179306e-03 
 8.60993752e+04 -4.72493188e+01  4.34044304e-03 
 8.70963590e+04 -4.72519599e+01  4.33912342e-03 
 8.81048873e+04 -4.72545424e+01  4.33783351e-03 
 8.91250938e+04 -4.72570674e+01  4.33657266e-03 
 9.01571138e+04 -4.72595363e+01  4.33534024e-03 
 9.12010839e+04 -4.72619501e+01  4.33413560e-03 
 9.22571427e+04 -4.72643101e+01  4.33295814e-03 
 9.33254301e+04 -4.72666175e+01  4.33180725e-03 
 9.44060876e+04 -4.72688734e+01  4.33068234e-03 
 9.54992586e+04 -4.72710789e+01  4.32958284e-03 
 9.66050879e+04 -4.72732352e+01  4.32850818e-03 
 9.77237221e+04 -4.72753432e+01  4.32745781e-03 
 9.88553095e+04 -4.72774040e+01  4.32643119e-03 
 1.00000000e+05 -4.72794187e+01  4.32542779e-03 
 1.01157945e+05 -4.72813882e+01  4.32444710e-03 
 1.02329299e+05 -4.72833136e+01  4.32348861e-03 
 1.03514217e+05 -4.72851958e+01  4.32255183e-03 
 1.04712855e+05 -4.72870357e+01  4.32163628e-03 
 1.05925373e+05 -4.72888344e+01  4.32074148e-03 
 1.07151931e+05 -4.72905925e+01  4.31986697e-03 
 1.08392691e+05 -4.72923112e+01  4.31901231e-03 
 1.09647820e+05 -4.72939911e+01  4.31817705e-03 
 1.10917482e+05 -4.72956332e+01  4.31736075e-03 
 1.12201845e+05 -4.72972383e+01  4.31656299e-03 
 1.13501082e+05 -4.72988072e+01  4.31578338e-03 
 1.14815362e+05 -4.73003408e+01  4.31502148e-03 
 1.16144861e+05 -4.73018396e+01  4.31427693e-03 
 1.17489755e+05 -4.73033046e+01  4.31354932e-03 
 1.18850223e+05 -4.73047365e+01  4.31283829e-03 
 1.20226443e+05 -4.73061360e+01  4.31214345e-03 
 1.21618600e+05 -4.73075038e+01  4.31146446e-03 
 1.23026877e+05 -4.73088406e+01  4.31080096e-03 
 1.24451461e+05 -4.73101471e+01  4.31015260e-03 
 1.25892541e+05 -4.73114239e+01  4.30951905e-03 
 1.27350308e+05 -4.73126717e+01  4.30889998e-03 
 1.28824955e+05 -4.73138912e+01  4.30829506e-03 
 1.30316678e+05 -4.73150830e+01  4.30770399e-03 
 1.31825674e+05 -4.73162476e+01  4.30712644e-03 
 1.33352143e+05 -4.73173856e+01  4.30656214e-03 
 1.34896288e+05 -4.73184978e+01  4.30601076e-03 
 1.36458314e+05 -4.73195845e+01  4.30547205e-03 
 1.38038426e+05 -4.73206465e+01  4.30494570e-03 
 1.39636836e+05 -4.73216841e+01  4.30443144e-03 
 1.41253754e+05 -4.73226980e+01  4.30392901e-03 
 1.42889396e+05 -4.73236887e+01  4.30343815e-03 
 1.44543977e+05 -4.73246567e+01  4.30295860e-03 
 1.46217717e+05 -4.73256024e+01  4.30249010e-03 
 1.47910839e+05 -4.73265264e+01  4.30203242e-03 
 1.49623566e+05 -4.73274292e+01  4.30158531e-03 
 1.51356125e+05 -4.73283112e+01  4.30114854e-03 
 1.53108746e+05 -4.73291728e+01  4.30072188e-03 
 1.54881662e+05 -4.73300146e+01  4.30030511e-03 
 1.56675107e+05 -4.73308369e+01  4.29989802e-03 
 1.58489319e+05 -4.73316402e+01  4.29950037e-03 
 1.60324539e+05 -4.73324248e+01  4.29911198e-03 
 1.62181010e+05 -4.73331914e+01  4.29873259e-03 
 1.64058977e+05 -4.73339401e+01  4.29836209e-03 
 1.65958691e+05 -4.73346713e+01  4.29800024e-03 
 1.67880402e+05 -4.73353855e+01  4.29764686e-03 
 1.69824365e+05 -4.73360830e+01  4.29730175e-03 
 1.71790839e+05 -4.73367642e+01  4.29696474e-03 
 1.73780083e+05 -4.73374295e+01  4.29663565e-03 
 1.75792361e+05 -4.73380791e+01  4.29631430e-03 
 1.77827941e+05 -4.73387135e+01  4.29600054e-03 
 1.79887092e+05 -4.73393329e+01  4.29569418e-03 
 1.81970086e+05 -4.73399377e+01  4.29539508e-03 
 1.84077200e+05 -4.73405282e+01  4.29510308e-03 
 1.86208714e+05 -4.73411047e+01  4.29481802e-03 
 1.88364909e+05 -4.73416675e+01  4.29453975e-03 
 1.90546072e+05 -4.73422168e+01  4.29426813e-03 
 1.92752491e+05 -4.73427531e+01  4.29400301e-03 
 1.94984460e+05 -4.73432765e+01  4.29374425e-03 
 1.97242274e+05 -4.73437874e+01  4.29349172e-03 
 1.99526231e+05 -4.73442860e+01  4.29324529e-03 
 2.01836636e+05 -4.73447725e+01  4.29300483e-03 
 2.04173794e+05 -4.73452472e+01  4.29277020e-03 
 2.06538016e+05 -4.73457104e+01  4.29254129e-03 
 2.08929613e+05 -4.73461623e+01  4.29231797e-03 
 2.11348904e+05 -4.73466031e+01  4.29210013e-03 
 2.13796209e+05 -4.73470331e+01  4.29188766e-03 
 2.16271852e+05 -4.73474525e+01  4.29168043e-03 
 2.18776162e+05 -4.73478615e+01  4.29147835e-03 
 2.21309471e+05 -4.73482603e+01  4.29128130e-03 
 2.23872114e+05 -4.73486492e+01  4.29108919e-03 
 2.26464431e+05 -4.73490283e+01  4.29090190e-03 
 2.29086765e+05 -4.73493978e+01  4.29071935e-03 
 2.31739465e+05 -4.73497580e+01  4.29054143e-03 
 2.34422882e+05 -4.73501090e+01  4.29036806e-03 
 2.37137371e+05 -4.73504510e+01  4.29019913e-03 
 2.39883292e+05 -4.73507842e+01  4.29003457e-03 
 2.42661010e+05 -4.73511087e+01  4.28987428e-03 
 2.45470892e+05 -4.73514248e+01  4.28971818e-03 
 2.48313311e+05 -4.73517325e+01  4.28956619e-03 
 2.51188643e+05 -4.73520321e+01  4.28941823e-03 
 2.54097271e+05 -4.73523238e+01  4.28927421e-03 
 2.57039578e+05 -4.73526076e+01  4.28913407e-03 
 2.60015956e+05 -4.73528837e+01  4.28899774e-03 
 2.63026799e+05 -4.73531522e+01  4.28886512e-03 
 2.66072506e+05 -4.73534134e+01  4.28873617e-03 
 2.69153480e+05 -4.73536673e+01  4.28861081e-03 
 2.72270131e+05 -4.73539141e+01  4.28848896e-03 
 2.75422870e+05 -4.73541538e+01  4.28837058e-03 
 2.78612117e+05 -4.73543867e+01  4.28825560e-03 
 2.81838293e+05 -4.73546129e+01  4.28814395e-03 
 2.85101827e+05 -4.73548324e+01  4.28803558e-03 
 2.88403150e+05 -4.73550453e+01  4.28793047e-03 
 2.91742701e+05 -4.73552519e+01  4.28782849e-03 
 2.95120923e+05 -4.73554522e+01  4.28772961e-03 
 2.98538262e+05 -4.73556463e+01  4.28763379e-03 
 3.01995172e+05 -4.73558343e+01  4.28754098e-03 
 3.05492111e+05 -4.73560163e+01  4.28745113e-03 
 3.09029543e+05 -4.73561925e+01  4.28736419e-03 
 3.12607937e+05 -4.73563628e+01  4.28728012e-03 
 3.16227766e+05 -4.73565274e+01  4.28719887e-03 
 3.19889511e+05 -4.73566864e+01  4.28712039e-03 
 3.23593657e+05 -4.73568399e+01  4.28704465e-03 
 3.27340695e+05 -4.73569879e+01  4.28697161e-03 
 3.31131121e+05 -4.73571305e+01  4.28690122e-03 
 3.34965439e+05 -4.73572678e+01  4.28683346e-03 
 3.38844156e+05 -4.73573998e+01  4.28676828e-03 
 3.42767787e+05 -4.73575267e+01  4.28670565e-03 
 3.46736850e+05 -4.73576485e+01  4.28664554e-03 
 3.50751874e+05 -4.73577653e+01  4.28658791e-03 
 3.54813389e+05 -4.73578771e+01  4.28653274e-03 
 3.58921935e+05 -4.73579840e+01  4.28648000e-03 
 3.63078055e+05 -4.73580860e+01  4.28642965e-03 
 3.67282300e+05 -4.73581832e+01  4.28638167e-03 
 3.71535229e+05 -4.73582757e+01  4.28633604e-03 
 3.75837404e+05 -4.73583634e+01  4.28629274e-03 
 3.80189396e+05 -4.73584465e+01  4.28625173e-03 
 3.84591782e+05 -4.73585250e+01  4.28621300e-03 
 3.89045145e+05 -4.73585989e+01  4.28617652e-03 
 3.93550075e+05 -4.73586683e+01  4.28614228e-03 
 3.98107171e+05 -4.73587332e+01  4.28611027e-03 
 4.02717034e+05 -4.73587936e+01  4.28608045e-03 
 4.07380278e+05 -4.73588496e+01  4.28605282e-03 
 4.12097519e+05 -4.73589012e+01  4.28602736e-03 
 4.16869383e+05 -4.73589484e+01  4.28600406e-03 
 4.21696503e+05 -4.73589913e+01  4.28598291e-03 
 4.26579519e+05 -4.73590299e+01  4.28596389e-03 
 4.31519077e+05 -4.73590641e+01  4.28594699e-03 
 4.36515832e+05 -4.73590940e+01  4.28593221e-03 
 4.41570447e+05 -4.73591197e+01  4.28591954e-03 
 4.46683592e+05 -4.73591411e+01  4.28590897e-03 
 4.51855944e+05 -4.73591583e+01  4.28590050e-03 
 4.57088190e+05 -4.73591713e+01  4.28589411e-03 
 4.62381021e+05 -4.73591800e+01  4.28588982e-03 
 4.67735141e+05 -4.73591844e+01  4.28588760e-03 
 4.73151259e+05 -4.73591847e+01  4.28588748e-03 
 4.78630092e+05 -4.73591807e+01  4.28588943e-03 
 4.84172368e+05 -4.73591726e+01  4.28589347e-03 
 4.89778819e+05 -4.73591601e+01  4.28589960e-03 
 4.95450191e+05 -4.73591435e+01  4.28590782e-03 
 5.01187234e+05 -4.73591225e+01  4.28591817e-03 
 5.06990708e+05 -4.73590973e+01  4.28593059e-03 
 5.12861384e+05 -4.73590679e+01  4.28594510e-03 
 5.18800039e+05 -4.73590342e+01  4.28596173e-03 
 5.24807460e+05 -4.73589962e+01  4.28598049e-03 
 5.30884444e+05 -4.73589539e+01  4.28600137e-03 
 5.37031796e+05 -4.73589072e+01  4.28602440e-03 
 5.43250331e+05 -4.73588562e+01  4.28604958e-03 
 5.49540874e+05 -4.73588007e+01  4.28607694e-03 
 5.55904257e+05 -4.73587409e+01  4.28610647e-03 
 5.62341325e+05 -4.73586767e+01  4.28613816e-03 
 5.68852931e+05 -4.73586079e+01  4.28617211e-03 
 5.75439937e+05 -4.73585346e+01  4.28620829e-03 
 5.82103218e+05 -4.73584567e+01  4.28624672e-03 
 5.88843655e+05 -4.73583742e+01  4.28628742e-03 
 5.95662144e+05 -4.73582871e+01  4.28633042e-03 
 6.02559586e+05 -4.73581952e+01  4.28637574e-03 
 6.09536897e+05 -4.73580987e+01  4.28642339e-03 
 6.16595002e+05 -4.73579973e+01  4.28647340e-03 
 6.23734835e+05 -4.73578911e+01  4.28652581e-03 
 6.30957344e+05 -4.73577800e+01  4.28658064e-03 
 6.38263486e+05 -4.73576640e+01  4.28663791e-03 
 6.45654229e+05 -4.73575428e+01  4.28669771e-03 
 6.53130553e+05 -4.73574167e+01  4.28675997e-03 
 6.60693448e+05 -4.73572854e+01  4.28682477e-03 
 6.68343918e+05 -4.73571489e+01  4.28689214e-03 
 6.76082975e+05 -4.73570071e+01  4.28696213e-03 
 6.83911647e+05 -4.73568599e+01  4.28703476e-03 
 6.91830971e+05 -4.73567073e+01  4.28711008e-03 
 6.99841996e+05 -4.73565492e+01  4.28718812e-03 
 7.07945784e+05 -4.73563855e+01  4.28726893e-03 
 7.16143410e+05 -4.73562161e+01  4.28735254e-03 
 7.24435960e+05 -4.73560409e+01  4.28743901e-03 
 7.32824533e+05 -4.73558599e+01  4.28752838e-03 
 7.41310241e+05 -4.73556729e+01  4.28762069e-03 
 7.49894209e+05 -4.73554798e+01  4.28771599e-03 
 7.58577575e+05 -4.73552806e+01  4.28781433e-03 
 7.67361489e+05 -4.73550750e+01  4.28791581e-03 
 7.76247117e+05 -4.73548633e+01  4.28802031e-03 
 7.85235635e+05 -4.73546450e+01  4.28812809e-03 
 7.94328235e+05 -4.73544201e+01  4.28823914e-03 
 8.03526122e+05 -4.73541884e+01  4.28835350e-03 
 8.12830516e+05 -4.73539500e+01  4.28847124e-03 
 8.22242650e+05 -4.73537045e+01  4.28859241e-03 
 8.31763771e+05 -4.73534520e+01  4.28871708e-03 
 8.41395142e+05 -4.73531923e+01  4.28884533e-03 
 8.51138038e+05 -4.73529252e+01  4.28897720e-03 
 8.60993752e+05 -4.73526507e+01  4.28911278e-03 
 8.70963590e+05 -4.73523684e+01  4.28925217e-03 
 8.81048873e+05 -4.73520784e+01  4.28939537e-03 
 8.91250938e+05 -4.73517805e+01  4.28954248e-03 
 9.01571138e+05 -4.73514746e+01  4.28969359e-03 
 9.12010839e+05 -4.73511603e+01  4.28984878e-03 
 9.22571427e+05 -4.73508377e+01  4.29000813e-03 
 9.33254301e+05 -4.73505065e+01  4.29017171e-03 
 9.44060876e+05 -4.73501666e+01  4.29033958e-03 
 9.54992586e+05 -4.73498177e+01  4.29051195e-03 
 9.66050879e+05 -4.73494597e+01  4.29068877e-03 
 9.77237221e+05 -4.73490925e+01  4.29087019e-03 
 9.88553095e+05 -4.73487157e+01  4.29105630e-03 
 1.00000000e+06 -4.73483293e+01  4.29124720e-03 
 1.01157945e+06 -4.73479331e+01  4.29144298e-03 
 1.02329299e+06 -4.73475267e+01  4.29164375e-03 
 1.03514217e+06 -4.73471101e+01  4.29184961e-03 
 1.04712855e+06 -4.73466829e+01  4.29206071e-03 
 1.05925373e+06 -4.73462450e+01  4.29227708e-03 
 1.07151931e+06 -4.73457962e+01  4.29249886e-03 
 1.08392691e+06 -4.73453363e+01  4.29272618e-03 
 1.09647820e+06 -4.73448650e+01  4.29295911e-03 
 1.10917482e+06 -4.73443819e+01  4.29319786e-03 
 1.12201845e+06 -4.73438869e+01  4.29344255e-03 
 1.13501082e+06 -4.73433798e+01  4.29369322e-03 
 1.14815362e+06 -4.73428603e+01  4.29395004e-03 
 1.16144861e+06 -4.73423281e+01  4.29421315e-03 
 1.17489755e+06 -4.73417829e+01  4.29448268e-03 
 1.18850223e+06 -4.73412244e+01  4.29475882e-03 
 1.20226443e+06 -4.73406525e+01  4.29504162e-03 
 1.21618600e+06 -4.73400668e+01  4.29533122e-03 
 1.23026877e+06 -4.73394670e+01  4.29562787e-03 
 1.24451461e+06 -4.73388527e+01  4.29593167e-03 
 1.25892541e+06 -4.73382236e+01  4.29624283e-03 
 1.27350308e+06 -4.73375795e+01  4.29656140e-03 
 1.28824955e+06 -4.73369201e+01  4.29688762e-03 
 1.30316678e+06 -4.73362449e+01  4.29722163e-03 
 1.31825674e+06 -4.73355537e+01  4.29756361e-03 
 1.33352143e+06 -4.73348461e+01  4.29791375e-03 
 1.34896288e+06 -4.73341217e+01  4.29827221e-03 
 1.36458314e+06 -4.73333802e+01  4.29863918e-03 
 1.38038426e+06 -4.73326211e+01  4.29901485e-03 
 1.39636836e+06 -4.73318441e+01  4.29939945e-03 
 1.41253754e+06 -4.73310488e+01  4.29979310e-03 
 1.42889396e+06 -4.73302349e+01  4.30019604e-03 
 1.44543977e+06 -4.73294018e+01  4.30060852e-03 
 1.46217717e+06 -4.73285493e+01  4.30103065e-03 
 1.47910839e+06 -4.73276768e+01  4.30146270e-03 
 1.49623566e+06 -4.73267838e+01  4.30190495e-03 
 1.51356125e+06 -4.73258701e+01  4.30235751e-03 
 1.53108746e+06 -4.73249353e+01  4.30282058e-03 
 1.54881662e+06 -4.73239785e+01  4.30329457e-03 
 1.56675107e+06 -4.73229994e+01  4.30377967e-03 
 1.58489319e+06 -4.73219977e+01  4.30427604e-03 
 1.60324539e+06 -4.73209726e+01  4.30478403e-03 
 1.62181010e+06 -4.73199240e+01  4.30530375e-03 
 1.64058977e+06 -4.73188511e+01  4.30583561e-03 
 1.65958691e+06 -4.73177533e+01  4.30637986e-03 
 1.67880402e+06 -4.73166302e+01  4.30693670e-03 
 1.69824365e+06 -4.73154813e+01  4.30750644e-03 
 1.71790839e+06 -4.73143059e+01  4.30808938e-03 
 1.73780083e+06 -4.73131035e+01  4.30868581e-03 
 1.75792361e+06 -4.73118733e+01  4.30929607e-03 
 1.77827941e+06 -4.73106151e+01  4.30992038e-03 
 1.79887092e+06 -4.73093279e+01  4.31055909e-03 
 1.81970086e+06 -4.73080113e+01  4.31121253e-03 
 1.84077200e+06 -4.73066646e+01  4.31188102e-03 
 1.86208714e+06 -4.73052871e+01  4.31256493e-03 
 1.88364909e+06 -4.73038782e+01  4.31326448e-03 
 1.90546072e+06 -4.73024371e+01  4.31398019e-03 
 1.92752491e+06 -4.73009632e+01  4.31471228e-03 
 1.94984460e+06 -4.72994559e+01  4.31546111e-03 
 1.97242274e+06 -4.72979142e+01  4.31622714e-03 
 1.99526231e+06 -4.72963374e+01  4.31701075e-03 
 2.01836636e+06 -4.72947249e+01  4.31781228e-03 
 2.04173794e+06 -4.72930760e+01  4.31863204e-03 
 2.06538016e+06 -4.72913896e+01  4.31947060e-03 
 2.08929613e+06 -4.72896652e+01  4.32032820e-03 
 2.11348904e+06 -4.72879017e+01  4.32120543e-03 
 2.13796209e+06 -4.72860985e+01  4.32210265e-03 
 2.16271852e+06 -4.72842547e+01  4.32302018e-03 
 2.18776162e+06 -4.72823693e+01  4.32395867e-03 
 2.21309471e+06 -4.72804415e+01  4.32491846e-03 
 2.23872114e+06 -4.72784706e+01  4.32589995e-03 
 2.26464431e+06 -4.72764553e+01  4.32690377e-03 
 2.29086765e+06 -4.72743949e+01  4.32793029e-03 
 2.31739465e+06 -4.72722883e+01  4.32898004e-03 
 2.34422882e+06 -4.72701347e+01  4.33005352e-03 
 2.37137371e+06 -4.72679329e+01  4.33115129e-03 
 2.39883292e+06 -4.72656820e+01  4.33227383e-03 
 2.42661010e+06 -4.72633811e+01  4.33342159e-03 
 2.45470892e+06 -4.72610290e+01  4.33459524e-03 
 2.48313311e+06 -4.72586244e+01  4.33579539e-03 
 2.51188643e+06 -4.72561667e+01  4.33702242e-03 
 2.54097271e+06 -4.72536543e+01  4.33827705e-03 
 2.57039578e+06 -4.72510865e+01  4.33955978e-03 
 2.60015956e+06 -4.72484618e+01  4.34087130e-03 
 2.63026799e+06 -4.72457792e+01  4.34221218e-03 
 2.66072506e+06 -4.72430376e+01  4.34358295e-03 
 2.69153480e+06 -4.72402356e+01  4.34498438e-03 
 2.72270131e+06 -4.72373720e+01  4.34641712e-03 
 2.75422870e+06 -4.72344455e+01  4.34788174e-03 
 2.78612117e+06 -4.72314549e+01  4.34937901e-03 
 2.81838293e+06 -4.72283990e+01  4.35090952e-03 
 2.85101827e+06 -4.72252763e+01  4.35247398e-03 
 2.88403150e+06 -4.72220854e+01  4.35407326e-03 
 2.91742701e+06 -4.72188252e+01  4.35570784e-03 
 2.95120923e+06 -4.72154939e+01  4.35737867e-03 
 2.98538262e+06 -4.72120904e+01  4.35908641e-03 
 3.01995172e+06 -4.72086133e+01  4.36083179e-03 
 3.05492111e+06 -4.72050610e+01  4.36261563e-03 
 3.09029543e+06 -4.72014319e+01  4.36443877e-03 
 3.12607937e+06 -4.71977247e+01  4.36630193e-03 
 3.16227766e+06 -4.71939378e+01  4.36820600e-03 
 3.19889511e+06 -4.71900695e+01  4.37015180e-03 
 3.23593657e+06 -4.71861186e+01  4.37214012e-03 
 3.27340695e+06 -4.71820830e+01  4.37417191e-03 
 3.31131121e+06 -4.71779615e+01  4.37624798e-03 
 3.34965439e+06 -4.71737521e+01  4.37836933e-03 
 3.38844156e+06 -4.71694536e+01  4.38053668e-03 
 3.42767787e+06 -4.71650638e+01  4.38275114e-03 
 3.46736850e+06 -4.71605811e+01  4.38501359e-03 
 3.50751874e+06 -4.71560040e+01  4.38732492e-03 
 3.54813389e+06 -4.71513305e+01  4.38968620e-03 
 3.58921935e+06 -4.71465588e+01  4.39209836e-03 
 3.63078055e+06 -4.71416873e+01  4.39456241e-03 
 3.67282300e+06 -4.71367141e+01  4.39707928e-03 
 3.71535229e+06 -4.71316371e+01  4.39965016e-03 
 3.75837404e+06 -4.71264547e+01  4.40227598e-03 
 3.80189396e+06 -4.71211647e+01  4.40495792e-03 
 3.84591782e+06 -4.71157655e+01  4.40769693e-03 
 3.89045145e+06 -4.71102550e+01  4.41049412e-03 
 3.93550075e+06 -4.71046313e+01  4.41335067e-03 
 3.98107171e+06 -4.70988923e+01  4.41626765e-03 
 4.02717034e+06 -4.70930361e+01  4.41924617e-03 
 4.07380278e+06 -4.70870606e+01  4.42228747e-03 
 4.12097519e+06 -4.70809638e+01  4.42539266e-03 
 4.16869383e+06 -4.70747436e+01  4.42856294e-03 
 4.21696503e+06 -4.70683980e+01  4.43179946e-03 
 4.26579519e+06 -4.70619247e+01  4.43510356e-03 
 4.31519077e+06 -4.70553217e+01  4.43847639e-03 
 4.36515832e+06 -4.70485871e+01  4.44191910e-03 
 4.41570447e+06 -4.70417184e+01  4.44543312e-03 
 4.46683592e+06 -4.70347137e+01  4.44901955e-03 
 4.51855944e+06 -4.70275706e+01  4.45267983e-03 
 4.57088190e+06 -4.70202872e+01  4.45641511e-03 
 4.62381021e+06 -4.70128611e+01  4.46022682e-03 
 4.67735141e+06 -4.70052901e+01  4.46411623e-03 
 4.73151259e+06 -4.69975720e+01  4.46808472e-03 
 4.78630092e+06 -4.69897047e+01  4.47213357e-03 
 4.84172368e+06 -4.69816859e+01  4.47626415e-03 
 4.89778819e+06 -4.69735133e+01  4.48047786e-03 
 4.95450191e+06 -4.69651847e+01  4.48477607e-03 
 5.01187234e+06 -4.69566980e+01  4.48916017e-03 
 5.06990708e+06 -4.69480507e+01  4.49363159e-03 
 5.12861384e+06 -4.69392409e+01  4.49819167e-03 
 5.18800039e+06 -4.69302661e+01  4.50284187e-03 
 5.24807460e+06 -4.69211241e+01  4.50758363e-03 
 5.30884444e+06 -4.69118128e+01  4.51241838e-03 
 5.37031796e+06 -4.69023301e+01  4.51734744e-03 
 5.43250331e+06 -4.68926735e+01  4.52237243e-03 
 5.49540874e+06 -4.68828409e+01  4.52749472e-03 
 5.55904257e+06 -4.68728304e+01  4.53271571e-03 
 5.62341325e+06 -4.68626394e+01  4.53803698e-03 
 5.68852931e+06 -4.68522662e+01  4.54345978e-03 
 5.75439937e+06 -4.68417085e+01  4.54898572e-03 
 5.82103218e+06 -4.68309641e+01  4.55461627e-03 
 5.88843655e+06 -4.68200310e+01  4.56035287e-03 
 5.95662144e+06 -4.68089073e+01  4.56619689e-03 
 6.02559586e+06 -4.67975910e+01  4.57214981e-03 
 6.09536897e+06 -4.67860800e+01  4.57821306e-03 
 6.16595002e+06 -4.67743725e+01  4.58438809e-03 
 6.23734835e+06 -4.67624663e+01  4.59067644e-03 
 6.30957344e+06 -4.67503601e+01  4.59707931e-03 
 6.38263486e+06 -4.67380516e+01  4.60359828e-03 
 6.45654229e+06 -4.67255395e+01  4.61023461e-03 
 6.53130553e+06 -4.67128217e+01  4.61698978e-03 
 6.60693448e+06 -4.66998968e+01  4.62386515e-03 
 6.68343918e+06 -4.66867633e+01  4.63086196e-03 
 6.76082975e+06 -4.66734194e+01  4.63798172e-03 
 6.83911647e+06 -4.66598640e+01  4.64522550e-03 
 6.91830971e+06 -4.66460953e+01  4.65259483e-03 
 6.99841996e+06 -4.66321125e+01  4.66009076e-03 
 7.07945784e+06 -4.66179141e+01  4.66771460e-03 
 7.16143410e+06 -4.66034990e+01  4.67546758e-03 
 7.24435960e+06 -4.65888661e+01  4.68335084e-03 
 7.32824533e+06 -4.65740146e+01  4.69136548e-03 
 7.41310241e+06 -4.65589436e+01  4.69951263e-03 
 7.49894209e+06 -4.65436521e+01  4.70779342e-03 
 7.58577575e+06 -4.65281397e+01  4.71620872e-03 
 7.67361489e+06 -4.65124056e+01  4.72475962e-03 
 7.76247117e+06 -4.64964495e+01  4.73344706e-03 
 7.85235635e+06 -4.64802711e+01  4.74227184e-03 
 7.94328235e+06 -4.64638700e+01  4.75123486e-03 
 8.03526122e+06 -4.64472464e+01  4.76033680e-03 
 8.12830516e+06 -4.64304000e+01  4.76957850e-03 
 8.22242650e+06 -4.64133311e+01  4.77896055e-03 
 8.31763771e+06 -4.63960400e+01  4.78848356e-03 
 8.41395142e+06 -4.63785270e+01  4.79814809e-03 
 8.51138038e+06 -4.63607928e+01  4.80795460e-03 
 8.60993752e+06 -4.63428382e+01  4.81790343e-03 
 8.70963590e+06 -4.63246637e+01  4.82799504e-03 
 8.81048873e+06 -4.63062707e+01  4.83822948e-03 
 8.91250938e+06 -4.62876603e+01  4.84860702e-03 
 9.01571138e+06 -4.62688336e+01  4.85912778e-03 
 9.12010839e+06 -4.62497924e+01  4.86979166e-03 
 9.22571427e+06 -4.62305381e+01  4.88059863e-03 
 9.33254301e+06 -4.62110727e+01  4.89154851e-03 
 9.44060876e+06 -4.61913980e+01  4.90264106e-03 
 9.54992586e+06 -4.61715167e+01  4.91387567e-03 
 9.66050879e+06 -4.61514306e+01  4.92525214e-03 
 9.77237221e+06 -4.61311427e+01  4.93676965e-03 
 9.88553095e+06 -4.61106554e+01  4.94842770e-03 
 1.00000000e+07 -4.60899718e+01  4.96022538e-03 
 1.01157945e+07 -4.60690951e+01  4.97216173e-03 
 1.02329299e+07 -4.60480285e+01  4.98423574e-03 
 1.03514217e+07 -4.60267756e+01  4.99644625e-03 
 1.04712855e+07 -4.60053401e+01  5.00879196e-03 
 1.05925373e+07 -4.59837259e+01  5.02127152e-03 
 1.07151931e+07 -4.59619372e+01  5.03388326e-03 
 1.08392691e+07 -4.59399782e+01  5.04662562e-03 
 1.09647820e+07 -4.59178537e+01  5.05949667e-03 
 1.10917482e+07 -4.58955682e+01  5.07249456e-03 
 1.12201845e+07 -4.58731268e+01  5.08561712e-03 
 1.13501082e+07 -4.58505346e+01  5.09886216e-03 
 1.14815362e+07 -4.58277970e+01  5.11222725e-03 
 1.16144861e+07 -4.58049195e+01  5.12570990e-03 
 1.17489755e+07 -4.57819081e+01  5.13930741e-03 
 1.18850223e+07 -4.57587686e+01  5.15301695e-03 
 1.20226443e+07 -4.57355073e+01  5.16683553e-03 
 1.21618600e+07 -4.57121306e+01  5.18075994e-03 
 1.23026877e+07 -4.56886452e+01  5.19478694e-03 
 1.24451461e+07 -4.56650578e+01  5.20891308e-03 
 1.25892541e+07 -4.56413754e+01  5.22313475e-03 
 1.27350308e+07 -4.56176054e+01  5.23744810e-03 
 1.28824955e+07 -4.55937550e+01  5.25184921e-03 
 1.30316678e+07 -4.55698320e+01  5.26633400e-03 
 1.31825674e+07 -4.55458441e+01  5.28089819e-03 
 1.33352143e+07 -4.55217993e+01  5.29553733e-03 
 1.34896288e+07 -4.54977058e+01  5.31024687e-03 
 1.36458314e+07 -4.54735719e+01  5.32502198e-03 
 1.38038426e+07 -4.54494061e+01  5.33985783e-03 
 1.39636836e+07 -4.54252172e+01  5.35474929e-03 
 1.41253754e+07 -4.54010138e+01  5.36969118e-03 
 1.42889396e+07 -4.53768051e+01  5.38467811e-03 
 1.44543977e+07 -4.53526001e+01  5.39970451e-03 
 1.46217717e+07 -4.53284082e+01  5.41476473e-03 
 1.47910839e+07 -4.53042388e+01  5.42985286e-03 
 1.49623566e+07 -4.52801013e+01  5.44496301e-03 
 1.51356125e+07 -4.52560055e+01  5.46008901e-03 
 1.53108746e+07 -4.52319612e+01  5.47522459e-03 
 1.54881662e+07 -4.52079782e+01  5.49036340e-03 
 1.56675107e+07 -4.51840664e+01  5.50549891e-03 
 1.58489319e+07 -4.51602359e+01  5.52062448e-03 
 1.60324539e+07 -4.51364968e+01  5.53573331e-03 
 1.62181010e+07 -4.51128592e+01  5.55081867e-03 
 1.64058977e+07 -4.50893335e+01  5.56587341e-03 
 1.65958691e+07 -4.50659298e+01  5.58089061e-03 
 1.67880402e+07 -4.50426584e+01  5.59586310e-03 
 1.69824365e+07 -4.50195296e+01  5.61078362e-03 
 1.71790839e+07 -4.49965537e+01  5.62564488e-03 
 1.73780083e+07 -4.49737411e+01  5.64043950e-03 
 1.75792361e+07 -4.49511019e+01  5.65516010e-03 
 1.77827941e+07 -4.49286464e+01  5.66979923e-03 
 1.79887092e+07 -4.49063847e+01  5.68434942e-03 
 1.81970086e+07 -4.48843269e+01  5.69880312e-03 
 1.84077200e+07 -4.48624831e+01  5.71315285e-03 
 1.86208714e+07 -4.48408632e+01  5.72739110e-03 
 1.88364909e+07 -4.48194769e+01  5.74151040e-03 
 1.90546072e+07 -4.47983339e+01  5.75550329e-03 
 1.92752491e+07 -4.47774437e+01  5.76936234e-03 
 1.94984460e+07 -4.47568157e+01  5.78308022e-03 
 1.97242274e+07 -4.47364589e+01  5.79664968e-03 
 1.99526231e+07 -4.47163825e+01  5.81006348e-03 
 2.01836636e+07 -4.46965950e+01  5.82331456e-03 
 2.04173794e+07 -4.46771050e+01  5.83639600e-03 
 2.06538016e+07 -4.46579206e+01  5.84930098e-03 
 2.08929613e+07 -4.46390500e+01  5.86202279e-03 
 2.11348904e+07 -4.46205005e+01  5.87455501e-03 
 2.13796209e+07 -4.46022797e+01  5.88689130e-03 
 2.16271852e+07 -4.45843943e+01  5.89902563e-03 
 2.18776162e+07 -4.45668512e+01  5.91095213e-03 
 2.21309471e+07 -4.45496563e+01  5.92266521e-03 
 2.23872114e+07 -4.45328156e+01  5.93415956e-03 
 2.26464431e+07 -4.45163344e+01  5.94543012e-03 
 2.29086765e+07 -4.45002176e+01  5.95647222e-03 
 2.31739465e+07 -4.44844696e+01  5.96728142e-03 
 2.34422882e+07 -4.44690943e+01  5.97785371e-03 
 2.37137371e+07 -4.44540952e+01  5.98818544e-03 
 2.39883292e+07 -4.44394750e+01  5.99827334e-03 
 2.42661010e+07 -4.44252359e+01  6.00811458e-03 
 2.45470892e+07 -4.44113796e+01  6.01770673e-03 
 2.48313311e+07 -4.43979072e+01  6.02704789e-03 
 2.51188643e+07 -4.43848188e+01  6.03613659e-03 
 2.54097271e+07 -4.43721143e+01  6.04497186e-03 
 2.57039578e+07 -4.43597926e+01  6.05355329e-03 
 2.60015956e+07 -4.43478518e+01  6.06188102e-03 
 2.63026799e+07 -4.43362895e+01  6.06995573e-03 
 2.66072506e+07 -4.43251023e+01  6.07777871e-03 
 2.69153480e+07 -4.43142861e+01  6.08535186e-03 
 2.72270131e+07 -4.43038359e+01  6.09267771e-03 
 2.75422870e+07 -4.42937458e+01  6.09975946e-03 
 2.78612117e+07 -4.42840092e+01  6.10660093e-03 
 2.81838293e+07 -4.42746184e+01  6.11320670e-03 
 2.85101827e+07 -4.42655648e+01  6.11958200e-03 
 2.88403150e+07 -4.42568390e+01  6.12573280e-03 
 2.91742701e+07 -4.42484304e+01  6.13166583e-03 
 2.95120923e+07 -4.42403276e+01  6.13738856e-03 
 2.98538262e+07 -4.42325180e+01  6.14290923e-03 
 3.01995172e+07 -4.42249882e+01  6.14823685e-03 
 3.05492111e+07 -4.42177235e+01  6.15338125e-03 
 3.09029543e+07 -4.42107084e+01  6.15835303e-03 
 3.12607937e+07 -4.42039260e+01  6.16316364e-03 
 3.16227766e+07 -4.41973587e+01  6.16782531e-03 
 3.19889511e+07 -4.41909875e+01  6.17235112e-03 
 3.23593657e+07 -4.41847925e+01  6.17675496e-03 
 3.27340695e+07 -4.41787527e+01  6.18105155e-03 
 3.31131121e+07 -4.41728458e+01  6.18525645e-03 
 3.34965439e+07 -4.41670486e+01  6.18938600e-03 
 3.38844156e+07 -4.41613369e+01  6.19345740e-03 
 3.42767787e+07 -4.41556852e+01  6.19748864e-03 
 3.46736850e+07 -4.41500672e+01  6.20149849e-03 
 3.50751874e+07 -4.41444553e+01  6.20550653e-03 
 3.54813389e+07 -4.41388211e+01  6.20953307e-03 
 3.58921935e+07 -4.41331353e+01  6.21359920e-03 
 3.63078055e+07 -4.41273674e+01  6.21772670e-03 
 3.67282300e+07 -4.41214864e+01  6.22193804e-03 
 3.71535229e+07 -4.41154600e+01  6.22625641e-03 
 3.75837404e+07 -4.41092554e+01  6.23070555e-03 
 3.80189396e+07 -4.41028392e+01  6.23530985e-03 
 3.84591782e+07 -4.40961770e+01  6.24009424e-03 
 3.89045145e+07 -4.40892341e+01  6.24508419e-03 
 3.93550075e+07 -4.40819750e+01  6.25030556e-03 
 3.98107171e+07 -4.40743642e+01  6.25578468e-03 
 4.02717034e+07 -4.40663654e+01  6.26154826e-03 
 4.07380278e+07 -4.40579424e+01  6.26762324e-03 
 4.12097519e+07 -4.40490587e+01  6.27403687e-03 
 4.16869383e+07 -4.40396778e+01  6.28081654e-03 
 4.21696503e+07 -4.40297635e+01  6.28798978e-03 
 4.26579519e+07 -4.40192794e+01  6.29558412e-03 
 4.31519077e+07 -4.40081897e+01  6.30362709e-03 
 4.36515832e+07 -4.39964591e+01  6.31214612e-03 
 4.41570447e+07 -4.39840528e+01  6.32116842e-03 
 4.46683592e+07 -4.39709366e+01  6.33072095e-03 
 4.51855944e+07 -4.39570773e+01  6.34083036e-03 
 4.57088190e+07 -4.39424428e+01  6.35152281e-03 
 4.62381021e+07 -4.39270018e+01  6.36282398e-03 
 4.67735141e+07 -4.39107246e+01  6.37475898e-03 
 4.73151259e+07 -4.38935828e+01  6.38735218e-03 
 4.78630092e+07 -4.38755493e+01  6.40062722e-03 
 4.84172368e+07 -4.38565990e+01  6.41460692e-03 
 4.89778819e+07 -4.38367085e+01  6.42931309e-03 
 4.95450191e+07 -4.38158561e+01  6.44476658e-03 
 5.01187234e+07 -4.37940225e+01  6.46098714e-03 
 5.06990708e+07 -4.37711900e+01  6.47799335e-03 
 5.12861384e+07 -4.37473437e+01  6.49580252e-03 
 5.18800039e+07 -4.37224707e+01  6.51443065e-03 
 5.24807460e+07 -4.36965604e+01  6.53389240e-03 
 5.30884444e+07 -4.36696050e+01  6.55420092e-03 
 5.37031796e+07 -4.36415988e+01  6.57536791e-03 
 5.43250331e+07 -4.36125391e+01  6.59740346e-03 
 5.49540874e+07 -4.35824255e+01  6.62031607e-03 
 5.55904257e+07 -4.35512603e+01  6.64411258e-03 
 5.62341325e+07 -4.35190485e+01  6.66879820e-03 
 5.68852931e+07 -4.34857976e+01  6.69437631e-03 
 5.75439937e+07 -4.34515177e+01  6.72084861e-03 
 5.82103218e+07 -4.34162217e+01  6.74821507e-03 
 5.88843655e+07 -4.33799248e+01  6.77647378e-03 
 5.95662144e+07 -4.33426447e+01  6.80562111e-03 
 6.02559586e+07 -4.33044016e+01  6.83565165e-03 
 6.09536897e+07 -4.32652179e+01  6.86655816e-03 
 6.16595002e+07 -4.32251186e+01  6.89833166e-03 
 6.23734835e+07 -4.31841304e+01  6.93096141e-03 
 6.30957344e+07 -4.31422822e+01  6.96443498e-03 
 6.38263486e+07 -4.30996051e+01  6.99873819e-03 
 6.45654229e+07 -4.30561316e+01  7.03385517e-03 
 6.53130553e+07 -4.30118961e+01  7.06976857e-03 
 6.60693448e+07 -4.29669346e+01  7.10645927e-03 
 6.68343918e+07 -4.29212845e+01  7.14390675e-03 
 6.76082975e+07 -4.28749844e+01  7.18208899e-03 
 6.83911647e+07 -4.28280741e+01  7.22098252e-03 
 6.91830971e+07 -4.27805946e+01  7.26056256e-03 
 6.99841996e+07 -4.27325874e+01  7.30080299e-03 
 7.07945784e+07 -4.26840952e+01  7.34167647e-03 
 7.16143410e+07 -4.26351608e+01  7.38315454e-03 
 7.24435960e+07 -4.25858280e+01  7.42520761e-03 
 7.32824533e+07 -4.25361405e+01  7.46780513e-03 
 7.41310241e+07 -4.24861424e+01  7.51091556e-03 
 7.49894209e+07 -4.24358780e+01  7.55450653e-03 
 7.58577575e+07 -4.23853914e+01  7.59854485e-03 
 7.67361489e+07 -4.23347266e+01  7.64299667e-03 
 7.76247117e+07 -4.22839274e+01  7.68782747e-03 
 7.85235635e+07 -4.22330373e+01  7.73300220e-03 
 7.94328235e+07 -4.21820993e+01  7.77848528e-03 
 8.03526122e+07 -4.21311558e+01  7.82424080e-03 
 8.12830516e+07 -4.20802488e+01  7.87023244e-03 
 8.22242650e+07 -4.20294194e+01  7.91642370e-03 
 8.31763771e+07 -4.19787080e+01  7.96277785e-03 
 8.41395142e+07 -4.19281543e+01  8.00925806e-03 
 8.51138038e+07 -4.18777969e+01  8.05582746e-03 
 8.60993752e+07 -4.18276736e+01  8.10244921e-03 
 8.70963590e+07 -4.17778214e+01  8.14908657e-03 
 8.81048873e+07 -4.17282758e+01  8.19570294e-03 
 8.91250938e+07 -4.16790718e+01  8.24226193e-03 
 9.01571138e+07 -4.16302428e+01  8.28872747e-03 
 9.12010839e+07 -4.15818214e+01  8.33506380e-03 
 9.22571427e+07 -4.15338390e+01  8.38123558e-03 
 9.33254301e+07 -4.14863259e+01  8.42720787e-03 
 9.44060876e+07 -4.14393109e+01  8.47294633e-03 
 9.54992586e+07 -4.13928221e+01  8.51841702e-03 
 9.66050879e+07 -4.13468860e+01  8.56358673e-03 
 9.77237221e+07 -4.13015282e+01  8.60842285e-03 
 9.88553095e+07 -4.12567729e+01  8.65289345e-03 
 1.00000000e+08 -4.12126432e+01  8.69696734e-03 
 1.01157945e+08 -4.11691611e+01  8.74061407e-03 
 1.02329299e+08 -4.11263473e+01  8.78380402e-03 
 1.03514217e+08 -4.10842212e+01  8.82650838e-03 
 1.04712855e+08 -4.10428015e+01  8.86869923e-03 
 1.05925373e+08 -4.10021052e+01  8.91034953e-03 
 1.07151931e+08 -4.09621485e+01  8.95143317e-03 
 1.08392691e+08 -4.09229465e+01  8.99192497e-03 
 1.09647820e+08 -4.08845131e+01  9.03180072e-03 
 1.10917482e+08 -4.08468610e+01  9.07103722e-03 
 1.12201845e+08 -4.08100022e+01  9.10961225e-03 
 1.13501082e+08 -4.07739472e+01  9.14750463e-03 
 1.14815362e+08 -4.07387060e+01  9.18469420e-03 
 1.16144861e+08 -4.07042871e+01  9.22116187e-03 
 1.17489755e+08 -4.06706983e+01  9.25688957e-03 
 1.18850223e+08 -4.06379465e+01  9.29186034e-03 
 1.20226443e+08 -4.06060375e+01  9.32605824e-03 
 1.21618600e+08 -4.05749763e+01  9.35946844e-03 
 1.23026877e+08 -4.05447670e+01  9.39207717e-03 
 1.24451461e+08 -4.05154127e+01  9.42387173e-03 
 1.25892541e+08 -4.04869159e+01  9.45484051e-03 
 1.27350308e+08 -4.04592781e+01  9.48497296e-03 
 1.28824955e+08 -4.04325001e+01  9.51425957e-03 
 1.30316678e+08 -4.04065819e+01  9.54269194e-03 
 1.31825674e+08 -4.03815229e+01  9.57026266e-03 
 1.33352143e+08 -4.03573214e+01  9.59696539e-03 
 1.34896288e+08 -4.03339755e+01  9.62279482e-03 
 1.36458314e+08 -4.03114822e+01  9.64774664e-03 
 1.38038426e+08 -4.02898381e+01  9.67181754e-03 
 1.39636836e+08 -4.02690391e+01  9.69500520e-03 
 1.41253754e+08 -4.02490804e+01  9.71730824e-03 
 1.42889396e+08 -4.02299568e+01  9.73872626e-03 
 1.44543977e+08 -4.02116624e+01  9.75925978e-03 
 1.46217717e+08 -4.01941908e+01  9.77891021e-03 
 1.47910839e+08 -4.01775351e+01  9.79767986e-03 
 1.49623566e+08 -4.01616878e+01  9.81557190e-03 
 1.51356125e+08 -4.01466411e+01  9.83259034e-03 
 1.53108746e+08 -4.01323866e+01  9.84873998e-03 
 1.54881662e+08 -4.01189154e+01  9.86402648e-03 
 1.56675107e+08 -4.01062185e+01  9.87845616e-03 
 1.58489319e+08 -4.00942861e+01  9.89203617e-03 
 1.60324539e+08 -4.00831083e+01  9.90477432e-03 
 1.62181010e+08 -4.00726748e+01  9.91667913e-03 
 1.64058977e+08 -4.00629748e+01  9.92775974e-03 
 1.65958691e+08 -4.00539975e+01  9.93802596e-03 
 1.67880402e+08 -4.00457314e+01  9.94748818e-03 
 1.69824365e+08 -4.00381650e+01  9.95615734e-03 
 1.71790839e+08 -4.00312864e+01  9.96404494e-03 
 1.73780083e+08 -4.00250837e+01  9.97116300e-03 
 1.75792361e+08 -4.00195444e+01  9.97752401e-03 
 1.77827941e+08 -4.00146560e+01  9.98314092e-03 
 1.79887092e+08 -4.00104058e+01  9.98802708e-03 
 1.81970086e+08 -4.00067809e+01  9.99219626e-03 
 1.84077200e+08 -4.00037682e+01  9.99566260e-03 
 1.86208714e+08 -4.00013546e+01  9.99844056e-03 
 1.88364909e+08 -3.99995267e+01  1.00005449e-02 
 1.90546072e+08 -3.99982710e+01  1.00019907e-02 
 1.92752491e+08 -3.99975741e+01  1.00027933e-02 
 1.94984460e+08 -3.99974223e+01  1.00029682e-02 
 1.97242274e+08 -3.99978018e+01  1.00025311e-02 
 1.99526231e+08 -3.99986990e+01  1.00014980e-02 
 2.01836636e+08 -4.00001000e+01  9.99988484e-03 
 2.04173794e+08 -4.00019911e+01  9.99770790e-03 
 2.06538016e+08 -4.00043584e+01  9.99498342e-03 
 2.08929613e+08 -4.00071881e+01  9.99172776e-03 
 2.11348904e+08 -4.00104664e+01  9.98795731e-03 
 2.13796209e+08 -4.00141795e+01  9.98368851e-03 
 2.16271852e+08 -4.00183137e+01  9.97893779e-03 
 2.18776162e+08 -4.00228552e+01  9.97372156e-03 
 2.21309471e+08 -4.00277904e+01  9.96805621e-03 
 2.23872114e+08 -4.00331058e+01  9.96195807e-03 
 2.26464431e+08 -4.00387879e+01  9.95544339e-03 
 2.29086765e+08 -4.00448232e+01  9.94852833e-03 
 2.31739465e+08 -4.00511985e+01  9.94122893e-03 
 2.34422882e+08 -4.00579006e+01  9.93356111e-03 
 2.37137371e+08 -4.00649165e+01  9.92554066e-03 
 2.39883292e+08 -4.00722333e+01  9.91718319e-03 
 2.42661010e+08 -4.00798381e+01  9.90850415e-03 
 2.45470892e+08 -4.00877183e+01  9.89951880e-03 
 2.48313311e+08 -4.00958615e+01  9.89024221e-03 
 2.51188643e+08 -4.01042552e+01  9.88068922e-03 
 2.54097271e+08 -4.01128874e+01  9.87087446e-03 
 2.57039578e+08 -4.01217461e+01  9.86081234e-03 
 2.60015956e+08 -4.01308195e+01  9.85051701e-03 
 2.63026799e+08 -4.01400959e+01  9.84000237e-03 
 2.66072506e+08 -4.01495640e+01  9.82928208e-03 
 2.69153480e+08 -4.01592126e+01  9.81836951e-03 
 2.72270131e+08 -4.01690305e+01  9.80727777e-03 
 2.75422870e+08 -4.01790070e+01  9.79601969e-03 
 2.78612117e+08 -4.01891315e+01  9.78460782e-03 
 2.81838293e+08 -4.01993937e+01  9.77305442e-03 
 2.85101827e+08 -4.02097832e+01  9.76137144e-03 
 2.88403150e+08 -4.02202903e+01  9.74957055e-03 
 2.91742701e+08 -4.02309051e+01  9.73766312e-03 
 2.95120923e+08 -4.02416181e+01  9.72566023e-03 
 2.98538262e+08 -4.02524202e+01  9.71357262e-03 
 3.01995172e+08 -4.02633021e+01  9.70141077e-03 
 3.05492111e+08 -4.02742552e+01  9.68918481e-03 
 3.09029543e+08 -4.02852708e+01  9.67690462e-03 
 3.12607937e+08 -4.02963405e+01  9.66457971e-03 
 3.16227766e+08 -4.03074563e+01  9.65221935e-03 
 3.19889511e+08 -4.03186103e+01  9.63983245e-03 
 3.23593657e+08 -4.03297947e+01  9.62742767e-03 
 3.27340695e+08 -4.03410022e+01  9.61501332e-03 
 3.31131121e+08 -4.03522255e+01  9.60259746e-03 
 3.34965439e+08 -4.03634577e+01  9.59018783e-03 
 3.38844156e+08 -4.03746921e+01  9.57779187e-03 
 3.42767787e+08 -4.03859221e+01  9.56541676e-03 
 3.46736850e+08 -4.03971414e+01  9.55306937e-03 
 3.50751874e+08 -4.04083439e+01  9.54075631e-03 
 3.54813389e+08 -4.04195239e+01  9.52848389e-03 
 3.58921935e+08 -4.04306757e+01  9.51625817e-03 
 3.63078055e+08 -4.04417938e+01  9.50408493e-03 
 3.67282300e+08 -4.04528732e+01  9.49196968e-03 
 3.71535229e+08 -4.04639087e+01  9.47991770e-03 
 3.75837404e+08 -4.04748956e+01  9.46793398e-03 
 3.80189396e+08 -4.04858293e+01  9.45602329e-03 
 3.84591782e+08 -4.04967056e+01  9.44419015e-03 
 3.89045145e+08 -4.05075201e+01  9.43243883e-03 
 3.93550075e+08 -4.05182689e+01  9.42077337e-03 
 3.98107171e+08 -4.05289482e+01  9.40919762e-03 
 4.02717034e+08 -4.05395545e+01  9.39771515e-03 
 4.07380278e+08 -4.05500842e+01  9.38632936e-03 
 4.12097519e+08 -4.05605342e+01  9.37504341e-03 
 4.16869383e+08 -4.05709015e+01  9.36386030e-03 
 4.21696503e+08 -4.05811830e+01  9.35278277e-03 
 4.26579519e+08 -4.05913762e+01  9.34181342e-03 
 4.31519077e+08 -4.06014784e+01  9.33095465e-03 
 4.36515832e+08 -4.06114873e+01  9.32020865e-03 
 4.41570447e+08 -4.06214006e+01  9.30957748e-03 
 4.46683592e+08 -4.06312162e+01  9.29906299e-03 
 4.51855944e+08 -4.06409322e+01  9.28866689e-03 
 4.57088190e+08 -4.06505469e+01  9.27839073e-03 
 4.62381021e+08 -4.06600584e+01  9.26823590e-03 
 4.67735141e+08 -4.06694654e+01  9.25820364e-03 
 4.73151259e+08 -4.06787665e+01  9.24829506e-03 
 4.78630092e+08 -4.06879603e+01  9.23851111e-03 
 4.84172368e+08 -4.06970458e+01  9.22885264e-03 
 4.89778819e+08 -4.07060219e+01  9.21932035e-03 
 4.95450191e+08 -4.07148877e+01  9.20991483e-03 
 5.01187234e+08 -4.07236425e+01  9.20063654e-03 
 5.06990708e+08 -4.07322856e+01  9.19148584e-03 
 5.12861384e+08 -4.07408163e+01  9.18246298e-03 
 5.18800039e+08 -4.07492342e+01  9.17356811e-03 
 5.24807460e+08 -4.07575389e+01  9.16480128e-03 
 5.30884444e+08 -4.07657302e+01  9.15616244e-03 
 5.37031796e+08 -4.07738078e+01  9.14765147e-03 
 5.43250331e+08 -4.07817716e+01  9.13926814e-03 
 5.49540874e+08 -4.07896216e+01  9.13101215e-03 
 5.55904257e+08 -4.07973578e+01  9.12288314e-03 
 5.62341325e+08 -4.08049803e+01  9.11488065e-03 
 5.68852931e+08 -4.08124893e+01  9.10700418e-03 
 5.75439937e+08 -4.08198851e+01  9.09925313e-03 
 5.82103218e+08 -4.08271679e+01  9.09162686e-03 
 5.88843655e+08 -4.08343383e+01  9.08412469e-03 
 5.95662144e+08 -4.08413965e+01  9.07674584e-03 
 6.02559586e+08 -4.08483431e+01  9.06948952e-03 
 6.09536897e+08 -4.08551787e+01  9.06235487e-03 
 6.16595002e+08 -4.08619038e+01  9.05534099e-03 
 6.23734835e+08 -4.08685191e+01  9.04844694e-03 
 6.30957344e+08 -4.08750253e+01  9.04167175e-03 
 6.38263486e+08 -4.08814230e+01  9.03501438e-03 
 6.45654229e+08 -4.08877132e+01  9.02847380e-03 
 6.53130553e+08 -4.08938965e+01  9.02204891e-03 
 6.60693448e+08 -4.08999738e+01  9.01573862e-03 
 6.68343918e+08 -4.09059459e+01  9.00954177e-03 
 6.76082975e+08 -4.09118139e+01  9.00345722e-03 
 6.83911647e+08 -4.09175786e+01  8.99748378e-03 
 6.91830971e+08 -4.09232409e+01  8.99162024e-03 
 6.99841996e+08 -4.09288018e+01  8.98586539e-03 
 7.07945784e+08 -4.09342624e+01  8.98021799e-03 
 7.16143410e+08 -4.09396237e+01  8.97467679e-03 
 7.24435960e+08 -4.09448866e+01  8.96924052e-03 
 7.32824533e+08 -4.09500523e+01  8.96390792e-03 
 7.41310241e+08 -4.09551217e+01  8.95867771e-03 
 7.49894209e+08 -4.09600961e+01  8.95354859e-03 
 7.58577575e+08 -4.09649765e+01  8.94851927e-03 
 7.67361489e+08 -4.09697639e+01  8.94358845e-03 
 7.76247117e+08 -4.09744595e+01  8.93875483e-03 
 7.85235635e+08 -4.09790644e+01  8.93401711e-03 
 7.94328235e+08 -4.09835798e+01  8.92937398e-03 
 8.03526122e+08 -4.09880067e+01  8.92482414e-03 
 8.12830516e+08 -4.09923463e+01  8.92036628e-03 
 8.22242650e+08 -4.09965997e+01  8.91599911e-03 
 8.31763771e+08 -4.10007680e+01  8.91172134e-03 
 8.41395142e+08 -4.10048525e+01  8.90753167e-03 
 8.51138038e+08 -4.10088542e+01  8.90342881e-03 
 8.60993752e+08 -4.10127742e+01  8.89941148e-03 
 8.70963590e+08 -4.10166138e+01  8.89547842e-03 
 8.81048873e+08 -4.10203740e+01  8.89162836e-03 
 8.91250938e+08 -4.10240559e+01  8.88786003e-03 
 9.01571138e+08 -4.10276606e+01  8.88417220e-03 
 9.12010839e+08 -4.10311894e+01  8.88056363e-03 
 9.22571427e+08 -4.10346432e+01  8.87703309e-03 
 9.33254301e+08 -4.10380233e+01  8.87357935e-03 
 9.44060876e+08 -4.10413306e+01  8.87020122e-03 
 9.54992586e+08 -4.10445662e+01  8.86689749e-03 
 9.66050879e+08 -4.10477314e+01  8.86366700e-03 
 9.77237221e+08 -4.10508270e+01  8.86050855e-03 
 9.88553095e+08 -4.10538542e+01  8.85742100e-03 
 1.00000000e+09 -4.10568141e+01  8.85440321e-03 
