 1.00000000e+00 -1.66922826e+01  1.46347689e-01 
 1.01157945e+00 -1.66922847e+01  1.46347655e-01 
 1.02329299e+00 -1.66922868e+01  1.46347619e-01 
 1.03514217e+00 -1.66922889e+01  1.46347583e-01 
 1.04712855e+00 -1.66922912e+01  1.46347545e-01 
 1.05925373e+00 -1.66922934e+01  1.46347507e-01 
 1.07151931e+00 -1.66922957e+01  1.46347468e-01 
 1.08392691e+00 -1.66922981e+01  1.46347428e-01 
 1.09647820e+00 -1.66923005e+01  1.46347387e-01 
 1.10917482e+00 -1.66923030e+01  1.46347346e-01 
 1.12201845e+00 -1.66923055e+01  1.46347303e-01 
 1.13501082e+00 -1.66923081e+01  1.46347259e-01 
 1.14815362e+00 -1.66923108e+01  1.46347214e-01 
 1.16144861e+00 -1.66923135e+01  1.46347168e-01 
 1.17489755e+00 -1.66923163e+01  1.46347121e-01 
 1.18850223e+00 -1.66923192e+01  1.46347073e-01 
 1.20226443e+00 -1.66923221e+01  1.46347024e-01 
 1.21618600e+00 -1.66923251e+01  1.46346974e-01 
 1.23026877e+00 -1.66923281e+01  1.46346923e-01 
 1.24451461e+00 -1.66923312e+01  1.46346870e-01 
 1.25892541e+00 -1.66923344e+01  1.46346816e-01 
 1.27350308e+00 -1.66923377e+01  1.46346761e-01 
 1.28824955e+00 -1.66923410e+01  1.46346705e-01 
 1.30316678e+00 -1.66923445e+01  1.46346647e-01 
 1.31825674e+00 -1.66923480e+01  1.46346588e-01 
 1.33352143e+00 -1.66923516e+01  1.46346527e-01 
 1.34896288e+00 -1.66923552e+01  1.46346466e-01 
 1.36458314e+00 -1.66923590e+01  1.46346402e-01 
 1.38038426e+00 -1.66923628e+01  1.46346338e-01 
 1.39636836e+00 -1.66923668e+01  1.46346271e-01 
 1.41253754e+00 -1.66923708e+01  1.46346204e-01 
 1.42889396e+00 -1.66923749e+01  1.46346134e-01 
 1.44543977e+00 -1.66923791e+01  1.46346063e-01 
 1.46217717e+00 -1.66923834e+01  1.46345990e-01 
 1.47910839e+00 -1.66923878e+01  1.46345916e-01 
 1.49623566e+00 -1.66923924e+01  1.46345840e-01 
 1.51356125e+00 -1.66923970e+01  1.46345762e-01 
 1.53108746e+00 -1.66924017e+01  1.46345683e-01 
 1.54881662e+00 -1.66924065e+01  1.46345601e-01 
 1.56675107e+00 -1.66924115e+01  1.46345518e-01 
 1.58489319e+00 -1.66924166e+01  1.46345432e-01 
 1.60324539e+00 -1.66924217e+01  1.46345345e-01 
 1.62181010e+00 -1.66924271e+01  1.46345256e-01 
 1.64058977e+00 -1.66924325e+01  1.46345164e-01 
 1.65958691e+00 -1.66924380e+01  1.46345071e-01 
 1.67880402e+00 -1.66924437e+01  1.46344975e-01 
 1.69824365e+00 -1.66924495e+01  1.46344877e-01 
 1.71790839e+00 -1.66924555e+01  1.46344776e-01 
 1.73780083e+00 -1.66924616e+01  1.46344674e-01 
 1.75792361e+00 -1.66924678e+01  1.46344569e-01 
 1.77827941e+00 -1.66924742e+01  1.46344461e-01 
 1.79887092e+00 -1.66924807e+01  1.46344351e-01 
 1.81970086e+00 -1.66924874e+01  1.46344239e-01 
 1.84077200e+00 -1.66924942e+01  1.46344124e-01 
 1.86208714e+00 -1.66925012e+01  1.46344006e-01 
 1.88364909e+00 -1.66925084e+01  1.46343885e-01 
 1.90546072e+00 -1.66925157e+01  1.46343762e-01 
 1.92752491e+00 -1.66925232e+01  1.46343636e-01 
 1.94984460e+00 -1.66925309e+01  1.46343507e-01 
 1.97242274e+00 -1.66925387e+01  1.46343374e-01 
 1.99526231e+00 -1.66925467e+01  1.46343239e-01 
 2.01836636e+00 -1.66925549e+01  1.46343101e-01 
 2.04173794e+00 -1.66925634e+01  1.46342959e-01 
 2.06538016e+00 -1.66925720e+01  1.46342814e-01 
 2.08929613e+00 -1.66925808e+01  1.46342666e-01 
 2.11348904e+00 -1.66925898e+01  1.46342514e-01 
 2.13796209e+00 -1.66925990e+01  1.46342359e-01 
 2.16271852e+00 -1.66926084e+01  1.46342200e-01 
 2.18776162e+00 -1.66926181e+01  1.46342037e-01 
 2.21309471e+00 -1.66926279e+01  1.46341871e-01 
 2.23872114e+00 -1.66926381e+01  1.46341700e-01 
 2.26464431e+00 -1.66926484e+01  1.46341526e-01 
 2.29086765e+00 -1.66926590e+01  1.46341348e-01 
 2.31739465e+00 -1.66926698e+01  1.46341165e-01 
 2.34422882e+00 -1.66926809e+01  1.46340979e-01 
 2.37137371e+00 -1.66926922e+01  1.46340788e-01 
 2.39883292e+00 -1.66927038e+01  1.46340592e-01 
 2.42661010e+00 -1.66927157e+01  1.46340392e-01 
 2.45470892e+00 -1.66927279e+01  1.46340187e-01 
 2.48313311e+00 -1.66927403e+01  1.46339978e-01 
 2.51188643e+00 -1.66927530e+01  1.46339763e-01 
 2.54097271e+00 -1.66927660e+01  1.46339544e-01 
 2.57039578e+00 -1.66927794e+01  1.46339320e-01 
 2.60015956e+00 -1.66927930e+01  1.46339090e-01 
 2.63026799e+00 -1.66928070e+01  1.46338855e-01 
 2.66072506e+00 -1.66928212e+01  1.46338614e-01 
 2.69153480e+00 -1.66928358e+01  1.46338368e-01 
 2.72270131e+00 -1.66928508e+01  1.46338116e-01 
 2.75422870e+00 -1.66928661e+01  1.46337859e-01 
 2.78612117e+00 -1.66928817e+01  1.46337595e-01 
 2.81838293e+00 -1.66928978e+01  1.46337325e-01 
 2.85101827e+00 -1.66929141e+01  1.46337049e-01 
 2.88403150e+00 -1.66929309e+01  1.46336766e-01 
 2.91742701e+00 -1.66929481e+01  1.46336477e-01 
 2.95120923e+00 -1.66929656e+01  1.46336181e-01 
 2.98538262e+00 -1.66929836e+01  1.46335878e-01 
 3.01995172e+00 -1.66930020e+01  1.46335569e-01 
 3.05492111e+00 -1.66930208e+01  1.46335252e-01 
 3.09029543e+00 -1.66930401e+01  1.46334927e-01 
 3.12607937e+00 -1.66930598e+01  1.46334595e-01 
 3.16227766e+00 -1.66930800e+01  1.46334255e-01 
 3.19889511e+00 -1.66931006e+01  1.46333908e-01 
 3.23593657e+00 -1.66931217e+01  1.46333552e-01 
 3.27340695e+00 -1.66931433e+01  1.46333188e-01 
 3.31131121e+00 -1.66931654e+01  1.46332816e-01 
 3.34965439e+00 -1.66931880e+01  1.46332434e-01 
 3.38844156e+00 -1.66932112e+01  1.46332044e-01 
 3.42767787e+00 -1.66932349e+01  1.46331645e-01 
 3.46736850e+00 -1.66932591e+01  1.46331237e-01 
 3.50751874e+00 -1.66932839e+01  1.46330819e-01 
 3.54813389e+00 -1.66933093e+01  1.46330391e-01 
 3.58921935e+00 -1.66933353e+01  1.46329954e-01 
 3.63078055e+00 -1.66933619e+01  1.46329506e-01 
 3.67282300e+00 -1.66933891e+01  1.46329048e-01 
 3.71535229e+00 -1.66934169e+01  1.46328579e-01 
 3.75837404e+00 -1.66934454e+01  1.46328099e-01 
 3.80189396e+00 -1.66934745e+01  1.46327608e-01 
 3.84591782e+00 -1.66935044e+01  1.46327106e-01 
 3.89045145e+00 -1.66935349e+01  1.46326591e-01 
 3.93550075e+00 -1.66935661e+01  1.46326065e-01 
 3.98107171e+00 -1.66935981e+01  1.46325527e-01 
 4.02717034e+00 -1.66936308e+01  1.46324976e-01 
 4.07380278e+00 -1.66936642e+01  1.46324412e-01 
 4.12097519e+00 -1.66936985e+01  1.46323836e-01 
 4.16869383e+00 -1.66937335e+01  1.46323245e-01 
 4.21696503e+00 -1.66937694e+01  1.46322641e-01 
 4.26579519e+00 -1.66938060e+01  1.46322023e-01 
 4.31519077e+00 -1.66938436e+01  1.46321391e-01 
 4.36515832e+00 -1.66938820e+01  1.46320744e-01 
 4.41570447e+00 -1.66939213e+01  1.46320082e-01 
 4.46683592e+00 -1.66939615e+01  1.46319404e-01 
 4.51855944e+00 -1.66940027e+01  1.46318711e-01 
 4.57088190e+00 -1.66940448e+01  1.46318001e-01 
 4.62381021e+00 -1.66940879e+01  1.46317275e-01 
 4.67735141e+00 -1.66941320e+01  1.46316532e-01 
 4.73151259e+00 -1.66941772e+01  1.46315772e-01 
 4.78630092e+00 -1.66942233e+01  1.46314994e-01 
 4.84172368e+00 -1.66942706e+01  1.46314198e-01 
 4.89778819e+00 -1.66943190e+01  1.46313383e-01 
 4.95450191e+00 -1.66943684e+01  1.46312549e-01 
 5.01187234e+00 -1.66944191e+01  1.46311697e-01 
 5.06990708e+00 -1.66944709e+01  1.46310824e-01 
 5.12861384e+00 -1.66945239e+01  1.46309931e-01 
 5.18800039e+00 -1.66945782e+01  1.46309017e-01 
 5.24807460e+00 -1.66946337e+01  1.46308082e-01 
 5.30884444e+00 -1.66946905e+01  1.46307125e-01 
 5.37031796e+00 -1.66947486e+01  1.46306145e-01 
 5.43250331e+00 -1.66948081e+01  1.46305143e-01 
 5.49540874e+00 -1.66948690e+01  1.46304118e-01 
 5.55904257e+00 -1.66949313e+01  1.46303069e-01 
 5.62341325e+00 -1.66949950e+01  1.46301995e-01 
 5.68852931e+00 -1.66950602e+01  1.46300897e-01 
 5.75439937e+00 -1.66951270e+01  1.46299773e-01 
 5.82103218e+00 -1.66951953e+01  1.46298622e-01 
 5.88843655e+00 -1.66952652e+01  1.46297445e-01 
 5.95662144e+00 -1.66953367e+01  1.46296241e-01 
 6.02559586e+00 -1.66954098e+01  1.46295008e-01 
 6.09536897e+00 -1.66954847e+01  1.46293747e-01 
 6.16595002e+00 -1.66955613e+01  1.46292457e-01 
 6.23734835e+00 -1.66956398e+01  1.46291136e-01 
 6.30957344e+00 -1.66957200e+01  1.46289785e-01 
 6.38263486e+00 -1.66958021e+01  1.46288402e-01 
 6.45654229e+00 -1.66958861e+01  1.46286987e-01 
 6.53130553e+00 -1.66959720e+01  1.46285539e-01 
 6.60693448e+00 -1.66960600e+01  1.46284058e-01 
 6.68343918e+00 -1.66961500e+01  1.46282542e-01 
 6.76082975e+00 -1.66962421e+01  1.46280991e-01 
 6.83911647e+00 -1.66963364e+01  1.46279404e-01 
 6.91830971e+00 -1.66964328e+01  1.46277780e-01 
 6.99841996e+00 -1.66965315e+01  1.46276118e-01 
 7.07945784e+00 -1.66966325e+01  1.46274417e-01 
 7.16143410e+00 -1.66967358e+01  1.46272677e-01 
 7.24435960e+00 -1.66968415e+01  1.46270896e-01 
 7.32824533e+00 -1.66969497e+01  1.46269074e-01 
 7.41310241e+00 -1.66970605e+01  1.46267210e-01 
 7.49894209e+00 -1.66971737e+01  1.46265302e-01 
 7.58577575e+00 -1.66972897e+01  1.46263350e-01 
 7.67361489e+00 -1.66974083e+01  1.46261353e-01 
 7.76247117e+00 -1.66975297e+01  1.46259309e-01 
 7.85235635e+00 -1.66976539e+01  1.46257217e-01 
 7.94328235e+00 -1.66977810e+01  1.46255077e-01 
 8.03526122e+00 -1.66979110e+01  1.46252887e-01 
 8.12830516e+00 -1.66980441e+01  1.46250647e-01 
 8.22242650e+00 -1.66981803e+01  1.46248354e-01 
 8.31763771e+00 -1.66983196e+01  1.46246008e-01 
 8.41395142e+00 -1.66984622e+01  1.46243607e-01 
 8.51138038e+00 -1.66986081e+01  1.46241151e-01 
 8.60993752e+00 -1.66987574e+01  1.46238637e-01 
 8.70963590e+00 -1.66989101e+01  1.46236065e-01 
 8.81048873e+00 -1.66990665e+01  1.46233433e-01 
 8.91250938e+00 -1.66992264e+01  1.46230741e-01 
 9.01571138e+00 -1.66993901e+01  1.46227985e-01 
 9.12010839e+00 -1.66995576e+01  1.46225166e-01 
 9.22571427e+00 -1.66997289e+01  1.46222281e-01 
 9.33254301e+00 -1.66999043e+01  1.46219329e-01 
 9.44060876e+00 -1.67000837e+01  1.46216308e-01 
 9.54992586e+00 -1.67002673e+01  1.46213217e-01 
 9.66050879e+00 -1.67004552e+01  1.46210055e-01 
 9.77237221e+00 -1.67006474e+01  1.46206819e-01 
 9.88553095e+00 -1.67008441e+01  1.46203508e-01 
 1.00000000e+01 -1.67010454e+01  1.46200120e-01 
 1.01157945e+01 -1.67012514e+01  1.46196653e-01 
 1.02329299e+01 -1.67014621e+01  1.46193106e-01 
 1.03514217e+01 -1.67016778e+01  1.46189476e-01 
 1.04712855e+01 -1.67018984e+01  1.46185763e-01 
 1.05925373e+01 -1.67021242e+01  1.46181963e-01 
 1.07151931e+01 -1.67023553e+01  1.46178074e-01 
 1.08392691e+01 -1.67025917e+01  1.46174096e-01 
 1.09647820e+01 -1.67028336e+01  1.46170025e-01 
 1.10917482e+01 -1.67030811e+01  1.46165860e-01 
 1.12201845e+01 -1.67033343e+01  1.46161598e-01 
 1.13501082e+01 -1.67035935e+01  1.46157237e-01 
 1.14815362e+01 -1.67038587e+01  1.46152775e-01 
 1.16144861e+01 -1.67041300e+01  1.46148210e-01 
 1.17489755e+01 -1.67044076e+01  1.46143538e-01 
 1.18850223e+01 -1.67046917e+01  1.46138759e-01 
 1.20226443e+01 -1.67049824e+01  1.46133868e-01 
 1.21618600e+01 -1.67052798e+01  1.46128864e-01 
 1.23026877e+01 -1.67055842e+01  1.46123744e-01 
 1.24451461e+01 -1.67058956e+01  1.46118505e-01 
 1.25892541e+01 -1.67062142e+01  1.46113145e-01 
 1.27350308e+01 -1.67065402e+01  1.46107661e-01 
 1.28824955e+01 -1.67068739e+01  1.46102049e-01 
 1.30316678e+01 -1.67072152e+01  1.46096308e-01 
 1.31825674e+01 -1.67075645e+01  1.46090433e-01 
 1.33352143e+01 -1.67079218e+01  1.46084422e-01 
 1.34896288e+01 -1.67082875e+01  1.46078272e-01 
 1.36458314e+01 -1.67086617e+01  1.46071980e-01 
 1.38038426e+01 -1.67090445e+01  1.46065542e-01 
 1.39636836e+01 -1.67094362e+01  1.46058955e-01 
 1.41253754e+01 -1.67098370e+01  1.46052215e-01 
 1.42889396e+01 -1.67102471e+01  1.46045319e-01 
 1.44543977e+01 -1.67106668e+01  1.46038264e-01 
 1.46217717e+01 -1.67110961e+01  1.46031045e-01 
 1.47910839e+01 -1.67115354e+01  1.46023660e-01 
 1.49623566e+01 -1.67119849e+01  1.46016103e-01 
 1.51356125e+01 -1.67124448e+01  1.46008372e-01 
 1.53108746e+01 -1.67129154e+01  1.46000462e-01 
 1.54881662e+01 -1.67133969e+01  1.45992369e-01 
 1.56675107e+01 -1.67138895e+01  1.45984089e-01 
 1.58489319e+01 -1.67143936e+01  1.45975617e-01 
 1.60324539e+01 -1.67149094e+01  1.45966950e-01 
 1.62181010e+01 -1.67154371e+01  1.45958082e-01 
 1.64058977e+01 -1.67159770e+01  1.45949009e-01 
 1.65958691e+01 -1.67165294e+01  1.45939727e-01 
 1.67880402e+01 -1.67170946e+01  1.45930231e-01 
 1.69824365e+01 -1.67176729e+01  1.45920515e-01 
 1.71790839e+01 -1.67182646e+01  1.45910575e-01 
 1.73780083e+01 -1.67188700e+01  1.45900405e-01 
 1.75792361e+01 -1.67194895e+01  1.45890001e-01 
 1.77827941e+01 -1.67201232e+01  1.45879357e-01 
 1.79887092e+01 -1.67207716e+01  1.45868467e-01 
 1.81970086e+01 -1.67214350e+01  1.45857326e-01 
 1.84077200e+01 -1.67221138e+01  1.45845928e-01 
 1.86208714e+01 -1.67228083e+01  1.45834268e-01 
 1.88364909e+01 -1.67235188e+01  1.45822339e-01 
 1.90546072e+01 -1.67242458e+01  1.45810135e-01 
 1.92752491e+01 -1.67249896e+01  1.45797649e-01 
 1.94984460e+01 -1.67257505e+01  1.45784877e-01 
 1.97242274e+01 -1.67265291e+01  1.45771810e-01 
 1.99526231e+01 -1.67273256e+01  1.45758443e-01 
 2.01836636e+01 -1.67281405e+01  1.45744768e-01 
 2.04173794e+01 -1.67289743e+01  1.45730778e-01 
 2.06538016e+01 -1.67298273e+01  1.45716467e-01 
 2.08929613e+01 -1.67307001e+01  1.45701827e-01 
 2.11348904e+01 -1.67315929e+01  1.45686850e-01 
 2.13796209e+01 -1.67325064e+01  1.45671530e-01 
 2.16271852e+01 -1.67334409e+01  1.45655857e-01 
 2.18776162e+01 -1.67343971e+01  1.45639825e-01 
 2.21309471e+01 -1.67353752e+01  1.45623424e-01 
 2.23872114e+01 -1.67363759e+01  1.45606648e-01 
 2.26464431e+01 -1.67373997e+01  1.45589486e-01 
 2.29086765e+01 -1.67384471e+01  1.45571931e-01 
 2.31739465e+01 -1.67395186e+01  1.45553974e-01 
 2.34422882e+01 -1.67406149e+01  1.45535606e-01 
 2.37137371e+01 -1.67417363e+01  1.45516816e-01 
 2.39883292e+01 -1.67428836e+01  1.45497597e-01 
 2.42661010e+01 -1.67440573e+01  1.45477938e-01 
 2.45470892e+01 -1.67452580e+01  1.45457829e-01 
 2.48313311e+01 -1.67464863e+01  1.45437260e-01 
 2.51188643e+01 -1.67477429e+01  1.45416221e-01 
 2.54097271e+01 -1.67490284e+01  1.45394702e-01 
 2.57039578e+01 -1.67503434e+01  1.45372692e-01 
 2.60015956e+01 -1.67516886e+01  1.45350179e-01 
 2.63026799e+01 -1.67530648e+01  1.45327152e-01 
 2.66072506e+01 -1.67544725e+01  1.45303600e-01 
 2.69153480e+01 -1.67559126e+01  1.45279512e-01 
 2.72270131e+01 -1.67573857e+01  1.45254875e-01 
 2.75422870e+01 -1.67588926e+01  1.45229677e-01 
 2.78612117e+01 -1.67604340e+01  1.45203906e-01 
 2.81838293e+01 -1.67620108e+01  1.45177548e-01 
 2.85101827e+01 -1.67636238e+01  1.45150592e-01 
 2.88403150e+01 -1.67652737e+01  1.45123023e-01 
 2.91742701e+01 -1.67669614e+01  1.45094828e-01 
 2.95120923e+01 -1.67686877e+01  1.45065994e-01 
 2.98538262e+01 -1.67704535e+01  1.45036505e-01 
 3.01995172e+01 -1.67722597e+01  1.45006349e-01 
 3.05492111e+01 -1.67741072e+01  1.44975509e-01 
 3.09029543e+01 -1.67759969e+01  1.44943971e-01 
 3.12607937e+01 -1.67779297e+01  1.44911721e-01 
 3.16227766e+01 -1.67799067e+01  1.44878741e-01 
 3.19889511e+01 -1.67819289e+01  1.44845016e-01 
 3.23593657e+01 -1.67839971e+01  1.44810530e-01 
 3.27340695e+01 -1.67861125e+01  1.44775266e-01 
 3.31131121e+01 -1.67882762e+01  1.44739208e-01 
 3.34965439e+01 -1.67904891e+01  1.44702337e-01 
 3.38844156e+01 -1.67927524e+01  1.44664637e-01 
 3.42767787e+01 -1.67950671e+01  1.44626089e-01 
 3.46736850e+01 -1.67974346e+01  1.44586676e-01 
 3.50751874e+01 -1.67998558e+01  1.44546377e-01 
 3.54813389e+01 -1.68023320e+01  1.44505175e-01 
 3.58921935e+01 -1.68048645e+01  1.44463049e-01 
 3.63078055e+01 -1.68074544e+01  1.44419980e-01 
 3.67282300e+01 -1.68101030e+01  1.44375948e-01 
 3.71535229e+01 -1.68128117e+01  1.44330932e-01 
 3.75837404e+01 -1.68155817e+01  1.44284911e-01 
 3.80189396e+01 -1.68184144e+01  1.44237864e-01 
 3.84591782e+01 -1.68213111e+01  1.44189768e-01 
 3.89045145e+01 -1.68242734e+01  1.44140602e-01 
 3.93550075e+01 -1.68273026e+01  1.44090342e-01 
 3.98107171e+01 -1.68304001e+01  1.44038966e-01 
 4.02717034e+01 -1.68335675e+01  1.43986451e-01 
 4.07380278e+01 -1.68368063e+01  1.43932771e-01 
 4.12097519e+01 -1.68401180e+01  1.43877904e-01 
 4.16869383e+01 -1.68435042e+01  1.43821823e-01 
 4.21696503e+01 -1.68469666e+01  1.43764503e-01 
 4.26579519e+01 -1.68505068e+01  1.43705920e-01 
 4.31519077e+01 -1.68541265e+01  1.43646046e-01 
 4.36515832e+01 -1.68578273e+01  1.43584855e-01 
 4.41570447e+01 -1.68616111e+01  1.43522319e-01 
 4.46683592e+01 -1.68654797e+01  1.43458411e-01 
 4.51855944e+01 -1.68694348e+01  1.43393103e-01 
 4.57088190e+01 -1.68734782e+01  1.43326366e-01 
 4.62381021e+01 -1.68776120e+01  1.43258170e-01 
 4.67735141e+01 -1.68818380e+01  1.43188487e-01 
 4.73151259e+01 -1.68861581e+01  1.43117286e-01 
 4.78630092e+01 -1.68905745e+01  1.43044537e-01 
 4.84172368e+01 -1.68950891e+01  1.42970207e-01 
 4.89778819e+01 -1.68997040e+01  1.42894266e-01 
 4.95450191e+01 -1.69044213e+01  1.42816681e-01 
 5.01187234e+01 -1.69092432e+01  1.42737420e-01 
 5.06990708e+01 -1.69141718e+01  1.42656449e-01 
 5.12861384e+01 -1.69192095e+01  1.42573734e-01 
 5.18800039e+01 -1.69243585e+01  1.42489242e-01 
 5.24807460e+01 -1.69296211e+01  1.42402936e-01 
 5.30884444e+01 -1.69349997e+01  1.42314783e-01 
 5.37031796e+01 -1.69404967e+01  1.42224745e-01 
 5.43250331e+01 -1.69461146e+01  1.42132787e-01 
 5.49540874e+01 -1.69518557e+01  1.42038871e-01 
 5.55904257e+01 -1.69577228e+01  1.41942961e-01 
 5.62341325e+01 -1.69637184e+01  1.41845017e-01 
 5.68852931e+01 -1.69698450e+01  1.41745001e-01 
 5.75439937e+01 -1.69761054e+01  1.41642874e-01 
 5.82103218e+01 -1.69825023e+01  1.41538596e-01 
 5.88843655e+01 -1.69890385e+01  1.41432128e-01 
 5.95662144e+01 -1.69957167e+01  1.41323428e-01 
 6.02559586e+01 -1.70025399e+01  1.41212455e-01 
 6.09536897e+01 -1.70095110e+01  1.41099168e-01 
 6.16595002e+01 -1.70166328e+01  1.40983523e-01 
 6.23734835e+01 -1.70239085e+01  1.40865479e-01 
 6.30957344e+01 -1.70313410e+01  1.40744991e-01 
 6.38263486e+01 -1.70389336e+01  1.40622017e-01 
 6.45654229e+01 -1.70466892e+01  1.40496511e-01 
 6.53130553e+01 -1.70546112e+01  1.40368429e-01 
 6.60693448e+01 -1.70627028e+01  1.40237725e-01 
 6.68343918e+01 -1.70709674e+01  1.40104354e-01 
 6.76082975e+01 -1.70794081e+01  1.39968270e-01 
 6.83911647e+01 -1.70880285e+01  1.39829426e-01 
 6.91830971e+01 -1.70968321e+01  1.39687774e-01 
 6.99841996e+01 -1.71058222e+01  1.39543268e-01 
 7.07945784e+01 -1.71150026e+01  1.39395859e-01 
 7.16143410e+01 -1.71243767e+01  1.39245499e-01 
 7.24435960e+01 -1.71339483e+01  1.39092139e-01 
 7.32824533e+01 -1.71437211e+01  1.38935730e-01 
 7.41310241e+01 -1.71536987e+01  1.38776223e-01 
 7.49894209e+01 -1.71638851e+01  1.38613568e-01 
 7.58577575e+01 -1.71742841e+01  1.38447715e-01 
 7.67361489e+01 -1.71848997e+01  1.38278614e-01 
 7.76247117e+01 -1.71957356e+01  1.38106213e-01 
 7.85235635e+01 -1.72067961e+01  1.37930463e-01 
 7.94328235e+01 -1.72180851e+01  1.37751312e-01 
 8.03526122e+01 -1.72296068e+01  1.37568708e-01 
 8.12830516e+01 -1.72413653e+01  1.37382601e-01 
 8.22242650e+01 -1.72533648e+01  1.37192939e-01 
 8.31763771e+01 -1.72656096e+01  1.36999670e-01 
 8.41395142e+01 -1.72781040e+01  1.36802742e-01 
 8.51138038e+01 -1.72908523e+01  1.36602103e-01 
 8.60993752e+01 -1.73038589e+01  1.36397702e-01 
 8.70963590e+01 -1.73171283e+01  1.36189487e-01 
 8.81048873e+01 -1.73306649e+01  1.35977407e-01 
 8.91250938e+01 -1.73444733e+01  1.35761408e-01 
 9.01571138e+01 -1.73585580e+01  1.35541441e-01 
 9.12010839e+01 -1.73729237e+01  1.35317453e-01 
 9.22571427e+01 -1.73875750e+01  1.35089393e-01 
 9.33254301e+01 -1.74025165e+01  1.34857211e-01 
 9.44060876e+01 -1.74177531e+01  1.34620855e-01 
 9.54992586e+01 -1.74332894e+01  1.34380277e-01 
 9.66050879e+01 -1.74491303e+01  1.34135424e-01 
 9.77237221e+01 -1.74652805e+01  1.33886249e-01 
 9.88553095e+01 -1.74817450e+01  1.33632702e-01 
 1.00000000e+02 -1.74985287e+01  1.33374734e-01 
 1.01157945e+02 -1.75156364e+01  1.33112298e-01 
 1.02329299e+02 -1.75330731e+01  1.32845346e-01 
 1.03514217e+02 -1.75508438e+01  1.32573833e-01 
 1.04712855e+02 -1.75689534e+01  1.32297711e-01 
 1.05925373e+02 -1.75874071e+01  1.32016936e-01 
 1.07151931e+02 -1.76062097e+01  1.31731463e-01 
 1.08392691e+02 -1.76253664e+01  1.31441250e-01 
 1.09647820e+02 -1.76448823e+01  1.31146253e-01 
 1.10917482e+02 -1.76647623e+01  1.30846432e-01 
 1.12201845e+02 -1.76850117e+01  1.30541746e-01 
 1.13501082e+02 -1.77056354e+01  1.30232155e-01 
 1.14815362e+02 -1.77266387e+01  1.29917623e-01 
 1.16144861e+02 -1.77480265e+01  1.29598112e-01 
 1.17489755e+02 -1.77698040e+01  1.29273587e-01 
 1.18850223e+02 -1.77919763e+01  1.28944014e-01 
 1.20226443e+02 -1.78145485e+01  1.28609360e-01 
 1.21618600e+02 -1.78375256e+01  1.28269594e-01 
 1.23026877e+02 -1.78609128e+01  1.27924686e-01 
 1.24451461e+02 -1.78847150e+01  1.27574609e-01 
 1.25892541e+02 -1.79089374e+01  1.27219337e-01 
 1.27350308e+02 -1.79335850e+01  1.26858844e-01 
 1.28824955e+02 -1.79586626e+01  1.26493109e-01 
 1.30316678e+02 -1.79841754e+01  1.26122110e-01 
 1.31825674e+02 -1.80101282e+01  1.25745829e-01 
 1.33352143e+02 -1.80365260e+01  1.25364249e-01 
 1.34896288e+02 -1.80633735e+01  1.24977354e-01 
 1.36458314e+02 -1.80906757e+01  1.24585132e-01 
 1.38038426e+02 -1.81184372e+01  1.24187573e-01 
 1.39636836e+02 -1.81466629e+01  1.23784668e-01 
 1.41253754e+02 -1.81753574e+01  1.23376411e-01 
 1.42889396e+02 -1.82045253e+01  1.22962798e-01 
 1.44543977e+02 -1.82341712e+01  1.22543828e-01 
 1.46217717e+02 -1.82642995e+01  1.22119502e-01 
 1.47910839e+02 -1.82949148e+01  1.21689823e-01 
 1.49623566e+02 -1.83260214e+01  1.21254797e-01 
 1.51356125e+02 -1.83576236e+01  1.20814433e-01 
 1.53108746e+02 -1.83897256e+01  1.20368742e-01 
 1.54881662e+02 -1.84223315e+01  1.19917738e-01 
 1.56675107e+02 -1.84554454e+01  1.19461436e-01 
 1.58489319e+02 -1.84890712e+01  1.18999857e-01 
 1.60324539e+02 -1.85232129e+01  1.18533022e-01 
 1.62181010e+02 -1.85578741e+01  1.18060955e-01 
 1.64058977e+02 -1.85930587e+01  1.17583685e-01 
 1.65958691e+02 -1.86287701e+01  1.17101240e-01 
 1.67880402e+02 -1.86650119e+01  1.16613654e-01 
 1.69824365e+02 -1.87017874e+01  1.16120963e-01 
 1.71790839e+02 -1.87390999e+01  1.15623205e-01 
 1.73780083e+02 -1.87769526e+01  1.15120422e-01 
 1.75792361e+02 -1.88153483e+01  1.14612658e-01 
 1.77827941e+02 -1.88542902e+01  1.14099959e-01 
 1.79887092e+02 -1.88937809e+01  1.13582377e-01 
 1.81970086e+02 -1.89338231e+01  1.13059964e-01 
 1.84077200e+02 -1.89744194e+01  1.12532775e-01 
 1.86208714e+02 -1.90155721e+01  1.12000869e-01 
 1.88364909e+02 -1.90572836e+01  1.11464307e-01 
 1.90546072e+02 -1.90995559e+01  1.10923152e-01 
 1.92752491e+02 -1.91423911e+01  1.10377472e-01 
 1.94984460e+02 -1.91857911e+01  1.09827335e-01 
 1.97242274e+02 -1.92297574e+01  1.09272814e-01 
 1.99526231e+02 -1.92742918e+01  1.08713983e-01 
 2.01836636e+02 -1.93193957e+01  1.08150920e-01 
 2.04173794e+02 -1.93650702e+01  1.07583703e-01 
 2.06538016e+02 -1.94113167e+01  1.07012415e-01 
 2.08929613e+02 -1.94581360e+01  1.06437141e-01 
 2.11348904e+02 -1.95055290e+01  1.05857967e-01 
 2.13796209e+02 -1.95534964e+01  1.05274983e-01 
 2.16271852e+02 -1.96020388e+01  1.04688279e-01 
 2.18776162e+02 -1.96511564e+01  1.04097950e-01 
 2.21309471e+02 -1.97008496e+01  1.03504092e-01 
 2.23872114e+02 -1.97511185e+01  1.02906801e-01 
 2.26464431e+02 -1.98019629e+01  1.02306177e-01 
 2.29086765e+02 -1.98533826e+01  1.01702322e-01 
 2.31739465e+02 -1.99053773e+01  1.01095339e-01 
 2.34422882e+02 -1.99579464e+01  1.00485333e-01 
 2.37137371e+02 -2.00110893e+01  9.98724109e-02 
 2.39883292e+02 -2.00648051e+01  9.92566797e-02 
 2.42661010e+02 -2.01190929e+01  9.86382494e-02 
 2.45470892e+02 -2.01739514e+01  9.80172306e-02 
 2.48313311e+02 -2.02293795e+01  9.73937353e-02 
 2.51188643e+02 -2.02853758e+01  9.67678766e-02 
 2.54097271e+02 -2.03419385e+01  9.61397686e-02 
 2.57039578e+02 -2.03990662e+01  9.55095265e-02 
 2.60015956e+02 -2.04567568e+01  9.48772660e-02 
 2.63026799e+02 -2.05150084e+01  9.42431039e-02 
 2.66072506e+02 -2.05738189e+01  9.36071574e-02 
 2.69153480e+02 -2.06331859e+01  9.29695445e-02 
 2.72270131e+02 -2.06931072e+01  9.23303832e-02 
 2.75422870e+02 -2.07535802e+01  9.16897921e-02 
 2.78612117e+02 -2.08146023e+01  9.10478903e-02 
 2.81838293e+02 -2.08761705e+01  9.04047966e-02 
 2.85101827e+02 -2.09382822e+01  8.97606300e-02 
 2.88403150e+02 -2.10009341e+01  8.91155095e-02 
 2.91742701e+02 -2.10641233e+01  8.84695538e-02 
 2.95120923e+02 -2.11278463e+01  8.78228816e-02 
 2.98538262e+02 -2.11921000e+01  8.71756110e-02 
 3.01995172e+02 -2.12568808e+01  8.65278598e-02 
 3.05492111e+02 -2.13221850e+01  8.58797453e-02 
 3.09029543e+02 -2.13880092e+01  8.52313841e-02 
 3.12607937e+02 -2.14543494e+01  8.45828920e-02 
 3.16227766e+02 -2.15212018e+01  8.39343844e-02 
 3.19889511e+02 -2.15885625e+01  8.32859754e-02 
 3.23593657e+02 -2.16564273e+01  8.26377783e-02 
 3.27340695e+02 -2.17247923e+01  8.19899056e-02 
 3.31131121e+02 -2.17936531e+01  8.13424683e-02 
 3.34965439e+02 -2.18630054e+01  8.06955765e-02 
 3.38844156e+02 -2.19328450e+01  8.00493390e-02 
 3.42767787e+02 -2.20031673e+01  7.94038633e-02 
 3.46736850e+02 -2.20739680e+01  7.87592554e-02 
 3.50751874e+02 -2.21452423e+01  7.81156200e-02 
 3.54813389e+02 -2.22169858e+01  7.74730603e-02 
 3.58921935e+02 -2.22891936e+01  7.68316779e-02 
 3.63078055e+02 -2.23618612e+01  7.61915728e-02 
 3.67282300e+02 -2.24349837e+01  7.55528434e-02 
 3.71535229e+02 -2.25085563e+01  7.49155863e-02 
 3.75837404e+02 -2.25825742e+01  7.42798964e-02 
 3.80189396e+02 -2.26570324e+01  7.36458668e-02 
 3.84591782e+02 -2.27319261e+01  7.30135888e-02 
 3.89045145e+02 -2.28072502e+01  7.23831519e-02 
 3.93550075e+02 -2.28829998e+01  7.17546437e-02 
 3.98107171e+02 -2.29591698e+01  7.11281497e-02 
 4.02717034e+02 -2.30357552e+01  7.05037536e-02 
 4.07380278e+02 -2.31127510e+01  6.98815372e-02 
 4.12097519e+02 -2.31901521e+01  6.92615802e-02 
 4.16869383e+02 -2.32679534e+01  6.86439602e-02 
 4.21696503e+02 -2.33461498e+01  6.80287530e-02 
 4.26579519e+02 -2.34247362e+01  6.74160323e-02 
 4.31519077e+02 -2.35037076e+01  6.68058697e-02 
 4.36515832e+02 -2.35830587e+01  6.61983346e-02 
 4.41570447e+02 -2.36627846e+01  6.55934947e-02 
 4.46683592e+02 -2.37428801e+01  6.49914153e-02 
 4.51855944e+02 -2.38233401e+01  6.43921599e-02 
 4.57088190e+02 -2.39041596e+01  6.37957898e-02 
 4.62381021e+02 -2.39853335e+01  6.32023642e-02 
 4.67735141e+02 -2.40668567e+01  6.26119404e-02 
 4.73151259e+02 -2.41487243e+01  6.20245735e-02 
 4.78630092e+02 -2.42309311e+01  6.14403167e-02 
 4.84172368e+02 -2.43134722e+01  6.08592211e-02 
 4.89778819e+02 -2.43963426e+01  6.02813359e-02 
 4.95450191e+02 -2.44795374e+01  5.97067083e-02 
 5.01187234e+02 -2.45630517e+01  5.91353832e-02 
 5.06990708e+02 -2.46468805e+01  5.85674041e-02 
 5.12861384e+02 -2.47310190e+01  5.80028121e-02 
 5.18800039e+02 -2.48154624e+01  5.74416466e-02 
 5.24807460e+02 -2.49002058e+01  5.68839451e-02 
 5.30884444e+02 -2.49852446e+01  5.63297432e-02 
 5.37031796e+02 -2.50705739e+01  5.57790746e-02 
 5.43250331e+02 -2.51561891e+01  5.52319713e-02 
 5.49540874e+02 -2.52420856e+01  5.46884635e-02 
 5.55904257e+02 -2.53282586e+01  5.41485795e-02 
 5.62341325e+02 -2.54147038e+01  5.36123460e-02 
 5.68852931e+02 -2.55014164e+01  5.30797879e-02 
 5.75439937e+02 -2.55883921e+01  5.25509286e-02 
 5.82103218e+02 -2.56756264e+01  5.20257895e-02 
 5.88843655e+02 -2.57631149e+01  5.15043908e-02 
 5.95662144e+02 -2.58508533e+01  5.09867509e-02 
 6.02559586e+02 -2.59388371e+01  5.04728865e-02 
 6.09536897e+02 -2.60270623e+01  4.99628132e-02 
 6.16595002e+02 -2.61155246e+01  4.94565447e-02 
 6.23734835e+02 -2.62042198e+01  4.89540934e-02 
 6.30957344e+02 -2.62931437e+01  4.84554703e-02 
 6.38263486e+02 -2.63822924e+01  4.79606851e-02 
 6.45654229e+02 -2.64716619e+01  4.74697459e-02 
 6.53130553e+02 -2.65612480e+01  4.69826596e-02 
 6.60693448e+02 -2.66510471e+01  4.64994319e-02 
 6.68343918e+02 -2.67410550e+01  4.60200672e-02 
 6.76082975e+02 -2.68312682e+01  4.55445684e-02 
 6.83911647e+02 -2.69216827e+01  4.50729377e-02 
 6.91830971e+02 -2.70122949e+01  4.46051758e-02 
 6.99841996e+02 -2.71031011e+01  4.41412822e-02 
 7.07945784e+02 -2.71940977e+01  4.36812556e-02 
 7.16143410e+02 -2.72852812e+01  4.32250935e-02 
 7.24435960e+02 -2.73766480e+01  4.27727922e-02 
 7.32824533e+02 -2.74681946e+01  4.23243474e-02 
 7.41310241e+02 -2.75599177e+01  4.18797534e-02 
 7.49894209e+02 -2.76518139e+01  4.14390037e-02 
 7.58577575e+02 -2.77438799e+01  4.10020911e-02 
 7.67361489e+02 -2.78361124e+01  4.05690073e-02 
 7.76247117e+02 -2.79285082e+01  4.01397431e-02 
 7.85235635e+02 -2.80210642e+01  3.97142887e-02 
 7.94328235e+02 -2.81137773e+01  3.92926333e-02 
 8.03526122e+02 -2.82066443e+01  3.88747656e-02 
 8.12830516e+02 -2.82996624e+01  3.84606732e-02 
 8.22242650e+02 -2.83928284e+01  3.80503433e-02 
 8.31763771e+02 -2.84861396e+01  3.76437622e-02 
 8.41395142e+02 -2.85795930e+01  3.72409157e-02 
 8.51138038e+02 -2.86731858e+01  3.68417890e-02 
 8.60993752e+02 -2.87669152e+01  3.64463665e-02 
 8.70963590e+02 -2.88607786e+01  3.60546321e-02 
 8.81048873e+02 -2.89547733e+01  3.56665693e-02 
 8.91250938e+02 -2.90488965e+01  3.52821608e-02 
 9.01571138e+02 -2.91431457e+01  3.49013891e-02 
 9.12010839e+02 -2.92375185e+01  3.45242360e-02 
 9.22571427e+02 -2.93320122e+01  3.41506828e-02 
 9.33254301e+02 -2.94266244e+01  3.37807104e-02 
 9.44060876e+02 -2.95213528e+01  3.34142996e-02 
 9.54992586e+02 -2.96161948e+01  3.30514302e-02 
 9.66050879e+02 -2.97111484e+01  3.26920822e-02 
 9.77237221e+02 -2.98062110e+01  3.23362349e-02 
 9.88553095e+02 -2.99013805e+01  3.19838673e-02 
 1.00000000e+03 -2.99966547e+01  3.16349581e-02 
 1.01157945e+03 -3.00920315e+01  3.12894859e-02 
 1.02329299e+03 -3.01875086e+01  3.09474287e-02 
 1.03514217e+03 -3.02830840e+01  3.06087643e-02 
 1.04712855e+03 -3.03787558e+01  3.02734705e-02 
 1.05925373e+03 -3.04745218e+01  2.99415246e-02 
 1.07151931e+03 -3.05703801e+01  2.96129038e-02 
 1.08392691e+03 -3.06663288e+01  2.92875850e-02 
 1.09647820e+03 -3.07623659e+01  2.89655450e-02 
 1.10917482e+03 -3.08584897e+01  2.86467604e-02 
 1.12201845e+03 -3.09546983e+01  2.83312076e-02 
 1.13501082e+03 -3.10509899e+01  2.80188630e-02 
 1.14815362e+03 -3.11473627e+01  2.77097027e-02 
 1.16144861e+03 -3.12438151e+01  2.74037027e-02 
 1.17489755e+03 -3.13403453e+01  2.71008390e-02 
 1.18850223e+03 -3.14369517e+01  2.68010874e-02 
 1.20226443e+03 -3.15336327e+01  2.65044236e-02 
 1.21618600e+03 -3.16303867e+01  2.62108235e-02 
 1.23026877e+03 -3.17272121e+01  2.59202624e-02 
 1.24451461e+03 -3.18241074e+01  2.56327161e-02 
 1.25892541e+03 -3.19210712e+01  2.53481601e-02 
 1.27350308e+03 -3.20181019e+01  2.50665698e-02 
 1.28824955e+03 -3.21151980e+01  2.47879207e-02 
 1.30316678e+03 -3.22123583e+01  2.45121883e-02 
 1.31825674e+03 -3.23095813e+01  2.42393480e-02 
 1.33352143e+03 -3.24068657e+01  2.39693754e-02 
 1.34896288e+03 -3.25042101e+01  2.37022457e-02 
 1.36458314e+03 -3.26016132e+01  2.34379347e-02 
 1.38038426e+03 -3.26990738e+01  2.31764177e-02 
 1.39636836e+03 -3.27965907e+01  2.29176703e-02 
 1.41253754e+03 -3.28941625e+01  2.26616681e-02 
 1.42889396e+03 -3.29917882e+01  2.24083868e-02 
 1.44543977e+03 -3.30894664e+01  2.21578020e-02 
 1.46217717e+03 -3.31871962e+01  2.19098896e-02 
 1.47910839e+03 -3.32849764e+01  2.16646253e-02 
 1.49623566e+03 -3.33828058e+01  2.14219850e-02 
 1.51356125e+03 -3.34806834e+01  2.11819447e-02 
 1.53108746e+03 -3.35786081e+01  2.09444806e-02 
 1.54881662e+03 -3.36765790e+01  2.07095686e-02 
 1.56675107e+03 -3.37745949e+01  2.04771851e-02 
 1.58489319e+03 -3.38726549e+01  2.02473063e-02 
 1.60324539e+03 -3.39707581e+01  2.00199088e-02 
 1.62181010e+03 -3.40689034e+01  1.97949691e-02 
 1.64058977e+03 -3.41670900e+01  1.95724638e-02 
 1.65958691e+03 -3.42653170e+01  1.93523697e-02 
 1.67880402e+03 -3.43635834e+01  1.91346636e-02 
 1.69824365e+03 -3.44618883e+01  1.89193227e-02 
 1.71790839e+03 -3.45602310e+01  1.87063239e-02 
 1.73780083e+03 -3.46586106e+01  1.84956445e-02 
 1.75792361e+03 -3.47570262e+01  1.82872620e-02 
 1.77827941e+03 -3.48554772e+01  1.80811539e-02 
 1.79887092e+03 -3.49539626e+01  1.78772977e-02 
 1.81970086e+03 -3.50524817e+01  1.76756712e-02 
 1.84077200e+03 -3.51510338e+01  1.74762525e-02 
 1.86208714e+03 -3.52496181e+01  1.72790195e-02 
 1.88364909e+03 -3.53482340e+01  1.70839504e-02 
 1.90546072e+03 -3.54468806e+01  1.68910236e-02 
 1.92752491e+03 -3.55455574e+01  1.67002176e-02 
 1.94984460e+03 -3.56442636e+01  1.65115111e-02 
 1.97242274e+03 -3.57429986e+01  1.63248827e-02 
 1.99526231e+03 -3.58417617e+01  1.61403115e-02 
 2.01836636e+03 -3.59405524e+01  1.59577766e-02 
 2.04173794e+03 -3.60393700e+01  1.57772571e-02 
 2.06538016e+03 -3.61382138e+01  1.55987325e-02 
 2.08929613e+03 -3.62370833e+01  1.54221824e-02 
 2.11348904e+03 -3.63359780e+01  1.52475864e-02 
 2.13796209e+03 -3.64348971e+01  1.50749244e-02 
 2.16271852e+03 -3.65338403e+01  1.49041765e-02 
 2.18776162e+03 -3.66328069e+01  1.47353228e-02 
 2.21309471e+03 -3.67317965e+01  1.45683436e-02 
 2.23872114e+03 -3.68308084e+01  1.44032195e-02 
 2.26464431e+03 -3.69298423e+01  1.42399311e-02 
 2.29086765e+03 -3.70288975e+01  1.40784592e-02 
 2.31739465e+03 -3.71279736e+01  1.39187848e-02 
 2.34422882e+03 -3.72270702e+01  1.37608890e-02 
 2.37137371e+03 -3.73261867e+01  1.36047531e-02 
 2.39883292e+03 -3.74253227e+01  1.34503586e-02 
 2.42661010e+03 -3.75244778e+01  1.32976871e-02 
 2.45470892e+03 -3.76236515e+01  1.31467203e-02 
 2.48313311e+03 -3.77228434e+01  1.29974402e-02 
 2.51188643e+03 -3.78220531e+01  1.28498289e-02 
 2.54097271e+03 -3.79212801e+01  1.27038686e-02 
 2.57039578e+03 -3.80205241e+01  1.25595417e-02 
 2.60015956e+03 -3.81197847e+01  1.24168308e-02 
 2.63026799e+03 -3.82190615e+01  1.22757186e-02 
 2.66072506e+03 -3.83183541e+01  1.21361880e-02 
 2.69153480e+03 -3.84176621e+01  1.19982220e-02 
 2.72270131e+03 -3.85169852e+01  1.18618039e-02 
 2.75422870e+03 -3.86163231e+01  1.17269169e-02 
 2.78612117e+03 -3.87156753e+01  1.15935445e-02 
 2.81838293e+03 -3.88150416e+01  1.14616705e-02 
 2.85101827e+03 -3.89144216e+01  1.13312786e-02 
 2.88403150e+03 -3.90138151e+01  1.12023528e-02 
 2.91742701e+03 -3.91132216e+01  1.10748772e-02 
 2.95120923e+03 -3.92126409e+01  1.09488362e-02 
 2.98538262e+03 -3.93120726e+01  1.08242140e-02 
 3.01995172e+03 -3.94115166e+01  1.07009953e-02 
 3.05492111e+03 -3.95109724e+01  1.05791648e-02 
 3.09029543e+03 -3.96104398e+01  1.04587073e-02 
 3.12607937e+03 -3.97099186e+01  1.03396080e-02 
 3.16227766e+03 -3.98094084e+01  1.02218518e-02 
 3.19889511e+03 -3.99089090e+01  1.01054243e-02 
 3.23593657e+03 -4.00084201e+01  9.99031074e-03 
 3.27340695e+03 -4.01079414e+01  9.87649681e-03 
 3.31131121e+03 -4.02074728e+01  9.76396824e-03 
 3.34965439e+03 -4.03070140e+01  9.65271091e-03 
 3.38844156e+03 -4.04065647e+01  9.54271084e-03 
 3.42767787e+03 -4.05061247e+01  9.43395422e-03 
 3.46736850e+03 -4.06056938e+01  9.32642734e-03 
 3.50751874e+03 -4.07052717e+01  9.22011665e-03 
 3.54813389e+03 -4.08048582e+01  9.11500874e-03 
 3.58921935e+03 -4.09044531e+01  9.01109032e-03 
 3.63078055e+03 -4.10040563e+01  8.90834825e-03 
 3.67282300e+03 -4.11036674e+01  8.80676953e-03 
 3.71535229e+03 -4.12032863e+01  8.70634128e-03 
 3.75837404e+03 -4.13029127e+01  8.60705076e-03 
 3.80189396e+03 -4.14025466e+01  8.50888535e-03 
 3.84591782e+03 -4.15021876e+01  8.41183258e-03 
 3.89045145e+03 -4.16018356e+01  8.31588009e-03 
 3.93550075e+03 -4.17014905e+01  8.22101567e-03 
 3.98107171e+03 -4.18011520e+01  8.12722722e-03 
 4.02717034e+03 -4.19008199e+01  8.03450276e-03 
 4.07380278e+03 -4.20004941e+01  7.94283047e-03 
 4.12097519e+03 -4.21001745e+01  7.85219862e-03 
 4.16869383e+03 -4.21998608e+01  7.76259561e-03 
 4.21696503e+03 -4.22995528e+01  7.67400998e-03 
 4.26579519e+03 -4.23992505e+01  7.58643036e-03 
 4.31519077e+03 -4.24989536e+01  7.49984554e-03 
 4.36515832e+03 -4.25986621e+01  7.41424439e-03 
 4.41570447e+03 -4.26983756e+01  7.32961593e-03 
 4.46683592e+03 -4.27980942e+01  7.24594928e-03 
 4.51855944e+03 -4.28978176e+01  7.16323367e-03 
 4.57088190e+03 -4.29975458e+01  7.08145846e-03 
 4.62381021e+03 -4.30972784e+01  7.00061312e-03 
 4.67735141e+03 -4.31970155e+01  6.92068723e-03 
 4.73151259e+03 -4.32967564e+01  6.84167088e-03 
 4.78630092e+03 -4.33965020e+01  6.76355307e-03 
 4.84172368e+03 -4.34962515e+01  6.68632412e-03 
 4.89778819e+03 -4.35960049e+01  6.60997405e-03 
 4.95450191e+03 -4.36957621e+01  6.53449299e-03 
 5.01187234e+03 -4.37955229e+01  6.45987118e-03 
 5.06990708e+03 -4.38952871e+01  6.38609895e-03 
 5.12861384e+03 -4.39950548e+01  6.31316677e-03 
 5.18800039e+03 -4.40948257e+01  6.24106516e-03 
 5.24807460e+03 -4.41945997e+01  6.16978480e-03 
 5.30884444e+03 -4.42943767e+01  6.09931644e-03 
 5.37031796e+03 -4.43941566e+01  6.02965093e-03 
 5.43250331e+03 -4.44939393e+01  5.96077922e-03 
 5.49540874e+03 -4.45937246e+01  5.89269237e-03 
 5.55904257e+03 -4.46935125e+01  5.82538154e-03 
 5.62341325e+03 -4.47933028e+01  5.75883798e-03 
 5.68852931e+03 -4.48930954e+01  5.69305302e-03 
 5.75439937e+03 -4.49928903e+01  5.62801811e-03 
 5.82103218e+03 -4.50926872e+01  5.56372478e-03 
 5.88843655e+03 -4.51924862e+01  5.50016466e-03 
 5.95662144e+03 -4.52922870e+01  5.43732948e-03 
 6.02559586e+03 -4.53920896e+01  5.37521103e-03 
 6.09536897e+03 -4.54918939e+01  5.31380122e-03 
 6.16595002e+03 -4.55916998e+01  5.25309205e-03 
 6.23734835e+03 -4.56915071e+01  5.19307558e-03 
 6.30957344e+03 -4.57913159e+01  5.13374399e-03 
 6.38263486e+03 -4.58911258e+01  5.07508952e-03 
 6.45654229e+03 -4.59909370e+01  5.01710453e-03 
 6.53130553e+03 -4.60907492e+01  4.95978143e-03 
 6.60693448e+03 -4.61905624e+01  4.90311272e-03 
 6.68343918e+03 -4.62903765e+01  4.84709101e-03 
 6.76082975e+03 -4.63901914e+01  4.79170895e-03 
 6.83911647e+03 -4.64900069e+01  4.73695932e-03 
 6.91830971e+03 -4.65898230e+01  4.68283493e-03 
 6.99841996e+03 -4.66896396e+01  4.62932872e-03 
 7.07945784e+03 -4.67894566e+01  4.57643366e-03 
 7.16143410e+03 -4.68892738e+01  4.52414284e-03 
 7.24435960e+03 -4.69890913e+01  4.47244940e-03 
 7.32824533e+03 -4.70889088e+01  4.42134656e-03 
 7.41310241e+03 -4.71887264e+01  4.37082764e-03 
 7.49894209e+03 -4.72885438e+01  4.32088600e-03 
 7.58577575e+03 -4.73883606e+01  4.27151534e-03 
 7.67361489e+03 -4.74881776e+01  4.22270869e-03 
 7.76247117e+03 -4.75879941e+01  4.17445990e-03 
 7.85235635e+03 -4.76878102e+01  4.12676263e-03 
 7.94328235e+03 -4.77876257e+01  4.07961062e-03 
 8.03526122e+03 -4.78874406e+01  4.03299768e-03 
 8.12830516e+03 -4.79872546e+01  3.98691769e-03 
 8.22242650e+03 -4.80870678e+01  3.94136459e-03 
 8.31763771e+03 -4.81868800e+01  3.89633241e-03 
 8.41395142e+03 -4.82866911e+01  3.85181522e-03 
 8.51138038e+03 -4.83865011e+01  3.80780717e-03 
 8.60993752e+03 -4.84863097e+01  3.76430247e-03 
 8.70963590e+03 -4.85861170e+01  3.72129541e-03 
 8.81048873e+03 -4.86859229e+01  3.67878034e-03 
 8.91250938e+03 -4.87857271e+01  3.63675165e-03 
 9.01571138e+03 -4.88855297e+01  3.59520382e-03 
 9.12010839e+03 -4.89853305e+01  3.55413138e-03 
 9.22571427e+03 -4.90851293e+01  3.51352893e-03 
 9.33254301e+03 -4.91849262e+01  3.47339112e-03 
 9.44060876e+03 -4.92847210e+01  3.43371267e-03 
 9.54992586e+03 -4.93845135e+01  3.39448835e-03 
 9.66050879e+03 -4.94843033e+01  3.35571320e-03 
 9.77237221e+03 -4.95840911e+01  3.31738171e-03 
 9.88553095e+03 -4.96838763e+01  3.27948904e-03 
 1.00000000e+04 -4.97836589e+01  3.24203018e-03 
 1.01157945e+04 -4.98834387e+01  3.20500021e-03 
 1.02329299e+04 -4.99832157e+01  3.16839425e-03 
 1.03514217e+04 -5.00829896e+01  3.13220747e-03 
 1.04712855e+04 -5.01827604e+01  3.09643510e-03 
 1.05925373e+04 -5.02825279e+01  3.06107242e-03 
 1.07151931e+04 -5.03822921e+01  3.02611478e-03 
 1.08392691e+04 -5.04820527e+01  2.99155756e-03 
 1.09647820e+04 -5.05818098e+01  2.95739621e-03 
 1.10917482e+04 -5.06815631e+01  2.92362621e-03 
 1.12201845e+04 -5.07813125e+01  2.89024312e-03 
 1.13501082e+04 -5.08810574e+01  2.85724270e-03 
 1.14815362e+04 -5.09807986e+01  2.82462026e-03 
 1.16144861e+04 -5.10805356e+01  2.79237166e-03 
 1.17489755e+04 -5.11802681e+01  2.76049265e-03 
 1.18850223e+04 -5.12799961e+01  2.72897901e-03 
 1.20226443e+04 -5.13797193e+01  2.69782660e-03 
 1.21618600e+04 -5.14794378e+01  2.66703130e-03 
 1.23026877e+04 -5.15791512e+01  2.63658903e-03 
 1.24451461e+04 -5.16788594e+01  2.60649580e-03 
 1.25892541e+04 -5.17785624e+01  2.57674761e-03 
 1.27350308e+04 -5.18782599e+01  2.54734054e-03 
 1.28824955e+04 -5.19779515e+01  2.51827078e-03 
 1.30316678e+04 -5.20776376e+01  2.48953434e-03 
 1.31825674e+04 -5.21773177e+01  2.46112751e-03 
 1.33352143e+04 -5.22769917e+01  2.43304653e-03 
 1.34896288e+04 -5.23766592e+01  2.40528776e-03 
 1.36458314e+04 -5.24763204e+01  2.37784739e-03 
 1.38038426e+04 -5.25759751e+01  2.35072186e-03 
 1.39636836e+04 -5.26756229e+01  2.32390760e-03 
 1.41253754e+04 -5.27752634e+01  2.29740113e-03 
 1.42889396e+04 -5.28748970e+01  2.27119880e-03 
 1.44543977e+04 -5.29745232e+01  2.24529723e-03 
 1.46217717e+04 -5.30741418e+01  2.21969299e-03 
 1.47910839e+04 -5.31737524e+01  2.19438275e-03 
 1.49623566e+04 -5.32733552e+01  2.16936305e-03 
 1.51356125e+04 -5.33729498e+01  2.14463065e-03 
 1.53108746e+04 -5.34725358e+01  2.12018232e-03 
 1.54881662e+04 -5.35721134e+01  2.09601473e-03 
 1.56675107e+04 -5.36716822e+01  2.07212472e-03 
 1.58489319e+04 -5.37712418e+01  2.04850915e-03 
 1.60324539e+04 -5.38707919e+01  2.02516495e-03 
 1.62181010e+04 -5.39703325e+01  2.00208898e-03 
 1.64058977e+04 -5.40698635e+01  1.97927812e-03 
 1.65958691e+04 -5.41693845e+01  1.95672941e-03 
 1.67880402e+04 -5.42688950e+01  1.93443994e-03 
 1.69824365e+04 -5.43683952e+01  1.91240663e-03 
 1.71790839e+04 -5.44678846e+01  1.89062663e-03 
 1.73780083e+04 -5.45673627e+01  1.86909711e-03 
 1.75792361e+04 -5.46668297e+01  1.84781512e-03 
 1.77827941e+04 -5.47662848e+01  1.82677795e-03 
 1.79887092e+04 -5.48657283e+01  1.80598271e-03 
 1.81970086e+04 -5.49651593e+01  1.78542674e-03 
 1.84077200e+04 -5.50645781e+01  1.76510724e-03 
 1.86208714e+04 -5.51639841e+01  1.74502156e-03 
 1.88364909e+04 -5.52633767e+01  1.72516708e-03 
 1.90546072e+04 -5.53627562e+01  1.70554110e-03 
 1.92752491e+04 -5.54621217e+01  1.68614110e-03 
 1.94984460e+04 -5.55614734e+01  1.66696442e-03 
 1.97242274e+04 -5.56608104e+01  1.64800862e-03 
 1.99526231e+04 -5.57601329e+01  1.62927110e-03 
 2.01836636e+04 -5.58594401e+01  1.61074947e-03 
 2.04173794e+04 -5.59587320e+01  1.59244118e-03 
 2.06538016e+04 -5.60580079e+01  1.57434391e-03 
 2.08929613e+04 -5.61572677e+01  1.55645516e-03 
 2.11348904e+04 -5.62565108e+01  1.53877266e-03 
 2.13796209e+04 -5.63557368e+01  1.52129402e-03 
 2.16271852e+04 -5.64549458e+01  1.50401688e-03 
 2.18776162e+04 -5.65541366e+01  1.48693905e-03 
 2.21309471e+04 -5.66533093e+01  1.47005822e-03 
 2.23872114e+04 -5.67524635e+01  1.45337211e-03 
 2.26464431e+04 -5.68515985e+01  1.43687860e-03 
 2.29086765e+04 -5.69507141e+01  1.42057542e-03 
 2.31739465e+04 -5.70498095e+01  1.40446049e-03 
 2.34422882e+04 -5.71488844e+01  1.38853163e-03 
 2.37137371e+04 -5.72479384e+01  1.37278675e-03 
 2.39883292e+04 -5.73469713e+01  1.35722371e-03 
 2.42661010e+04 -5.74459819e+01  1.34184053e-03 
 2.45470892e+04 -5.75449701e+01  1.32663513e-03 
 2.48313311e+04 -5.76439354e+01  1.31160550e-03 
 2.51188643e+04 -5.77428772e+01  1.29674965e-03 
 2.54097271e+04 -5.78417952e+01  1.28206558e-03 
 2.57039578e+04 -5.79406884e+01  1.26755140e-03 
 2.60015956e+04 -5.80395564e+01  1.25320518e-03 
 2.63026799e+04 -5.81383987e+01  1.23902499e-03 
 2.66072506e+04 -5.82372146e+01  1.22500897e-03 
 2.69153480e+04 -5.83360037e+01  1.21115525e-03 
 2.72270131e+04 -5.84347651e+01  1.19746201e-03 
 2.75422870e+04 -5.85334984e+01  1.18392743e-03 
 2.78612117e+04 -5.86322028e+01  1.17054970e-03 
 2.81838293e+04 -5.87308777e+01  1.15732707e-03 
 2.85101827e+04 -5.88295225e+01  1.14425778e-03 
 2.88403150e+04 -5.89281364e+01  1.13134010e-03 
 2.91742701e+04 -5.90267187e+01  1.11857231e-03 
 2.95120923e+04 -5.91252685e+01  1.10595276e-03 
 2.98538262e+04 -5.92237857e+01  1.09347967e-03 
 3.01995172e+04 -5.93222687e+01  1.08115152e-03 
 3.05492111e+04 -5.94207176e+01  1.06896656e-03 
 3.09029543e+04 -5.95191307e+01  1.05692329e-03 
 3.12607937e+04 -5.96175076e+01  1.04502004e-03 
 3.16227766e+04 -5.97158480e+01  1.03325520e-03 
 3.19889511e+04 -5.98141502e+01  1.02162730e-03 
 3.23593657e+04 -5.99124137e+01  1.01013476e-03 
 3.27340695e+04 -6.00106382e+01  9.98775987e-04 
 3.31131121e+04 -6.01088217e+01  9.87549597e-04 
 3.34965439e+04 -6.02069639e+01  9.76454041e-04 
 3.38844156e+04 -6.03050643e+01  9.65487792e-04 
 3.42767787e+04 -6.04031209e+01  9.54649507e-04 
 3.46736850e+04 -6.05011334e+01  9.43937694e-04 
 3.50751874e+04 -6.05991007e+01  9.33350932e-04 
 3.54813389e+04 -6.06970220e+01  9.22887789e-04 
 3.58921935e+04 -6.07948961e+01  9.12546906e-04 
 3.63078055e+04 -6.08927216e+01  9.02326936e-04 
 3.67282300e+04 -6.09904977e+01  8.92226498e-04 
 3.71535229e+04 -6.10882233e+01  8.82244250e-04 
 3.75837404e+04 -6.11858972e+01  8.72378869e-04 
 3.80189396e+04 -6.12835185e+01  8.62629046e-04 
 3.84591782e+04 -6.13810857e+01  8.52993487e-04 
 3.89045145e+04 -6.14785978e+01  8.43470913e-04 
 3.93550075e+04 -6.15760535e+01  8.34060061e-04 
 3.98107171e+04 -6.16734516e+01  8.24759681e-04 
 4.02717034e+04 -6.17707907e+01  8.15568538e-04 
 4.07380278e+04 -6.18680697e+01  8.06485414e-04 
 4.12097519e+04 -6.19652870e+01  7.97509101e-04 
 4.16869383e+04 -6.20624415e+01  7.88638408e-04 
 4.21696503e+04 -6.21595315e+01  7.79872179e-04 
 4.26579519e+04 -6.22565559e+01  7.71209205e-04 
 4.31519077e+04 -6.23535132e+01  7.62648358e-04 
 4.36515832e+04 -6.24504016e+01  7.54188522e-04 
 4.41570447e+04 -6.25472199e+01  7.45828551e-04 
 4.46683592e+04 -6.26439670e+01  7.37567293e-04 
 4.51855944e+04 -6.27406401e+01  7.29403755e-04 
 4.57088190e+04 -6.28372389e+01  7.21336748e-04 
 4.62381021e+04 -6.29337611e+01  7.13365240e-04 
 4.67735141e+04 -6.30302048e+01  7.05488212e-04 
 4.73151259e+04 -6.31265691e+01  6.97704536e-04 
 4.78630092e+04 -6.32228513e+01  6.90013257e-04 
 4.84172368e+04 -6.33190507e+01  6.82413272e-04 
 4.89778819e+04 -6.34151647e+01  6.74903631e-04 
 4.95450191e+04 -6.35111915e+01  6.67483332e-04 
 5.01187234e+04 -6.36071297e+01  6.60151350e-04 
 5.06990708e+04 -6.37029771e+01  6.52906728e-04 
 5.12861384e+04 -6.37987316e+01  6.45748520e-04 
 5.18800039e+04 -6.38943917e+01  6.38675736e-04 
 5.24807460e+04 -6.39899547e+01  6.31687471e-04 
 5.30884444e+04 -6.40854193e+01  6.24782756e-04 
 5.37031796e+04 -6.41807828e+01  6.17960709e-04 
 5.43250331e+04 -6.42760432e+01  6.11220400e-04 
 5.49540874e+04 -6.43711984e+01  6.04560933e-04 
 5.55904257e+04 -6.44662465e+01  5.97981401e-04 
 5.62341325e+04 -6.45611846e+01  5.91480961e-04 
 5.68852931e+04 -6.46560102e+01  5.85058762e-04 
 5.75439937e+04 -6.47507220e+01  5.78713879e-04 
 5.82103218e+04 -6.48453171e+01  5.72445500e-04 
 5.88843655e+04 -6.49397930e+01  5.66252785e-04 
 5.95662144e+04 -6.50341472e+01  5.60134909e-04 
 6.02559586e+04 -6.51283768e+01  5.54091085e-04 
 6.09536897e+04 -6.52224800e+01  5.48120441e-04 
 6.16595002e+04 -6.53164537e+01  5.42222225e-04 
 6.23734835e+04 -6.54102953e+01  5.36395633e-04 
 6.30957344e+04 -6.55040022e+01  5.30639884e-04 
 6.38263486e+04 -6.55975713e+01  5.24954223e-04 
 6.45654229e+04 -6.56910004e+01  5.19337857e-04 
 6.53130553e+04 -6.57842860e+01  5.13790062e-04 
 6.60693448e+04 -6.58774255e+01  5.08310081e-04 
 6.68343918e+04 -6.59704165e+01  5.02897149e-04 
 6.76082975e+04 -6.60632550e+01  4.97550595e-04 
 6.83911647e+04 -6.61559381e+01  4.92269687e-04 
 6.91830971e+04 -6.62484633e+01  4.87053687e-04 
 6.99841996e+04 -6.63408271e+01  4.81901907e-04 
 7.07945784e+04 -6.64330261e+01  4.76813667e-04 
 7.16143410e+04 -6.65250575e+01  4.71788254e-04 
 7.24435960e+04 -6.66169173e+01  4.66825031e-04 
 7.32824533e+04 -6.67086031e+01  4.61923275e-04 
 7.41310241e+04 -6.68001105e+01  4.57082377e-04 
 7.49894209e+04 -6.68914369e+01  4.52301631e-04 
 7.58577575e+04 -6.69825780e+01  4.47580441e-04 
 7.67361489e+04 -6.70735308e+01  4.42918130e-04 
 7.76247117e+04 -6.71642913e+01  4.38314092e-04 
 7.85235635e+04 -6.72548560e+01  4.33767690e-04 
 7.94328235e+04 -6.73452209e+01  4.29278318e-04 
 8.03526122e+04 -6.74353828e+01  4.24845343e-04 
 8.12830516e+04 -6.75253374e+01  4.20468174e-04 
 8.22242650e+04 -6.76150810e+01  4.16146214e-04 
 8.31763771e+04 -6.77046092e+01  4.11878898e-04 
 8.41395142e+04 -6.77939185e+01  4.07665608e-04 
 8.51138038e+04 -6.78830048e+01  4.03505781e-04 
 8.60993752e+04 -6.79718636e+01  3.99398858e-04 
 8.70963590e+04 -6.80604911e+01  3.95344265e-04 
 8.81048873e+04 -6.81488831e+01  3.91341446e-04 
 8.91250938e+04 -6.82370354e+01  3.87389842e-04 
 9.01571138e+04 -6.83249432e+01  3.83488939e-04 
 9.12010839e+04 -6.84126024e+01  3.79638179e-04 
 9.22571427e+04 -6.85000084e+01  3.75837041e-04 
 9.33254301e+04 -6.85871572e+01  3.72084979e-04 
 9.44060876e+04 -6.86740444e+01  3.68381473e-04 
 9.54992586e+04 -6.87606643e+01  3.64726051e-04 
 9.66050879e+04 -6.88470133e+01  3.61118164e-04 
 9.77237221e+04 -6.89330866e+01  3.57557319e-04 
 9.88553095e+04 -6.90188790e+01  3.54043030e-04 
 1.00000000e+05 -6.91043864e+01  3.50574787e-04 
 1.01157945e+05 -6.91896033e+01  3.47152131e-04 
 1.02329299e+05 -6.92745254e+01  3.43774555e-04 
 1.03514217e+05 -6.93591473e+01  3.40441610e-04 
 1.04712855e+05 -6.94434646e+01  3.37152800e-04 
 1.05925373e+05 -6.95274724e+01  3.33907659e-04 
 1.07151931e+05 -6.96111649e+01  3.30705756e-04 
 1.08392691e+05 -6.96945374e+01  3.27546625e-04 
 1.09647820e+05 -6.97775850e+01  3.24429808e-04 
 1.10917482e+05 -6.98603028e+01  3.21354851e-04 
 1.12201845e+05 -6.99426851e+01  3.18321332e-04 
 1.13501082e+05 -7.00247268e+01  3.15328815e-04 
 1.14815362e+05 -7.01064232e+01  3.12376851e-04 
 1.16144861e+05 -7.01877682e+01  3.09465039e-04 
 1.17489755e+05 -7.02687570e+01  3.06592940e-04 
 1.18850223e+05 -7.03493844e+01  3.03760137e-04 
 1.20226443e+05 -7.04296450e+01  3.00966217e-04 
 1.21618600e+05 -7.05095331e+01  2.98210785e-04 
 1.23026877e+05 -7.05890436e+01  2.95493422e-04 
 1.24451461e+05 -7.06681714e+01  2.92813727e-04 
 1.25892541e+05 -7.07469108e+01  2.90171303e-04 
 1.27350308e+05 -7.08252566e+01  2.87565758e-04 
 1.28824955e+05 -7.09032029e+01  2.84996717e-04 
 1.30316678e+05 -7.09807446e+01  2.82463781e-04 
 1.31825674e+05 -7.10578765e+01  2.79966569e-04 
 1.33352143e+05 -7.11345926e+01  2.77504718e-04 
 1.34896288e+05 -7.12108881e+01  2.75077834e-04 
 1.36458314e+05 -7.12867570e+01  2.72685566e-04 
 1.38038426e+05 -7.13621945e+01  2.70327528e-04 
 1.39636836e+05 -7.14371951e+01  2.68003365e-04 
 1.41253754e+05 -7.15117528e+01  2.65712730e-04 
 1.42889396e+05 -7.15858625e+01  2.63455260e-04 
 1.44543977e+05 -7.16595192e+01  2.61230596e-04 
 1.46217717e+05 -7.17327174e+01  2.59038389e-04 
 1.47910839e+05 -7.18054514e+01  2.56878306e-04 
 1.49623566e+05 -7.18777165e+01  2.54749990e-04 
 1.51356125e+05 -7.19495073e+01  2.52653104e-04 
 1.53108746e+05 -7.20208184e+01  2.50587315e-04 
 1.54881662e+05 -7.20916444e+01  2.48552296e-04 
 1.56675107e+05 -7.21619809e+01  2.46547700e-04 
 1.58489319e+05 -7.22318222e+01  2.44573215e-04 
 1.60324539e+05 -7.23011635e+01  2.42628506e-04 
 1.62181010e+05 -7.23700000e+01  2.40713251e-04 
 1.64058977e+05 -7.24383264e+01  2.38827142e-04 
 1.65958691e+05 -7.25061380e+01  2.36969852e-04 
 1.67880402e+05 -7.25734299e+01  2.35141079e-04 
 1.69824365e+05 -7.26401975e+01  2.33340501e-04 
 1.71790839e+05 -7.27064360e+01  2.31567815e-04 
 1.73780083e+05 -7.27721409e+01  2.29822716e-04 
 1.75792361e+05 -7.28373074e+01  2.28104907e-04 
 1.77827941e+05 -7.29019317e+01  2.26414071e-04 
 1.79887092e+05 -7.29660088e+01  2.24749927e-04 
 1.81970086e+05 -7.30295348e+01  2.23112169e-04 
 1.84077200e+05 -7.30925052e+01  2.21500515e-04 
 1.86208714e+05 -7.31549160e+01  2.19914670e-04 
 1.88364909e+05 -7.32167632e+01  2.18354346e-04 
 1.90546072e+05 -7.32780429e+01  2.16819258e-04 
 1.92752491e+05 -7.33387514e+01  2.15309122e-04 
 1.94984460e+05 -7.33988849e+01  2.13823659e-04 
 1.97242274e+05 -7.34584398e+01  2.12362589e-04 
 1.99526231e+05 -7.35174125e+01  2.10925639e-04 
 2.01836636e+05 -7.35757998e+01  2.09512533e-04 
 2.04173794e+05 -7.36335982e+01  2.08123006e-04 
 2.06538016e+05 -7.36908045e+01  2.06756788e-04 
 2.08929613e+05 -7.37474160e+01  2.05413604e-04 
 2.11348904e+05 -7.38034298e+01  2.04093189e-04 
 2.13796209e+05 -7.38588423e+01  2.02795299e-04 
 2.16271852e+05 -7.39136515e+01  2.01519661e-04 
 2.18776162e+05 -7.39678550e+01  2.00266013e-04 
 2.21309471e+05 -7.40214496e+01  1.99034113e-04 
 2.23872114e+05 -7.40744339e+01  1.97823694e-04 
 2.26464431e+05 -7.41268050e+01  1.96634514e-04 
 2.29086765e+05 -7.41785611e+01  1.95466324e-04 
 2.31739465e+05 -7.42297001e+01  1.94318878e-04 
 2.34422882e+05 -7.42802207e+01  1.93191923e-04 
 2.37137371e+05 -7.43301208e+01  1.92085225e-04 
 2.39883292e+05 -7.43793986e+01  1.90998549e-04 
 2.42661010e+05 -7.44280534e+01  1.89931644e-04 
 2.45470892e+05 -7.44760833e+01  1.88884288e-04 
 2.48313311e+05 -7.45234874e+01  1.87856243e-04 
 2.51188643e+05 -7.45702645e+01  1.86847277e-04 
 2.54097271e+05 -7.46164139e+01  1.85857163e-04 
 2.57039578e+05 -7.46619351e+01  1.84885667e-04 
 2.60015956e+05 -7.47068268e+01  1.83932578e-04 
 2.63026799e+05 -7.47510892e+01  1.82997661e-04 
 2.66072506e+05 -7.47947212e+01  1.82080711e-04 
 2.69153480e+05 -7.48377229e+01  1.81181502e-04 
 2.72270131e+05 -7.48800943e+01  1.80299817e-04 
 2.75422870e+05 -7.49218349e+01  1.79435453e-04 
 2.78612117e+05 -7.49629457e+01  1.78588182e-04 
 2.81838293e+05 -7.50034257e+01  1.77757821e-04 
 2.85101827e+05 -7.50432762e+01  1.76944143e-04 
 2.88403150e+05 -7.50824970e+01  1.76146959e-04 
 2.91742701e+05 -7.51210891e+01  1.75366061e-04 
 2.95120923e+05 -7.51590530e+01  1.74601251e-04 
 2.98538262e+05 -7.51963896e+01  1.73852332e-04 
 3.01995172e+05 -7.52330994e+01  1.73119118e-04 
 3.05492111e+05 -7.52691837e+01  1.72401411e-04 
 3.09029543e+05 -7.53046432e+01  1.71699030e-04 
 3.12607937e+05 -7.53394794e+01  1.71011780e-04 
 3.16227766e+05 -7.53736934e+01  1.70339486e-04 
 3.19889511e+05 -7.54072866e+01  1.69681959e-04 
 3.23593657e+05 -7.54402606e+01  1.69039021e-04 
 3.27340695e+05 -7.54726165e+01  1.68410503e-04 
 3.31131121e+05 -7.55043559e+01  1.67796232e-04 
 3.34965439e+05 -7.55354808e+01  1.67196030e-04 
 3.38844156e+05 -7.55659924e+01  1.66609738e-04 
 3.42767787e+05 -7.55958929e+01  1.66037182e-04 
 3.46736850e+05 -7.56251838e+01  1.65478208e-04 
 3.50751874e+05 -7.56538674e+01  1.64932648e-04 
 3.54813389e+05 -7.56819453e+01  1.64400349e-04 
 3.58921935e+05 -7.57094193e+01  1.63881163e-04 
 3.63078055e+05 -7.57362922e+01  1.63374920e-04 
 3.67282300e+05 -7.57625654e+01  1.62881490e-04 
 3.71535229e+05 -7.57882411e+01  1.62400719e-04 
 3.75837404e+05 -7.58133214e+01  1.61932467e-04 
 3.80189396e+05 -7.58378082e+01  1.61476598e-04 
 3.84591782e+05 -7.58617047e+01  1.61032956e-04 
 3.89045145e+05 -7.58850123e+01  1.60601422e-04 
 3.93550075e+05 -7.59077335e+01  1.60181858e-04 
 3.98107171e+05 -7.59298705e+01  1.59774134e-04 
 4.02717034e+05 -7.59514256e+01  1.59378128e-04 
 4.07380278e+05 -7.59724007e+01  1.58993718e-04 
 4.12097519e+05 -7.59927986e+01  1.58620776e-04 
 4.16869383e+05 -7.60126211e+01  1.58259192e-04 
 4.21696503e+05 -7.60318706e+01  1.57908850e-04 
 4.26579519e+05 -7.60505492e+01  1.57569638e-04 
 4.31519077e+05 -7.60686594e+01  1.57241446e-04 
 4.36515832e+05 -7.60862032e+01  1.56924171e-04 
 4.41570447e+05 -7.61031828e+01  1.56617707e-04 
 4.46683592e+05 -7.61196003e+01  1.56321957e-04 
 4.51855944e+05 -7.61354579e+01  1.56036825e-04 
 4.57088190e+05 -7.61507574e+01  1.55762220e-04 
 4.62381021e+05 -7.61655012e+01  1.55498048e-04 
 4.67735141e+05 -7.61796911e+01  1.55244221e-04 
 4.73151259e+05 -7.61933290e+01  1.55000661e-04 
 4.78630092e+05 -7.62064172e+01  1.54767277e-04 
 4.84172368e+05 -7.62189571e+01  1.54543998e-04 
 4.89778819e+05 -7.62309508e+01  1.54330747e-04 
 4.95450191e+05 -7.62423999e+01  1.54127455e-04 
 5.01187234e+05 -7.62533061e+01  1.53934050e-04 
 5.06990708e+05 -7.62636711e+01  1.53750467e-04 
 5.12861384e+05 -7.62734964e+01  1.53576647e-04 
 5.18800039e+05 -7.62827835e+01  1.53412528e-04 
 5.24807460e+05 -7.62915340e+01  1.53258052e-04 
 5.30884444e+05 -7.62997492e+01  1.53113167e-04 
 5.37031796e+05 -7.63074304e+01  1.52977825e-04 
 5.43250331e+05 -7.63145788e+01  1.52851978e-04 
 5.49540874e+05 -7.63211954e+01  1.52735585e-04 
 5.55904257e+05 -7.63272814e+01  1.52628603e-04 
 5.62341325e+05 -7.63328380e+01  1.52530994e-04 
 5.68852931e+05 -7.63378658e+01  1.52442728e-04 
 5.75439937e+05 -7.63423658e+01  1.52363771e-04 
 5.82103218e+05 -7.63463387e+01  1.52294096e-04 
 5.88843655e+05 -7.63497853e+01  1.52233676e-04 
 5.95662144e+05 -7.63527059e+01  1.52182497e-04 
 6.02559586e+05 -7.63551012e+01  1.52140534e-04 
 6.09536897e+05 -7.63569715e+01  1.52107778e-04 
 6.16595002e+05 -7.63583174e+01  1.52084211e-04 
 6.23734835e+05 -7.63591388e+01  1.52069830e-04 
 6.30957344e+05 -7.63594360e+01  1.52064627e-04 
 6.38263486e+05 -7.63592090e+01  1.52068600e-04 
 6.45654229e+05 -7.63584581e+01  1.52081748e-04 
 6.53130553e+05 -7.63571825e+01  1.52104084e-04 
 6.60693448e+05 -7.63553827e+01  1.52135604e-04 
 6.68343918e+05 -7.63530582e+01  1.52176324e-04 
 6.76082975e+05 -7.63502085e+01  1.52226259e-04 
 6.83911647e+05 -7.63468333e+01  1.52285423e-04 
 6.91830971e+05 -7.63429321e+01  1.52353837e-04 
 6.99841996e+05 -7.63385039e+01  1.52431528e-04 
 7.07945784e+05 -7.63335485e+01  1.52518518e-04 
 7.16143410e+05 -7.63280647e+01  1.52614840e-04 
 7.24435960e+05 -7.63220519e+01  1.52720523e-04 
 7.32824533e+05 -7.63155090e+01  1.52835609e-04 
 7.41310241e+05 -7.63084350e+01  1.52960133e-04 
 7.49894209e+05 -7.63008289e+01  1.53094135e-04 
 7.58577575e+05 -7.62926894e+01  1.53237666e-04 
 7.67361489e+05 -7.62840152e+01  1.53390775e-04 
 7.76247117e+05 -7.62748051e+01  1.53553509e-04 
 7.85235635e+05 -7.62650577e+01  1.53725926e-04 
 7.94328235e+05 -7.62547714e+01  1.53908084e-04 
 8.03526122e+05 -7.62439449e+01  1.54100041e-04 
 8.12830516e+05 -7.62325762e+01  1.54301870e-04 
 8.22242650e+05 -7.62206644e+01  1.54513624e-04 
 8.31763771e+05 -7.62082072e+01  1.54735386e-04 
 8.41395142e+05 -7.61952027e+01  1.54967229e-04 
 8.51138038e+05 -7.61816496e+01  1.55209222e-04 
 8.60993752e+05 -7.61675457e+01  1.55461451e-04 
 8.70963590e+05 -7.61528894e+01  1.55723992e-04 
 8.81048873e+05 -7.61376785e+01  1.55996938e-04 
 8.91250938e+05 -7.61219112e+01  1.56280374e-04 
 9.01571138e+05 -7.61055851e+01  1.56574395e-04 
 9.12010839e+05 -7.60886988e+01  1.56879090e-04 
 9.22571427e+05 -7.60712495e+01  1.57194565e-04 
 9.33254301e+05 -7.60532356e+01  1.57520913e-04 
 9.44060876e+05 -7.60346546e+01  1.57858244e-04 
 9.54992586e+05 -7.60155047e+01  1.58206662e-04 
 9.66050879e+05 -7.59957834e+01  1.58566277e-04 
 9.77237221e+05 -7.59754890e+01  1.58937198e-04 
 9.88553095e+05 -7.59546188e+01  1.59319546e-04 
 1.00000000e+06 -7.59331707e+01  1.59713440e-04 
 1.01157945e+06 -7.59111429e+01  1.60118995e-04 
 1.02329299e+06 -7.58885330e+01  1.60536337e-04 
 1.03514217e+06 -7.58653387e+01  1.60965596e-04 
 1.04712855e+06 -7.58415579e+01  1.61406904e-04 
 1.05925373e+06 -7.58171886e+01  1.61860386e-04 
 1.07151931e+06 -7.57922285e+01  1.62326182e-04 
 1.08392691e+06 -7.57666757e+01  1.62804428e-04 
 1.09647820e+06 -7.57405280e+01  1.63295268e-04 
 1.10917482e+06 -7.57137835e+01  1.63798842e-04 
 1.12201845e+06 -7.56864399e+01  1.64315300e-04 
 1.13501082e+06 -7.56584955e+01  1.64844789e-04 
 1.14815362e+06 -7.56299484e+01  1.65387462e-04 
 1.16144861e+06 -7.56007967e+01  1.65943469e-04 
 1.17489755e+06 -7.55710386e+01  1.66512970e-04 
 1.18850223e+06 -7.55406724e+01  1.67096125e-04 
 1.20226443e+06 -7.55096964e+01  1.67693095e-04 
 1.21618600e+06 -7.54781089e+01  1.68304046e-04 
 1.23026877e+06 -7.54459083e+01  1.68929145e-04 
 1.24451461e+06 -7.54130934e+01  1.69568558e-04 
 1.25892541e+06 -7.53796624e+01  1.70222467e-04 
 1.27350308e+06 -7.53456144e+01  1.70891036e-04 
 1.28824955e+06 -7.53109482e+01  1.71574440e-04 
 1.30316678e+06 -7.52756622e+01  1.72272870e-04 
 1.31825674e+06 -7.52397559e+01  1.72986497e-04 
 1.33352143e+06 -7.52032279e+01  1.73715513e-04 
 1.34896288e+06 -7.51660777e+01  1.74460099e-04 
 1.36458314e+06 -7.51283044e+01  1.75220446e-04 
 1.38038426e+06 -7.50899072e+01  1.75996748e-04 
 1.39636836e+06 -7.50508856e+01  1.76789196e-04 
 1.41253754e+06 -7.50112394e+01  1.77597984e-04 
 1.42889396e+06 -7.49709681e+01  1.78423311e-04 
 1.44543977e+06 -7.49300716e+01  1.79265378e-04 
 1.46217717e+06 -7.48885493e+01  1.80124394e-04 
 1.47910839e+06 -7.48464021e+01  1.81000550e-04 
 1.49623566e+06 -7.48036297e+01  1.81894059e-04 
 1.51356125e+06 -7.47602324e+01  1.82805131e-04 
 1.53108746e+06 -7.47162106e+01  1.83733975e-04 
 1.54881662e+06 -7.46715649e+01  1.84680804e-04 
 1.56675107e+06 -7.46262958e+01  1.85645835e-04 
 1.58489319e+06 -7.45804042e+01  1.86629284e-04 
 1.60324539e+06 -7.45338911e+01  1.87631369e-04 
 1.62181010e+06 -7.44867574e+01  1.88652310e-04 
 1.64058977e+06 -7.44390041e+01  1.89692341e-04 
 1.65958691e+06 -7.43906331e+01  1.90751668e-04 
 1.67880402e+06 -7.43416454e+01  1.91830532e-04 
 1.69824365e+06 -7.42920427e+01  1.92929156e-04 
 1.71790839e+06 -7.42418268e+01  1.94047771e-04 
 1.73780083e+06 -7.41909992e+01  1.95186618e-04 
 1.75792361e+06 -7.41395623e+01  1.96345921e-04 
 1.77827941e+06 -7.40875181e+01  1.97525921e-04 
 1.79887092e+06 -7.40348688e+01  1.98726856e-04 
 1.81970086e+06 -7.39816167e+01  1.99948968e-04 
 1.84077200e+06 -7.39277644e+01  2.01192497e-04 
 1.86208714e+06 -7.38733146e+01  2.02457686e-04 
 1.88364909e+06 -7.38182697e+01  2.03744791e-04 
 1.90546072e+06 -7.37626331e+01  2.05054047e-04 
 1.92752491e+06 -7.37064076e+01  2.06385708e-04 
 1.94984460e+06 -7.36495965e+01  2.07740024e-04 
 1.97242274e+06 -7.35922027e+01  2.09117252e-04 
 1.99526231e+06 -7.35342299e+01  2.10517646e-04 
 2.01836636e+06 -7.34756816e+01  2.11941460e-04 
 2.04173794e+06 -7.34165611e+01  2.13388959e-04 
 2.06538016e+06 -7.33568726e+01  2.14860396e-04 
 2.08929613e+06 -7.32966197e+01  2.16356034e-04 
 2.11348904e+06 -7.32358064e+01  2.17876143e-04 
 2.13796209e+06 -7.31744369e+01  2.19420983e-04 
 2.16271852e+06 -7.31125149e+01  2.20990830e-04 
 2.18776162e+06 -7.30500453e+01  2.22585942e-04 
 2.21309471e+06 -7.29870323e+01  2.24206596e-04 
 2.23872114e+06 -7.29234800e+01  2.25853070e-04 
 2.26464431e+06 -7.28593934e+01  2.27525633e-04 
 2.29086765e+06 -7.27947769e+01  2.29224564e-04 
 2.31739465e+06 -7.27296354e+01  2.30950139e-04 
 2.34422882e+06 -7.26639737e+01  2.32702642e-04 
 2.37137371e+06 -7.25977967e+01  2.34482354e-04 
 2.39883292e+06 -7.25311094e+01  2.36289557e-04 
 2.42661010e+06 -7.24639168e+01  2.38124544e-04 
 2.45470892e+06 -7.23962241e+01  2.39987595e-04 
 2.48313311e+06 -7.23280364e+01  2.41879009e-04 
 2.51188643e+06 -7.22593592e+01  2.43799068e-04 
 2.54097271e+06 -7.21901976e+01  2.45748073e-04 
 2.57039578e+06 -7.21205572e+01  2.47726314e-04 
 2.60015956e+06 -7.20504433e+01  2.49734094e-04 
 2.63026799e+06 -7.19798615e+01  2.51771708e-04 
 2.66072506e+06 -7.19088172e+01  2.53839463e-04 
 2.69153480e+06 -7.18373162e+01  2.55937658e-04 
 2.72270131e+06 -7.17653641e+01  2.58066597e-04 
 2.75422870e+06 -7.16929665e+01  2.60226593e-04 
 2.78612117e+06 -7.16201292e+01  2.62417950e-04 
 2.81838293e+06 -7.15468580e+01  2.64640983e-04 
 2.85101827e+06 -7.14731585e+01  2.66896005e-04 
 2.88403150e+06 -7.13990368e+01  2.69183329e-04 
 2.91742701e+06 -7.13244985e+01  2.71503276e-04 
 2.95120923e+06 -7.12495496e+01  2.73856162e-04 
 2.98538262e+06 -7.11741960e+01  2.76242312e-04 
 3.01995172e+06 -7.10984436e+01  2.78662045e-04 
 3.05492111e+06 -7.10222983e+01  2.81115690e-04 
 3.09029543e+06 -7.09457659e+01  2.83603578e-04 
 3.12607937e+06 -7.08688525e+01  2.86126035e-04 
 3.16227766e+06 -7.07915642e+01  2.88683387e-04 
 3.19889511e+06 -7.07139067e+01  2.91275976e-04 
 3.23593657e+06 -7.06358860e+01  2.93904139e-04 
 3.27340695e+06 -7.05575081e+01  2.96568210e-04 
 3.31131121e+06 -7.04787790e+01  2.99268529e-04 
 3.34965439e+06 -7.03997047e+01  3.02005439e-04 
 3.38844156e+06 -7.03202911e+01  3.04779286e-04 
 3.42767787e+06 -7.02405440e+01  3.07590415e-04 
 3.46736850e+06 -7.01604696e+01  3.10439174e-04 
 3.50751874e+06 -7.00800737e+01  3.13325915e-04 
 3.54813389e+06 -6.99993621e+01  3.16250991e-04 
 3.58921935e+06 -6.99183409e+01  3.19214754e-04 
 3.63078055e+06 -6.98370159e+01  3.22217562e-04 
 3.67282300e+06 -6.97553929e+01  3.25259774e-04 
 3.71535229e+06 -6.96734778e+01  3.28341752e-04 
 3.75837404e+06 -6.95912764e+01  3.31463856e-04 
 3.80189396e+06 -6.95087946e+01  3.34626453e-04 
 3.84591782e+06 -6.94260381e+01  3.37829907e-04 
 3.89045145e+06 -6.93430126e+01  3.41074595e-04 
 3.93550075e+06 -6.92597240e+01  3.44360874e-04 
 3.98107171e+06 -6.91761779e+01  3.47689123e-04 
 4.02717034e+06 -6.90923800e+01  3.51059718e-04 
 4.07380278e+06 -6.90083359e+01  3.54473035e-04 
 4.12097519e+06 -6.89240514e+01  3.57929445e-04 
 4.16869383e+06 -6.88395320e+01  3.61429338e-04 
 4.21696503e+06 -6.87547832e+01  3.64973086e-04 
 4.26579519e+06 -6.86698107e+01  3.68561075e-04 
 4.31519077e+06 -6.85846198e+01  3.72193692e-04 
 4.36515832e+06 -6.84992163e+01  3.75871316e-04 
 4.41570447e+06 -6.84136054e+01  3.79594343e-04 
 4.46683592e+06 -6.83277926e+01  3.83363154e-04 
 4.51855944e+06 -6.82417834e+01  3.87178143e-04 
 4.57088190e+06 -6.81555829e+01  3.91039703e-04 
 4.62381021e+06 -6.80691967e+01  3.94948224e-04 
 4.67735141e+06 -6.79826300e+01  3.98904098e-04 
 4.73151259e+06 -6.78958881e+01  4.02907723e-04 
 4.78630092e+06 -6.78089763e+01  4.06959496e-04 
 4.84172368e+06 -6.77218996e+01  4.11059813e-04 
 4.89778819e+06 -6.76346634e+01  4.15209068e-04 
 4.95450191e+06 -6.75472728e+01  4.19407663e-04 
 5.01187234e+06 -6.74597329e+01  4.23655994e-04 
 5.06990708e+06 -6.73720488e+01  4.27954464e-04 
 5.12861384e+06 -6.72842256e+01  4.32303470e-04 
 5.18800039e+06 -6.71962682e+01  4.36703416e-04 
 5.24807460e+06 -6.71081818e+01  4.41154697e-04 
 5.30884444e+06 -6.70199713e+01  4.45657719e-04 
 5.37031796e+06 -6.69316417e+01  4.50212881e-04 
 5.43250331e+06 -6.68431979e+01  4.54820579e-04 
 5.49540874e+06 -6.67546447e+01  4.59481219e-04 
 5.55904257e+06 -6.66659872e+01  4.64195196e-04 
 5.62341325e+06 -6.65772300e+01  4.68962912e-04 
 5.68852931e+06 -6.64883782e+01  4.73784762e-04 
 5.75439937e+06 -6.63994365e+01  4.78661147e-04 
 5.82103218e+06 -6.63104096e+01  4.83592461e-04 
 5.88843655e+06 -6.62213023e+01  4.88579098e-04 
 5.95662144e+06 -6.61321195e+01  4.93621453e-04 
 6.02559586e+06 -6.60428657e+01  4.98719920e-04 
 6.09536897e+06 -6.59535457e+01  5.03874886e-04 
 6.16595002e+06 -6.58641643e+01  5.09086739e-04 
 6.23734835e+06 -6.57747260e+01  5.14355868e-04 
 6.30957344e+06 -6.56852356e+01  5.19682653e-04 
 6.38263486e+06 -6.55956977e+01  5.25067475e-04 
 6.45654229e+06 -6.55061168e+01  5.30510716e-04 
 6.53130553e+06 -6.54164976e+01  5.36012750e-04 
 6.60693448e+06 -6.53268447e+01  5.41573947e-04 
 6.68343918e+06 -6.52371627e+01  5.47194677e-04 
 6.76082975e+06 -6.51474562e+01  5.52875304e-04 
 6.83911647e+06 -6.50577297e+01  5.58616187e-04 
 6.91830971e+06 -6.49679877e+01  5.64417685e-04 
 6.99841996e+06 -6.48782349e+01  5.70280149e-04 
 7.07945784e+06 -6.47884757e+01  5.76203927e-04 
 7.16143410e+06 -6.46987147e+01  5.82189359e-04 
 7.24435960e+06 -6.46089564e+01  5.88236786e-04 
 7.32824533e+06 -6.45192053e+01  5.94346533e-04 
 7.41310241e+06 -6.44294660e+01  6.00518928e-04 
 7.49894209e+06 -6.43397429e+01  6.06754291e-04 
 7.58577575e+06 -6.42500405e+01  6.13052933e-04 
 7.67361489e+06 -6.41603634e+01  6.19415161e-04 
 7.76247117e+06 -6.40707160e+01  6.25841271e-04 
 7.85235635e+06 -6.39811029e+01  6.32331557e-04 
 7.94328235e+06 -6.38915285e+01  6.38886298e-04 
 8.03526122e+06 -6.38019974e+01  6.45505771e-04 
 8.12830516e+06 -6.37125140e+01  6.52190245e-04 
 8.22242650e+06 -6.36230829e+01  6.58939972e-04 
 8.31763771e+06 -6.35337086e+01  6.65755203e-04 
 8.41395142e+06 -6.34443956e+01  6.72636175e-04 
 8.51138038e+06 -6.33551484e+01  6.79583119e-04 
 8.60993752e+06 -6.32659714e+01  6.86596252e-04 
 8.70963590e+06 -6.31768694e+01  6.93675779e-04 
 8.81048873e+06 -6.30878467e+01  7.00821900e-04 
 8.91250938e+06 -6.29989079e+01  7.08034799e-04 
 9.01571138e+06 -6.29100576e+01  7.15314647e-04 
 9.12010839e+06 -6.28213004e+01  7.22661606e-04 
 9.22571427e+06 -6.27326407e+01  7.30075823e-04 
 9.33254301e+06 -6.26440831e+01  7.37557435e-04 
 9.44060876e+06 -6.25556322e+01  7.45106562e-04 
 9.54992586e+06 -6.24672927e+01  7.52723309e-04 
 9.66050879e+06 -6.23790690e+01  7.60407773e-04 
 9.77237221e+06 -6.22909659e+01  7.68160029e-04 
 9.88553095e+06 -6.22029879e+01  7.75980141e-04 
 1.00000000e+07 -6.21151395e+01  7.83868159e-04 
 1.01157945e+07 -6.20274256e+01  7.91824111e-04 
 1.02329299e+07 -6.19398506e+01  7.99848014e-04 
 1.03514217e+07 -6.18524192e+01  8.07939866e-04 
 1.04712855e+07 -6.17651362e+01  8.16099648e-04 
 1.05925373e+07 -6.16780061e+01  8.24327323e-04 
 1.07151931e+07 -6.15910336e+01  8.32622838e-04 
 1.08392691e+07 -6.15042234e+01  8.40986119e-04 
 1.09647820e+07 -6.14175803e+01  8.49417075e-04 
 1.10917482e+07 -6.13311088e+01  8.57915593e-04 
 1.12201845e+07 -6.12448137e+01  8.66481543e-04 
 1.13501082e+07 -6.11586997e+01  8.75114775e-04 
 1.14815362e+07 -6.10727715e+01  8.83815117e-04 
 1.16144861e+07 -6.09870338e+01  8.92582378e-04 
 1.17489755e+07 -6.09014914e+01  9.01416345e-04 
 1.18850223e+07 -6.08161490e+01  9.10316781e-04 
 1.20226443e+07 -6.07310113e+01  9.19283433e-04 
 1.21618600e+07 -6.06460831e+01  9.28316020e-04 
 1.23026877e+07 -6.05613691e+01  9.37414242e-04 
 1.24451461e+07 -6.04768739e+01  9.46577776e-04 
 1.25892541e+07 -6.03926025e+01  9.55806272e-04 
 1.27350308e+07 -6.03085594e+01  9.65099364e-04 
 1.28824955e+07 -6.02247495e+01  9.74456655e-04 
 1.30316678e+07 -6.01411774e+01  9.83877728e-04 
 1.31825674e+07 -6.00578479e+01  9.93362141e-04 
 1.33352143e+07 -5.99747657e+01  1.00290943e-03 
 1.34896288e+07 -5.98919355e+01  1.01251910e-03 
 1.36458314e+07 -5.98093620e+01  1.02219064e-03 
 1.38038426e+07 -5.97270500e+01  1.03192350e-03 
 1.39636836e+07 -5.96450039e+01  1.04171712e-03 
 1.41253754e+07 -5.95632286e+01  1.05157092e-03 
 1.42889396e+07 -5.94817287e+01  1.06148427e-03 
 1.44543977e+07 -5.94005089e+01  1.07145653e-03 
 1.46217717e+07 -5.93195736e+01  1.08148704e-03 
 1.47910839e+07 -5.92389275e+01  1.09157511e-03 
 1.49623566e+07 -5.91585753e+01  1.10172001e-03 
 1.51356125e+07 -5.90785214e+01  1.11192100e-03 
 1.53108746e+07 -5.89987703e+01  1.12217732e-03 
 1.54881662e+07 -5.89193266e+01  1.13248816e-03 
 1.56675107e+07 -5.88401947e+01  1.14285272e-03 
 1.58489319e+07 -5.87613790e+01  1.15327015e-03 
 1.60324539e+07 -5.86828839e+01  1.16373957e-03 
 1.62181010e+07 -5.86047139e+01  1.17426010e-03 
 1.64058977e+07 -5.85268732e+01  1.18483081e-03 
 1.65958691e+07 -5.84493661e+01  1.19545076e-03 
 1.67880402e+07 -5.83721969e+01  1.20611899e-03 
 1.69824365e+07 -5.82953697e+01  1.21683450e-03 
 1.71790839e+07 -5.82188888e+01  1.22759628e-03 
 1.73780083e+07 -5.81427581e+01  1.23840328e-03 
 1.75792361e+07 -5.80669819e+01  1.24925445e-03 
 1.77827941e+07 -5.79915640e+01  1.26014871e-03 
 1.79887092e+07 -5.79165085e+01  1.27108494e-03 
 1.81970086e+07 -5.78418193e+01  1.28206203e-03 
 1.84077200e+07 -5.77675001e+01  1.29307881e-03 
 1.86208714e+07 -5.76935548e+01  1.30413412e-03 
 1.88364909e+07 -5.76199871e+01  1.31522678e-03 
 1.90546072e+07 -5.75468007e+01  1.32635556e-03 
 1.92752491e+07 -5.74739992e+01  1.33751925e-03 
 1.94984460e+07 -5.74015861e+01  1.34871658e-03 
 1.97242274e+07 -5.73295648e+01  1.35994630e-03 
 1.99526231e+07 -5.72579388e+01  1.37120712e-03 
 2.01836636e+07 -5.71867114e+01  1.38249774e-03 
 2.04173794e+07 -5.71158859e+01  1.39381684e-03 
 2.06538016e+07 -5.70454654e+01  1.40516308e-03 
 2.08929613e+07 -5.69754530e+01  1.41653512e-03 
 2.11348904e+07 -5.69058519e+01  1.42793160e-03 
 2.13796209e+07 -5.68366649e+01  1.43935113e-03 
 2.16271852e+07 -5.67678950e+01  1.45079233e-03 
 2.18776162e+07 -5.66995449e+01  1.46225378e-03 
 2.21309471e+07 -5.66316175e+01  1.47373408e-03 
 2.23872114e+07 -5.65641153e+01  1.48523179e-03 
 2.26464431e+07 -5.64970409e+01  1.49674548e-03 
 2.29086765e+07 -5.64303968e+01  1.50827371e-03 
 2.31739465e+07 -5.63641855e+01  1.51981500e-03 
 2.34422882e+07 -5.62984093e+01  1.53136789e-03 
 2.37137371e+07 -5.62330704e+01  1.54293091e-03 
 2.39883292e+07 -5.61681711e+01  1.55450258e-03 
 2.42661010e+07 -5.61037134e+01  1.56608140e-03 
 2.45470892e+07 -5.60396994e+01  1.57766588e-03 
 2.48313311e+07 -5.59761310e+01  1.58925450e-03 
 2.51188643e+07 -5.59130101e+01  1.60084577e-03 
 2.54097271e+07 -5.58503386e+01  1.61243817e-03 
 2.57039578e+07 -5.57881181e+01  1.62403018e-03 
 2.60015956e+07 -5.57263503e+01  1.63562028e-03 
 2.63026799e+07 -5.56650367e+01  1.64720694e-03 
 2.66072506e+07 -5.56041790e+01  1.65878862e-03 
 2.69153480e+07 -5.55437786e+01  1.67036380e-03 
 2.72270131e+07 -5.54838368e+01  1.68193094e-03 
 2.75422870e+07 -5.54243549e+01  1.69348850e-03 
 2.78612117e+07 -5.53653343e+01  1.70503494e-03 
 2.81838293e+07 -5.53067761e+01  1.71656872e-03 
 2.85101827e+07 -5.52486815e+01  1.72808829e-03 
 2.88403150e+07 -5.51910515e+01  1.73959210e-03 
 2.91742701e+07 -5.51338871e+01  1.75107861e-03 
 2.95120923e+07 -5.50771895e+01  1.76254627e-03 
 2.98538262e+07 -5.50209594e+01  1.77399353e-03 
 3.01995172e+07 -5.49651978e+01  1.78541882e-03 
 3.05492111e+07 -5.49099056e+01  1.79682062e-03 
 3.09029543e+07 -5.48550835e+01  1.80819734e-03 
 3.12607937e+07 -5.48007323e+01  1.81954745e-03 
 3.16227766e+07 -5.47468528e+01  1.83086937e-03 
 3.19889511e+07 -5.46934457e+01  1.84216156e-03 
 3.23593657e+07 -5.46405117e+01  1.85342244e-03 
 3.27340695e+07 -5.45880514e+01  1.86465045e-03 
 3.31131121e+07 -5.45360655e+01  1.87584402e-03 
 3.34965439e+07 -5.44845547e+01  1.88700159e-03 
 3.38844156e+07 -5.44335195e+01  1.89812157e-03 
 3.42767787e+07 -5.43829606e+01  1.90920240e-03 
 3.46736850e+07 -5.43328786e+01  1.92024247e-03 
 3.50751874e+07 -5.42832740e+01  1.93124022e-03 
 3.54813389e+07 -5.42341476e+01  1.94219405e-03 
 3.58921935e+07 -5.41854999e+01  1.95310235e-03 
 3.63078055e+07 -5.41373316e+01  1.96396353e-03 
 3.67282300e+07 -5.40896433e+01  1.97477597e-03 
 3.71535229e+07 -5.40424357e+01  1.98553806e-03 
 3.75837404e+07 -5.39957094e+01  1.99624817e-03 
 3.80189396e+07 -5.39494652e+01  2.00690466e-03 
 3.84591782e+07 -5.39037037e+01  2.01750590e-03 
 3.89045145e+07 -5.38584259e+01  2.02805022e-03 
 3.93550075e+07 -5.38136324e+01  2.03853597e-03 
 3.98107171e+07 -5.37693241e+01  2.04896148e-03 
 4.02717034e+07 -5.37255020e+01  2.05932505e-03 
 4.07380278e+07 -5.36821668e+01  2.06962498e-03 
 4.12097519e+07 -5.36393197e+01  2.07985958e-03 
 4.16869383e+07 -5.35969616e+01  2.09002711e-03 
 4.21696503e+07 -5.35550936e+01  2.10012584e-03 
 4.26579519e+07 -5.35137169e+01  2.11015401e-03 
 4.31519077e+07 -5.34728327e+01  2.12010986e-03 
 4.36515832e+07 -5.34324422e+01  2.12999160e-03 
 4.41570447e+07 -5.33925468e+01  2.13979743e-03 
 4.46683592e+07 -5.33531478e+01  2.14952553e-03 
 4.51855944e+07 -5.33142468e+01  2.15917408e-03 
 4.57088190e+07 -5.32758454e+01  2.16874121e-03 
 4.62381021e+07 -5.32379450e+01  2.17822506e-03 
 4.67735141e+07 -5.32005475e+01  2.18762373e-03 
 4.73151259e+07 -5.31636546e+01  2.19693532e-03 
 4.78630092e+07 -5.31272681e+01  2.20615790e-03 
 4.84172368e+07 -5.30913902e+01  2.21528951e-03 
 4.89778819e+07 -5.30560227e+01  2.22432819e-03 
 4.95450191e+07 -5.30211678e+01  2.23327195e-03 
 5.01187234e+07 -5.29868277e+01  2.24211877e-03 
 5.06990708e+07 -5.29530048e+01  2.25086661e-03 
 5.12861384e+07 -5.29197014e+01  2.25951344e-03 
 5.18800039e+07 -5.28869201e+01  2.26805716e-03 
 5.24807460e+07 -5.28546634e+01  2.27649569e-03 
 5.30884444e+07 -5.28229339e+01  2.28482690e-03 
 5.37031796e+07 -5.27917346e+01  2.29304865e-03 
 5.43250331e+07 -5.27610682e+01  2.30115879e-03 
 5.49540874e+07 -5.27309378e+01  2.30915513e-03 
 5.55904257e+07 -5.27013464e+01  2.31703546e-03 
 5.62341325e+07 -5.26722971e+01  2.32479757e-03 
 5.68852931e+07 -5.26437933e+01  2.33243921e-03 
 5.75439937e+07 -5.26158383e+01  2.33995813e-03 
 5.82103218e+07 -5.25884355e+01  2.34735203e-03 
 5.88843655e+07 -5.25615885e+01  2.35461862e-03 
 5.95662144e+07 -5.25353010e+01  2.36175559e-03 
 6.02559586e+07 -5.25095766e+01  2.36876060e-03 
 6.09536897e+07 -5.24844192e+01  2.37563130e-03 
 6.16595002e+07 -5.24598328e+01  2.38236533e-03 
 6.23734835e+07 -5.24358213e+01  2.38896031e-03 
 6.30957344e+07 -5.24123888e+01  2.39541386e-03 
 6.38263486e+07 -5.23895396e+01  2.40172358e-03 
 6.45654229e+07 -5.23672778e+01  2.40788705e-03 
 6.53130553e+07 -5.23456078e+01  2.41390186e-03 
 6.60693448e+07 -5.23245341e+01  2.41976558e-03 
 6.68343918e+07 -5.23040611e+01  2.42547578e-03 
 6.76082975e+07 -5.22841935e+01  2.43103004e-03 
 6.83911647e+07 -5.22649358e+01  2.43642591e-03 
 6.91830971e+07 -5.22462928e+01  2.44166097e-03 
 6.99841996e+07 -5.22282692e+01  2.44673277e-03 
 7.07945784e+07 -5.22108699e+01  2.45163891e-03 
 7.16143410e+07 -5.21940998e+01  2.45637694e-03 
 7.24435960e+07 -5.21779637e+01  2.46094447e-03 
 7.32824533e+07 -5.21624667e+01  2.46533910e-03 
 7.41310241e+07 -5.21476139e+01  2.46955843e-03 
 7.49894209e+07 -5.21334102e+01  2.47360010e-03 
 7.58577575e+07 -5.21198608e+01  2.47746176e-03 
 7.67361489e+07 -5.21069708e+01  2.48114109e-03 
 7.76247117e+07 -5.20947453e+01  2.48463577e-03 
 7.85235635e+07 -5.20831896e+01  2.48794353e-03 
 7.94328235e+07 -5.20723088e+01  2.49106213e-03 
 8.03526122e+07 -5.20621081e+01  2.49398934e-03 
 8.12830516e+07 -5.20525927e+01  2.49672301e-03 
 8.22242650e+07 -5.20437678e+01  2.49926099e-03 
 8.31763771e+07 -5.20356386e+01  2.50160117e-03 
 8.41395142e+07 -5.20282101e+01  2.50374153e-03 
 8.51138038e+07 -5.20214877e+01  2.50568005e-03 
 8.60993752e+07 -5.20154763e+01  2.50741479e-03 
 8.70963590e+07 -5.20101811e+01  2.50894386e-03 
 8.81048873e+07 -5.20056071e+01  2.51026542e-03 
 8.91250938e+07 -5.20017593e+01  2.51137771e-03 
 9.01571138e+07 -5.19986426e+01  2.51227900e-03 
 9.12010839e+07 -5.19962620e+01  2.51296767e-03 
 9.22571427e+07 -5.19946221e+01  2.51344216e-03 
 9.33254301e+07 -5.19937278e+01  2.51370096e-03 
 9.44060876e+07 -5.19935837e+01  2.51374266e-03 
 9.54992586e+07 -5.19941944e+01  2.51356593e-03 
 9.66050879e+07 -5.19955643e+01  2.51316952e-03 
 9.77237221e+07 -5.19976979e+01  2.51255228e-03 
 9.88553095e+07 -5.20005993e+01  2.51171312e-03 
 1.00000000e+08 -5.20042728e+01  2.51065107e-03 
 1.01157945e+08 -5.20087224e+01  2.50936525e-03 
 1.02329299e+08 -5.20139520e+01  2.50785487e-03 
 1.03514217e+08 -5.20199654e+01  2.50611924e-03 
 1.04712855e+08 -5.20267662e+01  2.50415779e-03 
 1.05925373e+08 -5.20343579e+01  2.50197004e-03 
 1.07151931e+08 -5.20427439e+01  2.49955563e-03 
 1.08392691e+08 -5.20519273e+01  2.49691429e-03 
 1.09647820e+08 -5.20619112e+01  2.49404588e-03 
 1.10917482e+08 -5.20726985e+01  2.49095038e-03 
 1.12201845e+08 -5.20842918e+01  2.48762785e-03 
 1.13501082e+08 -5.20966936e+01  2.48407851e-03 
 1.14815362e+08 -5.21099064e+01  2.48030267e-03 
 1.16144861e+08 -5.21239322e+01  2.47630077e-03 
 1.17489755e+08 -5.21387729e+01  2.47207336e-03 
 1.18850223e+08 -5.21544304e+01  2.46762113e-03 
 1.20226443e+08 -5.21709062e+01  2.46294487e-03 
 1.21618600e+08 -5.21882016e+01  2.45804551e-03 
 1.23026877e+08 -5.22063178e+01  2.45292409e-03 
 1.24451461e+08 -5.22252558e+01  2.44758177e-03 
 1.25892541e+08 -5.22450162e+01  2.44201985e-03 
 1.27350308e+08 -5.22655996e+01  2.43623973e-03 
 1.28824955e+08 -5.22870062e+01  2.43024294e-03 
 1.30316678e+08 -5.23092361e+01  2.42403113e-03 
 1.31825674e+08 -5.23322892e+01  2.41760608e-03 
 1.33352143e+08 -5.23561650e+01  2.41096967e-03 
 1.34896288e+08 -5.23808630e+01  2.40412391e-03 
 1.36458314e+08 -5.24063823e+01  2.39707092e-03 
 1.38038426e+08 -5.24327219e+01  2.38981293e-03 
 1.39636836e+08 -5.24598804e+01  2.38235228e-03 
 1.41253754e+08 -5.24878563e+01  2.37469144e-03 
 1.42889396e+08 -5.25166478e+01  2.36683296e-03 
 1.44543977e+08 -5.25462530e+01  2.35877952e-03 
 1.46217717e+08 -5.25766697e+01  2.35053388e-03 
 1.47910839e+08 -5.26078953e+01  2.34209893e-03 
 1.49623566e+08 -5.26399272e+01  2.33347761e-03 
 1.51356125e+08 -5.26727625e+01  2.32467301e-03 
 1.53108746e+08 -5.27063981e+01  2.31568827e-03 
 1.54881662e+08 -5.27408305e+01  2.30652663e-03 
 1.56675107e+08 -5.27760563e+01  2.29719142e-03 
 1.58489319e+08 -5.28120715e+01  2.28768605e-03 
 1.60324539e+08 -5.28488722e+01  2.27801400e-03 
 1.62181010e+08 -5.28864541e+01  2.26817883e-03 
 1.64058977e+08 -5.29248128e+01  2.25818417e-03 
 1.65958691e+08 -5.29639436e+01  2.24803372e-03 
 1.67880402e+08 -5.30038416e+01  2.23773123e-03 
 1.69824365e+08 -5.30445016e+01  2.22728052e-03 
 1.71790839e+08 -5.30859186e+01  2.21668546e-03 
 1.73780083e+08 -5.31280868e+01  2.20594997e-03 
 1.75792361e+08 -5.31710007e+01  2.19507803e-03 
 1.77827941e+08 -5.32146544e+01  2.18407365e-03 
 1.79887092e+08 -5.32590418e+01  2.17294087e-03 
 1.81970086e+08 -5.33041567e+01  2.16168378e-03 
 1.84077200e+08 -5.33499927e+01  2.15030649e-03 
 1.86208714e+08 -5.33965431e+01  2.13881315e-03 
 1.88364909e+08 -5.34438011e+01  2.12720793e-03 
 1.90546072e+08 -5.34917599e+01  2.11549500e-03 
 1.92752491e+08 -5.35404124e+01  2.10367857e-03 
 1.94984460e+08 -5.35897512e+01  2.09176283e-03 
 1.97242274e+08 -5.36397689e+01  2.07975202e-03 
 1.99526231e+08 -5.36904581e+01  2.06765034e-03 
 2.01836636e+08 -5.37418109e+01  2.05546201e-03 
 2.04173794e+08 -5.37938196e+01  2.04319124e-03 
 2.06538016e+08 -5.38464762e+01  2.03084225e-03 
 2.08929613e+08 -5.38997725e+01  2.01841922e-03 
 2.11348904e+08 -5.39537004e+01  2.00592634e-03 
 2.13796209e+08 -5.40082514e+01  1.99336776e-03 
 2.16271852e+08 -5.40634171e+01  1.98074762e-03 
 2.18776162e+08 -5.41191890e+01  1.96807005e-03 
 2.21309471e+08 -5.41755582e+01  1.95533912e-03 
 2.23872114e+08 -5.42325161e+01  1.94255890e-03 
 2.26464431e+08 -5.42900537e+01  1.92973340e-03 
 2.29086765e+08 -5.43481621e+01  1.91686661e-03 
 2.31739465e+08 -5.44068322e+01  1.90396249e-03 
 2.34422882e+08 -5.44660548e+01  1.89102495e-03 
 2.37137371e+08 -5.45258208e+01  1.87805784e-03 
 2.39883292e+08 -5.45861207e+01  1.86506498e-03 
 2.42661010e+08 -5.46469452e+01  1.85205015e-03 
 2.45470892e+08 -5.47082848e+01  1.83901706e-03 
 2.48313311e+08 -5.47701301e+01  1.82596940e-03 
 2.51188643e+08 -5.48324715e+01  1.81291076e-03 
 2.54097271e+08 -5.48952993e+01  1.79984471e-03 
 2.57039578e+08 -5.49586038e+01  1.78677476e-03 
 2.60015956e+08 -5.50223754e+01  1.77370435e-03 
 2.63026799e+08 -5.50866042e+01  1.76063687e-03 
 2.66072506e+08 -5.51512804e+01  1.74757564e-03 
 2.69153480e+08 -5.52163941e+01  1.73452392e-03 
 2.72270131e+08 -5.52819356e+01  1.72148491e-03 
 2.75422870e+08 -5.53478948e+01  1.70846176e-03 
 2.78612117e+08 -5.54142617e+01  1.69545752e-03 
 2.81838293e+08 -5.54810265e+01  1.68247521e-03 
 2.85101827e+08 -5.55481791e+01  1.66951777e-03 
 2.88403150e+08 -5.56157094e+01  1.65658807e-03 
 2.91742701e+08 -5.56836075e+01  1.64368891e-03 
 2.95120923e+08 -5.57518632e+01  1.63082304e-03 
 2.98538262e+08 -5.58204665e+01  1.61799313e-03 
 3.01995172e+08 -5.58894074e+01  1.60520178e-03 
 3.05492111e+08 -5.59586756e+01  1.59245152e-03 
 3.09029543e+08 -5.60282611e+01  1.57974484e-03 
 3.12607937e+08 -5.60981538e+01  1.56708412e-03 
 3.16227766e+08 -5.61683436e+01  1.55447170e-03 
 3.19889511e+08 -5.62388203e+01  1.54190985e-03 
 3.23593657e+08 -5.63095739e+01  1.52940077e-03 
 3.27340695e+08 -5.63805942e+01  1.51694659e-03 
 3.31131121e+08 -5.64518711e+01  1.50454938e-03 
 3.34965439e+08 -5.65233945e+01  1.49221113e-03 
 3.38844156e+08 -5.65951543e+01  1.47993379e-03 
 3.42767787e+08 -5.66671403e+01  1.46771923e-03 
 3.46736850e+08 -5.67393426e+01  1.45556925e-03 
 3.50751874e+08 -5.68117509e+01  1.44348559e-03 
 3.54813389e+08 -5.68843553e+01  1.43146994e-03 
 3.58921935e+08 -5.69571457e+01  1.41952392e-03 
 3.63078055e+08 -5.70301120e+01  1.40764908e-03 
 3.67282300e+08 -5.71032441e+01  1.39584692e-03 
 3.71535229e+08 -5.71765321e+01  1.38411889e-03 
 3.75837404e+08 -5.72499659e+01  1.37246635e-03 
 3.80189396e+08 -5.73235355e+01  1.36089063e-03 
 3.84591782e+08 -5.73972309e+01  1.34939300e-03 
 3.89045145e+08 -5.74710422e+01  1.33797466e-03 
 3.93550075e+08 -5.75449594e+01  1.32663678e-03 
 3.98107171e+08 -5.76189724e+01  1.31538044e-03 
 4.02717034e+08 -5.76930715e+01  1.30420669e-03 
 4.07380278e+08 -5.77672467e+01  1.29311653e-03 
 4.12097519e+08 -5.78414881e+01  1.28211091e-03 
 4.16869383e+08 -5.79157857e+01  1.27119072e-03 
 4.21696503e+08 -5.79901298e+01  1.26035680e-03 
 4.26579519e+08 -5.80645106e+01  1.24960994e-03 
 4.31519077e+08 -5.81389180e+01  1.23895091e-03 
 4.36515832e+08 -5.82133425e+01  1.22838040e-03 
 4.41570447e+08 -5.82877740e+01  1.21789907e-03 
 4.46683592e+08 -5.83622030e+01  1.20750753e-03 
 4.51855944e+08 -5.84366196e+01  1.19720637e-03 
 4.57088190e+08 -5.85110141e+01  1.18699611e-03 
 4.62381021e+08 -5.85853768e+01  1.17687723e-03 
 4.67735141e+08 -5.86596979e+01  1.16685019e-03 
 4.73151259e+08 -5.87339679e+01  1.15691541e-03 
 4.78630092e+08 -5.88081770e+01  1.14707324e-03 
 4.84172368e+08 -5.88823156e+01  1.13732404e-03 
 4.89778819e+08 -5.89563741e+01  1.12766810e-03 
 4.95450191e+08 -5.90303429e+01  1.11810568e-03 
 5.01187234e+08 -5.91042125e+01  1.10863702e-03 
 5.06990708e+08 -5.91779733e+01  1.09926231e-03 
 5.12861384e+08 -5.92516157e+01  1.08998172e-03 
 5.18800039e+08 -5.93251303e+01  1.08079539e-03 
 5.24807460e+08 -5.93985076e+01  1.07170343e-03 
 5.30884444e+08 -5.94717382e+01  1.06270590e-03 
 5.37031796e+08 -5.95448126e+01  1.05380285e-03 
 5.43250331e+08 -5.96177215e+01  1.04499430e-03 
 5.49540874e+08 -5.96904555e+01  1.03628026e-03 
 5.55904257e+08 -5.97630053e+01  1.02766067e-03 
 5.62341325e+08 -5.98353615e+01  1.01913548e-03 
 5.68852931e+08 -5.99075150e+01  1.01070462e-03 
 5.75439937e+08 -5.99794564e+01  1.00236796e-03 
 5.82103218e+08 -6.00511767e+01  9.94125391e-04 
 5.88843655e+08 -6.01226665e+01  9.85976749e-04 
 5.95662144e+08 -6.01939169e+01  9.77921863e-04 
 6.02559586e+08 -6.02649187e+01  9.69960538e-04 
 6.09536897e+08 -6.03356629e+01  9.62092562e-04 
 6.16595002e+08 -6.04061404e+01  9.54317698e-04 
 6.23734835e+08 -6.04763425e+01  9.46635697e-04 
 6.30957344e+08 -6.05462600e+01  9.39046286e-04 
 6.38263486e+08 -6.06158843e+01  9.31549178e-04 
 6.45654229e+08 -6.06852064e+01  9.24144069e-04 
 6.53130553e+08 -6.07542176e+01  9.16830637e-04 
 6.60693448e+08 -6.08229094e+01  9.09608547e-04 
 6.68343918e+08 -6.08912729e+01  9.02477446e-04 
 6.76082975e+08 -6.09592996e+01  8.95436969e-04 
 6.83911647e+08 -6.10269810e+01  8.88486735e-04 
 6.91830971e+08 -6.10943087e+01  8.81626352e-04 
 6.99841996e+08 -6.11612743e+01  8.74855413e-04 
 7.07945784e+08 -6.12278695e+01  8.68173499e-04 
 7.16143410e+08 -6.12940860e+01  8.61580180e-04 
 7.24435960e+08 -6.13599157e+01  8.55075013e-04 
 7.32824533e+08 -6.14253505e+01  8.48657546e-04 
 7.41310241e+08 -6.14903823e+01  8.42327315e-04 
 7.49894209e+08 -6.15550033e+01  8.36083847e-04 
 7.58577575e+08 -6.16192057e+01  8.29926657e-04 
 7.67361489e+08 -6.16829817e+01  8.23855252e-04 
 7.76247117e+08 -6.17463237e+01  8.17869132e-04 
 7.85235635e+08 -6.18092240e+01  8.11967785e-04 
 7.94328235e+08 -6.18716754e+01  8.06150694e-04 
 8.03526122e+08 -6.19336703e+01  8.00417333e-04 
 8.12830516e+08 -6.19952017e+01  7.94767166e-04 
 8.22242650e+08 -6.20562623e+01  7.89199654e-04 
 8.31763771e+08 -6.21168451e+01  7.83714250e-04 
 8.41395142e+08 -6.21769433e+01  7.78310399e-04 
 8.51138038e+08 -6.22365501e+01  7.72987540e-04 
 8.60993752e+08 -6.22956588e+01  7.67745108e-04 
 8.70963590e+08 -6.23542629e+01  7.62582532e-04 
 8.81048873e+08 -6.24123560e+01  7.57499234e-04 
 8.91250938e+08 -6.24699319e+01  7.52494632e-04 
 9.01571138e+08 -6.25269843e+01  7.47568140e-04 
 9.12010839e+08 -6.25835074e+01  7.42719167e-04 
 9.22571427e+08 -6.26394952e+01  7.37947117e-04 
 9.33254301e+08 -6.26949421e+01  7.33251391e-04 
 9.44060876e+08 -6.27498425e+01  7.28631385e-04 
 9.54992586e+08 -6.28041911e+01  7.24086494e-04 
 9.66050879e+08 -6.28579825e+01  7.19616106e-04 
 9.77237221e+08 -6.29112117e+01  7.15219610e-04 
 9.88553095e+08 -6.29638738e+01  7.10896388e-04 
 1.00000000e+09 -6.30159641e+01  7.06645822e-04 
