 1.00000000e+00 -6.88155097e+01  3.62430313e-04 
 1.01157945e+00 -6.88155118e+01  3.62430227e-04 
 1.02329299e+00 -6.88155139e+01  3.62430138e-04 
 1.03514217e+00 -6.88155161e+01  3.62430047e-04 
 1.04712855e+00 -6.88155183e+01  3.62429954e-04 
 1.05925373e+00 -6.88155206e+01  3.62429859e-04 
 1.07151931e+00 -6.88155229e+01  3.62429762e-04 
 1.08392691e+00 -6.88155253e+01  3.62429662e-04 
 1.09647820e+00 -6.88155278e+01  3.62429560e-04 
 1.10917482e+00 -6.88155303e+01  3.62429456e-04 
 1.12201845e+00 -6.88155328e+01  3.62429349e-04 
 1.13501082e+00 -6.88155354e+01  3.62429240e-04 
 1.14815362e+00 -6.88155381e+01  3.62429128e-04 
 1.16144861e+00 -6.88155409e+01  3.62429014e-04 
 1.17489755e+00 -6.88155437e+01  3.62428897e-04 
 1.18850223e+00 -6.88155465e+01  3.62428777e-04 
 1.20226443e+00 -6.88155495e+01  3.62428654e-04 
 1.21618600e+00 -6.88155525e+01  3.62428529e-04 
 1.23026877e+00 -6.88155556e+01  3.62428400e-04 
 1.24451461e+00 -6.88155587e+01  3.62428269e-04 
 1.25892541e+00 -6.88155619e+01  3.62428135e-04 
 1.27350308e+00 -6.88155652e+01  3.62427997e-04 
 1.28824955e+00 -6.88155686e+01  3.62427857e-04 
 1.30316678e+00 -6.88155720e+01  3.62427713e-04 
 1.31825674e+00 -6.88155758e+01  3.62427556e-04 
 1.33352143e+00 -6.88155794e+01  3.62427405e-04 
 1.34896288e+00 -6.88155831e+01  3.62427251e-04 
 1.36458314e+00 -6.88155869e+01  3.62427093e-04 
 1.38038426e+00 -6.88155908e+01  3.62426931e-04 
 1.39636836e+00 -6.88155947e+01  3.62426766e-04 
 1.41253754e+00 -6.88155988e+01  3.62426597e-04 
 1.42889396e+00 -6.88156029e+01  3.62426423e-04 
 1.44543977e+00 -6.88156071e+01  3.62426251e-04 
 1.46217717e+00 -6.88156114e+01  3.62426070e-04 
 1.47910839e+00 -6.88156159e+01  3.62425884e-04 
 1.49623566e+00 -6.88156204e+01  3.62425695e-04 
 1.51356125e+00 -6.88156251e+01  3.62425500e-04 
 1.53108746e+00 -6.88156298e+01  3.62425302e-04 
 1.54881662e+00 -6.88156347e+01  3.62425098e-04 
 1.56675107e+00 -6.88156397e+01  3.62424890e-04 
 1.58489319e+00 -6.88156448e+01  3.62424677e-04 
 1.60324539e+00 -6.88156500e+01  3.62424459e-04 
 1.62181010e+00 -6.88156554e+01  3.62424236e-04 
 1.64058977e+00 -6.88156608e+01  3.62424008e-04 
 1.65958691e+00 -6.88156664e+01  3.62423774e-04 
 1.67880402e+00 -6.88156721e+01  3.62423535e-04 
 1.69824365e+00 -6.88156780e+01  3.62423291e-04 
 1.71790839e+00 -6.88156840e+01  3.62423041e-04 
 1.73780083e+00 -6.88156901e+01  3.62422785e-04 
 1.75792361e+00 -6.88156964e+01  3.62422523e-04 
 1.77827941e+00 -6.88157029e+01  3.62422254e-04 
 1.79887092e+00 -6.88157094e+01  3.62421980e-04 
 1.81970086e+00 -6.88157162e+01  3.62421699e-04 
 1.84077200e+00 -6.88157230e+01  3.62421412e-04 
 1.86208714e+00 -6.88157301e+01  3.62421118e-04 
 1.88364909e+00 -6.88157373e+01  3.62420817e-04 
 1.90546072e+00 -6.88157446e+01  3.62420514e-04 
 1.92752491e+00 -6.88157521e+01  3.62420199e-04 
 1.94984460e+00 -6.88157598e+01  3.62419877e-04 
 1.97242274e+00 -6.88157677e+01  3.62419547e-04 
 1.99526231e+00 -6.88157758e+01  3.62419209e-04 
 2.01836636e+00 -6.88157841e+01  3.62418864e-04 
 2.04173794e+00 -6.88157926e+01  3.62418511e-04 
 2.06538016e+00 -6.88158012e+01  3.62418149e-04 
 2.08929613e+00 -6.88158101e+01  3.62417779e-04 
 2.11348904e+00 -6.88158192e+01  3.62417400e-04 
 2.13796209e+00 -6.88158285e+01  3.62417013e-04 
 2.16271852e+00 -6.88158379e+01  3.62416621e-04 
 2.18776162e+00 -6.88158476e+01  3.62416215e-04 
 2.21309471e+00 -6.88158577e+01  3.62415795e-04 
 2.23872114e+00 -6.88158678e+01  3.62415370e-04 
 2.26464431e+00 -6.88158783e+01  3.62414935e-04 
 2.29086765e+00 -6.88158889e+01  3.62414490e-04 
 2.31739465e+00 -6.88158998e+01  3.62414035e-04 
 2.34422882e+00 -6.88159110e+01  3.62413569e-04 
 2.37137371e+00 -6.88159224e+01  3.62413092e-04 
 2.39883292e+00 -6.88159341e+01  3.62412604e-04 
 2.42661010e+00 -6.88159461e+01  3.62412105e-04 
 2.45470892e+00 -6.88159583e+01  3.62411594e-04 
 2.48313311e+00 -6.88159709e+01  3.62411072e-04 
 2.51188643e+00 -6.88159837e+01  3.62410537e-04 
 2.54097271e+00 -6.88159967e+01  3.62409994e-04 
 2.57039578e+00 -6.88160101e+01  3.62409434e-04 
 2.60015956e+00 -6.88160238e+01  3.62408861e-04 
 2.63026799e+00 -6.88160379e+01  3.62408274e-04 
 2.66072506e+00 -6.88160523e+01  3.62407674e-04 
 2.69153480e+00 -6.88160670e+01  3.62407060e-04 
 2.72270131e+00 -6.88160821e+01  3.62406432e-04 
 2.75422870e+00 -6.88160975e+01  3.62405789e-04 
 2.78612117e+00 -6.88161131e+01  3.62405135e-04 
 2.81838293e+00 -6.88161293e+01  3.62404462e-04 
 2.85101827e+00 -6.88161460e+01  3.62403763e-04 
 2.88403150e+00 -6.88161629e+01  3.62403058e-04 
 2.91742701e+00 -6.88161802e+01  3.62402337e-04 
 2.95120923e+00 -6.88161979e+01  3.62401598e-04 
 2.98538262e+00 -6.88162160e+01  3.62400843e-04 
 3.01995172e+00 -6.88162346e+01  3.62400070e-04 
 3.05492111e+00 -6.88162534e+01  3.62399283e-04 
 3.09029543e+00 -6.88162728e+01  3.62398474e-04 
 3.12607937e+00 -6.88162927e+01  3.62397645e-04 
 3.16227766e+00 -6.88163130e+01  3.62396798e-04 
 3.19889511e+00 -6.88163338e+01  3.62395930e-04 
 3.23593657e+00 -6.88163550e+01  3.62395043e-04 
 3.27340695e+00 -6.88163767e+01  3.62394139e-04 
 3.31131121e+00 -6.88163992e+01  3.62393200e-04 
 3.34965439e+00 -6.88164220e+01  3.62392249e-04 
 3.38844156e+00 -6.88164453e+01  3.62391276e-04 
 3.42767787e+00 -6.88164692e+01  3.62390280e-04 
 3.46736850e+00 -6.88164936e+01  3.62389261e-04 
 3.50751874e+00 -6.88165185e+01  3.62388223e-04 
 3.54813389e+00 -6.88165441e+01  3.62387156e-04 
 3.58921935e+00 -6.88165703e+01  3.62386064e-04 
 3.63078055e+00 -6.88165970e+01  3.62384946e-04 
 3.67282300e+00 -6.88166246e+01  3.62383798e-04 
 3.71535229e+00 -6.88166525e+01  3.62382633e-04 
 3.75837404e+00 -6.88166812e+01  3.62381436e-04 
 3.80189396e+00 -6.88167105e+01  3.62380210e-04 
 3.84591782e+00 -6.88167406e+01  3.62378957e-04 
 3.89045145e+00 -6.88167712e+01  3.62377679e-04 
 3.93550075e+00 -6.88168027e+01  3.62376366e-04 
 3.98107171e+00 -6.88168351e+01  3.62375013e-04 
 4.02717034e+00 -6.88168681e+01  3.62373639e-04 
 4.07380278e+00 -6.88169017e+01  3.62372237e-04 
 4.12097519e+00 -6.88169362e+01  3.62370798e-04 
 4.16869383e+00 -6.88169715e+01  3.62369325e-04 
 4.21696503e+00 -6.88170077e+01  3.62367813e-04 
 4.26579519e+00 -6.88170447e+01  3.62366271e-04 
 4.31519077e+00 -6.88170827e+01  3.62364683e-04 
 4.36515832e+00 -6.88171214e+01  3.62363068e-04 
 4.41570447e+00 -6.88171609e+01  3.62361421e-04 
 4.46683592e+00 -6.88172015e+01  3.62359730e-04 
 4.51855944e+00 -6.88172429e+01  3.62358000e-04 
 4.57088190e+00 -6.88172853e+01  3.62356234e-04 
 4.62381021e+00 -6.88173287e+01  3.62354422e-04 
 4.67735141e+00 -6.88173734e+01  3.62352559e-04 
 4.73151259e+00 -6.88174186e+01  3.62350671e-04 
 4.78630092e+00 -6.88174651e+01  3.62348730e-04 
 4.84172368e+00 -6.88175127e+01  3.62346744e-04 
 4.89778819e+00 -6.88175614e+01  3.62344716e-04 
 4.95450191e+00 -6.88176112e+01  3.62342636e-04 
 5.01187234e+00 -6.88176623e+01  3.62340503e-04 
 5.06990708e+00 -6.88177146e+01  3.62338325e-04 
 5.12861384e+00 -6.88177680e+01  3.62336096e-04 
 5.18800039e+00 -6.88178225e+01  3.62333821e-04 
 5.24807460e+00 -6.88178785e+01  3.62331487e-04 
 5.30884444e+00 -6.88179358e+01  3.62329095e-04 
 5.37031796e+00 -6.88179944e+01  3.62326651e-04 
 5.43250331e+00 -6.88180542e+01  3.62324156e-04 
 5.49540874e+00 -6.88181156e+01  3.62321597e-04 
 5.55904257e+00 -6.88181782e+01  3.62318984e-04 
 5.62341325e+00 -6.88182425e+01  3.62316301e-04 
 5.68852931e+00 -6.88183081e+01  3.62313564e-04 
 5.75439937e+00 -6.88183754e+01  3.62310759e-04 
 5.82103218e+00 -6.88184443e+01  3.62307884e-04 
 5.88843655e+00 -6.88185147e+01  3.62304947e-04 
 5.95662144e+00 -6.88185869e+01  3.62301937e-04 
 6.02559586e+00 -6.88186607e+01  3.62298857e-04 
 6.09536897e+00 -6.88187362e+01  3.62295710e-04 
 6.16595002e+00 -6.88188133e+01  3.62292494e-04 
 6.23734835e+00 -6.88188925e+01  3.62289190e-04 
 6.30957344e+00 -6.88189732e+01  3.62285823e-04 
 6.38263486e+00 -6.88190557e+01  3.62282382e-04 
 6.45654229e+00 -6.88191403e+01  3.62278852e-04 
 6.53130553e+00 -6.88192271e+01  3.62275235e-04 
 6.60693448e+00 -6.88193156e+01  3.62271543e-04 
 6.68343918e+00 -6.88194063e+01  3.62267760e-04 
 6.76082975e+00 -6.88194992e+01  3.62263885e-04 
 6.83911647e+00 -6.88195940e+01  3.62259929e-04 
 6.91830971e+00 -6.88196913e+01  3.62255872e-04 
 6.99841996e+00 -6.88197906e+01  3.62251730e-04 
 7.07945784e+00 -6.88198925e+01  3.62247481e-04 
 7.16143410e+00 -6.88199965e+01  3.62243144e-04 
 7.24435960e+00 -6.88201032e+01  3.62238696e-04 
 7.32824533e+00 -6.88202123e+01  3.62234145e-04 
 7.41310241e+00 -6.88203237e+01  3.62229498e-04 
 7.49894209e+00 -6.88204380e+01  3.62224733e-04 
 7.58577575e+00 -6.88205548e+01  3.62219862e-04 
 7.67361489e+00 -6.88206743e+01  3.62214877e-04 
 7.76247117e+00 -6.88207965e+01  3.62209782e-04 
 7.85235635e+00 -6.88209215e+01  3.62204568e-04 
 7.94328235e+00 -6.88210497e+01  3.62199224e-04 
 8.03526122e+00 -6.88211806e+01  3.62193764e-04 
 8.12830516e+00 -6.88213148e+01  3.62188168e-04 
 8.22242650e+00 -6.88214520e+01  3.62182447e-04 
 8.31763771e+00 -6.88215922e+01  3.62176602e-04 
 8.41395142e+00 -6.88217362e+01  3.62170598e-04 
 8.51138038e+00 -6.88218831e+01  3.62164473e-04 
 8.60993752e+00 -6.88220336e+01  3.62158196e-04 
 8.70963590e+00 -6.88221875e+01  3.62151779e-04 
 8.81048873e+00 -6.88223449e+01  3.62145217e-04 
 8.91250938e+00 -6.88225061e+01  3.62138498e-04 
 9.01571138e+00 -6.88226709e+01  3.62131627e-04 
 9.12010839e+00 -6.88228398e+01  3.62124587e-04 
 9.22571427e+00 -6.88230123e+01  3.62117393e-04 
 9.33254301e+00 -6.88231891e+01  3.62110022e-04 
 9.44060876e+00 -6.88233700e+01  3.62102480e-04 
 9.54992586e+00 -6.88235550e+01  3.62094768e-04 
 9.66050879e+00 -6.88237442e+01  3.62086881e-04 
 9.77237221e+00 -6.88239378e+01  3.62078812e-04 
 9.88553095e+00 -6.88241360e+01  3.62070550e-04 
 1.00000000e+01 -6.88243389e+01  3.62062091e-04 
 1.01157945e+01 -6.88245463e+01  3.62053445e-04 
 1.02329299e+01 -6.88247588e+01  3.62044589e-04 
 1.03514217e+01 -6.88249763e+01  3.62035523e-04 
 1.04712855e+01 -6.88251986e+01  3.62026256e-04 
 1.05925373e+01 -6.88254258e+01  3.62016789e-04 
 1.07151931e+01 -6.88256586e+01  3.62007087e-04 
 1.08392691e+01 -6.88258969e+01  3.61997155e-04 
 1.09647820e+01 -6.88261405e+01  3.61987002e-04 
 1.10917482e+01 -6.88263899e+01  3.61976608e-04 
 1.12201845e+01 -6.88266453e+01  3.61965964e-04 
 1.13501082e+01 -6.88269062e+01  3.61955092e-04 
 1.14815362e+01 -6.88271734e+01  3.61943958e-04 
 1.16144861e+01 -6.88274468e+01  3.61932566e-04 
 1.17489755e+01 -6.88277264e+01  3.61920915e-04 
 1.18850223e+01 -6.88280128e+01  3.61908979e-04 
 1.20226443e+01 -6.88283060e+01  3.61896766e-04 
 1.21618600e+01 -6.88286054e+01  3.61884289e-04 
 1.23026877e+01 -6.88289121e+01  3.61871513e-04 
 1.24451461e+01 -6.88292256e+01  3.61858451e-04 
 1.25892541e+01 -6.88295469e+01  3.61845066e-04 
 1.27350308e+01 -6.88298755e+01  3.61831376e-04 
 1.28824955e+01 -6.88302115e+01  3.61817379e-04 
 1.30316678e+01 -6.88305556e+01  3.61803047e-04 
 1.31825674e+01 -6.88309073e+01  3.61788398e-04 
 1.33352143e+01 -6.88312677e+01  3.61773385e-04 
 1.34896288e+01 -6.88316359e+01  3.61758049e-04 
 1.36458314e+01 -6.88320128e+01  3.61742353e-04 
 1.38038426e+01 -6.88323986e+01  3.61726288e-04 
 1.39636836e+01 -6.88327936e+01  3.61709837e-04 
 1.41253754e+01 -6.88331972e+01  3.61693029e-04 
 1.42889396e+01 -6.88336106e+01  3.61675817e-04 
 1.44543977e+01 -6.88340330e+01  3.61658227e-04 
 1.46217717e+01 -6.88344660e+01  3.61640200e-04 
 1.47910839e+01 -6.88349085e+01  3.61621775e-04 
 1.49623566e+01 -6.88353615e+01  3.61602915e-04 
 1.51356125e+01 -6.88358248e+01  3.61583628e-04 
 1.53108746e+01 -6.88362992e+01  3.61563880e-04 
 1.54881662e+01 -6.88367842e+01  3.61543695e-04 
 1.56675107e+01 -6.88372804e+01  3.61523039e-04 
 1.58489319e+01 -6.88377886e+01  3.61501890e-04 
 1.60324539e+01 -6.88383081e+01  3.61480267e-04 
 1.62181010e+01 -6.88388396e+01  3.61458149e-04 
 1.64058977e+01 -6.88393841e+01  3.61435491e-04 
 1.65958691e+01 -6.88399406e+01  3.61412334e-04 
 1.67880402e+01 -6.88405099e+01  3.61388647e-04 
 1.69824365e+01 -6.88410929e+01  3.61364389e-04 
 1.71790839e+01 -6.88416890e+01  3.61339591e-04 
 1.73780083e+01 -6.88422990e+01  3.61314215e-04 
 1.75792361e+01 -6.88429232e+01  3.61288253e-04 
 1.77827941e+01 -6.88435615e+01  3.61261702e-04 
 1.79887092e+01 -6.88442151e+01  3.61234519e-04 
 1.81970086e+01 -6.88448835e+01  3.61206724e-04 
 1.84077200e+01 -6.88455675e+01  3.61178278e-04 
 1.86208714e+01 -6.88462673e+01  3.61149182e-04 
 1.88364909e+01 -6.88469834e+01  3.61119410e-04 
 1.90546072e+01 -6.88477157e+01  3.61088962e-04 
 1.92752491e+01 -6.88484653e+01  3.61057803e-04 
 1.94984460e+01 -6.88492320e+01  3.61025936e-04 
 1.97242274e+01 -6.88500166e+01  3.60993326e-04 
 1.99526231e+01 -6.88508191e+01  3.60959974e-04 
 2.01836636e+01 -6.88516402e+01  3.60925851e-04 
 2.04173794e+01 -6.88524805e+01  3.60890938e-04 
 2.06538016e+01 -6.88533400e+01  3.60855227e-04 
 2.08929613e+01 -6.88542194e+01  3.60818695e-04 
 2.11348904e+01 -6.88551189e+01  3.60781328e-04 
 2.13796209e+01 -6.88560393e+01  3.60743103e-04 
 2.16271852e+01 -6.88569812e+01  3.60703985e-04 
 2.18776162e+01 -6.88579445e+01  3.60663984e-04 
 2.21309471e+01 -6.88589302e+01  3.60623055e-04 
 2.23872114e+01 -6.88599384e+01  3.60581201e-04 
 2.26464431e+01 -6.88609701e+01  3.60538372e-04 
 2.29086765e+01 -6.88620256e+01  3.60494562e-04 
 2.31739465e+01 -6.88631052e+01  3.60449758e-04 
 2.34422882e+01 -6.88642098e+01  3.60403922e-04 
 2.37137371e+01 -6.88653398e+01  3.60357041e-04 
 2.39883292e+01 -6.88664961e+01  3.60309072e-04 
 2.42661010e+01 -6.88676786e+01  3.60260020e-04 
 2.45470892e+01 -6.88688886e+01  3.60209837e-04 
 2.48313311e+01 -6.88701262e+01  3.60158516e-04 
 2.51188643e+01 -6.88713925e+01  3.60106017e-04 
 2.54097271e+01 -6.88726878e+01  3.60052318e-04 
 2.57039578e+01 -6.88740131e+01  3.59997384e-04 
 2.60015956e+01 -6.88753685e+01  3.59941210e-04 
 2.63026799e+01 -6.88767555e+01  3.59883741e-04 
 2.66072506e+01 -6.88781738e+01  3.59824980e-04 
 2.69153480e+01 -6.88796250e+01  3.59764866e-04 
 2.72270131e+01 -6.88811095e+01  3.59703387e-04 
 2.75422870e+01 -6.88826279e+01  3.59640509e-04 
 2.78612117e+01 -6.88841811e+01  3.59576204e-04 
 2.81838293e+01 -6.88857703e+01  3.59510422e-04 
 2.85101827e+01 -6.88873955e+01  3.59443160e-04 
 2.88403150e+01 -6.88890582e+01  3.59374360e-04 
 2.91742701e+01 -6.88907589e+01  3.59304003e-04 
 2.95120923e+01 -6.88924984e+01  3.59232054e-04 
 2.98538262e+01 -6.88942778e+01  3.59158468e-04 
 3.01995172e+01 -6.88960978e+01  3.59083220e-04 
 3.05492111e+01 -6.88979595e+01  3.59006262e-04 
 3.09029543e+01 -6.88998639e+01  3.58927558e-04 
 3.12607937e+01 -6.89018117e+01  3.58847078e-04 
 3.16227766e+01 -6.89038040e+01  3.58764779e-04 
 3.19889511e+01 -6.89058417e+01  3.58680622e-04 
 3.23593657e+01 -6.89079260e+01  3.58594564e-04 
 3.27340695e+01 -6.89100576e+01  3.58506570e-04 
 3.31131121e+01 -6.89122382e+01  3.58416579e-04 
 3.34965439e+01 -6.89106959e+01  3.58480228e-04 
 3.38844156e+01 -6.89129768e+01  3.58386104e-04 
 3.42767787e+01 -6.89153095e+01  3.58289868e-04 
 3.46736850e+01 -6.89176952e+01  3.58191469e-04 
 3.50751874e+01 -6.89201351e+01  3.58090867e-04 
 3.54813389e+01 -6.89226305e+01  3.57988003e-04 
 3.58921935e+01 -6.89251829e+01  3.57882824e-04 
 3.63078055e+01 -6.89277927e+01  3.57775310e-04 
 3.67282300e+01 -6.89304620e+01  3.57665376e-04 
 3.71535229e+01 -6.89331918e+01  3.57552985e-04 
 3.75837404e+01 -6.89359835e+01  3.57438085e-04 
 3.80189396e+01 -6.89388381e+01  3.57320631e-04 
 3.84591782e+01 -6.89417574e+01  3.57200561e-04 
 3.89045145e+01 -6.89447427e+01  3.57077812e-04 
 3.93550075e+01 -6.89477957e+01  3.56952324e-04 
 3.98107171e+01 -6.89509172e+01  3.56824068e-04 
 4.02717034e+01 -6.89541094e+01  3.56692952e-04 
 4.07380278e+01 -6.89573738e+01  3.56558925e-04 
 4.12097519e+01 -6.89607113e+01  3.56421945e-04 
 4.16869383e+01 -6.89641239e+01  3.56281936e-04 
 4.21696503e+01 -6.89676135e+01  3.56138829e-04 
 4.26579519e+01 -6.89711817e+01  3.55992557e-04 
 4.31519077e+01 -6.89748296e+01  3.55843076e-04 
 4.36515832e+01 -6.89785595e+01  3.55690301e-04 
 4.41570447e+01 -6.89823731e+01  3.55534169e-04 
 4.46683592e+01 -6.89862723e+01  3.55374601e-04 
 4.51855944e+01 -6.89902583e+01  3.55211556e-04 
 4.57088190e+01 -6.89943338e+01  3.55044928e-04 
 4.62381021e+01 -6.89985001e+01  3.54874663e-04 
 4.67735141e+01 -6.90027596e+01  3.54700679e-04 
 4.73151259e+01 -6.90071142e+01  3.54522899e-04 
 4.78630092e+01 -6.90115651e+01  3.54341275e-04 
 4.84172368e+01 -6.90161158e+01  3.54155678e-04 
 4.89778819e+01 -6.90207671e+01  3.53966080e-04 
 4.95450191e+01 -6.90255219e+01  3.53772363e-04 
 5.01187234e+01 -6.90303822e+01  3.53574465e-04 
 5.06990708e+01 -6.90353500e+01  3.53372296e-04 
 5.12861384e+01 -6.90404280e+01  3.53165768e-04 
 5.18800039e+01 -6.90456178e+01  3.52954814e-04 
 5.24807460e+01 -6.90509225e+01  3.52739319e-04 
 5.30884444e+01 -6.90563442e+01  3.52519213e-04 
 5.37031796e+01 -6.90618851e+01  3.52294402e-04 
 5.43250331e+01 -6.90675483e+01  3.52064785e-04 
 5.49540874e+01 -6.90733355e+01  3.51830288e-04 
 5.55904257e+01 -6.90792497e+01  3.51590808e-04 
 5.62341325e+01 -6.90852935e+01  3.51346251e-04 
 5.68852931e+01 -6.90914695e+01  3.51096518e-04 
 5.75439937e+01 -6.90977805e+01  3.50841514e-04 
 5.82103218e+01 -6.91042292e+01  3.50581133e-04 
 5.88843655e+01 -6.91108183e+01  3.50315284e-04 
 5.95662144e+01 -6.91175507e+01  3.50043862e-04 
 6.02559586e+01 -6.91244294e+01  3.49766758e-04 
 6.09536897e+01 -6.91314570e+01  3.49483882e-04 
 6.16595002e+01 -6.91386370e+01  3.49195108e-04 
 6.23734835e+01 -6.91459720e+01  3.48900346e-04 
 6.30957344e+01 -6.91534654e+01  3.48599475e-04 
 6.38263486e+01 -6.91611202e+01  3.48292393e-04 
 6.45654229e+01 -6.91689395e+01  3.47978991e-04 
 6.53130553e+01 -6.91769267e+01  3.47659150e-04 
 6.60693448e+01 -6.91850848e+01  3.47332769e-04 
 6.68343918e+01 -6.91934176e+01  3.46999717e-04 
 6.76082975e+01 -6.92019280e+01  3.46659894e-04 
 6.83911647e+01 -6.92106199e+01  3.46313168e-04 
 6.91830971e+01 -6.92194965e+01  3.45959433e-04 
 6.99841996e+01 -6.92285613e+01  3.45598570e-04 
 7.07945784e+01 -6.92378184e+01  3.45230437e-04 
 7.16143410e+01 -6.92472710e+01  3.44854941e-04 
 7.24435960e+01 -6.92569225e+01  3.44471959e-04 
 7.32824533e+01 -6.92667772e+01  3.44081355e-04 
 7.41310241e+01 -6.92768388e+01  3.43683009e-04 
 7.49894209e+01 -6.92871114e+01  3.43276780e-04 
 7.58577575e+01 -6.92975979e+01  3.42862592e-04 
 7.67361489e+01 -6.93083036e+01  3.42440260e-04 
 7.76247117e+01 -6.93192315e+01  3.42009702e-04 
 7.85235635e+01 -6.93303862e+01  3.41570765e-04 
 7.94328235e+01 -6.93417716e+01  3.41123329e-04 
 8.03526122e+01 -6.93533918e+01  3.40667270e-04 
 8.12830516e+01 -6.93652511e+01  3.40202456e-04 
 8.22242650e+01 -6.93735816e+01  3.39876332e-04 
 8.31763771e+01 -6.93859321e+01  3.39393401e-04 
 8.41395142e+01 -6.93985345e+01  3.38901331e-04 
 8.51138038e+01 -6.94113937e+01  3.38399971e-04 
 8.60993752e+01 -6.94245132e+01  3.37889225e-04 
 8.70963590e+01 -6.94378984e+01  3.37368927e-04 
 8.81048873e+01 -6.94515534e+01  3.36838968e-04 
 8.91250938e+01 -6.94654831e+01  3.36299207e-04 
 9.01571138e+01 -6.94796921e+01  3.35749515e-04 
 9.12010839e+01 -6.94941846e+01  3.35189782e-04 
 9.22571427e+01 -6.95089657e+01  3.34619861e-04 
 9.33254301e+01 -6.95240405e+01  3.34039616e-04 
 9.44060876e+01 -6.95394129e+01  3.33448950e-04 
 9.54992586e+01 -6.95550884e+01  3.32847716e-04 
 9.66050879e+01 -6.95710718e+01  3.32235787e-04 
 9.77237221e+01 -6.95873680e+01  3.31613041e-04 
 9.88553095e+01 -6.96039815e+01  3.30979371e-04 
 1.00000000e+02 -6.96209180e+01  3.30334628e-04 
 1.01157945e+02 -6.96381819e+01  3.29678711e-04 
 1.02329299e+02 -6.96557784e+01  3.29011501e-04 
 1.03514217e+02 -6.96737131e+01  3.28332857e-04 
 1.04712855e+02 -6.96919901e+01  3.27642701e-04 
 1.05925373e+02 -6.97106149e+01  3.26940900e-04 
 1.07151931e+02 -6.97295930e+01  3.26227336e-04 
 1.08392691e+02 -6.97489290e+01  3.25501915e-04 
 1.09647820e+02 -6.97686285e+01  3.24764519e-04 
 1.10917482e+02 -6.97886965e+01  3.24015043e-04 
 1.12201845e+02 -6.98053657e+01  3.23393819e-04 
 1.13501082e+02 -6.98261861e+01  3.22619560e-04 
 1.14815362e+02 -6.98473907e+01  3.21832920e-04 
 1.16144861e+02 -6.98689842e+01  3.21033823e-04 
 1.17489755e+02 -6.98909727e+01  3.20222149e-04 
 1.18850223e+02 -6.99133604e+01  3.19397845e-04 
 1.20226443e+02 -6.99361534e+01  3.18560797e-04 
 1.21618600e+02 -6.99593564e+01  3.17710949e-04 
 1.23026877e+02 -6.99829745e+01  3.16848223e-04 
 1.24451461e+02 -7.00070131e+01  3.15972543e-04 
 1.25892541e+02 -7.00314775e+01  3.15083835e-04 
 1.27350308e+02 -7.00563729e+01  3.14182039e-04 
 1.28824955e+02 -7.00817040e+01  3.13267111e-04 
 1.30316678e+02 -7.01074760e+01  3.12338989e-04 
 1.31825674e+02 -7.01336945e+01  3.11397610e-04 
 1.33352143e+02 -7.01603636e+01  3.10442962e-04 
 1.34896288e+02 -7.01837166e+01  3.09609424e-04 
 1.36458314e+02 -7.02113029e+01  3.08627665e-04 
 1.38038426e+02 -7.02393555e+01  3.07632506e-04 
 1.39636836e+02 -7.02678790e+01  3.06623931e-04 
 1.41253754e+02 -7.02968782e+01  3.05601929e-04 
 1.42889396e+02 -7.03263577e+01  3.04566487e-04 
 1.44543977e+02 -7.03563224e+01  3.03517600e-04 
 1.46217717e+02 -7.03867775e+01  3.02455249e-04 
 1.47910839e+02 -7.04177267e+01  3.01379469e-04 
 1.49623566e+02 -7.04491752e+01  3.00290256e-04 
 1.51356125e+02 -7.04811270e+01  2.99187642e-04 
 1.53108746e+02 -7.05135869e+01  2.98071637e-04 
 1.54881662e+02 -7.05427869e+01  2.97071270e-04 
 1.56675107e+02 -7.05762754e+01  2.95928115e-04 
 1.58489319e+02 -7.06102847e+01  2.94771684e-04 
 1.60324539e+02 -7.06448188e+01  2.93602033e-04 
 1.62181010e+02 -7.06798817e+01  2.92419222e-04 
 1.64058977e+02 -7.07154773e+01  2.91223311e-04 
 1.65958691e+02 -7.07516092e+01  2.90014384e-04 
 1.67880402e+02 -7.07882815e+01  2.88792511e-04 
 1.69824365e+02 -7.08254972e+01  2.87557790e-04 
 1.71790839e+02 -7.08594882e+01  2.86434675e-04 
 1.73780083e+02 -7.08978017e+01  2.85173990e-04 
 1.75792361e+02 -7.09366692e+01  2.83900749e-04 
 1.77827941e+02 -7.09760941e+01  2.82615058e-04 
 1.79887092e+02 -7.10160791e+01  2.81317044e-04 
 1.81970086e+02 -7.10566267e+01  2.80006855e-04 
 1.84077200e+02 -7.10977403e+01  2.78684608e-04 
 1.86208714e+02 -7.11394226e+01  2.77350447e-04 
 1.88364909e+02 -7.11779036e+01  2.76124422e-04 
 1.90546072e+02 -7.12207301e+01  2.74766318e-04 
 1.92752491e+02 -7.12641326e+01  2.73396763e-04 
 1.94984460e+02 -7.13081130e+01  2.72015936e-04 
 1.97242274e+02 -7.13526733e+01  2.70624016e-04 
 1.99526231e+02 -7.13978157e+01  2.69221175e-04 
 2.01836636e+02 -7.14397693e+01  2.67923949e-04 
 2.04173794e+02 -7.14860804e+01  2.66499242e-04 
 2.06538016e+02 -7.15329777e+01  2.65064223e-04 
 2.08929613e+02 -7.15804640e+01  2.63619055e-04 
 2.11348904e+02 -7.16285388e+01  2.62164003e-04 
 2.13796209e+02 -7.16772042e+01  2.60699254e-04 
 2.16271852e+02 -7.17226886e+01  2.59337650e-04 
 2.18776162e+02 -7.17725371e+01  2.57853569e-04 
 2.21309471e+02 -7.18229780e+01  2.56360493e-04 
 2.23872114e+02 -7.18740120e+01  2.54858662e-04 
 2.26464431e+02 -7.19256395e+01  2.53348317e-04 
 2.29086765e+02 -7.19740884e+01  2.51939105e-04 
 2.31739465e+02 -7.20269028e+01  2.50411842e-04 
 2.34422882e+02 -7.20803111e+01  2.48876818e-04 
 2.37137371e+02 -7.21343127e+01  2.47334310e-04 
 2.39883292e+02 -7.21851347e+01  2.45891356e-04 
 2.42661010e+02 -7.22403213e+01  2.44334016e-04 
 2.45470892e+02 -7.22961000e+01  2.42769990e-04 
 2.48313311e+02 -7.23524693e+01  2.41199572e-04 
 2.51188643e+02 -7.24056571e+01  2.39727107e-04 
 2.54097271e+02 -7.24632052e+01  2.38144054e-04 
 2.57039578e+02 -7.25213418e+01  2.36555424e-04 
 2.60015956e+02 -7.25800648e+01  2.34961529e-04 
 2.63026799e+02 -7.26356004e+01  2.33464030e-04 
 2.66072506e+02 -7.26954916e+01  2.31859780e-04 
 2.69153480e+02 -7.27559647e+01  2.30251127e-04 
 2.72270131e+02 -7.28170181e+01  2.28638359e-04 
 2.75422870e+02 -7.28748771e+01  2.27120400e-04 
 2.78612117e+02 -7.29370841e+01  2.25499609e-04 
 2.81838293e+02 -7.29998653e+01  2.23875586e-04 
 2.85101827e+02 -7.30594457e+01  2.22345179e-04 
 2.88403150e+02 -7.31233677e+01  2.20714882e-04 
 2.91742701e+02 -7.31878563e+01  2.19082247e-04 
 2.95120923e+02 -7.32491370e+01  2.17542016e-04 
 2.98538262e+02 -7.33147514e+01  2.15904866e-04 
 3.01995172e+02 -7.33771525e+01  2.14359322e-04 
 3.05492111e+02 -7.34438816e+01  2.12718823e-04 
 3.09029543e+02 -7.35111639e+01  2.11077434e-04 
 3.12607937e+02 -7.35752239e+01  2.09526426e-04 
 3.16227766e+02 -7.36436028e+01  2.07883423e-04 
 3.19889511e+02 -7.37125262e+01  2.06240376e-04 
 3.23593657e+02 -7.37782177e+01  2.04686459e-04 
 3.27340695e+02 -7.38482186e+01  2.03043491e-04 
 3.31131121e+02 -7.39149811e+01  2.01488817e-04 
 3.34965439e+02 -7.39860469e+01  1.99847010e-04 
 3.38844156e+02 -7.40538670e+01  1.98292666e-04 
 3.42767787e+02 -7.41259833e+01  1.96653117e-04 
 3.46736850e+02 -7.41948472e+01  1.95100167e-04 
 3.50751874e+02 -7.42680000e+01  1.93463928e-04 
 3.54813389e+02 -7.43378934e+01  1.91913412e-04 
 3.58921935e+02 -7.44120680e+01  1.90281514e-04 
 3.63078055e+02 -7.44829764e+01  1.88734451e-04 
 3.67282300e+02 -7.45581582e+01  1.87107886e-04 
 3.71535229e+02 -7.46300664e+01  1.85565262e-04 
 3.75837404e+02 -7.47062408e+01  1.83944988e-04 
 3.80189396e+02 -7.47791337e+01  1.82407762e-04 
 3.84591782e+02 -7.48525134e+01  1.80873245e-04 
 3.89045145e+02 -7.49301486e+01  1.79263789e-04 
 3.93550075e+02 -7.50044908e+01  1.77736024e-04 
 3.98107171e+02 -7.50830806e+01  1.76135125e-04 
 4.02717034e+02 -7.51583699e+01  1.74614983e-04 
 4.07380278e+02 -7.52341273e+01  1.73098632e-04 
 4.12097519e+02 -7.53141216e+01  1.71511767e-04 
 4.16869383e+02 -7.53908040e+01  1.70004259e-04 
 4.21696503e+02 -7.54679430e+01  1.68501142e-04 
 4.26579519e+02 -7.55455355e+01  1.67002596e-04 
 4.31519077e+02 -7.56273500e+01  1.65436945e-04 
 4.36515832e+02 -7.57058380e+01  1.63948746e-04 
 4.41570447e+02 -7.57847687e+01  1.62465655e-04 
 4.46683592e+02 -7.58641386e+01  1.60987839e-04 
 4.51855944e+02 -7.59439437e+01  1.59515472e-04 
 4.57088190e+02 -7.60279534e+01  1.57980081e-04 
 4.62381021e+02 -7.61086191e+01  1.56519713e-04 
 4.67735141e+02 -7.61897103e+01  1.55065251e-04 
 4.73151259e+02 -7.62712240e+01  1.53616831e-04 
 4.78630092e+02 -7.63531558e+01  1.52174614e-04 
 4.84172368e+02 -7.64355041e+01  1.50738710e-04 
 4.89778819e+02 -7.65182647e+01  1.49309267e-04 
 4.95450191e+02 -7.66014354e+01  1.47886398e-04 
 5.01187234e+02 -7.66850126e+01  1.46470232e-04 
 5.06990708e+02 -7.67689937e+01  1.45060882e-04 
 5.12861384e+02 -7.68533759e+01  1.43658460e-04 
 5.18800039e+02 -7.69381565e+01  1.42263069e-04 
 5.24807460e+02 -7.70233330e+01  1.40874812e-04 
 5.30884444e+02 -7.71089029e+01  1.39493784e-04 
 5.37031796e+02 -7.71910910e+01  1.38180083e-04 
 5.43250331e+02 -7.72774397e+01  1.36813204e-04 
 5.49540874e+02 -7.73641751e+01  1.35453817e-04 
 5.55904257e+02 -7.74512942e+01  1.34102010e-04 
 5.62341325e+02 -7.75350230e+01  1.32815527e-04 
 5.68852931e+02 -7.76229039e+01  1.31478520e-04 
 5.75439937e+02 -7.77111635e+01  1.30149297e-04 
 5.82103218e+02 -7.77960270e+01  1.28883895e-04 
 5.88843655e+02 -7.78850371e+01  1.27569880e-04 
 5.95662144e+02 -7.79744206e+01  1.26263833e-04 
 6.02559586e+02 -7.80604034e+01  1.25020097e-04 
 6.09536897e+02 -7.81505291e+01  1.23729582e-04 
 6.16595002e+02 -7.82372516e+01  1.22500375e-04 
 6.23734835e+02 -7.83281148e+01  1.21225577e-04 
 6.30957344e+02 -7.84155725e+01  1.20011089e-04 
 6.38263486e+02 -7.85033966e+01  1.18803756e-04 
 6.45654229e+02 -7.85953588e+01  1.17552552e-04 
 6.53130553e+02 -7.86839137e+01  1.16360162e-04 
 6.60693448e+02 -7.87728326e+01  1.15175040e-04 
 6.68343918e+02 -7.88621163e+01  1.13997200e-04 
 6.76082975e+02 -7.89517640e+01  1.12826677e-04 
 6.83911647e+02 -7.90455478e+01  1.11615012e-04 
 6.91830971e+02 -7.91359231e+01  1.10459696e-04 
 6.99841996e+02 -7.92266629e+01  1.09311752e-04 
 7.07945784e+02 -7.93177674e+01  1.08171196e-04 
 7.16143410e+02 -7.94092371e+01  1.07038040e-04 
 7.24435960e+02 -7.94972998e+01  1.05958307e-04 
 7.32824533e+02 -7.95895014e+01  1.04839498e-04 
 7.41310241e+02 -7.96820704e+01  1.03728113e-04 
 7.49894209e+02 -7.97750081e+01  1.02624155e-04 
 7.58577575e+02 -7.98645433e+01  1.01571726e-04 
 7.67361489e+02 -7.99582219e+01  1.00482146e-04 
 7.76247117e+02 -8.00522733e+01  9.93999889e-05 
 7.85235635e+02 -8.01429267e+01  9.83679596e-05 
 7.94328235e+02 -8.02377470e+01  9.72999578e-05 
 8.03526122e+02 -8.03291551e+01  9.62813667e-05 
 8.12830516e+02 -8.04209446e+01  9.52692557e-05 
 8.22242650e+02 -8.05131163e+01  9.42636352e-05 
 8.31763771e+02 -8.06094462e+01  9.32239911e-05 
 8.41395142e+02 -8.07023916e+01  9.22317439e-05 
 8.51138038e+02 -8.07957286e+01  9.12459447e-05 
 8.60993752e+02 -8.08894598e+01  9.02665845e-05 
 8.70963590e+02 -8.09835884e+01  8.92936504e-05 
 8.81048873e+02 -8.10781183e+01  8.83271226e-05 
 8.91250938e+02 -8.11692810e+01  8.74049344e-05 
 9.01571138e+02 -8.12646239e+01  8.64507584e-05 
 9.12010839e+02 -8.13603794e+01  8.55029366e-05 
 9.22571427e+02 -8.14527794e+01  8.45981815e-05 
 9.33254301e+02 -8.15493729e+01  8.36625999e-05 
 9.44060876e+02 -8.16426202e+01  8.27692447e-05 
 9.54992586e+02 -8.17400702e+01  8.18458172e-05 
 9.66050879e+02 -8.18341839e+01  8.09637854e-05 
 9.77237221e+02 -8.19287386e+01  8.00871924e-05 
 9.88553095e+02 -8.20237398e+01  7.92160184e-05 
 1.00000000e+03 -8.21191930e+01  7.83502432e-05 
 1.01157945e+03 -8.22151049e+01  7.74898383e-05 
 1.02329299e+03 -8.23114809e+01  7.66347872e-05 
 1.03514217e+03 -8.24045551e+01  7.58179858e-05 
 1.04712855e+03 -8.25018792e+01  7.49731987e-05 
 1.05925373e+03 -8.25959154e+01  7.41658930e-05 
 1.07151931e+03 -8.26942152e+01  7.33312756e-05 
 1.08392691e+03 -8.27892406e+01  7.25333890e-05 
 1.09647820e+03 -8.28847729e+01  7.17399974e-05 
 1.10917482e+03 -8.29808197e+01  7.09510810e-05 
 1.12201845e+03 -8.30773885e+01  7.01666227e-05 
 1.13501082e+03 -8.31744884e+01  6.93865957e-05 
 1.14815362e+03 -8.32683549e+01  6.86407870e-05 
 1.16144861e+03 -8.33665424e+01  6.78692234e-05 
 1.17489755e+03 -8.34615151e+01  6.71311748e-05 
 1.18850223e+03 -8.35608274e+01  6.63679845e-05 
 1.20226443e+03 -8.36569441e+01  6.56376156e-05 
 1.21618600e+03 -8.37536477e+01  6.49108980e-05 
 1.23026877e+03 -8.38509493e+01  6.41878068e-05 
 1.24451461e+03 -8.39450864e+01  6.34958998e-05 
 1.25892541e+03 -8.40436152e+01  6.27797009e-05 
 1.27350308e+03 -8.41390021e+01  6.20940368e-05 
 1.28824955e+03 -8.42388040e+01  6.13846524e-05 
 1.30316678e+03 -8.43354877e+01  6.07051609e-05 
 1.31825674e+03 -8.44328379e+01  6.00285846e-05 
 1.33352143e+03 -8.45308676e+01  5.93549055e-05 
 1.34896288e+03 -8.46258177e+01  5.87095992e-05 
 1.36458314e+03 -8.47252459e+01  5.80413769e-05 
 1.38038426e+03 -8.48216394e+01  5.74008111e-05 
 1.39636836e+03 -8.49187488e+01  5.67626364e-05 
 1.41253754e+03 -8.50166068e+01  5.61267194e-05 
 1.42889396e+03 -8.51152285e+01  5.54930476e-05 
 1.44543977e+03 -8.52108565e+01  5.48854431e-05 
 1.46217717e+03 -8.53110509e+01  5.42559602e-05 
 1.47910839e+03 -8.54082840e+01  5.36519854e-05 
 1.49623566e+03 -8.55063446e+01  5.30496802e-05 
 1.51356125e+03 -8.56014771e+01  5.24718220e-05 
 1.53108746e+03 -8.57012438e+01  5.18725753e-05 
 1.54881662e+03 -8.57981181e+01  5.12972512e-05 
 1.56675107e+03 -8.58958906e+01  5.07230628e-05 
 1.58489319e+03 -8.59945802e+01  5.01500063e-05 
 1.60324539e+03 -8.60942063e+01  4.95780778e-05 
 1.62181010e+03 -8.61910164e+01  4.90285648e-05 
 1.64058977e+03 -8.62888033e+01  4.84796903e-05 
 1.65958691e+03 -8.63875876e+01  4.79314556e-05 
 1.67880402e+03 -8.64873911e+01  4.73838608e-05 
 1.69824365e+03 -8.65844631e+01  4.68572554e-05 
 1.71790839e+03 -8.66825986e+01  4.63308288e-05 
 1.73780083e+03 -8.67818206e+01  4.58045868e-05 
 1.75792361e+03 -8.68783803e+01  4.52982042e-05 
 1.77827941e+03 -8.69760926e+01  4.47914756e-05 
 1.79887092e+03 -8.70749458e+01  4.42845984e-05 
 1.81970086e+03 -8.71749835e+01  4.37774868e-05 
 1.84077200e+03 -8.72724598e+01  4.32889461e-05 
 1.86208714e+03 -8.73711729e+01  4.27997622e-05 
 1.88364909e+03 -8.74711506e+01  4.23099459e-05 
 1.90546072e+03 -8.75686491e+01  4.18376752e-05 
 1.92752491e+03 -8.76674691e+01  4.13643823e-05 
 1.94984460e+03 -8.77676398e+01  4.08900849e-05 
 1.97242274e+03 -8.78654189e+01  4.04323567e-05 
 1.99526231e+03 -8.79646101e+01  3.99732531e-05 
 2.01836636e+03 -8.80614723e+01  3.95299610e-05 
 2.04173794e+03 -8.81635822e+01  3.90679742e-05 
 2.06538016e+03 -8.82596566e+01  3.86382252e-05 
 2.08929613e+03 -8.83610644e+01  3.81897468e-05 
 2.11348904e+03 -8.84602594e+01  3.77560916e-05 
 2.13796209e+03 -8.85572946e+01  3.73366434e-05 
 2.16271852e+03 -8.86559800e+01  3.69148407e-05 
 2.18776162e+03 -8.87563525e+01  3.64907152e-05 
 2.21309471e+03 -8.88546776e+01  3.60799661e-05 
 2.23872114e+03 -8.89547667e+01  3.56665961e-05 
 2.26464431e+03 -8.90528882e+01  3.52659502e-05 
 2.29086765e+03 -8.91528551e+01  3.48623972e-05 
 2.31739465e+03 -8.92509374e+01  3.44709405e-05 
 2.34422882e+03 -8.93509496e+01  3.40763068e-05 
 2.37137371e+03 -8.94491819e+01  3.36930949e-05 
 2.39883292e+03 -8.95494160e+01  3.33065154e-05 
 2.42661010e+03 -8.96479429e+01  3.29308434e-05 
 2.45470892e+03 -8.97448105e+01  3.25656294e-05 
 2.48313311e+03 -8.98438395e+01  3.21964529e-05 
 2.51188643e+03 -8.99450787e+01  3.18233623e-05 
 2.54097271e+03 -9.00448068e+01  3.14600683e-05 
 2.57039578e+03 -9.01430761e+01  3.11061453e-05 
 2.60015956e+03 -9.02437126e+01  3.07478230e-05 
 2.63026799e+03 -9.03430146e+01  3.03982982e-05 
 2.66072506e+03 -9.04410025e+01  3.00572936e-05 
 2.69153480e+03 -9.05415238e+01  2.97114474e-05 
 2.72270131e+03 -9.06408646e+01  2.93735724e-05 
 2.75422870e+03 -9.07390842e+01  2.90432885e-05 
 2.78612117e+03 -9.08400164e+01  2.87077517e-05 
 2.81838293e+03 -9.09361783e+01  2.83916795e-05 
 2.85101827e+03 -9.10389694e+01  2.80576654e-05 
 2.88403150e+03 -9.11371015e+01  2.77424573e-05 
 2.91742701e+03 -9.12344330e+01  2.74333186e-05 
 2.95120923e+03 -9.13348042e+01  2.71181333e-05 
 2.98538262e+03 -9.14345132e+01  2.68086127e-05 
 3.01995172e+03 -9.15336316e+01  2.65044271e-05 
 3.05492111e+03 -9.16322333e+01  2.62052518e-05 
 3.09029543e+03 -9.17341837e+01  2.58994662e-05 
 3.12607937e+03 -9.18319792e+01  2.56094964e-05 
 3.16227766e+03 -9.19332614e+01  2.53126102e-05 
 3.19889511e+03 -9.20305669e+01  2.50306229e-05 
 3.23593657e+03 -9.21315212e+01  2.47413812e-05 
 3.27340695e+03 -9.22324557e+01  2.44555378e-05 
 3.31131121e+03 -9.23296485e+01  2.41834121e-05 
 3.34965439e+03 -9.24307509e+01  2.39035529e-05 
 3.38844156e+03 -9.25283086e+01  2.36365762e-05 
 3.42767787e+03 -9.26299587e+01  2.33615720e-05 
 3.46736850e+03 -9.27282701e+01  2.30986446e-05 
 3.50751874e+03 -9.28270761e+01  2.28373757e-05 
 3.54813389e+03 -9.29264935e+01  2.25774728e-05 
 3.58921935e+03 -9.30266241e+01  2.23186950e-05 
 3.63078055e+03 -9.31275903e+01  2.20607607e-05 
 3.67282300e+03 -9.32256907e+01  2.18130034e-05 
 3.71535229e+03 -9.33248238e+01  2.15654643e-05 
 3.75837404e+03 -9.34251015e+01  2.13179247e-05 
 3.80189396e+03 -9.35266559e+01  2.10701296e-05 
 3.84591782e+03 -9.36257955e+01  2.08310050e-05 
 3.89045145e+03 -9.37264307e+01  2.05910486e-05 
 3.93550075e+03 -9.38249106e+01  2.03589076e-05 
 3.98107171e+03 -9.39251333e+01  2.01253451e-05 
 4.02717034e+03 -9.40234543e+01  1.98988183e-05 
 4.07380278e+03 -9.41237772e+01  1.96703071e-05 
 4.12097519e+03 -9.42225000e+01  1.94480024e-05 
 4.16869383e+03 -9.43234603e+01  1.92232577e-05 
 4.21696503e+03 -9.44230622e+01  1.90040818e-05 
 4.26579519e+03 -9.45214494e+01  1.87900325e-05 
 4.31519077e+03 -9.46225413e+01  1.85726098e-05 
 4.36515832e+03 -9.47227167e+01  1.83596402e-05 
 4.41570447e+03 -9.48221833e+01  1.81505936e-05 
 4.46683592e+03 -9.49209910e+01  1.79452887e-05 
 4.51855944e+03 -9.50231281e+01  1.77355065e-05 
 4.57088190e+03 -9.51212129e+01  1.75363560e-05 
 4.62381021e+03 -9.52229609e+01  1.73321306e-05 
 4.67735141e+03 -9.53210364e+01  1.71375282e-05 
 4.73151259e+03 -9.54190423e+01  1.69452462e-05 
 4.78630092e+03 -9.55215152e+01  1.67465071e-05 
 4.84172368e+03 -9.56208233e+01  1.65561303e-05 
 4.89778819e+03 -9.57209273e+01  1.63664178e-05 
 4.95450191e+03 -9.58182868e+01  1.61839922e-05 
 5.01187234e+03 -9.59205710e+01  1.59945288e-05 
 5.06990708e+03 -9.60204752e+01  1.58116153e-05 
 5.12861384e+03 -9.61182070e+01  1.56347036e-05 
 5.18800039e+03 -9.62177712e+01  1.54565100e-05 
 5.24807460e+03 -9.63193469e+01  1.52768091e-05 
 5.30884444e+03 -9.64194229e+01  1.51018048e-05 
 5.37031796e+03 -9.65181904e+01  1.49310545e-05 
 5.43250331e+03 -9.66196910e+01  1.47575903e-05 
 5.49540874e+03 -9.67165821e+01  1.45938841e-05 
 5.55904257e+03 -9.68167083e+01  1.44266197e-05 
 5.62341325e+03 -9.69164748e+01  1.42618631e-05 
 5.68852931e+03 -9.70161728e+01  1.40990990e-05 
 5.75439937e+03 -9.71160825e+01  1.39378529e-05 
 5.82103218e+03 -9.72164368e+01  1.37777456e-05 
 5.88843655e+03 -9.73175439e+01  1.36182971e-05 
 5.95662144e+03 -9.74158783e+01  1.34649916e-05 
 6.02559586e+03 -9.75155341e+01  1.33113866e-05 
 6.09536897e+03 -9.76167867e+01  1.31571149e-05 
 6.16595002e+03 -9.77161483e+01  1.30074626e-05 
 6.23734835e+03 -9.78177341e+01  1.28562200e-05 
 6.30957344e+03 -9.79180677e+01  1.27085680e-05 
 6.38263486e+03 -9.80174721e+01  1.25639557e-05 
 6.45654229e+03 -9.81162585e+01  1.24218727e-05 
 6.53130553e+03 -9.82148009e+01  1.22817416e-05 
 6.60693448e+03 -9.83171992e+01  1.21378018e-05 
 6.68343918e+03 -9.84162602e+01  1.20001587e-05 
 6.76082975e+03 -9.85161197e+01  1.18629859e-05 
 6.83911647e+03 -9.86171467e+01  1.17258050e-05 
 6.91830971e+03 -9.87159303e+01  1.15932042e-05 
 6.99841996e+03 -9.88166646e+01  1.14595291e-05 
 7.07945784e+03 -9.89159396e+01  1.13292985e-05 
 7.16143410e+03 -9.90142126e+01  1.12018401e-05 
 7.24435960e+03 -9.91156198e+01  1.10718199e-05 
 7.32824533e+03 -9.92168470e+01  1.09435354e-05 
 7.41310241e+03 -9.93145052e+01  1.08211830e-05 
 7.49894209e+03 -9.94166535e+01  1.06946685e-05 
 7.58577575e+03 -9.95158573e+01  1.05732167e-05 
 7.67361489e+03 -9.96131843e+01  1.04554032e-05 
 7.76247117e+03 -9.97125917e+01  1.03364263e-05 
 7.85235635e+03 -9.98145668e+01  1.02157830e-05 
 7.94328235e+03 -9.99158544e+01  1.00973469e-05 
 8.03526122e+03 -1.00013158e+02  9.98486292e-06 
 8.12830516e+03 -1.00114561e+02  9.86897302e-06 
 8.22242650e+03 -1.00213055e+02  9.75769548e-06 
 8.31763771e+03 -1.00312959e+02  9.64610681e-06 
 8.41395142e+03 -1.00414850e+02  9.53361222e-06 
 8.51138038e+03 -1.00515494e+02  9.42378325e-06 
 8.60993752e+03 -1.00615495e+02  9.31590890e-06 
 8.70963590e+03 -1.00715472e+02  9.20929513e-06 
 8.81048873e+03 -1.00812229e+02  9.10727746e-06 
 8.91250938e+03 -1.00913975e+02  9.00121739e-06 
 9.01571138e+03 -1.01013755e+02  8.89840619e-06 
 9.12010839e+03 -1.01112319e+02  8.79800236e-06 
 9.22571427e+03 -1.01214019e+02  8.69559033e-06 
 9.33254301e+03 -1.01312072e+02  8.59797948e-06 
 9.44060876e+03 -1.01414639e+02  8.49704732e-06 
 9.54992586e+03 -1.01514986e+02  8.39944680e-06 
 9.66050879e+03 -1.01613560e+02  8.30466295e-06 
 9.77237221e+03 -1.01711627e+02  8.21142706e-06 
 9.88553095e+03 -1.01813442e+02  8.11573565e-06 
 1.00000000e+04 -1.01912323e+02  8.02386926e-06 
 1.01157945e+04 -1.02012815e+02  7.93157190e-06 
 1.02329299e+04 -1.02111973e+02  7.84153968e-06 
 1.03514217e+04 -1.02214419e+02  7.74959560e-06 
 1.04712855e+04 -1.02313474e+02  7.66172028e-06 
 1.05925373e+04 -1.02413800e+02  7.57373344e-06 
 1.07151931e+04 -1.02512531e+02  7.48813142e-06 
 1.08392691e+04 -1.02614369e+02  7.40084878e-06 
 1.09647820e+04 -1.02712722e+02  7.31752005e-06 
 1.10917482e+04 -1.02812351e+02  7.23406567e-06 
 1.12201845e+04 -1.02914217e+02  7.14972182e-06 
 1.13501082e+04 -1.03011539e+02  7.07005950e-06 
 1.14815362e+04 -1.03113469e+02  6.98757620e-06 
 1.16144861e+04 -1.03213221e+02  6.90778698e-06 
 1.17489755e+04 -1.03311921e+02  6.82973614e-06 
 1.18850223e+04 -1.03410653e+02  6.75254255e-06 
 1.20226443e+04 -1.03514368e+02  6.67239299e-06 
 1.21618600e+04 -1.03612898e+02  6.59713096e-06 
 1.23026877e+04 -1.03711198e+02  6.52289097e-06 
 1.24451461e+04 -1.03814317e+02  6.44590859e-06 
 1.25892541e+04 -1.03912141e+02  6.37371924e-06 
 1.27350308e+04 -1.04013495e+02  6.29977797e-06 
 1.28824955e+04 -1.04112047e+02  6.22870343e-06 
 1.30316678e+04 -1.04213168e+02  6.15660930e-06 
 1.31825674e+04 -1.04310552e+02  6.08796855e-06 
 1.33352143e+04 -1.04413167e+02  6.01646836e-06 
 1.34896288e+04 -1.04510965e+02  5.94910670e-06 
 1.36458314e+04 -1.04613235e+02  5.87947095e-06 
 1.38038426e+04 -1.04713875e+02  5.81174095e-06 
 1.39636836e+04 -1.04810566e+02  5.74740357e-06 
 1.41253754e+04 -1.04912348e+02  5.68044823e-06 
 1.42889396e+04 -1.05013546e+02  5.61464983e-06 
 1.44543977e+04 -1.05111906e+02  5.55142798e-06 
 1.46217717e+04 -1.05212871e+02  5.48727174e-06 
 1.47910839e+04 -1.05310527e+02  5.42592319e-06 
 1.49623566e+04 -1.05410691e+02  5.36371182e-06 
 1.51356125e+04 -1.05511248e+02  5.30197407e-06 
 1.53108746e+04 -1.05610108e+02  5.24197096e-06 
 1.54881662e+04 -1.05713267e+02  5.18008232e-06 
 1.56675107e+04 -1.05811214e+02  5.12199692e-06 
 1.58489319e+04 -1.05913444e+02  5.06206581e-06 
 1.60324539e+04 -1.06010592e+02  5.00576449e-06 
 1.62181010e+04 -1.06112363e+02  4.94745511e-06 
 1.64058977e+04 -1.06213499e+02  4.89018217e-06 
 1.65958691e+04 -1.06312252e+02  4.83489882e-06 
 1.67880402e+04 -1.06410748e+02  4.78038188e-06 
 1.69824365e+04 -1.06511508e+02  4.72524765e-06 
 1.71790839e+04 -1.06613030e+02  4.67034016e-06 
 1.73780083e+04 -1.06709929e+02  4.61852782e-06 
 1.75792361e+04 -1.06812524e+02  4.56429618e-06 
 1.77827941e+04 -1.06911706e+02  4.51247412e-06 
 1.79887092e+04 -1.07010310e+02  4.46153708e-06 
 1.81970086e+04 -1.07110699e+02  4.41026876e-06 
 1.84077200e+04 -1.07212001e+02  4.35913150e-06 
 1.86208714e+04 -1.07313103e+02  4.30868595e-06 
 1.88364909e+04 -1.07412904e+02  4.25946250e-06 
 1.90546072e+04 -1.07510757e+02  4.21174561e-06 
 1.92752491e+04 -1.07613085e+02  4.16241852e-06 
 1.94984460e+04 -1.07711885e+02  4.11534036e-06 
 1.97242274e+04 -1.07809945e+02  4.06914121e-06 
 1.99526231e+04 -1.07910686e+02  4.02221873e-06 
 2.01836636e+04 -1.08013305e+02  3.97497827e-06 
 2.04173794e+04 -1.08110019e+02  3.93096406e-06 
 2.06538016e+04 -1.08211508e+02  3.88530058e-06 
 2.08929613e+04 -1.08310184e+02  3.84141134e-06 
 2.11348904e+04 -1.08413023e+02  3.79619800e-06 
 2.13796209e+04 -1.08512534e+02  3.75295446e-06 
 2.16271852e+04 -1.08612518e+02  3.71000151e-06 
 2.18776162e+04 -1.08712697e+02  3.66745797e-06 
 2.21309471e+04 -1.08809572e+02  3.62678142e-06 
 2.23872114e+04 -1.08911020e+02  3.58466865e-06 
 2.26464431e+04 -1.09013222e+02  3.54273696e-06 
 2.29086765e+04 -1.09113133e+02  3.50221925e-06 
 2.31739465e+04 -1.09210918e+02  3.46301283e-06 
 2.34422882e+04 -1.09311061e+02  3.42331559e-06 
 2.37137371e+04 -1.09410466e+02  3.38436115e-06 
 2.39883292e+04 -1.09510050e+02  3.34578099e-06 
 2.42661010e+04 -1.09610442e+02  3.30733297e-06 
 2.45470892e+04 -1.09712755e+02  3.26860361e-06 
 2.48313311e+04 -1.09810550e+02  3.23200862e-06 
 2.51188643e+04 -1.09912627e+02  3.19424831e-06 
 2.54097271e+04 -1.10012840e+02  3.15760628e-06 
 2.57039578e+04 -1.10112424e+02  3.12161111e-06 
 2.60015956e+04 -1.10213075e+02  3.08564711e-06 
 2.63026799e+04 -1.10312736e+02  3.05044508e-06 
 2.66072506e+04 -1.10409447e+02  3.01666880e-06 
 2.69153480e+04 -1.10512710e+02  2.98101732e-06 
 2.72270131e+04 -1.10609528e+02  2.94797370e-06 
 2.75422870e+04 -1.10709691e+02  2.91417382e-06 
 2.78612117e+04 -1.10811795e+02  2.88011780e-06 
 2.81838293e+04 -1.10910772e+02  2.84748482e-06 
 2.85101827e+04 -1.11013086e+02  2.81414009e-06 
 2.88403150e+04 -1.11110209e+02  2.78284829e-06 
 2.91742701e+04 -1.11212667e+02  2.75021505e-06 
 2.95120923e+04 -1.11312085e+02  2.71891586e-06 
 2.98538262e+04 -1.11412206e+02  2.68775510e-06 
 3.01995172e+04 -1.11512098e+02  2.65702180e-06 
 3.05492111e+04 -1.11612183e+02  2.62658129e-06 
 3.09029543e+04 -1.11711923e+02  2.59659273e-06 
 3.12607937e+04 -1.11811777e+02  2.56691294e-06 
 3.16227766e+04 -1.11912332e+02  2.53736760e-06 
 3.19889511e+04 -1.12009889e+02  2.50902817e-06 
 3.23593657e+04 -1.12109196e+02  2.48050541e-06 
 3.27340695e+04 -1.12211477e+02  2.45146748e-06 
 3.31131121e+04 -1.12309734e+02  2.42389216e-06 
 3.34965439e+04 -1.12409397e+02  2.39623924e-06 
 3.38844156e+04 -1.12512240e+02  2.36803447e-06 
 3.42767787e+04 -1.12611923e+02  2.34101314e-06 
 3.46736850e+04 -1.12710700e+02  2.31454156e-06 
 3.50751874e+04 -1.12810762e+02  2.28803088e-06 
 3.54813389e+04 -1.12910868e+02  2.26181257e-06 
 3.58921935e+04 -1.13009755e+02  2.23620817e-06 
 3.63078055e+04 -1.13110205e+02  2.21049611e-06 
 3.67282300e+04 -1.13211672e+02  2.18482379e-06 
 3.71535229e+04 -1.13309987e+02  2.16023331e-06 
 3.75837404e+04 -1.13412552e+02  2.13487478e-06 
 3.80189396e+04 -1.13511975e+02  2.11057733e-06 
 3.84591782e+04 -1.13612375e+02  2.08632170e-06 
 3.89045145e+04 -1.13710636e+02  2.06285256e-06 
 3.93550075e+04 -1.13811484e+02  2.03904017e-06 
 3.98107171e+04 -1.13912367e+02  2.01549472e-06 
 4.02717034e+04 -1.14011023e+02  1.99273171e-06 
 4.07380278e+04 -1.14109247e+02  1.97032398e-06 
 4.12097519e+04 -1.14212946e+02  1.94694061e-06 
 4.16869383e+04 -1.14309459e+02  1.92542697e-06 
 4.21696503e+04 -1.14412698e+02  1.90267718e-06 
 4.26579519e+04 -1.14510964e+02  1.88127291e-06 
 4.31519077e+04 -1.14611248e+02  1.85967728e-06 
 4.36515832e+04 -1.14709680e+02  1.83872166e-06 
 4.41570447e+04 -1.14810487e+02  1.81750524e-06 
 4.46683592e+04 -1.14910862e+02  1.79662268e-06 
 4.51855944e+04 -1.15011148e+02  1.77599852e-06 
 4.57088190e+04 -1.15109768e+02  1.75594771e-06 
 4.62381021e+04 -1.15211987e+02  1.73540425e-06 
 4.67735141e+04 -1.15312187e+02  1.71549967e-06 
 4.73151259e+04 -1.15409853e+02  1.69631834e-06 
 4.78630092e+04 -1.15511169e+02  1.67664665e-06 
 4.84172368e+04 -1.15612612e+02  1.65717888e-06 
 4.89778819e+04 -1.15710113e+02  1.63868066e-06 
 4.95450191e+04 -1.15811773e+02  1.61961342e-06 
 5.01187234e+04 -1.15911309e+02  1.60115927e-06 
 5.06990708e+04 -1.16010095e+02  1.58305232e-06 
 5.12861384e+04 -1.16109937e+02  1.56495970e-06 
 5.18800039e+04 -1.16209712e+02  1.54708581e-06 
 5.24807460e+04 -1.16312144e+02  1.52894838e-06 
 5.30884444e+04 -1.16409569e+02  1.51189466e-06 
 5.37031796e+04 -1.16509475e+02  1.49460444e-06 
 5.43250331e+04 -1.16612689e+02  1.47694916e-06 
 5.49540874e+04 -1.16709153e+02  1.46063722e-06 
 5.55904257e+04 -1.16812129e+02  1.44342274e-06 
 5.62341325e+04 -1.16912428e+02  1.42685090e-06 
 5.68852931e+04 -1.17009084e+02  1.41106098e-06 
 5.75439937e+04 -1.17109978e+02  1.39476513e-06 
 5.82103218e+04 -1.17211481e+02  1.37856080e-06 
 5.88843655e+04 -1.17310842e+02  1.36288082e-06 
 5.95662144e+04 -1.17409703e+02  1.34745682e-06 
 6.02559586e+04 -1.17510105e+02  1.33197097e-06 
 6.09536897e+04 -1.17611826e+02  1.31646314e-06 
 6.16595002e+04 -1.17710559e+02  1.30158352e-06 
 6.23734835e+04 -1.17810831e+02  1.28664419e-06 
 6.30957344e+04 -1.17910180e+02  1.27201138e-06 
 6.38263486e+04 -1.18010499e+02  1.25740468e-06 
 6.45654229e+04 -1.18111105e+02  1.24292456e-06 
 6.53130553e+04 -1.18211517e+02  1.22863853e-06 
 6.60693448e+04 -1.18312453e+02  1.21444364e-06 
 6.68343918e+04 -1.18411797e+02  1.20063263e-06 
 6.76082975e+04 -1.18511208e+02  1.18696963e-06 
 6.83911647e+04 -1.18610062e+02  1.17353729e-06 
 6.91830971e+04 -1.18712600e+02  1.15976505e-06 
 6.99841996e+04 -1.18812159e+02  1.14654743e-06 
 7.07945784e+04 -1.18910491e+02  1.13364075e-06 
 7.16143410e+04 -1.19010749e+02  1.12063074e-06 
 7.24435960e+04 -1.19112544e+02  1.10757408e-06 
 7.32824533e+04 -1.19209809e+02  1.09524058e-06 
 7.41310241e+04 -1.19311570e+02  1.08248398e-06 
 7.49894209e+04 -1.19410050e+02  1.07028023e-06 
 7.58577575e+04 -1.19512474e+02  1.05773364e-06 
 7.67361489e+04 -1.19609250e+02  1.04601397e-06 
 7.76247117e+04 -1.19710083e+02  1.03394117e-06 
 7.85235635e+04 -1.19811018e+02  1.02199582e-06 
 7.94328235e+04 -1.19909051e+02  1.01052585e-06 
 8.03526122e+04 -1.20010265e+02  9.98818847e-07 
 8.12830516e+04 -1.20110183e+02  9.87394877e-07 
 8.22242650e+04 -1.20209490e+02  9.76170094e-07 
 8.31763771e+04 -1.20309845e+02  9.64956554e-07 
 8.41395142e+04 -1.20411039e+02  9.53779632e-07 
 8.51138038e+04 -1.20509921e+02  9.42983161e-07 
 8.60993752e+04 -1.20612163e+02  9.31948315e-07 
 8.70963590e+04 -1.20709970e+02  9.21513027e-07 
 8.81048873e+04 -1.20812008e+02  9.10750830e-07 
 8.91250938e+04 -1.20909538e+02  9.00581652e-07 
 9.01571138e+04 -1.21009879e+02  8.90237823e-07 
 9.12010839e+04 -1.21111163e+02  8.79917312e-07 
 9.22571427e+04 -1.21208963e+02  8.70065339e-07 
 9.33254301e+04 -1.21312055e+02  8.59799625e-07 
 9.44060876e+04 -1.21411723e+02  8.49990114e-07 
 9.54992586e+04 -1.21511696e+02  8.40262946e-07 
 9.66050879e+04 -1.21610864e+02  8.30724103e-07 
 9.77237221e+04 -1.21709243e+02  8.21368175e-07 
 9.88553095e+04 -1.21812230e+02  8.11686851e-07 
 1.00000000e+05 -1.21912517e+02  8.02368996e-07 
 1.01157945e+05 -1.22011420e+02  7.93284558e-07 
 1.02329299e+05 -1.22109172e+02  7.84406880e-07 
 1.03514217e+05 -1.22210922e+02  7.75271673e-07 
 1.04712855e+05 -1.22309511e+02  7.66521699e-07 
 1.05925373e+05 -1.22410665e+02  7.57646763e-07 
 1.07151931e+05 -1.22510544e+02  7.48984483e-07 
 1.08392691e+05 -1.22611651e+02  7.40316524e-07 
 1.09647820e+05 -1.22711185e+02  7.31881491e-07 
 1.10917482e+05 -1.22812257e+02  7.23414364e-07 
 1.12201845e+05 -1.22912362e+02  7.15124869e-07 
 1.13501082e+05 -1.23011534e+02  7.07006296e-07 
 1.14815362e+05 -1.23112495e+02  6.98836005e-07 
 1.16144861e+05 -1.23212122e+02  6.90866138e-07 
 1.17489755e+05 -1.23310506e+02  6.83084923e-07 
 1.18850223e+05 -1.23409989e+02  6.75305937e-07 
 1.20226443e+05 -1.23511738e+02  6.67441372e-07 
 1.21618600e+05 -1.23611767e+02  6.59798958e-07 
 1.23026877e+05 -1.23709387e+02  6.52425054e-07 
 1.24451461e+05 -1.23810133e+02  6.44901474e-07 
 1.25892541e+05 -1.23911155e+02  6.37444314e-07 
 1.27350308e+05 -1.24008733e+02  6.30323262e-07 
 1.28824955e+05 -1.24109346e+02  6.23064031e-07 
 1.30316678e+05 -1.24211802e+02  6.15757735e-07 
 1.31825674e+05 -1.24310261e+02  6.08817280e-07 
 1.33352143e+05 -1.24409329e+02  6.01912749e-07 
 1.34896288e+05 -1.24509939e+02  5.94980927e-07 
 1.36458314e+05 -1.24611932e+02  5.88035273e-07 
 1.38038426e+05 -1.24711768e+02  5.81315085e-07 
 1.39636836e+05 -1.24808882e+02  5.74851829e-07 
 1.41253754e+05 -1.24909938e+02  5.68202457e-07 
 1.42889396e+05 -1.25010600e+02  5.61655496e-07 
 1.44543977e+05 -1.25110335e+02  5.55243184e-07 
 1.46217717e+05 -1.25208471e+02  5.49005185e-07 
 1.47910839e+05 -1.25311864e+02  5.42508810e-07 
 1.49623566e+05 -1.25409171e+02  5.36465045e-07 
 1.51356125e+05 -1.25511948e+02  5.30154651e-07 
 1.53108746e+05 -1.25609317e+02  5.24244803e-07 
 1.54881662e+05 -1.25709823e+02  5.18213680e-07 
 1.56675107e+05 -1.25811893e+02  5.12159635e-07 
 1.58489319e+05 -1.25910130e+02  5.06399779e-07 
 1.60324539e+05 -1.26008164e+02  5.00716406e-07 
 1.62181010e+05 -1.26110438e+02  4.94855136e-07 
 1.64058977e+05 -1.26210716e+02  4.89174920e-07 
 1.65958691e+05 -1.26308398e+02  4.83704456e-07 
 1.67880402e+05 -1.26411147e+02  4.78016237e-07 
 1.69824365e+05 -1.26509639e+02  4.72626458e-07 
 1.71790839e+05 -1.26610950e+02  4.67145856e-07 
 1.73780083e+05 -1.26708725e+02  4.61916793e-07 
 1.75792361e+05 -1.26809662e+02  4.56580007e-07 
 1.77827941e+05 -1.26911517e+02  4.51257198e-07 
 1.79887092e+05 -1.27009639e+02  4.46188146e-07 
 1.81970086e+05 -1.27109704e+02  4.41077416e-07 
 1.84077200e+05 -1.27211612e+02  4.35932639e-07 
 1.86208714e+05 -1.27310674e+02  4.30989137e-07 
 1.88364909e+05 -1.27408406e+02  4.26166884e-07 
 1.90546072e+05 -1.27509089e+02  4.21255464e-07 
 1.92752491e+05 -1.27608607e+02  4.16456511e-07 
 1.94984460e+05 -1.27709706e+02  4.11637265e-07 
 1.97242274e+05 -1.27810804e+02  4.06873864e-07 
 1.99526231e+05 -1.27909963e+02  4.02255360e-07 
 2.01836636e+05 -1.28008764e+02  3.97705697e-07 
 2.04173794e+05 -1.28108673e+02  3.93157298e-07 
 2.06538016e+05 -1.28207640e+02  3.88703078e-07 
 2.08929613e+05 -1.28307894e+02  3.84242427e-07 
 2.11348904e+05 -1.28408238e+02  3.79828988e-07 
 2.13796209e+05 -1.28511319e+02  3.75347973e-07 
 2.16271852e+05 -1.28610334e+02  3.71093467e-07 
 2.18776162e+05 -1.28710570e+02  3.66835621e-07 
 2.21309471e+05 -1.28810492e+02  3.62639753e-07 
 2.23872114e+05 -1.28910895e+02  3.58472011e-07 
 2.26464431e+05 -1.29009779e+02  3.54414149e-07 
 2.29086765e+05 -1.29107369e+02  3.50454427e-07 
 2.31739465e+05 -1.29209695e+02  3.46350028e-07 
 2.34422882e+05 -1.29310401e+02  3.42357593e-07 
 2.37137371e+05 -1.29408966e+02  3.38494562e-07 
 2.39883292e+05 -1.29507715e+02  3.34668036e-07 
 2.42661010e+05 -1.29608904e+02  3.30791846e-07 
 2.45470892e+05 -1.29709669e+02  3.26976506e-07 
 2.48313311e+05 -1.29807490e+02  3.23314725e-07 
 2.51188643e+05 -1.29907338e+02  3.19619371e-07 
 2.54097271e+05 -1.30006905e+02  3.15976461e-07 
 2.57039578e+05 -1.30108512e+02  3.12301734e-07 
 2.60015956e+05 -1.30206981e+02  3.08781285e-07 
 2.63026799e+05 -1.30306928e+02  3.05248558e-07 
 2.66072506e+05 -1.30409490e+02  3.01665385e-07 
 2.69153480e+05 -1.30507081e+02  2.98294988e-07 
 2.72270131e+05 -1.30609108e+02  2.94811623e-07 
 2.75422870e+05 -1.30707836e+02  2.91479616e-07 
 2.78612117e+05 -1.30806874e+02  2.88174994e-07 
 2.81838293e+05 -1.30907435e+02  2.84857887e-07 
 2.85101827e+05 -1.31008255e+02  2.81570564e-07 
 2.88403150e+05 -1.31106517e+02  2.78403166e-07 
 2.91742701e+05 -1.31208192e+02  2.75163240e-07 
 2.95120923e+05 -1.31308055e+02  2.72017757e-07 
 2.98538262e+05 -1.31409520e+02  2.68858649e-07 
 3.01995172e+05 -1.31509436e+02  2.65783599e-07 
 3.05492111e+05 -1.31606926e+02  2.62817143e-07 
 3.09029543e+05 -1.31706501e+02  2.59821421e-07 
 3.12607937e+05 -1.31808096e+02  2.56800106e-07 
 3.16227766e+05 -1.31906511e+02  2.53906858e-07 
 3.19889511e+05 -1.32008007e+02  2.50957207e-07 
 3.23593657e+05 -1.32107191e+02  2.48107810e-07 
 3.27340695e+05 -1.32206415e+02  2.45289654e-07 
 3.31131121e+05 -1.32305370e+02  2.42511038e-07 
 3.34965439e+05 -1.32405416e+02  2.39733760e-07 
 3.38844156e+05 -1.32505227e+02  2.36994706e-07 
 3.42767787e+05 -1.32606583e+02  2.34245276e-07 
 3.46736850e+05 -1.32705749e+02  2.31586136e-07 
 3.50751874e+05 -1.32806746e+02  2.28908924e-07 
 3.54813389e+05 -1.32905614e+02  2.26318097e-07 
 3.58921935e+05 -1.33006291e+02  2.23710020e-07 
 3.63078055e+05 -1.33107379e+02  2.21121537e-07 
 3.67282300e+05 -1.33207636e+02  2.18583903e-07 
 3.71535229e+05 -1.33305288e+02  2.16140233e-07 
 3.75837404e+05 -1.33404663e+02  2.13681455e-07 
 3.80189396e+05 -1.33505860e+02  2.11206358e-07 
 3.84591782e+05 -1.33606718e+02  2.08768074e-07 
 3.89045145e+05 -1.33704038e+02  2.06442030e-07 
 3.93550075e+05 -1.33804703e+02  2.04063262e-07 
 3.98107171e+05 -1.33906395e+02  2.01688099e-07 
 4.02717034e+05 -1.34005353e+02  1.99403313e-07 
 4.07380278e+05 -1.34105279e+02  1.97122426e-07 
 4.12097519e+05 -1.34203116e+02  1.94914524e-07 
 4.16869383e+05 -1.34303875e+02  1.92666510e-07 
 4.21696503e+05 -1.34403248e+02  1.90474840e-07 
 4.26579519e+05 -1.34503536e+02  1.88288251e-07 
 4.31519077e+05 -1.34602749e+02  1.86149788e-07 
 4.36515832e+05 -1.34702801e+02  1.84017853e-07 
 4.41570447e+05 -1.34803279e+02  1.81901394e-07 
 4.46683592e+05 -1.34901792e+02  1.79849978e-07 
 4.51855944e+05 -1.35002552e+02  1.77775708e-07 
 4.57088190e+05 -1.35101991e+02  1.75752065e-07 
 4.62381021e+05 -1.35201434e+02  1.73751393e-07 
 4.67735141e+05 -1.35303719e+02  1.71717308e-07 
 4.73151259e+05 -1.35402531e+02  1.69774881e-07 
 4.78630092e+05 -1.35503545e+02  1.67811894e-07 
 4.84172368e+05 -1.35601014e+02  1.65939324e-07 
 4.89778819e+05 -1.35702420e+02  1.64013266e-07 
 4.95450191e+05 -1.35802777e+02  1.62129175e-07 
 5.01187234e+05 -1.35901081e+02  1.60304578e-07 
 5.06990708e+05 -1.36001213e+02  1.58467193e-07 
 5.12861384e+05 -1.36100899e+02  1.56658894e-07 
 5.18800039e+05 -1.36201740e+02  1.54850631e-07 
 5.24807460e+05 -1.36302084e+02  1.53072015e-07 
 5.30884444e+05 -1.36401673e+02  1.51326983e-07 
 5.37031796e+05 -1.36499191e+02  1.49637508e-07 
 5.43250331e+05 -1.36601796e+02  1.47880252e-07 
 5.49540874e+05 -1.36698736e+02  1.46238990e-07 
 5.55904257e+05 -1.36801316e+02  1.44522072e-07 
 5.62341325e+05 -1.36898835e+02  1.42908559e-07 
 5.68852931e+05 -1.36996256e+02  1.41314660e-07 
 5.75439937e+05 -1.37095141e+02  1.39714970e-07 
 5.82103218e+05 -1.37193468e+02  1.38142266e-07 
 5.88843655e+05 -1.37295212e+02  1.36533549e-07 
 5.95662144e+05 -1.37396173e+02  1.34955740e-07 
 6.02559586e+05 -1.37493831e+02  1.33446892e-07 
 6.09536897e+05 -1.37595667e+02  1.31891459e-07 
 6.16595002e+05 -1.37694973e+02  1.30392114e-07 
 6.23734835e+05 -1.37794332e+02  1.28909044e-07 
 6.30957344e+05 -1.37892552e+02  1.27459556e-07 
 6.38263486e+05 -1.37994206e+02  1.25976550e-07 
 6.45654229e+05 -1.38091913e+02  1.24567386e-07 
 6.53130553e+05 -1.38190931e+02  1.23155399e-07 
 6.60693448e+05 -1.38292548e+02  1.21722983e-07 
 6.68343918e+05 -1.38391090e+02  1.20349832e-07 
 6.76082975e+05 -1.38491643e+02  1.18964632e-07 
 6.83911647e+05 -1.38589483e+02  1.17632103e-07 
 6.91830971e+05 -1.38690228e+02  1.16275606e-07 
 6.99841996e+05 -1.38789869e+02  1.14949361e-07 
 7.07945784e+05 -1.38887658e+02  1.13662467e-07 
 7.16143410e+05 -1.38988385e+02  1.12351979e-07 
 7.24435960e+05 -1.39089935e+02  1.11046078e-07 
 7.32824533e+05 -1.39187751e+02  1.09802558e-07 
 7.41310241e+05 -1.39286732e+02  1.08558393e-07 
 7.49894209e+05 -1.39387146e+02  1.07310621e-07 
 7.58577575e+05 -1.39486594e+02  1.06088982e-07 
 7.67361489e+05 -1.39586925e+02  1.04870594e-07 
 7.76247117e+05 -1.39687246e+02  1.03666328e-07 
 7.85235635e+05 -1.39784739e+02  1.02509251e-07 
 7.94328235e+05 -1.39883245e+02  1.01353265e-07 
 8.03526122e+05 -1.39985527e+02  1.00166764e-07 
 8.12830516e+05 -1.40084054e+02  9.90369588e-08 
 8.22242650e+05 -1.40181640e+02  9.79305015e-08 
 8.31763771e+05 -1.40282877e+02  9.67957189e-08 
 8.41395142e+05 -1.40380921e+02  9.57092542e-08 
 8.51138038e+05 -1.40479569e+02  9.46284072e-08 
 8.60993752e+05 -1.40578870e+02  9.35527369e-08 
 8.70963590e+05 -1.40680218e+02  9.24674993e-08 
 8.81048873e+05 -1.40777917e+02  9.14332492e-08 
 8.91250938e+05 -1.40876765e+02  9.03986142e-08 
 9.01571138e+05 -1.40976644e+02  8.93650745e-08 
 9.12010839e+05 -1.41077232e+02  8.83361355e-08 
 9.22571427e+05 -1.41175400e+02  8.73433780e-08 
 9.33254301e+05 -1.41275134e+02  8.63462161e-08 
 9.44060876e+05 -1.41374380e+02  8.53652275e-08 
 9.54992586e+05 -1.41475367e+02  8.43784703e-08 
 9.66050879e+05 -1.41573806e+02  8.34275890e-08 
 9.77237221e+05 -1.41673475e+02  8.24757477e-08 
 9.88553095e+05 -1.41772240e+02  8.15432491e-08 
 1.00000000e+06 -1.41871589e+02  8.06158679e-08 
 1.01157945e+06 -1.41968850e+02  7.97181987e-08 
 1.02329299e+06 -1.42071803e+02  7.87788886e-08 
 1.03514217e+06 -1.42169749e+02  7.78955310e-08 
 1.04712855e+06 -1.42267637e+02  7.70225963e-08 
 1.05925373e+06 -1.42367446e+02  7.61426015e-08 
 1.07151931e+06 -1.42467643e+02  7.52692980e-08 
 1.08392691e+06 -1.42563994e+02  7.44389621e-08 
 1.09647820e+06 -1.42661548e+02  7.36075936e-08 
 1.10917482e+06 -1.42758777e+02  7.27882301e-08 
 1.12201845e+06 -1.42858717e+02  7.19555249e-08 
 1.13501082e+06 -1.42956929e+02  7.11465017e-08 
 1.14815362e+06 -1.43057400e+02  7.03282822e-08 
 1.16144861e+06 -1.43155276e+02  6.95402430e-08 
 1.17489755e+06 -1.43255353e+02  6.87436092e-08 
 1.18850223e+06 -1.43352351e+02  6.79801988e-08 
 1.20226443e+06 -1.43450800e+02  6.72140403e-08 
 1.21618600e+06 -1.43551811e+02  6.64369152e-08 
 1.23026877e+06 -1.43651022e+02  6.56823845e-08 
 1.24451461e+06 -1.43747934e+02  6.49536144e-08 
 1.25892541e+06 -1.43846785e+02  6.42185902e-08 
 1.27350308e+06 -1.43944492e+02  6.35002480e-08 
 1.28824955e+06 -1.44045207e+02  6.27681977e-08 
 1.30316678e+06 -1.44141660e+02  6.20750385e-08 
 1.31825674e+06 -1.44239348e+02  6.13808063e-08 
 1.33352143e+06 -1.44337653e+02  6.06900307e-08 
 1.34896288e+06 -1.44436188e+02  6.00054346e-08 
 1.36458314e+06 -1.44533053e+02  5.93399754e-08 
 1.38038426e+06 -1.44633263e+02  5.86592995e-08 
 1.39636836e+06 -1.44670745e+02  5.84067079e-08 
 1.41253754e+06 -1.44767689e+02  5.77584553e-08 
 1.42889396e+06 -1.44867120e+02  5.71010350e-08 
 1.44543977e+06 -1.44965551e+02  5.64576056e-08 
 1.46217717e+06 -1.45061496e+02  5.58374030e-08 
 1.47910839e+06 -1.45162491e+02  5.51919129e-08 
 1.49623566e+06 -1.45259961e+02  5.45760298e-08 
 1.51356125e+06 -1.45354910e+02  5.39826879e-08 
 1.53108746e+06 -1.45457016e+02  5.33518169e-08 
 1.54881662e+06 -1.45556674e+02  5.27431788e-08 
 1.56675107e+06 -1.45652760e+02  5.21629324e-08 
 1.58489319e+06 -1.45749643e+02  5.15843391e-08 
 1.60324539e+06 -1.45848097e+02  5.10029355e-08 
 1.62181010e+06 -1.45942180e+02  5.04534652e-08 
 1.64058977e+06 -1.46042027e+02  4.98768061e-08 
 1.65958691e+06 -1.46138789e+02  4.93242546e-08 
 1.67880402e+06 -1.46237007e+02  4.87696526e-08 
 1.69824365e+06 -1.46334583e+02  4.82248455e-08 
 1.71790839e+06 -1.46430882e+02  4.76931397e-08 
 1.73780083e+06 -1.46528613e+02  4.71595184e-08 
 1.75792361e+06 -1.46624891e+02  4.66396690e-08 
 1.77827941e+06 -1.46724945e+02  4.61054993e-08 
 1.79887092e+06 -1.46820711e+02  4.55999604e-08 
 1.81970086e+06 -1.46917833e+02  4.50929207e-08 
 1.84077200e+06 -1.47017849e+02  4.45766628e-08 
 1.86208714e+06 -1.47112504e+02  4.40935212e-08 
 1.88364909e+06 -1.47210153e+02  4.36005866e-08 
 1.90546072e+06 -1.47307240e+02  4.31159521e-08 
 1.92752491e+06 -1.47405461e+02  4.26311426e-08 
 1.94984460e+06 -1.47505508e+02  4.21429191e-08 
 1.97242274e+06 -1.47601958e+02  4.16775418e-08 
 1.99526231e+06 -1.47695187e+02  4.12325922e-08 
 2.01836636e+06 -1.47788204e+02  4.07933903e-08 
 2.04173794e+06 -1.47889039e+02  4.03225579e-08 
 2.06538016e+06 -1.47982495e+02  3.98910314e-08 
 2.08929613e+06 -1.48086637e+02  3.94156015e-08 
 2.11348904e+06 -1.48180923e+02  3.89900564e-08 
 2.13796209e+06 -1.48275826e+02  3.85663624e-08 
 2.16271852e+06 -1.48374348e+02  3.81313848e-08 
 2.18776162e+06 -1.48471616e+02  3.77067578e-08 
 2.21309471e+06 -1.48562546e+02  3.73140767e-08 
 2.23872114e+06 -1.48660121e+02  3.68972467e-08 
 2.26464431e+06 -1.48754850e+02  3.64970280e-08 
 2.29086765e+06 -1.48848696e+02  3.61048223e-08 
 2.31739465e+06 -1.48948684e+02  3.56915825e-08 
 2.34422882e+06 -1.49042509e+02  3.53081146e-08 
 2.37137371e+06 -1.49137580e+02  3.49237602e-08 
 2.39883292e+06 -1.49229299e+02  3.45569211e-08 
 2.42661010e+06 -1.49270361e+02  3.43939417e-08 
 2.45470892e+06 -1.49368466e+02  3.40076542e-08 
 2.48313311e+06 -1.49458821e+02  3.36557256e-08 
 2.51188643e+06 -1.49555657e+02  3.32825938e-08 
 2.54097271e+06 -1.49649994e+02  3.29230689e-08 
 2.57039578e+06 -1.49745750e+02  3.25621056e-08 
 2.60015956e+06 -1.49839081e+02  3.22140968e-08 
 2.63026799e+06 -1.49931910e+02  3.18716447e-08 
 2.66072506e+06 -1.50030990e+02  3.15101508e-08 
 2.69153480e+06 -1.50121139e+02  3.11848048e-08 
 2.72270131e+06 -1.50214107e+02  3.08528046e-08 
 2.75422870e+06 -1.50309999e+02  3.05140654e-08 
 2.78612117e+06 -1.50403960e+02  3.01857533e-08 
 2.81838293e+06 -1.50499960e+02  2.98539627e-08 
 2.85101827e+06 -1.50594237e+02  2.95316804e-08 
 2.88403150e+06 -1.50686610e+02  2.92192787e-08 
 2.91742701e+06 -1.50785990e+02  2.88868720e-08 
 2.95120923e+06 -1.50876868e+02  2.85862116e-08 
 2.98538262e+06 -1.50961308e+02  2.83096568e-08 
 3.01995172e+06 -1.51059505e+02  2.79914091e-08 
 3.05492111e+06 -1.51154608e+02  2.76865979e-08 
 3.09029543e+06 -1.51244498e+02  2.74015465e-08 
 3.12607937e+06 -1.51280759e+02  2.72873943e-08 
 3.16227766e+06 -1.51374815e+02  2.69935033e-08 
 3.19889511e+06 -1.51463775e+02  2.67184487e-08 
 3.23593657e+06 -1.51559061e+02  2.64269438e-08 
 3.27340695e+06 -1.51646528e+02  2.61621611e-08 
 3.31131121e+06 -1.51739076e+02  2.58848823e-08 
 3.34965439e+06 -1.51820851e+02  2.56423291e-08 
 3.38844156e+06 -1.51924410e+02  2.53384188e-08 
 3.42767787e+06 -1.52009997e+02  2.50899707e-08 
 3.46736850e+06 -1.52100871e+02  2.48288409e-08 
 3.50751874e+06 -1.52198056e+02  2.45525839e-08 
 3.54813389e+06 -1.52283743e+02  2.43115611e-08 
 3.58921935e+06 -1.52370779e+02  2.40691678e-08 
 3.63078055e+06 -1.52460898e+02  2.38207330e-08 
 3.67282300e+06 -1.52510632e+02  2.36847282e-08 
 3.71535229e+06 -1.52601739e+02  2.34375942e-08 
 3.75837404e+06 -1.52694434e+02  2.31888008e-08 
 3.80189396e+06 -1.52775255e+02  2.29740329e-08 
 3.84591782e+06 -1.52916419e+02  2.26036755e-08 
 3.89045145e+06 -1.53005812e+02  2.23722368e-08 
 3.93550075e+06 -1.53093395e+02  2.21477823e-08 
 3.98107171e+06 -1.53183470e+02  2.19192905e-08 
 4.02717034e+06 -1.53279966e+02  2.16771257e-08 
 4.07380278e+06 -1.53361689e+02  2.14741282e-08 
 4.12097519e+06 -1.53452040e+02  2.12519126e-08 
 4.16869383e+06 -1.53487696e+02  2.11648500e-08 
 4.21696503e+06 -1.53584678e+02  2.09298483e-08 
 4.26579519e+06 -1.53666812e+02  2.07328693e-08 
 4.31519077e+06 -1.53739293e+02  2.05605798e-08 
 4.36515832e+06 -1.53740220e+02  2.05583849e-08 
 4.41570447e+06 -1.53815581e+02  2.03807881e-08 
 4.46683592e+06 -1.53914422e+02  2.01501792e-08 
 4.51855944e+06 -1.53992709e+02  1.99693778e-08 
 4.57088190e+06 -1.54089888e+02  1.97472026e-08 
 4.62381021e+06 -1.54121255e+02  1.96760195e-08 
 4.67735141e+06 -1.54212143e+02  1.94712059e-08 
 4.73151259e+06 -1.54291080e+02  1.92950547e-08 
 4.78630092e+06 -1.54378857e+02  1.91010449e-08 
 4.84172368e+06 -1.54506626e+02  1.88221276e-08 
 4.89778819e+06 -1.54592816e+02  1.86362778e-08 
 4.95450191e+06 -1.54683500e+02  1.84427201e-08 
 5.01187234e+06 -1.54724241e+02  1.83564191e-08 
 5.06990708e+06 -1.54802394e+02  1.81919935e-08 
 5.12861384e+06 -1.54895319e+02  1.79984056e-08 
 5.18800039e+06 -1.54979660e+02  1.78244853e-08 
 5.24807460e+06 -1.55012559e+02  1.77570996e-08 
 5.30884444e+06 -1.55087221e+02  1.76051181e-08 
 5.37031796e+06 -1.55189114e+02  1.73998015e-08 
 5.43250331e+06 -1.55223311e+02  1.73314322e-08 
 5.49540874e+06 -1.55300105e+02  1.71788768e-08 
 5.55904257e+06 -1.55387703e+02  1.70064970e-08 
 5.62341325e+06 -1.55404129e+02  1.69743662e-08 
 5.68852931e+06 -1.55509074e+02  1.67705110e-08 
 5.75439937e+06 -1.55554917e+02  1.66822316e-08 
 5.82103218e+06 -1.55633869e+02  1.65312834e-08 
 5.88843655e+06 -1.55703797e+02  1.63987276e-08 
 5.95662144e+06 -1.55784705e+02  1.62466844e-08 
 6.02559586e+06 -1.55940034e+02  1.59587294e-08 
 6.09536897e+06 -1.55990472e+02  1.58663275e-08 
 6.16595002e+06 -1.56084972e+02  1.56946414e-08 
 6.23734835e+06 -1.56135408e+02  1.56037728e-08 
 6.30957344e+06 -1.56231186e+02  1.54326577e-08 
 6.38263486e+06 -1.56219234e+02  1.54539076e-08 
 6.45654229e+06 -1.56312986e+02  1.52880017e-08 
 6.53130553e+06 -1.56394419e+02  1.51453405e-08 
 6.60693448e+06 -1.56463746e+02  1.50249387e-08 
 6.68343918e+06 -1.56517423e+02  1.49323742e-08 
 6.76082975e+06 -1.56571905e+02  1.48390031e-08 
 6.83911647e+06 -1.56672849e+02  1.46675488e-08 
 6.91830971e+06 -1.56726458e+02  1.45773004e-08 
 6.99841996e+06 -1.56769768e+02  1.45047953e-08 
 7.07945784e+06 -1.56860555e+02  1.43539768e-08 
 7.16143410e+06 -1.56934926e+02  1.42315998e-08 
 7.24435960e+06 -1.56961381e+02  1.41883186e-08 
 7.32824533e+06 -1.57054896e+02  1.40363821e-08 
 7.41310241e+06 -1.57149110e+02  1.38849565e-08 
 7.49894209e+06 -1.57163660e+02  1.38617163e-08 
 7.58577575e+06 -1.57328171e+02  1.36016461e-08 
 7.67361489e+06 -1.57404671e+02  1.34823772e-08 
 7.76247117e+06 -1.57427835e+02  1.34464691e-08 
 7.85235635e+06 -1.57428416e+02  1.34455695e-08 
 7.94328235e+06 -1.57497999e+02  1.33382864e-08 
 8.03526122e+06 -1.57567907e+02  1.32313654e-08 
 8.12830516e+06 -1.57618452e+02  1.31545922e-08 
 8.22242650e+06 -1.57674122e+02  1.30705506e-08 
 8.31763771e+06 -1.57751867e+02  1.29540819e-08 
 8.41395142e+06 -1.57823311e+02  1.28479685e-08 
 8.51138038e+06 -1.57853903e+02  1.28027967e-08 
 8.60993752e+06 -1.57971408e+02  1.26307641e-08 
 8.70963590e+06 -1.57979894e+02  1.26184288e-08 
 8.81048873e+06 -1.58074325e+02  1.24819882e-08 
 8.91250938e+06 -1.58136407e+02  1.23930912e-08 
 9.01571138e+06 -1.58196247e+02  1.23080050e-08 
 9.12010839e+06 -1.58165536e+02  1.23515997e-08 
 9.22571427e+06 -1.58249965e+02  1.22321199e-08 
 9.33254301e+06 -1.58308082e+02  1.21505486e-08 
 9.44060876e+06 -1.58325360e+02  1.21264030e-08 
 9.54992586e+06 -1.58459236e+02  1.19409309e-08 
 9.66050879e+06 -1.58500975e+02  1.18836880e-08 
 9.77237221e+06 -1.58528807e+02  1.18456704e-08 
 9.88553095e+06 -1.58576941e+02  1.17802072e-08 
 1.00000000e+07 -1.58600811e+02  1.17478788e-08 
 1.01157945e+07 -1.58653441e+02  1.16769101e-08 
 1.02329299e+07 -1.58756170e+02  1.15396202e-08 
 1.03514217e+07 -1.58807488e+02  1.14716424e-08 
 1.04712855e+07 -1.58905836e+02  1.13424848e-08 
 1.05925373e+07 -1.58922101e+02  1.13212655e-08 
 1.07151931e+07 -1.58983903e+02  1.12409970e-08 
 1.08392691e+07 -1.58999923e+02  1.12202835e-08 
 1.09647820e+07 -1.59076206e+02  1.11221742e-08 
 1.10917482e+07 -1.59110391e+02  1.10784869e-08 
 1.12201845e+07 -1.59188847e+02  1.09788701e-08 
 1.13501082e+07 -1.59252145e+02  1.08991524e-08 
 1.14815362e+07 -1.59318808e+02  1.08158236e-08 
 1.16144861e+07 -1.59334825e+02  1.07958978e-08 
 1.17489755e+07 -1.59408347e+02  1.07049008e-08 
 1.18850223e+07 -1.59431461e+02  1.06764525e-08 
 1.20226443e+07 -1.59470014e+02  1.06291681e-08 
 1.21618600e+07 -1.59536193e+02  1.05484915e-08 
 1.23026877e+07 -1.59604903e+02  1.04653761e-08 
 1.24451461e+07 -1.59692947e+02  1.03598305e-08 
 1.25892541e+07 -1.59723399e+02  1.03235730e-08 
 1.27350308e+07 -1.59728424e+02  1.03176028e-08 
 1.28824955e+07 -1.59815707e+02  1.02144421e-08 
 1.30316678e+07 -1.59865205e+02  1.01563989e-08 
 1.31825674e+07 -1.59913268e+02  1.01003535e-08 
 1.33352143e+07 -1.59974255e+02  1.00296837e-08 
 1.34896288e+07 -1.60019431e+02  9.97765398e-09 
 1.36458314e+07 -1.60068363e+02  9.92160261e-09 
 1.38038426e+07 -1.60136582e+02  9.84398442e-09 
 1.39636836e+07 -1.60180716e+02  9.79409220e-09 
 1.41253754e+07 -1.60251790e+02  9.71427760e-09 
 1.42889396e+07 -1.60291018e+02  9.67050386e-09 
 1.44543977e+07 -1.60296170e+02  9.66476912e-09 
 1.46217717e+07 -1.60314934e+02  9.64391346e-09 
 1.47910839e+07 -1.60439919e+02  9.50613673e-09 
 1.49623566e+07 -1.60480019e+02  9.46235066e-09 
 1.51356125e+07 -1.60500674e+02  9.43987585e-09 
 1.53108746e+07 -1.60574827e+02  9.35962971e-09 
 1.54881662e+07 -1.60642512e+02  9.28697814e-09 
 1.56675107e+07 -1.60668190e+02  9.25956346e-09 
 1.58489319e+07 -1.60696373e+02  9.22956713e-09 
 1.60324539e+07 -1.60804571e+02  9.11530985e-09 
 1.62181010e+07 -1.60776756e+02  9.14454749e-09 
 1.64058977e+07 -1.60938637e+02  8.97569603e-09 
 1.65958691e+07 -1.60967010e+02  8.94642430e-09 
 1.67880402e+07 -1.61037673e+02  8.87393719e-09 
 1.69824365e+07 -1.61054831e+02  8.85642498e-09 
 1.71790839e+07 -1.61076154e+02  8.83471049e-09 
 1.73780083e+07 -1.61191431e+02  8.71823223e-09 
 1.75792361e+07 -1.61230153e+02  8.67945263e-09 
 1.77827941e+07 -1.61294635e+02  8.61525714e-09 
 1.79887092e+07 -1.61308018e+02  8.60199371e-09 
 1.81970086e+07 -1.61376066e+02  8.53486635e-09 
 1.84077200e+07 -1.61422314e+02  8.48954279e-09 
 1.86208714e+07 -1.61519865e+02  8.39472992e-09 
 1.88364909e+07 -1.61576194e+02  8.34046613e-09 
 1.90546072e+07 -1.61586166e+02  8.33089565e-09 
 1.92752491e+07 -1.61666156e+02  8.25452736e-09 
 1.94984460e+07 -1.61729391e+02  8.19465043e-09 
 1.97242274e+07 -1.61722030e+02  8.20159801e-09 
 1.99526231e+07 -1.61824473e+02  8.10543553e-09 
 2.01836636e+07 -1.61903771e+02  8.03177325e-09 
 2.04173794e+07 -1.61973609e+02  7.96745335e-09 
 2.06538016e+07 -1.61950353e+02  7.98881516e-09 
 2.08929613e+07 -1.62081926e+02  7.86871307e-09 
 2.11348904e+07 -1.62123818e+02  7.83085313e-09 
 2.13796209e+07 -1.62179763e+02  7.78057822e-09 
 2.16271852e+07 -1.62222578e+02  7.74231956e-09 
 2.18776162e+07 -1.62321207e+02  7.65490215e-09 
 2.21309471e+07 -1.62377108e+02  7.60579448e-09 
 2.23872114e+07 -1.62402145e+02  7.58390261e-09 
 2.26464431e+07 -1.62541075e+02  7.46356369e-09 
 2.29086765e+07 -1.62505424e+02  7.49426061e-09 
 2.31739465e+07 -1.62602835e+02  7.41068343e-09 
 2.34422882e+07 -1.62646422e+02  7.37358838e-09 
 2.37137371e+07 -1.62746507e+02  7.28911221e-09 
 2.39883292e+07 -1.62808378e+02  7.23737531e-09 
 2.42661010e+07 -1.62846555e+02  7.20563473e-09 
 2.45470892e+07 -1.62960886e+02  7.11140998e-09 
 2.48313311e+07 -1.63008351e+02  7.07265482e-09 
 2.51188643e+07 -1.63028614e+02  7.05617398e-09 
 2.54097271e+07 -1.63104444e+02  6.99484020e-09 
 2.57039578e+07 -1.63196836e+02  6.92083036e-09 
 2.60015956e+07 -1.63290976e+02  6.84622559e-09 
 2.63026799e+07 -1.63357331e+02  6.79412341e-09 
 2.66072506e+07 -1.63468139e+02  6.70799970e-09 
 2.69153480e+07 -1.63479121e+02  6.69952412e-09 
 2.72270131e+07 -1.63580455e+02  6.62181808e-09 
 2.75422870e+07 -1.63622817e+02  6.58960174e-09 
 2.78612117e+07 -1.63737762e+02  6.50297191e-09 
 2.81838293e+07 -1.63804004e+02  6.45356647e-09 
 2.85101827e+07 -1.63827990e+02  6.43576967e-09 
 2.88403150e+07 -1.63980079e+02  6.32406121e-09 
 2.91742701e+07 -1.64022331e+02  6.29337288e-09 
 2.95120923e+07 -1.64105485e+02  6.23341103e-09 
 2.98538262e+07 -1.64175323e+02  6.18349300e-09 
 3.01995172e+07 -1.64271926e+02  6.11510223e-09 
 3.05492111e+07 -1.64354830e+02  6.05701325e-09 
 3.09029543e+07 -1.64406319e+02  6.02121399e-09 
 3.12607937e+07 -1.64503803e+02  5.95401394e-09 
 3.16227766e+07 -1.64521182e+02  5.94211304e-09 
 3.19889511e+07 -1.64569524e+02  5.90913351e-09 
 3.23593657e+07 -1.64697307e+02  5.82283725e-09 
 3.27340695e+07 -1.64787205e+02  5.76288233e-09 
 3.31131121e+07 -1.64911486e+02  5.68101196e-09 
 3.34965439e+07 -1.64943670e+02  5.66000095e-09 
 3.38844156e+07 -1.65057763e+02  5.58614035e-09 
 3.42767787e+07 -1.65103451e+02  5.55683445e-09 
 3.46736850e+07 -1.65184358e+02  5.50531399e-09 
 3.50751874e+07 -1.65308755e+02  5.42703007e-09 
 3.54813389e+07 -1.65377107e+02  5.38449101e-09 
 3.58921935e+07 -1.65471742e+02  5.32614407e-09 
 3.63078055e+07 -1.65600081e+02  5.24802571e-09 
 3.67282300e+07 -1.65615138e+02  5.23893637e-09 
 3.71535229e+07 -1.65792624e+02  5.13297072e-09 
 3.75837404e+07 -1.65819571e+02  5.11707121e-09 
 3.80189396e+07 -1.65910009e+02  5.06406822e-09 
 3.84591782e+07 -1.65933179e+02  5.05057790e-09 
 3.89045145e+07 -1.66089102e+02  4.96072238e-09 
 3.93550075e+07 -1.66222233e+02  4.88526741e-09 
 3.98107171e+07 -1.66250748e+02  4.86925591e-09 
 4.02717034e+07 -1.66389445e+02  4.79212063e-09 
 4.07380278e+07 -1.66502421e+02  4.73019403e-09 
 4.12097519e+07 -1.66578153e+02  4.68913061e-09 
 4.16869383e+07 -1.66655695e+02  4.64745567e-09 
 4.21696503e+07 -1.66770284e+02  4.58654628e-09 
 4.26579519e+07 -1.66874817e+02  4.53167905e-09 
 4.31519077e+07 -1.66958422e+02  4.48826940e-09 
 4.36515832e+07 -1.67074093e+02  4.42889449e-09 
 4.41570447e+07 -1.67210867e+02  4.35970051e-09 
 4.46683592e+07 -1.67287128e+02  4.32159040e-09 
 4.51855944e+07 -1.67432578e+02  4.24982533e-09 
 4.57088190e+07 -1.67549651e+02  4.19292825e-09 
 4.62381021e+07 -1.67618545e+02  4.15980271e-09 
 4.67735141e+07 -1.67763438e+02  4.09098718e-09 
 4.73151259e+07 -1.67861301e+02  4.04515289e-09 
 4.78630092e+07 -1.67920770e+02  4.01755216e-09 
 4.84172368e+07 -1.68050891e+02  3.95781443e-09 
 4.89778819e+07 -1.68155151e+02  3.91059157e-09 
 4.95450191e+07 -1.68266110e+02  3.86095266e-09 
 5.01187234e+07 -1.68368065e+02  3.81589787e-09 
 5.06990708e+07 -1.68483906e+02  3.76534435e-09 
 5.12861384e+07 -1.68604583e+02  3.71339225e-09 
 5.18800039e+07 -1.68670436e+02  3.68534522e-09 
 5.24807460e+07 -1.68811074e+02  3.62615465e-09 
 5.30884444e+07 -1.68884826e+02  3.59549514e-09 
 5.37031796e+07 -1.69038262e+02  3.53253831e-09 
 5.43250331e+07 -1.69198517e+02  3.46796047e-09 
 5.49540874e+07 -1.69297911e+02  3.42850253e-09 
 5.55904257e+07 -1.69375701e+02  3.39793408e-09 
 5.62341325e+07 -1.69524491e+02  3.34022276e-09 
 5.68852931e+07 -1.69658080e+02  3.28924342e-09 
 5.75439937e+07 -1.69694764e+02  3.27538087e-09 
 5.82103218e+07 -1.69850340e+02  3.21723666e-09 
 5.88843655e+07 -1.69980915e+02  3.16923360e-09 
 5.95662144e+07 -1.70061392e+02  3.14000536e-09 
 6.02559586e+07 -1.70215052e+02  3.08494496e-09 
 6.09536897e+07 -1.70345237e+02  3.03905219e-09 
 6.16595002e+07 -1.70471695e+02  2.99512720e-09 
 6.23734835e+07 -1.70556572e+02  2.96600158e-09 
 6.30957344e+07 -1.70690475e+02  2.92062814e-09 
 6.38263486e+07 -1.70868848e+02  2.86126187e-09 
 6.45654229e+07 -1.70904630e+02  2.84949909e-09 
 6.53130553e+07 -1.71096846e+02  2.78713301e-09 
 6.60693448e+07 -1.71205725e+02  2.75241394e-09 
 6.68343918e+07 -1.71304023e+02  2.72144068e-09 
 6.76082975e+07 -1.71440621e+02  2.67897676e-09 
 6.83911647e+07 -1.71579853e+02  2.63637603e-09 
 6.91830971e+07 -1.71754009e+02  2.58404189e-09 
 6.99841996e+07 -1.71938220e+02  2.52981625e-09 
 7.07945784e+07 -1.72020441e+02  2.50598188e-09 
 7.16143410e+07 -1.72143411e+02  2.47075359e-09 
 7.24435960e+07 -1.72259075e+02  2.43807037e-09 
 7.32824533e+07 -1.72394846e+02  2.40025664e-09 
 7.41310241e+07 -1.72503619e+02  2.37038595e-09 
 7.49894209e+07 -1.72651354e+02  2.33040969e-09 
 7.58577575e+07 -1.72778438e+02  2.29656154e-09 
 7.67361489e+07 -1.72870754e+02  2.27228233e-09 
 7.76247117e+07 -1.73009911e+02  2.23616799e-09 
 7.85235635e+07 -1.73192278e+02  2.18970755e-09 
 7.94328235e+07 -1.73298746e+02  2.16303073e-09 
 8.03526122e+07 -1.73474580e+02  2.11968345e-09 
 8.12830516e+07 -1.73586528e+02  2.09253909e-09 
 8.22242650e+07 -1.73715890e+02  2.06160524e-09 
 8.31763771e+07 -1.73869370e+02  2.02549646e-09 
 8.41395142e+07 -1.74017901e+02  1.99115436e-09 
 8.51138038e+07 -1.74152723e+02  1.96048657e-09 
 8.60993752e+07 -1.74305003e+02  1.92641499e-09 
 8.70963590e+07 -1.74451343e+02  1.89423066e-09 
 8.81048873e+07 -1.74603407e+02  1.86135679e-09 
 8.91250938e+07 -1.74734713e+02  1.83343012e-09 
 9.01571138e+07 -1.74860096e+02  1.80715417e-09 
 9.12010839e+07 -1.74964356e+02  1.78559179e-09 
 9.22571427e+07 -1.75125107e+02  1.75284951e-09 
 9.33254301e+07 -1.75212513e+02  1.73529919e-09 
 9.44060876e+07 -1.75471817e+02  1.68425999e-09 
 9.54992586e+07 -1.75596464e+02  1.66026270e-09 
 9.66050879e+07 -1.75703770e+02  1.63987781e-09 
 9.77237221e+07 -1.75854147e+02  1.61173127e-09 
 9.88553095e+07 -1.76006471e+02  1.58371290e-09 
 1.00000000e+08 -1.76131828e+02  1.56102047e-09 
 1.01157945e+08 -1.76320745e+02  1.52743496e-09 
 1.02329299e+08 -1.76467125e+02  1.50190946e-09 
 1.03514217e+08 -1.76548666e+02  1.48787578e-09 
 1.04712855e+08 -1.76731667e+02  1.45685605e-09 
 1.05925373e+08 -1.76879783e+02  1.43222375e-09 
 1.07151931e+08 -1.77018281e+02  1.40956768e-09 
 1.08392691e+08 -1.77197696e+02  1.38075044e-09 
 1.09647820e+08 -1.77334146e+02  1.35922919e-09 
 1.10917482e+08 -1.77501463e+02  1.33329690e-09 
 1.12201845e+08 -1.77651303e+02  1.31049345e-09 
 1.13501082e+08 -1.77810149e+02  1.28674516e-09 
 1.14815362e+08 -1.77935698e+02  1.26827988e-09 
 1.16144861e+08 -1.78093343e+02  1.24546875e-09 
 1.17489755e+08 -1.78217926e+02  1.22773234e-09 
 1.18850223e+08 -1.78398830e+02  1.20242635e-09 
 1.20226443e+08 -1.78524590e+02  1.18514236e-09 
 1.21618600e+08 -1.78731717e+02  1.15721530e-09 
 1.23026877e+08 -1.78859985e+02  1.14025175e-09 
 1.24451461e+08 -1.78995016e+02  1.12266249e-09 
 1.25892541e+08 -1.79173692e+02  1.09980432e-09 
 1.27350308e+08 -1.79330807e+02  1.08008930e-09 
 1.28824955e+08 -1.79439963e+02  1.06660065e-09 
 1.30316678e+08 -1.79638860e+02  1.04245423e-09 
 1.31825674e+08 -1.79782963e+02  1.02530209e-09 
 1.33352143e+08 -1.79886154e+02  1.01319333e-09 
 1.34896288e+08 -1.80080814e+02  9.90739053e-10 
 1.36458314e+08 -1.80233955e+02  9.73424458e-10 
 1.38038426e+08 -1.80392864e+02  9.55777478e-10 
 1.39636836e+08 -1.80562269e+02  9.37317131e-10 
 1.41253754e+08 -1.80674986e+02  9.25232161e-10 
 1.42889396e+08 -1.80837400e+02  9.08092279e-10 
 1.44543977e+08 -1.81005351e+02  8.90702044e-10 
 1.46217717e+08 -1.81146643e+02  8.76330318e-10 
 1.47910839e+08 -1.81319358e+02  8.59076998e-10 
 1.49623566e+08 -1.81457112e+02  8.45559904e-10 
 1.51356125e+08 -1.81630315e+02  8.28865889e-10 
 1.53108746e+08 -1.81720277e+02  8.20325391e-10 
 1.54881662e+08 -1.81951603e+02  7.98766532e-10 
 1.56675107e+08 -1.82105431e+02  7.84744821e-10 
 1.58489319e+08 -1.82243098e+02  7.72405068e-10 
 1.60324539e+08 -1.82418698e+02  7.56946330e-10 
 1.62181010e+08 -1.82558592e+02  7.44852740e-10 
 1.64058977e+08 -1.82704655e+02  7.32431936e-10 
 1.65958691e+08 -1.82866342e+02  7.18923861e-10 
 1.67880402e+08 -1.83029850e+02  7.05517041e-10 
 1.69824365e+08 -1.83189094e+02  6.92700144e-10 
 1.71790839e+08 -1.83333134e+02  6.81307666e-10 
 1.73780083e+08 -1.83460771e+02  6.71369236e-10 
 1.75792361e+08 -1.83621542e+02  6.59056896e-10 
 1.77827941e+08 -1.83824846e+02  6.43809970e-10 
 1.79887092e+08 -1.83931363e+02  6.35962974e-10 
 1.81970086e+08 -1.84104331e+02  6.23423906e-10 
 1.84077200e+08 -1.84224958e+02  6.14825815e-10 
 1.86208714e+08 -1.84394119e+02  6.02967671e-10 
 1.88364909e+08 -1.84573115e+02  5.90669080e-10 
 1.90546072e+08 -1.84709034e+02  5.81498067e-10 
 1.92752491e+08 -1.84860875e+02  5.71421054e-10 
 1.94984460e+08 -1.85009977e+02  5.61695746e-10 
 1.97242274e+08 -1.85173960e+02  5.51190865e-10 
 1.99526231e+08 -1.85325714e+02  5.41644479e-10 
 2.01836636e+08 -1.85471826e+02  5.32609258e-10 
 2.04173794e+08 -1.85624441e+02  5.23332804e-10 
 2.06538016e+08 -1.85777365e+02  5.14199599e-10 
 2.08929613e+08 -1.85926341e+02  5.05455507e-10 
 2.11348904e+08 -1.86091443e+02  4.95938523e-10 
 2.13796209e+08 -1.86225962e+02  4.88317085e-10 
 2.16271852e+08 -1.86385539e+02  4.79427611e-10 
 2.18776162e+08 -1.86496245e+02  4.73355840e-10 
 2.21309471e+08 -1.86673679e+02  4.63784328e-10 
 2.23872114e+08 -1.86820732e+02  4.55998479e-10 
 2.26464431e+08 -1.86977875e+02  4.47822875e-10 
 2.29086765e+08 -1.87108564e+02  4.41135310e-10 
 2.31739465e+08 -1.87260787e+02  4.33471608e-10 
 2.34422882e+08 -1.87398419e+02  4.26657193e-10 
 2.37137371e+08 -1.87578816e+02  4.17887332e-10 
 2.39883292e+08 -1.87709595e+02  4.11642554e-10 
 2.42661010e+08 -1.87858820e+02  4.04630880e-10 
 2.45470892e+08 -1.88013235e+02  3.97501013e-10 
 2.48313311e+08 -1.88132309e+02  3.92088907e-10 
 2.51188643e+08 -1.88293669e+02  3.84872227e-10 
 2.54097271e+08 -1.88431124e+02  3.78829515e-10 
 2.57039578e+08 -1.88579012e+02  3.72434075e-10 
 2.60015956e+08 -1.88712659e+02  3.66747417e-10 
 2.63026799e+08 -1.88853406e+02  3.60852488e-10 
 2.66072506e+08 -1.88975349e+02  3.55821781e-10 
 2.69153480e+08 -1.89153704e+02  3.48589883e-10 
 2.72270131e+08 -1.89289943e+02  3.43164892e-10 
 2.75422870e+08 -1.89411609e+02  3.38391587e-10 
 2.78612117e+08 -1.89594934e+02  3.31324320e-10 
 2.81838293e+08 -1.89715591e+02  3.26753650e-10 
 2.85101827e+08 -1.89859122e+02  3.21398545e-10 
 2.88403150e+08 -1.89978773e+02  3.17001539e-10 
 2.91742701e+08 -1.90089700e+02  3.12978874e-10 
 2.95120923e+08 -1.90274114e+02  3.06403900e-10 
 2.98538262e+08 -1.90385573e+02  3.02497186e-10 
 3.01995172e+08 -1.90544652e+02  2.97007501e-10 
 3.05492111e+08 -1.90659984e+02  2.93089863e-10 
 3.09029543e+08 -1.90824000e+02  2.87607374e-10 
 3.12607937e+08 -1.90947179e+02  2.83557433e-10 
 3.16227766e+08 -1.91088818e+02  2.78971028e-10 
 3.19889511e+08 -1.91228688e+02  2.74514711e-10 
 3.23593657e+08 -1.91379628e+02  2.69785512e-10 
 3.27340695e+08 -1.91492683e+02  2.66296744e-10 
 3.31131121e+08 -1.91611357e+02  2.62683114e-10 
 3.34965439e+08 -1.91763799e+02  2.58113096e-10 
 3.38844156e+08 -1.91921329e+02  2.53474072e-10 
 3.42767787e+08 -1.92031126e+02  2.50290111e-10 
 3.46736850e+08 -1.92148594e+02  2.46927970e-10 
 3.50751874e+08 -1.92285709e+02  2.43060584e-10 
 3.54813389e+08 -1.92434732e+02  2.38925987e-10 
 3.58921935e+08 -1.92573209e+02  2.35147071e-10 
 3.63078055e+08 -1.92667127e+02  2.32618179e-10 
 3.67282300e+08 -1.92792543e+02  2.29283514e-10 
 3.71535229e+08 -1.92939940e+02  2.25425469e-10 
 3.75837404e+08 -1.93051372e+02  2.22551958e-10 
 3.80189396e+08 -1.93219926e+02  2.18274848e-10 
 3.84591782e+08 -1.93330897e+02  2.15503906e-10 
 3.89045145e+08 -1.93478501e+02  2.11872675e-10 
 3.93550075e+08 -1.93553778e+02  2.10044401e-10 
 3.98107171e+08 -1.93706364e+02  2.06386741e-10 
 4.02717034e+08 -1.93841076e+02  2.03210531e-10 
 4.07380278e+08 -1.93975146e+02  2.00097967e-10 
 4.12097519e+08 -1.94067926e+02  1.97971960e-10 
 4.16869383e+08 -1.94183289e+02  1.95359951e-10 
 4.21696503e+08 -1.94317672e+02  1.92360730e-10 
 4.26579519e+08 -1.94442552e+02  1.89614874e-10 
 4.31519077e+08 -1.94549163e+02  1.87301750e-10 
 4.36515832e+08 -1.94691075e+02  1.84266447e-10 
 4.41570447e+08 -1.94872140e+02  1.80465005e-10 
 4.46683592e+08 -1.94943329e+02  1.78991975e-10 
 4.51855944e+08 -1.95063548e+02  1.76531656e-10 
 4.57088190e+08 -1.95175434e+02  1.74272266e-10 
 4.62381021e+08 -1.95328388e+02  1.71230285e-10 
 4.67735141e+08 -1.95422265e+02  1.69389600e-10 
 4.73151259e+08 -1.95568558e+02  1.66560525e-10 
 4.78630092e+08 -1.95662039e+02  1.64777561e-10 
 4.84172368e+08 -1.95804918e+02  1.62089204e-10 
 4.89778819e+08 -1.95905985e+02  1.60214109e-10 
 4.95450191e+08 -1.96013068e+02  1.58251044e-10 
 5.01187234e+08 -1.96149854e+02  1.55778420e-10 
 5.06990708e+08 -1.96255600e+02  1.53893402e-10 
 5.12861384e+08 -1.96361202e+02  1.52033708e-10 
 5.18800039e+08 -1.96522631e+02  1.49234238e-10 
 5.24807460e+08 -1.96639842e+02  1.47233932e-10 
 5.30884444e+08 -1.96739998e+02  1.45545938e-10 
 5.37031796e+08 -1.96880398e+02  1.43212222e-10 
 5.43250331e+08 -1.96953436e+02  1.42013026e-10 
 5.49540874e+08 -1.97090307e+02  1.39792756e-10 
 5.55904257e+08 -1.97167073e+02  1.38562700e-10 
 5.62341325e+08 -1.97305320e+02  1.36374764e-10 
 5.68852931e+08 -1.97434605e+02  1.34359925e-10 
 5.75439937e+08 -1.97542432e+02  1.32702283e-10 
 5.82103218e+08 -1.97622991e+02  1.31477199e-10 
 5.88843655e+08 -1.97755462e+02  1.29487224e-10 
 5.95662144e+08 -1.97887173e+02  1.27538508e-10 
 6.02559586e+08 -1.98015344e+02  1.25670342e-10 
 6.09536897e+08 -1.98114830e+02  1.24239152e-10 
 6.16595002e+08 -1.98201622e+02  1.23003908e-10 
 6.23734835e+08 -1.98372736e+02  1.20604413e-10 
 6.30957344e+08 -1.98464790e+02  1.19332987e-10 
 6.38263486e+08 -1.98550295e+02  1.18164015e-10 
 6.45654229e+08 -1.98707582e+02  1.16043522e-10 
 6.53130553e+08 -1.98818911e+02  1.14565650e-10 
 6.60693448e+08 -1.98897422e+02  1.13534774e-10 
 6.68343918e+08 -1.98986782e+02  1.12372726e-10 
 6.76082975e+08 -1.99150185e+02  1.10278475e-10 
 6.83911647e+08 -1.99222856e+02  1.09359678e-10 
 6.91830971e+08 -1.99334806e+02  1.07959214e-10 
 6.99841996e+08 -1.99482376e+02  1.06140513e-10 
 7.07945784e+08 -1.99586720e+02  1.04873078e-10 
 7.16143410e+08 -1.99699191e+02  1.03523862e-10 
 7.24435960e+08 -1.99820512e+02  1.02087928e-10 
 7.32824533e+08 -1.99920059e+02  1.00924606e-10 
 7.41310241e+08 -1.99991704e+02  1.00095555e-10 
 7.49894209e+08 -2.00086724e+02  9.90065186e-11 
 7.58577575e+08 -2.00277887e+02  9.68513489e-11 
 7.67361489e+08 -2.00353942e+02  9.60069950e-11 
 7.76247117e+08 -2.00474922e+02  9.46790543e-11 
 7.85235635e+08 -2.00568032e+02  9.36695401e-11 
 7.94328235e+08 -2.00660003e+02  9.26829535e-11 
 8.03526122e+08 -2.00764977e+02  9.15695684e-11 
 8.12830516e+08 -2.00840711e+02  9.07746272e-11 
 8.22242650e+08 -2.00998458e+02  8.91409131e-11 
 8.31763771e+08 -2.01090483e+02  8.82014731e-11 
 8.41395142e+08 -2.01183243e+02  8.72645520e-11 
 8.51138038e+08 -2.01334577e+02  8.57573098e-11 
 8.60993752e+08 -2.01417767e+02  8.49398833e-11 
 8.70963590e+08 -2.01497201e+02  8.41666340e-11 
 8.81048873e+08 -2.01650457e+02  8.26945989e-11 
 8.91250938e+08 -2.01779120e+02  8.14786860e-11 
 9.01571138e+08 -2.01889054e+02  8.04539380e-11 
 9.12010839e+08 -2.01964037e+02  7.97623868e-11 
 9.22571427e+08 -2.02049343e+02  7.89828633e-11 
 9.33254301e+08 -2.02142246e+02  7.81425749e-11 
 9.44060876e+08 -2.02250909e+02  7.71710728e-11 
 9.54992586e+08 -2.02370723e+02  7.61138806e-11 
 9.66050879e+08 -2.02496862e+02  7.50165171e-11 
 9.77237221e+08 -2.02631328e+02  7.38641354e-11 
 9.88553095e+08 -2.02708814e+02  7.32081287e-11 
 1.00000000e+09 -2.02783458e+02  7.25816914e-11 
