PMOS terminal gm/Id table:

L = 0.28 um
     gm/Id     gm/gds       Gain           Id/W       gm/Id*fT        Vov         Vt        VSG
     (1/V)                  (dB)        (uA/um)        (GHz/V)        (V)        (V)        (V)
      4.00      37.84      31.56          14.35          38.09      0.500      0.647      1.147
      5.00      42.38      32.54          9.899          41.32      0.400      0.664      1.064
      6.00      45.93      33.24           7.21          43.61      0.333      0.673      1.006
      7.00      48.78      33.76          5.439          45.06      0.286      0.677      0.963
      8.00      51.10      34.17          4.201          45.75      0.250      0.678      0.928
      9.00      53.04      34.49          3.293          45.71      0.222      0.677      0.900
     10.00      54.65      34.75          2.611          45.02      0.200      0.675      0.875
     11.00      56.01      34.96           2.08          43.71      0.182      0.671      0.853
     12.00      57.14      35.14          1.658          41.81      0.167      0.667      0.834
     13.00      58.09      35.28           1.32           39.4      0.154      0.661      0.815
     14.00      58.88      35.40          1.045          36.54      0.143      0.655      0.798
     15.00      59.53      35.50         0.8204          33.29      0.133      0.648      0.781
     16.00      60.05      35.57         0.6365           29.7      0.125      0.640      0.765
     17.00      60.45      35.63         0.4832          25.82      0.118      0.631      0.748
     18.00      60.73      35.67         0.3565          21.71      0.111      0.620      0.731
     19.00      60.88      35.69         0.2525          17.46      0.105      0.607      0.712
     20.00      60.91      35.69         0.1675          13.17      0.100      0.591      0.691

L = 0.50 um
     gm/Id     gm/gds       Gain           Id/W       gm/Id*fT        Vov         Vt        VSG
     (1/V)                  (dB)        (uA/um)        (GHz/V)        (V)        (V)        (V)
      4.00     127.77      42.13          7.602          11.71      0.500      0.732      1.232
      5.00     156.20      43.87          5.101          12.35      0.400      0.742      1.142
      6.00     181.72      45.19          3.641          12.77      0.333      0.747      1.081
      7.00     204.72      46.22          2.708             13      0.286      0.749      1.035
      8.00     225.52      47.06          2.067          13.04      0.250      0.749      0.999
      9.00     244.31      47.76          1.607          12.91      0.222      0.747      0.969
     10.00     261.25      48.34          1.265          12.62      0.200      0.744      0.944
     11.00     276.54      48.83          1.001          12.18      0.182      0.740      0.922
     12.00     290.20      49.25         0.7959           11.6      0.167      0.735      0.902
     13.00     302.33      49.61         0.6329           10.9      0.154      0.729      0.883
     14.00     312.99      49.91         0.5013           10.1      0.143      0.723      0.866
     15.00     322.24      50.16         0.3935          9.196      0.133      0.716      0.849
     16.00     329.90      50.37          0.306          8.215      0.125      0.708      0.833
     17.00     336.09      50.53         0.2335          7.164      0.118      0.699      0.817
     18.00     340.76      50.65         0.1734          6.056      0.111      0.689      0.800
     19.00     343.65      50.72         0.1243          4.917      0.105      0.676      0.782
     20.00     344.70      50.75        0.08384          3.758      0.100      0.661      0.761

L = 1.00 um
     gm/Id     gm/gds       Gain           Id/W       gm/Id*fT        Vov         Vt        VSG
     (1/V)                  (dB)        (uA/um)        (GHz/V)        (V)        (V)        (V)
      4.00     284.18      49.07          3.409          2.647      0.500      0.743      1.243
      5.00     356.06      51.03          2.239          2.732      0.400      0.749      1.149
      6.00     423.24      52.53          1.576          2.784      0.333      0.751      1.085
      7.00     486.15      53.73          1.159          2.803      0.286      0.751      1.037
      8.00     544.98      54.73         0.8771          2.788      0.250      0.750      1.000
      9.00     599.73      55.56         0.6777          2.743      0.222      0.747      0.970
     10.00     650.36      56.26         0.5309          2.668      0.200      0.744      0.944
     11.00     696.95      56.86         0.4186          2.563      0.182      0.739      0.921
     12.00     739.25      57.38         0.3315          2.433      0.167      0.734      0.901
     13.00     777.05      57.81         0.2629           2.28      0.154      0.728      0.882
     14.00     810.22      58.17         0.2079          2.107      0.143      0.722      0.865
     15.00     838.63      58.47          0.163          1.915      0.133      0.715      0.848
     16.00     861.69      58.71         0.1264          1.708      0.125      0.707      0.832
     17.00     878.97      58.88        0.09658          1.489      0.118      0.698      0.815
     18.00     890.34      58.99         0.0718          1.259      0.111      0.687      0.798
     19.00     894.85      59.04        0.05145          1.023      0.105      0.675      0.780
     20.00     891.64      59.00        0.03482         0.7837      0.100      0.660      0.760

L = 1.50 um
     gm/Id     gm/gds       Gain           Id/W       gm/Id*fT        Vov         Vt        VSG
     (1/V)                  (dB)        (uA/um)        (GHz/V)        (V)        (V)        (V)
      4.00     425.88      52.59          2.165          1.127      0.500      0.742      1.242
      5.00     531.30      54.51          1.413          1.157      0.400      0.746      1.146
      6.00     628.92      55.97         0.9895          1.175      0.333      0.748      1.081
      7.00     719.43      57.14         0.7257           1.18      0.286      0.747      1.033
      8.00     803.26      58.10         0.5485          1.173      0.250      0.746      0.996
      9.00     880.59      58.89         0.4231          1.154      0.222      0.743      0.965
     10.00     951.53      59.57         0.3304          1.122      0.200      0.739      0.939
     11.00    1015.77      60.14         0.2606          1.079      0.182      0.735      0.916
     12.00    1073.43      60.61         0.2063          1.025      0.167      0.729      0.896
     13.00    1124.29      61.02         0.1633         0.9622      0.154      0.723      0.877
     14.00    1168.27      61.35         0.1288         0.8904      0.143      0.717      0.860
     15.00    1204.27      61.61         0.1012         0.8116      0.133      0.710      0.843
     16.00    1232.55      61.82         0.0785         0.7259      0.125      0.702      0.827
     17.00    1252.80      61.96        0.05977         0.6345      0.118      0.693      0.810
     18.00    1263.26      62.03         0.0446         0.5395      0.111      0.682      0.793
     19.00    1263.98      62.03        0.03202         0.4408      0.105      0.670      0.775
     20.00    1253.65      61.96         0.0217           0.34      0.100      0.655      0.755

L = 2.00 um
     gm/Id     gm/gds       Gain           Id/W       gm/Id*fT        Vov         Vt        VSG
     (1/V)                  (dB)        (uA/um)        (GHz/V)        (V)        (V)        (V)
      4.00     571.51      55.14          1.577          0.619      0.500      0.740      1.240
      5.00     711.03      57.04          1.027         0.6345      0.400      0.744      1.144
      6.00     839.45      58.48         0.7177         0.6437      0.333      0.746      1.079
      7.00     957.88      59.63         0.5255         0.6468      0.286      0.745      1.031
      8.00    1066.90      60.56          0.397         0.6435      0.250      0.743      0.993
      9.00    1166.92      61.34         0.3059         0.6335      0.222      0.740      0.963
     10.00    1257.95      61.99          0.239         0.6172      0.200      0.737      0.937
     11.00    1340.02      62.54         0.1883         0.5947      0.182      0.732      0.914
     12.00    1413.03      63.00          0.149         0.5665      0.167      0.727      0.893
     13.00    1476.69      63.39          0.118         0.5332      0.154      0.721      0.875
     14.00    1530.90      63.70        0.09316         0.4951      0.143      0.714      0.857
     15.00    1575.27      63.95        0.07295         0.4526      0.133      0.707      0.840
     16.00    1608.33      64.13        0.05669         0.4067      0.125      0.699      0.824
     17.00    1630.77      64.25        0.04324         0.3573      0.118      0.690      0.808
     18.00    1641.29      64.30        0.03217         0.3052      0.111      0.680      0.791
     19.00    1638.03      64.29        0.02314          0.251      0.105      0.668      0.773
     20.00    1620.48      64.19        0.01569         0.1952      0.100      0.653      0.753

L = 3.00 um
     gm/Id     gm/gds       Gain           Id/W       gm/Id*fT        Vov         Vt        VSG
     (1/V)                  (dB)        (uA/um)        (GHz/V)        (V)        (V)        (V)
      4.00     851.76      58.61          1.019         0.2684      0.500      0.739      1.239
      5.00    1054.64      60.46         0.6619         0.2747      0.400      0.742      1.142
      6.00    1239.41      61.86         0.4621         0.2787      0.333      0.743      1.077
      7.00    1408.22      62.97         0.3379         0.2802      0.286      0.743      1.028
      8.00    1562.25      63.87         0.2549         0.2792      0.250      0.741      0.991
      9.00    1702.14      64.62         0.1962         0.2754      0.222      0.738      0.960
     10.00    1827.87      65.24         0.1534          0.269      0.200      0.734      0.934
     11.00    1940.25      65.76         0.1207           0.26      0.182      0.729      0.911
     12.00    2038.73      66.19        0.09544         0.2485      0.167      0.724      0.891
     13.00    2122.99      66.54        0.07561         0.2349      0.154      0.718      0.872
     14.00    2192.91      66.82        0.05975         0.2192      0.143      0.712      0.854
     15.00    2248.21      67.04        0.04682         0.2013      0.133      0.704      0.838
     16.00    2288.12      67.19         0.0363         0.1818      0.125      0.696      0.821
     17.00    2311.17      67.28        0.02775         0.1608      0.118      0.687      0.805
     18.00    2317.59      67.30        0.02065         0.1383      0.111      0.677      0.788
     19.00    2305.13      67.25        0.01482         0.1145      0.105      0.665      0.770
     20.00    2271.38      67.13        0.01006        0.08971      0.100      0.650      0.750

L = 4.00 um
     gm/Id     gm/gds       Gain           Id/W       gm/Id*fT        Vov         Vt        VSG
     (1/V)                  (dB)        (uA/um)        (GHz/V)        (V)        (V)        (V)
      4.00    1117.15      60.96         0.7519         0.1491      0.500      0.738      1.238
      5.00    1377.40      62.78         0.4878         0.1525      0.400      0.741      1.141
      6.00    1612.25      64.15         0.3404         0.1548      0.333      0.742      1.076
      7.00    1825.03      65.22         0.2488         0.1557      0.286      0.742      1.027
      8.00    2017.65      66.10         0.1875         0.1553      0.250      0.739      0.989
      9.00    2190.90      66.81         0.1444         0.1534      0.222      0.736      0.959
     10.00    2345.49      67.40         0.1128         0.1501      0.200      0.733      0.933
     11.00    2482.13      67.90        0.08872         0.1454      0.182      0.728      0.910
     12.00    2600.19      68.30        0.07017         0.1393      0.167      0.723      0.889
     13.00    2700.04      68.63        0.05554          0.132      0.154      0.717      0.871
     14.00    2780.73      68.88        0.04391         0.1235      0.143      0.710      0.853
     15.00    2842.35      69.07        0.03444         0.1138      0.133      0.703      0.836
     16.00    2885.11      69.20        0.02666         0.1031      0.125      0.695      0.820
     17.00    2905.50      69.26         0.0204        0.09149      0.118      0.686      0.804
     18.00    2904.73      69.26         0.0152        0.07896      0.111      0.676      0.787
     19.00    2880.51      69.19        0.01091        0.06563      0.105      0.664      0.769
     20.00    2829.72      69.03       0.007408        0.05161      0.100      0.649      0.749

L = 5.00 um
     gm/Id     gm/gds       Gain           Id/W       gm/Id*fT        Vov         Vt        VSG
     (1/V)                  (dB)        (uA/um)        (GHz/V)        (V)        (V)        (V)
      4.00    1368.44      62.72         0.5955        0.09474      0.500      0.738      1.238
      5.00    1680.72      64.51          0.386        0.09688      0.400      0.741      1.141
      6.00    1960.17      65.85         0.2693        0.09832      0.333      0.742      1.075
      7.00    2211.44      66.89         0.1968        0.09898      0.286      0.741      1.027
      8.00    2437.19      67.74         0.1483        0.09878      0.250      0.739      0.989
      9.00    2638.70      68.43         0.1142         0.0977      0.222      0.736      0.958
     10.00    2817.16      69.00        0.08914        0.09571      0.200      0.732      0.932
     11.00    2973.01      69.46        0.07016        0.09282      0.182      0.727      0.909
     12.00    3106.31      69.84        0.05549         0.0891      0.167      0.722      0.888
     13.00    3217.72      70.15        0.04389        0.08455      0.154      0.716      0.870
     14.00    3305.68      70.39        0.03469        0.07926      0.143      0.709      0.852
     15.00    3370.38      70.55        0.02722        0.07321      0.133      0.702      0.835
     16.00    3412.45      70.66        0.02108        0.06644      0.125      0.694      0.819
     17.00    3428.68      70.70        0.01611        0.05907      0.118      0.685      0.803
     18.00    3419.10      70.68        0.01202         0.0511      0.111      0.675      0.786
     19.00    3381.97      70.58       0.008631        0.04256      0.105      0.663      0.768
     20.00    3313.86      70.41       0.005862        0.03353      0.100      0.648      0.748
