 frequency       psrrp_real      psrrp_imag     
 1.00000000e+00  1.76625590e-01 -7.25875765e-04 
 1.01157945e+00  1.76625519e-01 -7.34280709e-04 
 1.02329299e+00  1.76625446e-01 -7.42782967e-04 
 1.03514217e+00  1.76625372e-01 -7.51383666e-04 
 1.04712855e+00  1.76625296e-01 -7.60083945e-04 
 1.05925373e+00  1.76625218e-01 -7.68884956e-04 
 1.07151931e+00  1.76625138e-01 -7.77787866e-04 
 1.08392691e+00  1.76625057e-01 -7.86793854e-04 
 1.09647820e+00  1.76624974e-01 -7.95904114e-04 
 1.10917482e+00  1.76624888e-01 -8.05119852e-04 
 1.12201845e+00  1.76624801e-01 -8.14442290e-04 
 1.13501082e+00  1.76624712e-01 -8.23872661e-04 
 1.14815362e+00  1.76624620e-01 -8.33412217e-04 
 1.16144861e+00  1.76624527e-01 -8.43062219e-04 
 1.17489755e+00  1.76624431e-01 -8.52823948e-04 
 1.18850223e+00  1.76624333e-01 -8.62698695e-04 
 1.20226443e+00  1.76624233e-01 -8.72687769e-04 
 1.21618600e+00  1.76624130e-01 -8.82792494e-04 
 1.23026877e+00  1.76624025e-01 -8.93014207e-04 
 1.24451461e+00  1.76623918e-01 -9.03354263e-04 
 1.25892541e+00  1.76623808e-01 -9.13814032e-04 
 1.27350308e+00  1.76623695e-01 -9.24394899e-04 
 1.28824955e+00  1.76623580e-01 -9.35098265e-04 
 1.30316678e+00  1.76623463e-01 -9.45925549e-04 
 1.31825674e+00  1.76623342e-01 -9.56878183e-04 
 1.33352143e+00  1.76623219e-01 -9.67957620e-04 
 1.34896288e+00  1.76623093e-01 -9.79165327e-04 
 1.36458314e+00  1.76622963e-01 -9.90502788e-04 
 1.38038426e+00  1.76622831e-01 -1.00197150e-03 
 1.39636836e+00  1.76622696e-01 -1.01357299e-03 
 1.41253754e+00  1.76622558e-01 -1.02530880e-03 
 1.42889396e+00  1.76622416e-01 -1.03718046e-03 
 1.44543977e+00  1.76622271e-01 -1.04918957e-03 
 1.46217717e+00  1.76622123e-01 -1.06133770e-03 
 1.47910839e+00  1.76621971e-01 -1.07362647e-03 
 1.49623566e+00  1.76621816e-01 -1.08605750e-03 
 1.51356125e+00  1.76621657e-01 -1.09863245e-03 
 1.53108746e+00  1.76621495e-01 -1.11135297e-03 
 1.54881662e+00  1.76621328e-01 -1.12422075e-03 
 1.56675107e+00  1.76621158e-01 -1.13723749e-03 
 1.58489319e+00  1.76620984e-01 -1.15040492e-03 
 1.60324539e+00  1.76620806e-01 -1.16372478e-03 
 1.62181010e+00  1.76620623e-01 -1.17719884e-03 
 1.64058977e+00  1.76620437e-01 -1.19082888e-03 
 1.65958691e+00  1.76620246e-01 -1.20461669e-03 
 1.67880402e+00  1.76620050e-01 -1.21856412e-03 
 1.69824365e+00  1.76619850e-01 -1.23267300e-03 
 1.71790839e+00  1.76619646e-01 -1.24694521e-03 
 1.73780083e+00  1.76619436e-01 -1.26138263e-03 
 1.75792361e+00  1.76619222e-01 -1.27598717e-03 
 1.77827941e+00  1.76619003e-01 -1.29076077e-03 
 1.79887092e+00  1.76618778e-01 -1.30570538e-03 
 1.81970086e+00  1.76618549e-01 -1.32082298e-03 
 1.84077200e+00  1.76618314e-01 -1.33611557e-03 
 1.86208714e+00  1.76618073e-01 -1.35158518e-03 
 1.88364909e+00  1.76617827e-01 -1.36723386e-03 
 1.90546072e+00  1.76617576e-01 -1.38306367e-03 
 1.92752491e+00  1.76617318e-01 -1.39907670e-03 
 1.94984460e+00  1.76617054e-01 -1.41527509e-03 
 1.97242274e+00  1.76616785e-01 -1.43166097e-03 
 1.99526231e+00  1.76616509e-01 -1.44823651e-03 
 2.01836636e+00  1.76616226e-01 -1.46500391e-03 
 2.04173794e+00  1.76615937e-01 -1.48196538e-03 
 2.06538016e+00  1.76615641e-01 -1.49912316e-03 
 2.08929613e+00  1.76615339e-01 -1.51647954e-03 
 2.11348904e+00  1.76615029e-01 -1.53403680e-03 
 2.13796209e+00  1.76614712e-01 -1.55179726e-03 
 2.16271852e+00  1.76614388e-01 -1.56976328e-03 
 2.18776162e+00  1.76614056e-01 -1.58793724e-03 
 2.21309471e+00  1.76613716e-01 -1.60632153e-03 
 2.23872114e+00  1.76613369e-01 -1.62491859e-03 
 2.26464431e+00  1.76613013e-01 -1.64373088e-03 
 2.29086765e+00  1.76612649e-01 -1.66276089e-03 
 2.31739465e+00  1.76612277e-01 -1.68201113e-03 
 2.34422882e+00  1.76611896e-01 -1.70148415e-03 
 2.37137371e+00  1.76611506e-01 -1.72118253e-03 
 2.39883292e+00  1.76611107e-01 -1.74110887e-03 
 2.42661010e+00  1.76610699e-01 -1.76126580e-03 
 2.45470892e+00  1.76610281e-01 -1.78165600e-03 
 2.48313311e+00  1.76609853e-01 -1.80228214e-03 
 2.51188643e+00  1.76609416e-01 -1.82314698e-03 
 2.54097271e+00  1.76608968e-01 -1.84425325e-03 
 2.57039578e+00  1.76608510e-01 -1.86560375e-03 
 2.60015956e+00  1.76608041e-01 -1.88720131e-03 
 2.63026799e+00  1.76607562e-01 -1.90904878e-03 
 2.66072506e+00  1.76607071e-01 -1.93114904e-03 
 2.69153480e+00  1.76606569e-01 -1.95350502e-03 
 2.72270131e+00  1.76606055e-01 -1.97611967e-03 
 2.75422870e+00  1.76605529e-01 -1.99899597e-03 
 2.78612117e+00  1.76604991e-01 -2.02213696e-03 
 2.81838293e+00  1.76604440e-01 -2.04554569e-03 
 2.85101827e+00  1.76603876e-01 -2.06922525e-03 
 2.88403150e+00  1.76603300e-01 -2.09317877e-03 
 2.91742701e+00  1.76602710e-01 -2.11740941e-03 
 2.95120923e+00  1.76602106e-01 -2.14192038e-03 
 2.98538262e+00  1.76601488e-01 -2.16671491e-03 
 3.01995172e+00  1.76600856e-01 -2.19179627e-03 
 3.05492111e+00  1.76600209e-01 -2.21716778e-03 
 3.09029543e+00  1.76599547e-01 -2.24283279e-03 
 3.12607937e+00  1.76598869e-01 -2.26879468e-03 
 3.16227766e+00  1.76598176e-01 -2.29505688e-03 
 3.19889511e+00  1.76597467e-01 -2.32162286e-03 
 3.23593657e+00  1.76596741e-01 -2.34849613e-03 
 3.27340695e+00  1.76595998e-01 -2.37568023e-03 
 3.31131121e+00  1.76595238e-01 -2.40317875e-03 
 3.34965439e+00  1.76594460e-01 -2.43099531e-03 
 3.38844156e+00  1.76593664e-01 -2.45913359e-03 
 3.42767787e+00  1.76592850e-01 -2.48759730e-03 
 3.46736850e+00  1.76592016e-01 -2.51639019e-03 
 3.50751874e+00  1.76591164e-01 -2.54551606e-03 
 3.54813389e+00  1.76590291e-01 -2.57497875e-03 
 3.58921935e+00  1.76589398e-01 -2.60478215e-03 
 3.63078055e+00  1.76588484e-01 -2.63493018e-03 
 3.67282300e+00  1.76587549e-01 -2.66542682e-03 
 3.71535229e+00  1.76586592e-01 -2.69627609e-03 
 3.75837404e+00  1.76585613e-01 -2.72748205e-03 
 3.80189396e+00  1.76584611e-01 -2.75904882e-03 
 3.84591782e+00  1.76583586e-01 -2.79098055e-03 
 3.89045145e+00  1.76582537e-01 -2.82328145e-03 
 3.93550075e+00  1.76581464e-01 -2.85595578e-03 
 3.98107171e+00  1.76580365e-01 -2.88900783e-03 
 4.02717034e+00  1.76579241e-01 -2.92244197e-03 
 4.07380278e+00  1.76578091e-01 -2.95626259e-03 
 4.12097519e+00  1.76576914e-01 -2.99047414e-03 
 4.16869383e+00  1.76575709e-01 -3.02508112e-03 
 4.21696503e+00  1.76574477e-01 -3.06008810e-03 
 4.26579519e+00  1.76573216e-01 -3.09549967e-03 
 4.31519077e+00  1.76571925e-01 -3.13132050e-03 
 4.36515832e+00  1.76570605e-01 -3.16755529e-03 
 4.41570447e+00  1.76569254e-01 -3.20420880e-03 
 4.46683592e+00  1.76567871e-01 -3.24128587e-03 
 4.51855944e+00  1.76566456e-01 -3.27879136e-03 
 4.57088190e+00  1.76565008e-01 -3.31673020e-03 
 4.62381021e+00  1.76563527e-01 -3.35510738e-03 
 4.67735141e+00  1.76562011e-01 -3.39392793e-03 
 4.73151259e+00  1.76560459e-01 -3.43319695e-03 
 4.78630092e+00  1.76558872e-01 -3.47291961e-03 
 4.84172368e+00  1.76557248e-01 -3.51310112e-03 
 4.89778819e+00  1.76555585e-01 -3.55374675e-03 
 4.95450191e+00  1.76553885e-01 -3.59486183e-03 
 5.01187234e+00  1.76552144e-01 -3.63645176e-03 
 5.06990708e+00  1.76550363e-01 -3.67852199e-03 
 5.12861384e+00  1.76548541e-01 -3.72107804e-03 
 5.18800039e+00  1.76546676e-01 -3.76412549e-03 
 5.24807460e+00  1.76544768e-01 -3.80766998e-03 
 5.30884444e+00  1.76542815e-01 -3.85171721e-03 
 5.37031796e+00  1.76540817e-01 -3.89627296e-03 
 5.43250331e+00  1.76538773e-01 -3.94134306e-03 
 5.49540874e+00  1.76536681e-01 -3.98693341e-03 
 5.55904257e+00  1.76534540e-01 -4.03304998e-03 
 5.62341325e+00  1.76532349e-01 -4.07969879e-03 
 5.68852931e+00  1.76530108e-01 -4.12688596e-03 
 5.75439937e+00  1.76527814e-01 -4.17461766e-03 
 5.82103218e+00  1.76525467e-01 -4.22290011e-03 
 5.88843655e+00  1.76523066e-01 -4.27173964e-03 
 5.95662144e+00  1.76520608e-01 -4.32114261e-03 
 6.02559586e+00  1.76518093e-01 -4.37111549e-03 
 6.09536897e+00  1.76515520e-01 -4.42166479e-03 
 6.16595002e+00  1.76512887e-01 -4.47279712e-03 
 6.23734835e+00  1.76510193e-01 -4.52451914e-03 
 6.30957344e+00  1.76507436e-01 -4.57683759e-03 
 6.38263486e+00  1.76504615e-01 -4.62975930e-03 
 6.45654229e+00  1.76501728e-01 -4.68329116e-03 
 6.53130553e+00  1.76498774e-01 -4.73744015e-03 
 6.60693448e+00  1.76495752e-01 -4.79221331e-03 
 6.68343918e+00  1.76492659e-01 -4.84761777e-03 
 6.76082975e+00  1.76489494e-01 -4.90366073e-03 
 6.83911647e+00  1.76486256e-01 -4.96034950e-03 
 6.91830971e+00  1.76482942e-01 -5.01769142e-03 
 6.99841996e+00  1.76479551e-01 -5.07569395e-03 
 7.07945784e+00  1.76476082e-01 -5.13436463e-03 
 7.16143410e+00  1.76472531e-01 -5.19371106e-03 
 7.24435960e+00  1.76468899e-01 -5.25374095e-03 
 7.32824533e+00  1.76465181e-01 -5.31446207e-03 
 7.41310241e+00  1.76461378e-01 -5.37588230e-03 
 7.49894209e+00  1.76457486e-01 -5.43800959e-03 
 7.58577575e+00  1.76453503e-01 -5.50085198e-03 
 7.67361489e+00  1.76449428e-01 -5.56441760e-03 
 7.76247117e+00  1.76445258e-01 -5.62871466e-03 
 7.85235635e+00  1.76440991e-01 -5.69375149e-03 
 7.94328235e+00  1.76436625e-01 -5.75953647e-03 
 8.03526122e+00  1.76432158e-01 -5.82607810e-03 
 8.12830516e+00  1.76427587e-01 -5.89338496e-03 
 8.22242650e+00  1.76422909e-01 -5.96146573e-03 
 8.31763771e+00  1.76418123e-01 -6.03032917e-03 
 8.41395142e+00  1.76413226e-01 -6.09998414e-03 
 8.51138038e+00  1.76408214e-01 -6.17043962e-03 
 8.60993752e+00  1.76403087e-01 -6.24170465e-03 
 8.70963590e+00  1.76397840e-01 -6.31378840e-03 
 8.81048873e+00  1.76392472e-01 -6.38670011e-03 
 8.91250938e+00  1.76386978e-01 -6.46044913e-03 
 9.01571138e+00  1.76381357e-01 -6.53504491e-03 
 9.12010839e+00  1.76375606e-01 -6.61049702e-03 
 9.22571427e+00  1.76369721e-01 -6.68681510e-03 
 9.33254301e+00  1.76363699e-01 -6.76400891e-03 
 9.44060876e+00  1.76357538e-01 -6.84208831e-03 
 9.54992586e+00  1.76351233e-01 -6.92106326e-03 
 9.66050879e+00  1.76344782e-01 -7.00094384e-03 
 9.77237221e+00  1.76338181e-01 -7.08174023e-03 
 9.88553095e+00  1.76331428e-01 -7.16346270e-03 
 1.00000000e+01  1.76324517e-01 -7.24612164e-03 
 1.01157945e+01  1.76317446e-01 -7.32972757e-03 
 1.02329299e+01  1.76310211e-01 -7.41429108e-03 
 1.03514217e+01  1.76302807e-01 -7.49982289e-03 
 1.04712855e+01  1.76295233e-01 -7.58633385e-03 
 1.05925373e+01  1.76287482e-01 -7.67383489e-03 
 1.07151931e+01  1.76279551e-01 -7.76233706e-03 
 1.08392691e+01  1.76271437e-01 -7.85185154e-03 
 1.09647820e+01  1.76263134e-01 -7.94238962e-03 
 1.10917482e+01  1.76254639e-01 -8.03396268e-03 
 1.12201845e+01  1.76245947e-01 -8.12658226e-03 
 1.13501082e+01  1.76237053e-01 -8.22025998e-03 
 1.14815362e+01  1.76227953e-01 -8.31500759e-03 
 1.16144861e+01  1.76218642e-01 -8.41083697e-03 
 1.17489755e+01  1.76209115e-01 -8.50776010e-03 
 1.18850223e+01  1.76199368e-01 -8.60578910e-03 
 1.20226443e+01  1.76189394e-01 -8.70493618e-03 
 1.21618600e+01  1.76179189e-01 -8.80521371e-03 
 1.23026877e+01  1.76168748e-01 -8.90663416e-03 
 1.24451461e+01  1.76158065e-01 -9.00921013e-03 
 1.25892541e+01  1.76147135e-01 -9.11295433e-03 
 1.27350308e+01  1.76135951e-01 -9.21787961e-03 
 1.28824955e+01  1.76124508e-01 -9.32399895e-03 
 1.30316678e+01  1.76112801e-01 -9.43132543e-03 
 1.31825674e+01  1.76100822e-01 -9.53987229e-03 
 1.33352143e+01  1.76088566e-01 -9.64965286e-03 
 1.34896288e+01  1.76076026e-01 -9.76068063e-03 
 1.36458314e+01  1.76063197e-01 -9.87296920e-03 
 1.38038426e+01  1.76050070e-01 -9.98653231e-03 
 1.39636836e+01  1.76036639e-01 -1.01013838e-02 
 1.41253754e+01  1.76022898e-01 -1.02175377e-02 
 1.42889396e+01  1.76008839e-01 -1.03350081e-02 
 1.44543977e+01  1.75994455e-01 -1.04538092e-02 
 1.46217717e+01  1.75979739e-01 -1.05739555e-02 
 1.47910839e+01  1.75964682e-01 -1.06954615e-02 
 1.49623566e+01  1.75949277e-01 -1.08183417e-02 
 1.51356125e+01  1.75933517e-01 -1.09426110e-02 
 1.53108746e+01  1.75917392e-01 -1.10682843e-02 
 1.54881662e+01  1.75900895e-01 -1.11953766e-02 
 1.56675107e+01  1.75884016e-01 -1.13239031e-02 
 1.58489319e+01  1.75866748e-01 -1.14538791e-02 
 1.60324539e+01  1.75849082e-01 -1.15853200e-02 
 1.62181010e+01  1.75831007e-01 -1.17182414e-02 
 1.64058977e+01  1.75812516e-01 -1.18526590e-02 
 1.65958691e+01  1.75793598e-01 -1.19885886e-02 
 1.67880402e+01  1.75774243e-01 -1.21260462e-02 
 1.69824365e+01  1.75754442e-01 -1.22650479e-02 
 1.71790839e+01  1.75734185e-01 -1.24056099e-02 
 1.73780083e+01  1.75713461e-01 -1.25477486e-02 
 1.75792361e+01  1.75692259e-01 -1.26914804e-02 
 1.77827941e+01  1.75670569e-01 -1.28368220e-02 
 1.79887092e+01  1.75648379e-01 -1.29837901e-02 
 1.81970086e+01  1.75625678e-01 -1.31324016e-02 
 1.84077200e+01  1.75602455e-01 -1.32826735e-02 
 1.86208714e+01  1.75578697e-01 -1.34346229e-02 
 1.88364909e+01  1.75554393e-01 -1.35882670e-02 
 1.90546072e+01  1.75529530e-01 -1.37436234e-02 
 1.92752491e+01  1.75504095e-01 -1.39007094e-02 
 1.94984460e+01  1.75478075e-01 -1.40595427e-02 
 1.97242274e+01  1.75451458e-01 -1.42201411e-02 
 1.99526231e+01  1.75424228e-01 -1.43825224e-02 
 2.01836636e+01  1.75396374e-01 -1.45467046e-02 
 2.04173794e+01  1.75367880e-01 -1.47127058e-02 
 2.06538016e+01  1.75338732e-01 -1.48805442e-02 
 2.08929613e+01  1.75308916e-01 -1.50502383e-02 
 2.11348904e+01  1.75278416e-01 -1.52218064e-02 
 2.13796209e+01  1.75247216e-01 -1.53952670e-02 
 2.16271852e+01  1.75215302e-01 -1.55706390e-02 
 2.18776162e+01  1.75182656e-01 -1.57479410e-02 
 2.21309471e+01  1.75149263e-01 -1.59271919e-02 
 2.23872114e+01  1.75115106e-01 -1.61084106e-02 
 2.26464431e+01  1.75080167e-01 -1.62916164e-02 
 2.29086765e+01  1.75044429e-01 -1.64768283e-02 
 2.31739465e+01  1.75007873e-01 -1.66640656e-02 
 2.34422882e+01  1.74970483e-01 -1.68533476e-02 
 2.37137371e+01  1.74932238e-01 -1.70446939e-02 
 2.39883292e+01  1.74893121e-01 -1.72381238e-02 
 2.42661010e+01  1.74853110e-01 -1.74336570e-02 
 2.45470892e+01  1.74812187e-01 -1.76313132e-02 
 2.48313311e+01  1.74770332e-01 -1.78311121e-02 
 2.51188643e+01  1.74727522e-01 -1.80330735e-02 
 2.54097271e+01  1.74683737e-01 -1.82372172e-02 
 2.57039578e+01  1.74638956e-01 -1.84435633e-02 
 2.60015956e+01  1.74593156e-01 -1.86521316e-02 
 2.63026799e+01  1.74546314e-01 -1.88629421e-02 
 2.66072506e+01  1.74498408e-01 -1.90760150e-02 
 2.69153480e+01  1.74449414e-01 -1.92913703e-02 
 2.72270131e+01  1.74399307e-01 -1.95090281e-02 
 2.75422870e+01  1.74348064e-01 -1.97290086e-02 
 2.78612117e+01  1.74295660e-01 -1.99513319e-02 
 2.81838293e+01  1.74242067e-01 -2.01760181e-02 
 2.85101827e+01  1.74187262e-01 -2.04030875e-02 
 2.88403150e+01  1.74131216e-01 -2.06325602e-02 
 2.91742701e+01  1.74073903e-01 -2.08644563e-02 
 2.95120923e+01  1.74015295e-01 -2.10987960e-02 
 2.98538262e+01  1.73955363e-01 -2.13355993e-02 
 3.01995172e+01  1.73894079e-01 -2.15748864e-02 
 3.05492111e+01  1.73831413e-01 -2.18166771e-02 
 3.09029543e+01  1.73767335e-01 -2.20609914e-02 
 3.12607937e+01  1.73701815e-01 -2.23078493e-02 
 3.16227766e+01  1.73634821e-01 -2.25572705e-02 
 3.19889511e+01  1.73566320e-01 -2.28092747e-02 
 3.23593657e+01  1.73496282e-01 -2.30638816e-02 
 3.27340695e+01  1.73424672e-01 -2.33211106e-02 
 3.31131121e+01  1.73351456e-01 -2.35809811e-02 
 3.34965439e+01  1.73276600e-01 -2.38435124e-02 
 3.38844156e+01  1.73200069e-01 -2.41087236e-02 
 3.42767787e+01  1.73121827e-01 -2.43766335e-02 
 3.46736850e+01  1.73041837e-01 -2.46472611e-02 
 3.50751874e+01  1.72960061e-01 -2.49206247e-02 
 3.54813389e+01  1.72876463e-01 -2.51967430e-02 
 3.58921935e+01  1.72791003e-01 -2.54756338e-02 
 3.63078055e+01  1.72703642e-01 -2.57573153e-02 
 3.67282300e+01  1.72614339e-01 -2.60418051e-02 
 3.71535229e+01  1.72523053e-01 -2.63291206e-02 
 3.75837404e+01  1.72429744e-01 -2.66192789e-02 
 3.80189396e+01  1.72334367e-01 -2.69122969e-02 
 3.84591782e+01  1.72236881e-01 -2.72081910e-02 
 3.89045145e+01  1.72137240e-01 -2.75069775e-02 
 3.93550075e+01  1.72035401e-01 -2.78086721e-02 
 3.98107171e+01  1.71931316e-01 -2.81132904e-02 
 4.02717034e+01  1.71824941e-01 -2.84208473e-02 
 4.07380278e+01  1.71716226e-01 -2.87313575e-02 
 4.12097519e+01  1.71605125e-01 -2.90448352e-02 
 4.16869383e+01  1.71491588e-01 -2.93612941e-02 
 4.21696503e+01  1.71375565e-01 -2.96807475e-02 
 4.26579519e+01  1.71257005e-01 -3.00032080e-02 
 4.31519077e+01  1.71135858e-01 -3.03286879e-02 
 4.36515832e+01  1.71012069e-01 -3.06571989e-02 
 4.41570447e+01  1.70885587e-01 -3.09887519e-02 
 4.46683592e+01  1.70756356e-01 -3.13233575e-02 
 4.51855944e+01  1.70624321e-01 -3.16610254e-02 
 4.57088190e+01  1.70489427e-01 -3.20017648e-02 
 4.62381021e+01  1.70351617e-01 -3.23455841e-02 
 4.67735141e+01  1.70210832e-01 -3.26924910e-02 
 4.73151259e+01  1.70067013e-01 -3.30424925e-02 
 4.78630092e+01  1.69920102e-01 -3.33955949e-02 
 4.84172368e+01  1.69770036e-01 -3.37518034e-02 
 4.89778819e+01  1.69616756e-01 -3.41111225e-02 
 4.95450191e+01  1.69460198e-01 -3.44735559e-02 
 5.01187234e+01  1.69300298e-01 -3.48391064e-02 
 5.06990708e+01  1.69136993e-01 -3.52077756e-02 
 5.12861384e+01  1.68970218e-01 -3.55795643e-02 
 5.18800039e+01  1.68799905e-01 -3.59544723e-02 
 5.24807460e+01  1.68625988e-01 -3.63324983e-02 
 5.30884444e+01  1.68448399e-01 -3.67136398e-02 
 5.37031796e+01  1.68267068e-01 -3.70978933e-02 
 5.43250331e+01  1.68081927e-01 -3.74852541e-02 
 5.49540874e+01  1.67892904e-01 -3.78757162e-02 
 5.55904257e+01  1.67699927e-01 -3.82692724e-02 
 5.62341325e+01  1.67502924e-01 -3.86659142e-02 
 5.68852931e+01  1.67301822e-01 -3.90656318e-02 
 5.75439937e+01  1.67096546e-01 -3.94684139e-02 
 5.82103218e+01  1.66887021e-01 -3.98742479e-02 
 5.88843655e+01  1.66673171e-01 -4.02831196e-02 
 5.95662144e+01  1.66454919e-01 -4.06950133e-02 
 6.02559586e+01  1.66232187e-01 -4.11099120e-02 
 6.09536897e+01  1.66004898e-01 -4.15277966e-02 
 6.16595002e+01  1.65772971e-01 -4.19486468e-02 
 6.23734835e+01  1.65536327e-01 -4.23724403e-02 
 6.30957344e+01  1.65294885e-01 -4.27991533e-02 
 6.38263486e+01  1.65048564e-01 -4.32287599e-02 
 6.45654229e+01  1.64797281e-01 -4.36612325e-02 
 6.53130553e+01  1.64540954e-01 -4.40965418e-02 
 6.60693448e+01  1.64279500e-01 -4.45346562e-02 
 6.68343918e+01  1.64012833e-01 -4.49755424e-02 
 6.76082975e+01  1.63740870e-01 -4.54191647e-02 
 6.83911647e+01  1.63463526e-01 -4.58654858e-02 
 6.91830971e+01  1.63180715e-01 -4.63144657e-02 
 6.99841996e+01  1.62892351e-01 -4.67660627e-02 
 7.07945784e+01  1.62598347e-01 -4.72202325e-02 
 7.16143410e+01  1.62298617e-01 -4.76769287e-02 
 7.24435960e+01  1.61993074e-01 -4.81361024e-02 
 7.32824533e+01  1.61681629e-01 -4.85977025e-02 
 7.41310241e+01  1.61364197e-01 -4.90616753e-02 
 7.49894209e+01  1.61040687e-01 -4.95279646e-02 
 7.58577575e+01  1.60711014e-01 -4.99965118e-02 
 7.67361489e+01  1.60375088e-01 -5.04672555e-02 
 7.76247117e+01  1.60032822e-01 -5.09401318e-02 
 7.85235635e+01  1.59684128e-01 -5.14150741e-02 
 7.94328235e+01  1.59328919e-01 -5.18920131e-02 
 8.03526122e+01  1.58967105e-01 -5.23708767e-02 
 8.12830516e+01  1.58598602e-01 -5.28515899e-02 
 8.22242650e+01  1.58223321e-01 -5.33340750e-02 
 8.31763771e+01  1.57841176e-01 -5.38182511e-02 
 8.41395142e+01  1.57452081e-01 -5.43040349e-02 
 8.51138038e+01  1.57055951e-01 -5.47913395e-02 
 8.60993752e+01  1.56652701e-01 -5.52800755e-02 
 8.70963590e+01  1.56242247e-01 -5.57701501e-02 
 8.81048873e+01  1.55824507e-01 -5.62614677e-02 
 8.91250938e+01  1.55399397e-01 -5.67539294e-02 
 9.01571138e+01  1.54966837e-01 -5.72474332e-02 
 9.12010839e+01  1.54526748e-01 -5.77418741e-02 
 9.22571427e+01  1.54079051e-01 -5.82371438e-02 
 9.33254301e+01  1.53623667e-01 -5.87331307e-02 
 9.44060876e+01  1.53160523e-01 -5.92297203e-02 
 9.54992586e+01  1.52689542e-01 -5.97267946e-02 
 9.66050879e+01  1.52210654e-01 -6.02242325e-02 
 9.77237221e+01  1.51723787e-01 -6.07219097e-02 
 9.88553095e+01  1.51228872e-01 -6.12196985e-02 
 1.00000000e+02  1.50725843e-01 -6.17174682e-02 
 1.01157945e+02  1.50214635e-01 -6.22150846e-02 
 1.02329299e+02  1.49695185e-01 -6.27124107e-02 
 1.03514217e+02  1.49167435e-01 -6.32093059e-02 
 1.04712855e+02  1.48631327e-01 -6.37056266e-02 
 1.05925373e+02  1.48086805e-01 -6.42012261e-02 
 1.07151931e+02  1.47533819e-01 -6.46959545e-02 
 1.08392691e+02  1.46972319e-01 -6.51896589e-02 
 1.09647820e+02  1.46402260e-01 -6.56821832e-02 
 1.10917482e+02  1.45823598e-01 -6.61733684e-02 
 1.12201845e+02  1.45236295e-01 -6.66630527e-02 
 1.13501082e+02  1.44640315e-01 -6.71510713e-02 
 1.14815362e+02  1.44035625e-01 -6.76372564e-02 
 1.16144861e+02  1.43422196e-01 -6.81214376e-02 
 1.17489755e+02  1.42800006e-01 -6.86034421e-02 
 1.18850223e+02  1.42169031e-01 -6.90830939e-02 
 1.20226443e+02  1.41529257e-01 -6.95602151e-02 
 1.21618600e+02  1.40880671e-01 -7.00346250e-02 
 1.23026877e+02  1.40223265e-01 -7.05061408e-02 
 1.24451461e+02  1.39557036e-01 -7.09745772e-02 
 1.25892541e+02  1.38881985e-01 -7.14397472e-02 
 1.27350308e+02  1.38198118e-01 -7.19014615e-02 
 1.28824955e+02  1.37505447e-01 -7.23595293e-02 
 1.30316678e+02  1.36803986e-01 -7.28137576e-02 
 1.31825674e+02  1.36093759e-01 -7.32639523e-02 
 1.33352143e+02  1.35374790e-01 -7.37099177e-02 
 1.34896288e+02  1.34647111e-01 -7.41514567e-02 
 1.36458314e+02  1.33910761e-01 -7.45883712e-02 
 1.38038426e+02  1.33165780e-01 -7.50204622e-02 
 1.39636836e+02  1.32412219e-01 -7.54475297e-02 
 1.41253754e+02  1.31650130e-01 -7.58693735e-02 
 1.42889396e+02  1.30879575e-01 -7.62857926e-02 
 1.44543977e+02  1.30100617e-01 -7.66965859e-02 
 1.46217717e+02  1.29313330e-01 -7.71015522e-02 
 1.47910839e+02  1.28517791e-01 -7.75004907e-02 
 1.49623566e+02  1.27714084e-01 -7.78932006e-02 
 1.51356125e+02  1.26902298e-01 -7.82794820e-02 
 1.53108746e+02  1.26082530e-01 -7.86591355e-02 
 1.54881662e+02  1.25254882e-01 -7.90319630e-02 
 1.56675107e+02  1.24419462e-01 -7.93977673e-02 
 1.58489319e+02  1.23576384e-01 -7.97563529e-02 
 1.60324539e+02  1.22725770e-01 -8.01075258e-02 
 1.62181010e+02  1.21867746e-01 -8.04510940e-02 
 1.64058977e+02  1.21002446e-01 -8.07868676e-02 
 1.65958691e+02  1.20130009e-01 -8.11146590e-02 
 1.67880402e+02  1.19250581e-01 -8.14342832e-02 
 1.69824365e+02  1.18364312e-01 -8.17455581e-02 
 1.71790839e+02  1.17471361e-01 -8.20483047e-02 
 1.73780083e+02  1.16571891e-01 -8.23423471e-02 
 1.75792361e+02  1.15666071e-01 -8.26275130e-02 
 1.77827941e+02  1.14754076e-01 -8.29036340e-02 
 1.79887092e+02  1.13836088e-01 -8.31705455e-02 
 1.81970086e+02  1.12912293e-01 -8.34280872e-02 
 1.84077200e+02  1.11982882e-01 -8.36761032e-02 
 1.86208714e+02  1.11048053e-01 -8.39144422e-02 
 1.88364909e+02  1.10108009e-01 -8.41429580e-02 
 1.90546072e+02  1.09162956e-01 -8.43615092e-02 
 1.92752491e+02  1.08213107e-01 -8.45699598e-02 
 1.94984460e+02  1.07258679e-01 -8.47681793e-02 
 1.97242274e+02  1.06299894e-01 -8.49560429e-02 
 1.99526231e+02  1.05336978e-01 -8.51334316e-02 
 2.01836636e+02  1.04370161e-01 -8.53002326e-02 
 2.04173794e+02  1.03399677e-01 -8.54563390e-02 
 2.06538016e+02  1.02425763e-01 -8.56016506e-02 
 2.08929613e+02  1.01448662e-01 -8.57360737e-02 
 2.11348904e+02  1.00468617e-01 -8.58595211e-02 
 2.13796209e+02  9.94858755e-02 -8.59719126e-02 
 2.16271852e+02  9.85006892e-02 -8.60731750e-02 
 2.18776162e+02  9.75133102e-02 -8.61632417e-02 
 2.21309471e+02  9.65239938e-02 -8.62420539e-02 
 2.23872114e+02  9.55329974e-02 -8.63095596e-02 
 2.26464431e+02  9.45405801e-02 -8.63657144e-02 
 2.29086765e+02  9.35470026e-02 -8.64104814e-02 
 2.31739465e+02  9.25525261e-02 -8.64438308e-02 
 2.34422882e+02  9.15574136e-02 -8.64657405e-02 
 2.37137371e+02  9.05619285e-02 -8.64761960e-02 
 2.39883292e+02  8.95663349e-02 -8.64751906e-02 
 2.42661010e+02  8.85708961e-02 -8.64627247e-02 
 2.45470892e+02  8.75758761e-02 -8.64388067e-02 
 2.48313311e+02  8.65815383e-02 -8.64034523e-02 
 2.51188643e+02  8.55881453e-02 -8.63566852e-02 
 2.54097271e+02  8.45959583e-02 -8.62985359e-02 
 2.57039578e+02  8.36052378e-02 -8.62290430e-02 
 2.60015956e+02  8.26162426e-02 -8.61482522e-02 
 2.63026799e+02  8.16292298e-02 -8.60562168e-02 
 2.66072506e+02  8.06444538e-02 -8.59529969e-02 
 2.69153480e+02  7.96621674e-02 -8.58386601e-02 
 2.72270131e+02  7.86826205e-02 -8.57132810e-02 
 2.75422870e+02  7.77060604e-02 -8.55769411e-02 
 2.78612117e+02  7.67327306e-02 -8.54297284e-02 
 2.81838293e+02  7.57628722e-02 -8.52717381e-02 
 2.85101827e+02  7.47967224e-02 -8.51030717e-02 
 2.88403150e+02  7.38345141e-02 -8.49238367e-02 
 2.91742701e+02  7.28764770e-02 -8.47341472e-02 
 2.95120923e+02  7.19228366e-02 -8.45341235e-02 
 2.98538262e+02  7.09738131e-02 -8.43238909e-02 
 3.01995172e+02  7.00296233e-02 -8.41035814e-02 
 3.05492111e+02  6.90904782e-02 -8.38733316e-02 
 3.09029543e+02  6.81565848e-02 -8.36332838e-02 
 3.12607937e+02  6.72281446e-02 -8.33835853e-02 
 3.16227766e+02  6.63053536e-02 -8.31243880e-02 
 3.19889511e+02  6.53884030e-02 -8.28558487e-02 
 3.23593657e+02  6.44774783e-02 -8.25781285e-02 
 3.27340695e+02  6.35727591e-02 -8.22913926e-02 
 3.31131121e+02  6.26744200e-02 -8.19958103e-02 
 3.34965439e+02  6.17826287e-02 -8.16915542e-02 
 3.38844156e+02  6.08975483e-02 -8.13788010e-02 
 3.42767787e+02  6.00193347e-02 -8.10577301e-02 
 3.46736850e+02  5.91481389e-02 -8.07285245e-02 
 3.50751874e+02  5.82841048e-02 -8.03913692e-02 
 3.54813389e+02  5.74273711e-02 -8.00464526e-02 
 3.58921935e+02  5.65780694e-02 -7.96939646e-02 
 3.63078055e+02  5.57363261e-02 -7.93340980e-02 
 3.67282300e+02  5.49022603e-02 -7.89670466e-02 
 3.71535229e+02  5.40759861e-02 -7.85930067e-02 
 3.75837404e+02  5.32576103e-02 -7.82121752e-02 
 3.80189396e+02  5.24472343e-02 -7.78247510e-02 
 3.84591782e+02  5.16449530e-02 -7.74309332e-02 
 3.89045145e+02  5.08508549e-02 -7.70309218e-02 
 3.93550075e+02  5.00650230e-02 -7.66249179e-02 
 3.98107171e+02  4.92875338e-02 -7.62131222e-02 
 4.02717034e+02  4.85184581e-02 -7.57957361e-02 
 4.07380278e+02  4.77578606e-02 -7.53729605e-02 
 4.12097519e+02  4.70058000e-02 -7.49449961e-02 
 4.16869383e+02  4.62623295e-02 -7.45120436e-02 
 4.21696503e+02  4.55274965e-02 -7.40743025e-02 
 4.26579519e+02  4.48013427e-02 -7.36319718e-02 
 4.31519077e+02  4.40839041e-02 -7.31852491e-02 
 4.36515832e+02  4.33752118e-02 -7.27343316e-02 
 4.41570447e+02  4.26752912e-02 -7.22794146e-02 
 4.46683592e+02  4.19841625e-02 -7.18206922e-02 
 4.51855944e+02  4.13018408e-02 -7.13583567e-02 
 4.57088190e+02  4.06283362e-02 -7.08925988e-02 
 4.62381021e+02  3.99636541e-02 -7.04236074e-02 
 4.67735141e+02  3.93077950e-02 -6.99515695e-02 
 4.73151259e+02  3.86607548e-02 -6.94766695e-02 
 4.78630092e+02  3.80225248e-02 -6.89990901e-02 
 4.84172368e+02  3.73930920e-02 -6.85190114e-02 
 4.89778819e+02  3.67724393e-02 -6.80366111e-02 
 4.95450191e+02  3.61605452e-02 -6.75520645e-02 
 5.01187234e+02  3.55573845e-02 -6.70655441e-02 
 5.06990708e+02  3.49629279e-02 -6.65772199e-02 
 5.12861384e+02  3.43771427e-02 -6.60872590e-02 
 5.18800039e+02  3.37999922e-02 -6.55958257e-02 
 5.24807460e+02  3.32314368e-02 -6.51030815e-02 
 5.30884444e+02  3.26714330e-02 -6.46091847e-02 
 5.37031796e+02  3.21199347e-02 -6.41142911e-02 
 5.43250331e+02  3.15768922e-02 -6.36185527e-02 
 5.49540874e+02  3.10422533e-02 -6.31221191e-02 
 5.55904257e+02  3.05159628e-02 -6.26251363e-02 
 5.62341325e+02  2.99979631e-02 -6.21277477e-02 
 5.68852931e+02  2.94881937e-02 -6.16300928e-02 
 5.75439937e+02  2.89865920e-02 -6.11323084e-02 
 5.82103218e+02  2.84930932e-02 -6.06345282e-02 
 5.88843655e+02  2.80076299e-02 -6.01368820e-02 
 5.95662144e+02  2.75301332e-02 -5.96394972e-02 
 6.02559586e+02  2.70605321e-02 -5.91424975e-02 
 6.09536897e+02  2.65987537e-02 -5.86460033e-02 
 6.16595002e+02  2.61447236e-02 -5.81501322e-02 
 6.23734835e+02  2.56983656e-02 -5.76549979e-02 
 6.30957344e+02  2.52596024e-02 -5.71607118e-02 
 6.38263486e+02  2.48283550e-02 -5.66673814e-02 
 6.45654229e+02  2.44045434e-02 -5.61751111e-02 
 6.53130553e+02  2.39880864e-02 -5.56840025e-02 
 6.60693448e+02  2.35789017e-02 -5.51941539e-02 
 6.68343918e+02  2.31769062e-02 -5.47056605e-02 
 6.76082975e+02  2.27820158e-02 -5.42186142e-02 
 6.83911647e+02  2.23941456e-02 -5.37331041e-02 
 6.91830971e+02  2.20132103e-02 -5.32492165e-02 
 6.99841996e+02  2.16391239e-02 -5.27670344e-02 
 7.07945784e+02  2.12717997e-02 -5.22866380e-02 
 7.16143410e+02  2.09111508e-02 -5.18081045e-02 
 7.24435960e+02  2.05570900e-02 -5.13315085e-02 
 7.32824533e+02  2.02095295e-02 -5.08569214e-02 
 7.41310241e+02  1.98683816e-02 -5.03844122e-02 
 7.49894209e+02  1.95335585e-02 -4.99140470e-02 
 7.58577575e+02  1.92049723e-02 -4.94458893e-02 
 7.67361489e+02  1.88825348e-02 -4.89799998e-02 
 7.76247117e+02  1.85661582e-02 -4.85164369e-02 
 7.85235635e+02  1.82557548e-02 -4.80552563e-02 
 7.94328235e+02  1.79512370e-02 -4.75965111e-02 
 8.03526122e+02  1.76525173e-02 -4.71402522e-02 
 8.12830516e+02  1.73595087e-02 -4.66865281e-02 
 8.22242650e+02  1.70721245e-02 -4.62353846e-02 
 8.31763771e+02  1.67902781e-02 -4.57868655e-02 
 8.41395142e+02  1.65138837e-02 -4.53410126e-02 
 8.51138038e+02  1.62428558e-02 -4.48978650e-02 
 8.60993752e+02  1.59771093e-02 -4.44574600e-02 
 8.70963590e+02  1.57165597e-02 -4.40198327e-02 
 8.81048873e+02  1.54611232e-02 -4.35850161e-02 
 8.91250938e+02  1.52107164e-02 -4.31530416e-02 
 9.01571138e+02  1.49652567e-02 -4.27239379e-02 
 9.12010839e+02  1.47246620e-02 -4.22977325e-02 
 9.22571427e+02  1.44888511e-02 -4.18744510e-02 
 9.33254301e+02  1.42577432e-02 -4.14541166e-02 
 9.44060876e+02  1.40312587e-02 -4.10367516e-02 
 9.54992586e+02  1.38093183e-02 -4.06223759e-02 
 9.66050879e+02  1.35918438e-02 -4.02110083e-02 
 9.77237221e+02  1.33787576e-02 -3.98026655e-02 
 9.88553095e+02  1.31699830e-02 -3.93973630e-02 
 1.00000000e+03  1.29654441e-02 -3.89951147e-02 
 1.01157945e+03  1.27650660e-02 -3.85959329e-02 
 1.02329299e+03  1.25687745e-02 -3.81998287e-02 
 1.03514217e+03  1.23764962e-02 -3.78068117e-02 
 1.04712855e+03  1.21881588e-02 -3.74168901e-02 
 1.05925373e+03  1.20036907e-02 -3.70300710e-02 
 1.07151931e+03  1.18230213e-02 -3.66463599e-02 
 1.08392691e+03  1.16460810e-02 -3.62657616e-02 
 1.09647820e+03  1.14728008e-02 -3.58882793e-02 
 1.10917482e+03  1.13031130e-02 -3.55139152e-02 
 1.12201845e+03  1.11369505e-02 -3.51426705e-02 
 1.13501082e+03  1.09742474e-02 -3.47745451e-02 
 1.14815362e+03  1.08149384e-02 -3.44095384e-02 
 1.16144861e+03  1.06589595e-02 -3.40476482e-02 
 1.17489755e+03  1.05062473e-02 -3.36888717e-02 
 1.18850223e+03  1.03567394e-02 -3.33332049e-02 
 1.20226443e+03  1.02103746e-02 -3.29806436e-02 
 1.21618600e+03  1.00670923e-02 -3.26311819e-02 
 1.23026877e+03  9.92683295e-03 -3.22848136e-02 
 1.24451461e+03  9.78953789e-03 -3.19415317e-02 
 1.25892541e+03  9.65514935e-03 -3.16013282e-02 
 1.27350308e+03  9.52361056e-03 -3.12641946e-02 
 1.28824955e+03  9.39486554e-03 -3.09301216e-02 
 1.30316678e+03  9.26885934e-03 -3.05990993e-02 
 1.31825674e+03  9.14553781e-03 -3.02711172e-02 
 1.33352143e+03  9.02484770e-03 -2.99461640e-02 
 1.34896288e+03  8.90673668e-03 -2.96242282e-02 
 1.36458314e+03  8.79115324e-03 -2.93052972e-02 
 1.38038426e+03  8.67804680e-03 -2.89893584e-02 
 1.39636836e+03  8.56736760e-03 -2.86763984e-02 
 1.41253754e+03  8.45906674e-03 -2.83664034e-02 
 1.42889396e+03  8.35309617e-03 -2.80593590e-02 
 1.44543977e+03  8.24940869e-03 -2.77552508e-02 
 1.46217717e+03  8.14795788e-03 -2.74540633e-02 
 1.47910839e+03  8.04869821e-03 -2.71557813e-02 
 1.49623566e+03  7.95158490e-03 -2.68603887e-02 
 1.51356125e+03  7.85657402e-03 -2.65678695e-02 
 1.53108746e+03  7.76362236e-03 -2.62782069e-02 
 1.54881662e+03  7.67268759e-03 -2.59913841e-02 
 1.56675107e+03  7.58372807e-03 -2.57073839e-02 
 1.58489319e+03  7.49670296e-03 -2.54261889e-02 
 1.60324539e+03  7.41157217e-03 -2.51477813e-02 
 1.62181010e+03  7.32829637e-03 -2.48721432e-02 
 1.64058977e+03  7.24683693e-03 -2.45992564e-02 
 1.65958691e+03  7.16715597e-03 -2.43291024e-02 
 1.67880402e+03  7.08921629e-03 -2.40616626e-02 
 1.69824365e+03  7.01298146e-03 -2.37969184e-02 
 1.71790839e+03  6.93841568e-03 -2.35348506e-02 
 1.73780083e+03  6.86548385e-03 -2.32754401e-02 
 1.75792361e+03  6.79415157e-03 -2.30186678e-02 
 1.77827941e+03  6.72438506e-03 -2.27645141e-02 
 1.79887092e+03  6.65615124e-03 -2.25129595e-02 
 1.81970086e+03  6.58941763e-03 -2.22639845e-02 
 1.84077200e+03  6.52415243e-03 -2.20175693e-02 
 1.86208714e+03  6.46032442e-03 -2.17736941e-02 
 1.88364909e+03  6.39790301e-03 -2.15323389e-02 
 1.90546072e+03  6.33685824e-03 -2.12934840e-02 
 1.92752491e+03  6.27716070e-03 -2.10571091e-02 
 1.94984460e+03  6.21878159e-03 -2.08231943e-02 
 1.97242274e+03  6.16169268e-03 -2.05917195e-02 
 1.99526231e+03  6.10586631e-03 -2.03626645e-02 
 2.01836636e+03  6.05127537e-03 -2.01360093e-02 
 2.04173794e+03  5.99789328e-03 -1.99117335e-02 
 2.06538016e+03  5.94569404e-03 -1.96898172e-02 
 2.08929613e+03  5.89465212e-03 -1.94702400e-02 
 2.11348904e+03  5.84474256e-03 -1.92529820e-02 
 2.13796209e+03  5.79594089e-03 -1.90380229e-02 
 2.16271852e+03  5.74822312e-03 -1.88253426e-02 
 2.18776162e+03  5.70156578e-03 -1.86149210e-02 
 2.21309471e+03  5.65594587e-03 -1.84067381e-02 
 2.23872114e+03  5.61134086e-03 -1.82007739e-02 
 2.26464431e+03  5.56772869e-03 -1.79970085e-02 
 2.29086765e+03  5.52508776e-03 -1.77954218e-02 
 2.31739465e+03  5.48339692e-03 -1.75959941e-02 
 2.34422882e+03  5.44263544e-03 -1.73987056e-02 
 2.37137371e+03  5.40278305e-03 -1.72035365e-02 
 2.39883292e+03  5.36381988e-03 -1.70104672e-02 
 2.42661010e+03  5.32572648e-03 -1.68194781e-02 
 2.45470892e+03  5.28848382e-03 -1.66305497e-02 
 2.48313311e+03  5.25207325e-03 -1.64436626e-02 
 2.51188643e+03  5.21647654e-03 -1.62587974e-02 
 2.54097271e+03  5.18167582e-03 -1.60759349e-02 
 2.57039578e+03  5.14765360e-03 -1.58950560e-02 
 2.60015956e+03  5.11439278e-03 -1.57161415e-02 
 2.63026799e+03  5.08187660e-03 -1.55391726e-02 
 2.66072506e+03  5.05008866e-03 -1.53641304e-02 
 2.69153480e+03  5.01901292e-03 -1.51909960e-02 
 2.72270131e+03  4.98863368e-03 -1.50197509e-02 
 2.75422870e+03  4.95893556e-03 -1.48503765e-02 
 2.78612117e+03  4.92990351e-03 -1.46828544e-02 
 2.81838293e+03  4.90152284e-03 -1.45171662e-02 
 2.85101827e+03  4.87377911e-03 -1.43532938e-02 
 2.88403150e+03  4.84665825e-03 -1.41912191e-02 
 2.91742701e+03  4.82014647e-03 -1.40309241e-02 
 2.95120923e+03  4.79423025e-03 -1.38723909e-02 
 2.98538262e+03  4.76889641e-03 -1.37156018e-02 
 3.01995172e+03  4.74413202e-03 -1.35605392e-02 
 3.05492111e+03  4.71992443e-03 -1.34071857e-02 
 3.09029543e+03  4.69626129e-03 -1.32555237e-02 
 3.12607937e+03  4.67313050e-03 -1.31055363e-02 
 3.16227766e+03  4.65052021e-03 -1.29572061e-02 
 3.19889511e+03  4.62841885e-03 -1.28105163e-02 
 3.23593657e+03  4.60681509e-03 -1.26654499e-02 
 3.27340695e+03  4.58569785e-03 -1.25219902e-02 
 3.31131121e+03  4.56505629e-03 -1.23801208e-02 
 3.34965439e+03  4.54487980e-03 -1.22398250e-02 
 3.38844156e+03  4.52515801e-03 -1.21010866e-02 
 3.42767787e+03  4.50588077e-03 -1.19638893e-02 
 3.46736850e+03  4.48703817e-03 -1.18282172e-02 
 3.50751874e+03  4.46862049e-03 -1.16940541e-02 
 3.54813389e+03  4.45061824e-03 -1.15613844e-02 
 3.58921935e+03  4.43302214e-03 -1.14301923e-02 
 3.63078055e+03  4.41582309e-03 -1.13004623e-02 
 3.67282300e+03  4.39901223e-03 -1.11721791e-02 
 3.71535229e+03  4.38258085e-03 -1.10453272e-02 
 3.75837404e+03  4.36652047e-03 -1.09198916e-02 
 3.80189396e+03  4.35082278e-03 -1.07958573e-02 
 3.84591782e+03  4.33547964e-03 -1.06732093e-02 
 3.89045145e+03  4.32048312e-03 -1.05519329e-02 
 3.93550075e+03  4.30582543e-03 -1.04320135e-02 
 3.98107171e+03  4.29149899e-03 -1.03134366e-02 
 4.02717034e+03  4.27749636e-03 -1.01961878e-02 
 4.07380278e+03  4.26381026e-03 -1.00802529e-02 
 4.12097519e+03  4.25043360e-03 -9.96561789e-03 
 4.16869383e+03  4.23735942e-03 -9.85226865e-03 
 4.21696503e+03  4.22458094e-03 -9.74019141e-03 
 4.26579519e+03  4.21209149e-03 -9.62937247e-03 
 4.31519077e+03  4.19988460e-03 -9.51979820e-03 
 4.36515832e+03  4.18795389e-03 -9.41145518e-03 
 4.41570447e+03  4.17629317e-03 -9.30433009e-03 
 4.46683592e+03  4.16489635e-03 -9.19840971e-03 
 4.51855944e+03  4.15375750e-03 -9.09368095e-03 
 4.57088190e+03  4.14287082e-03 -8.99013090e-03 
 4.62381021e+03  4.13223061e-03 -8.88774669e-03 
 4.67735141e+03  4.12183134e-03 -8.78651568e-03 
 4.73151259e+03  4.11166758e-03 -8.68642524e-03 
 4.78630092e+03  4.10173401e-03 -8.58746291e-03 
 4.84172368e+03  4.09202545e-03 -8.48961640e-03 
 4.89778819e+03  4.08253683e-03 -8.39287347e-03 
 4.95450191e+03  4.07326319e-03 -8.29722206e-03 
 5.01187234e+03  4.06419968e-03 -8.20265014e-03 
 5.06990708e+03  4.05534157e-03 -8.10914592e-03 
 5.12861384e+03  4.04668421e-03 -8.01669766e-03 
 5.18800039e+03  4.03822308e-03 -7.92529372e-03 
 5.24807460e+03  4.02995374e-03 -7.83492260e-03 
 5.30884444e+03  4.02187187e-03 -7.74557294e-03 
 5.37031796e+03  4.01397324e-03 -7.65723348e-03 
 5.43250331e+03  4.00625370e-03 -7.56989303e-03 
 5.49540874e+03  3.99870922e-03 -7.48354061e-03 
 5.55904257e+03  3.99133583e-03 -7.39816523e-03 
 5.62341325e+03  3.98412967e-03 -7.31375612e-03 
 5.68852931e+03  3.97708697e-03 -7.23030255e-03 
 5.75439937e+03  3.97020402e-03 -7.14779395e-03 
 5.82103218e+03  3.96347721e-03 -7.06621983e-03 
 5.88843655e+03  3.95690302e-03 -6.98556980e-03 
 5.95662144e+03  3.95047800e-03 -6.90583363e-03 
 6.02559586e+03  3.94419876e-03 -6.82700113e-03 
 6.09536897e+03  3.93806202e-03 -6.74906224e-03 
 6.16595002e+03  3.93206454e-03 -6.67200704e-03 
 6.23734835e+03  3.92620318e-03 -6.59582566e-03 
 6.30957344e+03  3.92047486e-03 -6.52050838e-03 
 6.38263486e+03  3.91487657e-03 -6.44604555e-03 
 6.45654229e+03  3.90940535e-03 -6.37242764e-03 
 6.53130553e+03  3.90405835e-03 -6.29964521e-03 
 6.60693448e+03  3.89883273e-03 -6.22768890e-03 
 6.68343918e+03  3.89372576e-03 -6.15654951e-03 
 6.76082975e+03  3.88873475e-03 -6.08621789e-03 
 6.83911647e+03  3.88385707e-03 -6.01668498e-03 
 6.91830971e+03  3.87909015e-03 -5.94794186e-03 
 6.99841996e+03  3.87443149e-03 -5.87997965e-03 
 7.07945784e+03  3.86987863e-03 -5.81278963e-03 
 7.16143410e+03  3.86542918e-03 -5.74636312e-03 
 7.24435960e+03  3.86108078e-03 -5.68069154e-03 
 7.32824533e+03  3.85683116e-03 -5.61576643e-03 
 7.41310241e+03  3.85267807e-03 -5.55157941e-03 
 7.49894209e+03  3.84861932e-03 -5.48812215e-03 
 7.58577575e+03  3.84465277e-03 -5.42538649e-03 
 7.67361489e+03  3.84077634e-03 -5.36336429e-03 
 7.76247117e+03  3.83698799e-03 -5.30204753e-03 
 7.85235635e+03  3.83328570e-03 -5.24142824e-03 
 7.94328235e+03  3.82966754e-03 -5.18149859e-03 
 8.03526122e+03  3.82613159e-03 -5.12225082e-03 
 8.12830516e+03  3.82267599e-03 -5.06367721e-03 
 8.22242650e+03  3.81929892e-03 -5.00577020e-03 
 8.31763771e+03  3.81599859e-03 -4.94852223e-03 
 8.41395142e+03  3.81277326e-03 -4.89192588e-03 
 8.51138038e+03  3.80962124e-03 -4.83597380e-03 
 8.60993752e+03  3.80654086e-03 -4.78065871e-03 
 8.70963590e+03  3.80353049e-03 -4.72597341e-03 
 8.81048873e+03  3.80058854e-03 -4.67191080e-03 
 8.91250938e+03  3.79771346e-03 -4.61846380e-03 
 9.01571138e+03  3.79490374e-03 -4.56562550e-03 
 9.12010839e+03  3.79215789e-03 -4.51338898e-03 
 9.22571427e+03  3.78947445e-03 -4.46174744e-03 
 9.33254301e+03  3.78685202e-03 -4.41069415e-03 
 9.44060876e+03  3.78428921e-03 -4.36022243e-03 
 9.54992586e+03  3.78178466e-03 -4.31032573e-03 
 9.66050879e+03  3.77933706e-03 -4.26099751e-03 
 9.77237221e+03  3.77694510e-03 -4.21223134e-03 
 9.88553095e+03  3.77460752e-03 -4.16402083e-03 
 1.00000000e+04  3.77232310e-03 -4.11635970e-03 
 1.01157945e+04  3.77009062e-03 -4.06924171e-03 
 1.02329299e+04  3.76790890e-03 -4.02266071e-03 
 1.03514217e+04  3.76577679e-03 -3.97661058e-03 
 1.04712855e+04  3.76369317e-03 -3.93108532e-03 
 1.05925373e+04  3.76165693e-03 -3.88607897e-03 
 1.07151931e+04  3.75966699e-03 -3.84158563e-03 
 1.08392691e+04  3.75772231e-03 -3.79759947e-03 
 1.09647820e+04  3.75582185e-03 -3.75411473e-03 
 1.10917482e+04  3.75396461e-03 -3.71112572e-03 
 1.12201845e+04  3.75214961e-03 -3.66862680e-03 
 1.13501082e+04  3.75037589e-03 -3.62661240e-03 
 1.14815362e+04  3.74864251e-03 -3.58507700e-03 
 1.16144861e+04  3.74694856e-03 -3.54401517e-03 
 1.17489755e+04  3.74529314e-03 -3.50342151e-03 
 1.18850223e+04  3.74367536e-03 -3.46329070e-03 
 1.20226443e+04  3.74209439e-03 -3.42361746e-03 
 1.21618600e+04  3.74054938e-03 -3.38439660e-03 
 1.23026877e+04  3.73903951e-03 -3.34562296e-03 
 1.24451461e+04  3.73756398e-03 -3.30729144e-03 
 1.25892541e+04  3.73612202e-03 -3.26939702e-03 
 1.27350308e+04  3.73471287e-03 -3.23193471e-03 
 1.28824955e+04  3.73333576e-03 -3.19489959e-03 
 1.30316678e+04  3.73198999e-03 -3.15828679e-03 
 1.31825674e+04  3.73067483e-03 -3.12209151e-03 
 1.33352143e+04  3.72938959e-03 -3.08630896e-03 
 1.34896288e+04  3.72813359e-03 -3.05093446e-03 
 1.36458314e+04  3.72690617e-03 -3.01596334e-03 
 1.38038426e+04  3.72570666e-03 -2.98139102e-03 
 1.39636836e+04  3.72453445e-03 -2.94721294e-03 
 1.41253754e+04  3.72338891e-03 -2.91342458e-03 
 1.42889396e+04  3.72226944e-03 -2.88002152e-03 
 1.44543977e+04  3.72117543e-03 -2.84699936e-03 
 1.46217717e+04  3.72010632e-03 -2.81435375e-03 
 1.47910839e+04  3.71906153e-03 -2.78208038e-03 
 1.49623566e+04  3.71804051e-03 -2.75017501e-03 
 1.51356125e+04  3.71704273e-03 -2.71863342e-03 
 1.53108746e+04  3.71606765e-03 -2.68745148e-03 
 1.54881662e+04  3.71511476e-03 -2.65662505e-03 
 1.56675107e+04  3.71418355e-03 -2.62615011e-03 
 1.58489319e+04  3.71327353e-03 -2.59602260e-03 
 1.60324539e+04  3.71238422e-03 -2.56623858e-03 
 1.62181010e+04  3.71151515e-03 -2.53679410e-03 
 1.64058977e+04  3.71066585e-03 -2.50768529e-03 
 1.65958691e+04  3.70983588e-03 -2.47890832e-03 
 1.67880402e+04  3.70902480e-03 -2.45045937e-03 
 1.69824365e+04  3.70823218e-03 -2.42233471e-03 
 1.71790839e+04  3.70745760e-03 -2.39453062e-03 
 1.73780083e+04  3.70670064e-03 -2.36704344e-03 
 1.75792361e+04  3.70596092e-03 -2.33986952e-03 
 1.77827941e+04  3.70523803e-03 -2.31300530e-03 
 1.79887092e+04  3.70453159e-03 -2.28644723e-03 
 1.81970086e+04  3.70384123e-03 -2.26019180e-03 
 1.84077200e+04  3.70316658e-03 -2.23423553e-03 
 1.86208714e+04  3.70250729e-03 -2.20857502e-03 
 1.88364909e+04  3.70186301e-03 -2.18320687e-03 
 1.90546072e+04  3.70123339e-03 -2.15812773e-03 
 1.92752491e+04  3.70061810e-03 -2.13333429e-03 
 1.94984460e+04  3.70001682e-03 -2.10882327e-03 
 1.97242274e+04  3.69942923e-03 -2.08459145e-03 
 1.99526231e+04  3.69885501e-03 -2.06063560e-03 
 2.01836636e+04  3.69829387e-03 -2.03695258e-03 
 2.04173794e+04  3.69774550e-03 -2.01353926e-03 
 2.06538016e+04  3.69720961e-03 -1.99039253e-03 
 2.08929613e+04  3.69668593e-03 -1.96750935e-03 
 2.11348904e+04  3.69617416e-03 -1.94488669e-03 
 2.13796209e+04  3.69567405e-03 -1.92252156e-03 
 2.16271852e+04  3.69518533e-03 -1.90041100e-03 
 2.18776162e+04  3.69470773e-03 -1.87855209e-03 
 2.21309471e+04  3.69424101e-03 -1.85694196e-03 
 2.23872114e+04  3.69378491e-03 -1.83557772e-03 
 2.26464431e+04  3.69333920e-03 -1.81445656e-03 
 2.29086765e+04  3.69290364e-03 -1.79357570e-03 
 2.31739465e+04  3.69247800e-03 -1.77293237e-03 
 2.34422882e+04  3.69206205e-03 -1.75252384e-03 
 2.37137371e+04  3.69165558e-03 -1.73234742e-03 
 2.39883292e+04  3.69125836e-03 -1.71240042e-03 
 2.42661010e+04  3.69087019e-03 -1.69268023e-03 
 2.45470892e+04  3.69049086e-03 -1.67318422e-03 
 2.48313311e+04  3.69012017e-03 -1.65390982e-03 
 2.51188643e+04  3.68975793e-03 -1.63485449e-03 
 2.54097271e+04  3.68940393e-03 -1.61601570e-03 
 2.57039578e+04  3.68905800e-03 -1.59739095e-03 
 2.60015956e+04  3.68871996e-03 -1.57897780e-03 
 2.63026799e+04  3.68838961e-03 -1.56077379e-03 
 2.66072506e+04  3.68806679e-03 -1.54277654e-03 
 2.69153480e+04  3.68775133e-03 -1.52498363e-03 
 2.72270131e+04  3.68744305e-03 -1.50739274e-03 
 2.75422870e+04  3.68714180e-03 -1.49000153e-03 
 2.78612117e+04  3.68684742e-03 -1.47280769e-03 
 2.81838293e+04  3.68655974e-03 -1.45580897e-03 
 2.85101827e+04  3.68627862e-03 -1.43900309e-03 
 2.88403150e+04  3.68600391e-03 -1.42238785e-03 
 2.91742701e+04  3.68573546e-03 -1.40596104e-03 
 2.95120923e+04  3.68547313e-03 -1.38972049e-03 
 2.98538262e+04  3.68521679e-03 -1.37366405e-03 
 3.01995172e+04  3.68496629e-03 -1.35778959e-03 
 3.05492111e+04  3.68472150e-03 -1.34209502e-03 
 3.09029543e+04  3.68448229e-03 -1.32657825e-03 
 3.12607937e+04  3.68424854e-03 -1.31123724e-03 
 3.16227766e+04  3.68402012e-03 -1.29606994e-03 
 3.19889511e+04  3.68379691e-03 -1.28107437e-03 
 3.23593657e+04  3.68357880e-03 -1.26624852e-03 
 3.27340695e+04  3.68336566e-03 -1.25159043e-03 
 3.31131121e+04  3.68315739e-03 -1.23709818e-03 
 3.34965439e+04  3.68295387e-03 -1.22276983e-03 
 3.38844156e+04  3.68275499e-03 -1.20860349e-03 
 3.42767787e+04  3.68256066e-03 -1.19459729e-03 
 3.46736850e+04  3.68237076e-03 -1.18074937e-03 
 3.50751874e+04  3.68218520e-03 -1.16705789e-03 
 3.54813389e+04  3.68200388e-03 -1.15352105e-03 
 3.58921935e+04  3.68182670e-03 -1.14013706e-03 
 3.63078055e+04  3.68165357e-03 -1.12690413e-03 
 3.67282300e+04  3.68148439e-03 -1.11382052e-03 
 3.71535229e+04  3.68131909e-03 -1.10088450e-03 
 3.75837404e+04  3.68115756e-03 -1.08809435e-03 
 3.80189396e+04  3.68099972e-03 -1.07544838e-03 
 3.84591782e+04  3.68084550e-03 -1.06294491e-03 
 3.89045145e+04  3.68069480e-03 -1.05058229e-03 
 3.93550075e+04  3.68054755e-03 -1.03835889e-03 
 3.98107171e+04  3.68040367e-03 -1.02627307e-03 
 4.02717034e+04  3.68026309e-03 -1.01432325e-03 
 4.07380278e+04  3.68012572e-03 -1.00250784e-03 
 4.12097519e+04  3.67999151e-03 -9.90825271e-04 
 4.16869383e+04  3.67986036e-03 -9.79274004e-04 
 4.21696503e+04  3.67973223e-03 -9.67852499e-04 
 4.26579519e+04  3.67960703e-03 -9.56559253e-04 
 4.31519077e+04  3.67948470e-03 -9.45392764e-04 
 4.36515832e+04  3.67936518e-03 -9.34351556e-04 
 4.41570447e+04  3.67924841e-03 -9.23434164e-04 
 4.46683592e+04  3.67913431e-03 -9.12639144e-04 
 4.51855944e+04  3.67902284e-03 -9.01965065e-04 
 4.57088190e+04  3.67891393e-03 -8.91410516e-04 
 4.62381021e+04  3.67880752e-03 -8.80974093e-04 
 4.67735141e+04  3.67870356e-03 -8.70654419e-04 
 4.73151259e+04  3.67860199e-03 -8.60450127e-04 
 4.78630092e+04  3.67850276e-03 -8.50359860e-04 
 4.84172368e+04  3.67840582e-03 -8.40382285e-04 
 4.89778819e+04  3.67831112e-03 -8.30516083e-04 
 4.95450191e+04  3.67821859e-03 -8.20759941e-04 
 5.01187234e+04  3.67812821e-03 -8.11112571e-04 
 5.06990708e+04  3.67803991e-03 -8.01572694e-04 
 5.12861384e+04  3.67795365e-03 -7.92139045e-04 
 5.18800039e+04  3.67786939e-03 -7.82810375e-04 
 5.24807460e+04  3.67778707e-03 -7.73585445e-04 
 5.30884444e+04  3.67770667e-03 -7.64463041e-04 
 5.37031796e+04  3.67762813e-03 -7.55441946e-04 
 5.43250331e+04  3.67755141e-03 -7.46520967e-04 
 5.49540874e+04  3.67747647e-03 -7.37698927e-04 
 5.55904257e+04  3.67740328e-03 -7.28974649e-04 
 5.62341325e+04  3.67733179e-03 -7.20346984e-04 
 5.68852931e+04  3.67726196e-03 -7.11814788e-04 
 5.75439937e+04  3.67719377e-03 -7.03376926e-04 
 5.82103218e+04  3.67712716e-03 -6.95032283e-04 
 5.88843655e+04  3.67706211e-03 -6.86779754e-04 
 5.95662144e+04  3.67699859e-03 -6.78618246e-04 
 6.02559586e+04  3.67693655e-03 -6.70546675e-04 
 6.09536897e+04  3.67687597e-03 -6.62563973e-04 
 6.16595002e+04  3.67681682e-03 -6.54669083e-04 
 6.23734835e+04  3.67675905e-03 -6.46860958e-04 
 6.30957344e+04  3.67670265e-03 -6.39138564e-04 
 6.38263486e+04  3.67664758e-03 -6.31500877e-04 
 6.45654229e+04  3.67659381e-03 -6.23946885e-04 
 6.53130553e+04  3.67654132e-03 -6.16475588e-04 
 6.60693448e+04  3.67649007e-03 -6.09085995e-04 
 6.68343918e+04  3.67644005e-03 -6.01777128e-04 
 6.76082975e+04  3.67639121e-03 -5.94548017e-04 
 6.83911647e+04  3.67634354e-03 -5.87397706e-04 
 6.91830971e+04  3.67629702e-03 -5.80325244e-04 
 6.99841996e+04  3.67625161e-03 -5.73329698e-04 
 7.07945784e+04  3.67620729e-03 -5.66410139e-04 
 7.16143410e+04  3.67616405e-03 -5.59565650e-04 
 7.24435960e+04  3.67612185e-03 -5.52795323e-04 
 7.32824533e+04  3.67608067e-03 -5.46098265e-04 
 7.41310241e+04  3.67604049e-03 -5.39473583e-04 
 7.49894209e+04  3.67600130e-03 -5.32920404e-04 
 7.58577575e+04  3.67596307e-03 -5.26437855e-04 
 7.67361489e+04  3.67592577e-03 -5.20025082e-04 
 7.76247117e+04  3.67588940e-03 -5.13681231e-04 
 7.85235635e+04  3.67585393e-03 -5.07405462e-04 
 7.94328235e+04  3.67581934e-03 -5.01196946e-04 
 8.03526122e+04  3.67578561e-03 -4.95054857e-04 
 8.12830516e+04  3.67575273e-03 -4.88978383e-04 
 8.22242650e+04  3.67572068e-03 -4.82966718e-04 
 8.31763771e+04  3.67568943e-03 -4.77019066e-04 
 8.41395142e+04  3.67565899e-03 -4.71134637e-04 
 8.51138038e+04  3.67562932e-03 -4.65312654e-04 
 8.60993752e+04  3.67560041e-03 -4.59552343e-04 
 8.70963590e+04  3.67557226e-03 -4.53852943e-04 
 8.81048873e+04  3.67554483e-03 -4.48213696e-04 
 8.91250938e+04  3.67551812e-03 -4.42633858e-04 
 9.01571138e+04  3.67549212e-03 -4.37112685e-04 
 9.12010839e+04  3.67546681e-03 -4.31649449e-04 
 9.22571427e+04  3.67544217e-03 -4.26243425e-04 
 9.33254301e+04  3.67541820e-03 -4.20893895e-04 
 9.44060876e+04  3.67539488e-03 -4.15600153e-04 
 9.54992586e+04  3.67537220e-03 -4.10361495e-04 
 9.66050879e+04  3.67535014e-03 -4.05177229e-04 
 9.77237221e+04  3.67532870e-03 -4.00046666e-04 
 9.88553095e+04  3.67530786e-03 -3.94969125e-04 
 1.00000000e+05  3.67528761e-03 -3.89943935e-04 
 1.01157945e+05  3.67526795e-03 -3.84970431e-04 
 1.02329299e+05  3.67524886e-03 -3.80047953e-04 
 1.03514217e+05  3.67523033e-03 -3.75175847e-04 
 1.04712855e+05  3.67521235e-03 -3.70353469e-04 
 1.05925373e+05  3.67519491e-03 -3.65580179e-04 
 1.07151931e+05  3.67517800e-03 -3.60855345e-04 
 1.08392691e+05  3.67516162e-03 -3.56178340e-04 
 1.09647820e+05  3.67514576e-03 -3.51548546e-04 
 1.10917482e+05  3.67513040e-03 -3.46965347e-04 
 1.12201845e+05  3.67511553e-03 -3.42428137e-04 
 1.13501082e+05  3.67510116e-03 -3.37936316e-04 
 1.14815362e+05  3.67508727e-03 -3.33489285e-04 
 1.16144861e+05  3.67507386e-03 -3.29086458e-04 
 1.17489755e+05  3.67506092e-03 -3.24727251e-04 
 1.18850223e+05  3.67504843e-03 -3.20411085e-04 
 1.20226443e+05  3.67503640e-03 -3.16137388e-04 
 1.21618600e+05  3.67502482e-03 -3.11905595e-04 
 1.23026877e+05  3.67501369e-03 -3.07715144e-04 
 1.24451461e+05  3.67500299e-03 -3.03565480e-04 
 1.25892541e+05  3.67499272e-03 -2.99456053e-04 
 1.27350308e+05  3.67498287e-03 -2.95386319e-04 
 1.28824955e+05  3.67497345e-03 -2.91355737e-04 
 1.30316678e+05  3.67496444e-03 -2.87363774e-04 
 1.31825674e+05  3.67495584e-03 -2.83409902e-04 
 1.33352143e+05  3.67494765e-03 -2.79493595e-04 
 1.34896288e+05  3.67493986e-03 -2.75614335e-04 
 1.36458314e+05  3.67493246e-03 -2.71771607e-04 
 1.38038426e+05  3.67492546e-03 -2.67964903e-04 
 1.39636836e+05  3.67491885e-03 -2.64193718e-04 
 1.41253754e+05  3.67491262e-03 -2.60457552e-04 
 1.42889396e+05  3.67490678e-03 -2.56755910e-04 
 1.44543977e+05  3.67490132e-03 -2.53088302e-04 
 1.46217717e+05  3.67489623e-03 -2.49454241e-04 
 1.47910839e+05  3.67489152e-03 -2.45853245e-04 
 1.49623566e+05  3.67488718e-03 -2.42284839e-04 
 1.51356125e+05  3.67488321e-03 -2.38748547e-04 
 1.53108746e+05  3.67487961e-03 -2.35243904e-04 
 1.54881662e+05  3.67487637e-03 -2.31770442e-04 
 1.56675107e+05  3.67487350e-03 -2.28327702e-04 
 1.58489319e+05  3.67487099e-03 -2.24915230e-04 
 1.60324539e+05  3.67486884e-03 -2.21532571e-04 
 1.62181010e+05  3.67486705e-03 -2.18179276e-04 
 1.64058977e+05  3.67486562e-03 -2.14854904e-04 
 1.65958691e+05  3.67486454e-03 -2.11559012e-04 
 1.67880402e+05  3.67486383e-03 -2.08291163e-04 
 1.69824365e+05  3.67486347e-03 -2.05050926e-04 
 1.71790839e+05  3.67486346e-03 -2.01837870e-04 
 1.73780083e+05  3.67486382e-03 -1.98651570e-04 
 1.75792361e+05  3.67486453e-03 -1.95491603e-04 
 1.77827941e+05  3.67486560e-03 -1.92357551e-04 
 1.79887092e+05  3.67486702e-03 -1.89248998e-04 
 1.81970086e+05  3.67486881e-03 -1.86165533e-04 
 1.84077200e+05  3.67487095e-03 -1.83106746e-04 
 1.86208714e+05  3.67487346e-03 -1.80072234e-04 
 1.88364909e+05  3.67487632e-03 -1.77061593e-04 
 1.90546072e+05  3.67487956e-03 -1.74074424e-04 
 1.92752491e+05  3.67488315e-03 -1.71110332e-04 
 1.94984460e+05  3.67488712e-03 -1.68168924e-04 
 1.97242274e+05  3.67489145e-03 -1.65249810e-04 
 1.99526231e+05  3.67489615e-03 -1.62352604e-04 
 2.01836636e+05  3.67490123e-03 -1.59476922e-04 
 2.04173794e+05  3.67490669e-03 -1.56622382e-04 
 2.06538016e+05  3.67491252e-03 -1.53788607e-04 
 2.08929613e+05  3.67491874e-03 -1.50975220e-04 
 2.11348904e+05  3.67492535e-03 -1.48181850e-04 
 2.13796209e+05  3.67493234e-03 -1.45408126e-04 
 2.16271852e+05  3.67493973e-03 -1.42653681e-04 
 2.18776162e+05  3.67494751e-03 -1.39918149e-04 
 2.21309471e+05  3.67495570e-03 -1.37201169e-04 
 2.23872114e+05  3.67496429e-03 -1.34502381e-04 
 2.26464431e+05  3.67497329e-03 -1.31821427e-04 
 2.29086765e+05  3.67498271e-03 -1.29157951e-04 
 2.31739465e+05  3.67499254e-03 -1.26511602e-04 
 2.34422882e+05  3.67500281e-03 -1.23882028e-04 
 2.37137371e+05  3.67501350e-03 -1.21268881e-04 
 2.39883292e+05  3.67502463e-03 -1.18671816e-04 
 2.42661010e+05  3.67503620e-03 -1.16090487e-04 
 2.45470892e+05  3.67504822e-03 -1.13524554e-04 
 2.48313311e+05  3.67506069e-03 -1.10973676e-04 
 2.51188643e+05  3.67507363e-03 -1.08437516e-04 
 2.54097271e+05  3.67508703e-03 -1.05915737e-04 
 2.57039578e+05  3.67510091e-03 -1.03408006e-04 
 2.60015956e+05  3.67511527e-03 -1.00913992e-04 
 2.63026799e+05  3.67513012e-03 -9.84333619e-05 
 2.66072506e+05  3.67514547e-03 -9.59657888e-05 
 2.69153480e+05  3.67516133e-03 -9.35109466e-05 
 2.72270131e+05  3.67517770e-03 -9.10685091e-05 
 2.75422870e+05  3.67519459e-03 -8.86381539e-05 
 2.78612117e+05  3.67521202e-03 -8.62195587e-05 
 2.81838293e+05  3.67522999e-03 -8.38124032e-05 
 2.85101827e+05  3.67524851e-03 -8.14163690e-05 
 2.88403150e+05  3.67526758e-03 -7.90311392e-05 
 2.91742701e+05  3.67528724e-03 -7.66563974e-05 
 2.95120923e+05  3.67530747e-03 -7.42918298e-05 
 2.98538262e+05  3.67532829e-03 -7.19371233e-05 
 3.01995172e+05  3.67534972e-03 -6.95919664e-05 
 3.05492111e+05  3.67537176e-03 -6.72560490e-05 
 3.09029543e+05  3.67539442e-03 -6.49290614e-05 
 3.12607937e+05  3.67541773e-03 -6.26106958e-05 
 3.16227766e+05  3.67544169e-03 -6.03006460e-05 
 3.19889511e+05  3.67546630e-03 -5.79986057e-05 
 3.23593657e+05  3.67549160e-03 -5.57042710e-05 
 3.27340695e+05  3.67551758e-03 -5.34173381e-05 
 3.31131121e+05  3.67554427e-03 -5.11375045e-05 
 3.34965439e+05  3.67557168e-03 -4.88644688e-05 
 3.38844156e+05  3.67559981e-03 -4.65979302e-05 
 3.42767787e+05  3.67562870e-03 -4.43375890e-05 
 3.46736850e+05  3.67565834e-03 -4.20831467e-05 
 3.50751874e+05  3.67568877e-03 -3.98343049e-05 
 3.54813389e+05  3.67571998e-03 -3.75907666e-05 
 3.58921935e+05  3.67575201e-03 -3.53522348e-05 
 3.63078055e+05  3.67578487e-03 -3.31184140e-05 
 3.67282300e+05  3.67581857e-03 -3.08890089e-05 
 3.71535229e+05  3.67585313e-03 -2.86637251e-05 
 3.75837404e+05  3.67588858e-03 -2.64422683e-05 
 3.80189396e+05  3.67592492e-03 -2.42243449e-05 
 3.84591782e+05  3.67596218e-03 -2.20096622e-05 
 3.89045145e+05  3.67600038e-03 -1.97979280e-05 
 3.93550075e+05  3.67603955e-03 -1.75888495e-05 
 3.98107171e+05  3.67607969e-03 -1.53821354e-05 
 4.02717034e+05  3.67612083e-03 -1.31774963e-05 
 4.07380278e+05  3.67616299e-03 -1.09746373e-05 
 4.12097519e+05  3.67620620e-03 -8.77326972e-06 
 4.16869383e+05  3.67625048e-03 -6.57310270e-06 
 4.21696503e+05  3.67629584e-03 -4.37384627e-06 
 4.26579519e+05  3.67634233e-03 -2.17521011e-06 
 4.31519077e+05  3.67638995e-03  2.30956065e-08 
 4.36515832e+05  3.67643874e-03  2.22136096e-06 
 4.41570447e+05  3.67648872e-03  4.41987573e-06 
 4.46683592e+05  3.67653991e-03  6.61892959e-06 
 4.51855944e+05  3.67659235e-03  8.81881269e-06 
 4.57088190e+05  3.67664611e-03  1.10198137e-05 
 4.62381021e+05  3.67670112e-03  1.32222246e-05 
 4.67735141e+05  3.67675747e-03  1.54263348e-05 
 4.73151259e+05  3.67681517e-03  1.76324341e-05 
 4.78630092e+05  3.67687426e-03  1.98408133e-05 
 4.84172368e+05  3.67693478e-03  2.20517628e-05 
 4.89778819e+05  3.67699674e-03  2.42655740e-05 
 4.95450191e+05  3.67706020e-03  2.64825380e-05 
 5.01187234e+05  3.67712517e-03  2.87029461e-05 
 5.06990708e+05  3.67719170e-03  3.09270908e-05 
 5.12861384e+05  3.67725981e-03  3.31552642e-05 
 5.18800039e+05  3.67732955e-03  3.53877593e-05 
 5.24807460e+05  3.67740096e-03  3.76248694e-05 
 5.30884444e+05  3.67747406e-03  3.98668884e-05 
 5.37031796e+05  3.67754890e-03  4.21141105e-05 
 5.43250331e+05  3.67762552e-03  4.43668312e-05 
 5.49540874e+05  3.67770396e-03  4.66253455e-05 
 5.55904257e+05  3.67778425e-03  4.88899505e-05 
 5.62341325e+05  3.67786645e-03  5.11609425e-05 
 5.68852931e+05  3.67795060e-03  5.34386197e-05 
 5.75439937e+05  3.67803673e-03  5.57232804e-05 
 5.82103218e+05  3.67812491e-03  5.80152240e-05 
 5.88843655e+05  3.67821516e-03  6.03147508e-05 
 5.95662144e+05  3.67830754e-03  6.26221617e-05 
 6.02559586e+05  3.67840211e-03  6.49377585e-05 
 6.09536897e+05  3.67849890e-03  6.72618446e-05 
 6.16595002e+05  3.67859797e-03  6.95947234e-05 
 6.23734835e+05  3.67869937e-03  7.19367000e-05 
 6.30957344e+05  3.67880316e-03  7.42880804e-05 
 6.38263486e+05  3.67890939e-03  7.66491718e-05 
 6.45654229e+05  3.67901812e-03  7.90202820e-05 
 6.53130553e+05  3.67912940e-03  8.14017207e-05 
 6.60693448e+05  3.67924329e-03  8.37937985e-05 
 6.68343918e+05  3.67935985e-03  8.61968268e-05 
 6.76082975e+05  3.67947915e-03  8.86111190e-05 
 6.83911647e+05  3.67960125e-03  9.10369891e-05 
 6.91830971e+05  3.67972621e-03  9.34747515e-05 
 6.99841996e+05  3.67985410e-03  9.59247263e-05 
 7.07945784e+05  3.67998498e-03  9.83872303e-05 
 7.16143410e+05  3.68011893e-03  1.00862584e-04 
 7.24435960e+05  3.68025601e-03  1.03351108e-04 
 7.32824533e+05  3.68039629e-03  1.05853125e-04 
 7.41310241e+05  3.68053986e-03  1.08368960e-04 
 7.49894209e+05  3.68068679e-03  1.10898939e-04 
 7.58577575e+05  3.68083715e-03  1.13443389e-04 
 7.67361489e+05  3.68099102e-03  1.16002640e-04 
 7.76247117e+05  3.68114848e-03  1.18577023e-04 
 7.85235635e+05  3.68130963e-03  1.21166870e-04 
 7.94328235e+05  3.68147458e-03  1.23772514e-04 
 8.03526122e+05  3.68164333e-03  1.26394295e-04 
 8.12830516e+05  3.68181603e-03  1.29032548e-04 
 8.22242650e+05  3.68199275e-03  1.31687615e-04 
 8.31763771e+05  3.68217359e-03  1.34359836e-04 
 8.41395142e+05  3.68235865e-03  1.37049555e-04 
 8.51138038e+05  3.68254803e-03  1.39757118e-04 
 8.60993752e+05  3.68274182e-03  1.42482873e-04 
 8.70963590e+05  3.68294008e-03  1.45227170e-04 
 8.81048873e+05  3.68314300e-03  1.47990358e-04 
 8.91250938e+05  3.68335066e-03  1.50772793e-04 
 9.01571138e+05  3.68356315e-03  1.53574830e-04 
 9.12010839e+05  3.68378058e-03  1.56396827e-04 
 9.22571427e+05  3.68400308e-03  1.59239145e-04 
 9.33254301e+05  3.68423076e-03  1.62102145e-04 
 9.44060876e+05  3.68446373e-03  1.64986193e-04 
 9.54992586e+05  3.68470218e-03  1.67891654e-04 
 9.66050879e+05  3.68494612e-03  1.70818900e-04 
 9.77237221e+05  3.68519574e-03  1.73768300e-04 
 9.88553095e+05  3.68545116e-03  1.76740230e-04 
 1.00000000e+06  3.68571252e-03  1.79735066e-04 
 1.01157945e+06  3.68597996e-03  1.82753185e-04 
 1.02329299e+06  3.68625366e-03  1.85794967e-04 
 1.03514217e+06  3.68653367e-03  1.88860799e-04 
 1.04712855e+06  3.68682020e-03  1.91951067e-04 
 1.05925373e+06  3.68711338e-03  1.95066157e-04 
 1.07151931e+06  3.68741337e-03  1.98206463e-04 
 1.08392691e+06  3.68772032e-03  2.01372377e-04 
 1.09647820e+06  3.68803441e-03  2.04564296e-04 
 1.10917482e+06  3.68835579e-03  2.07782620e-04 
 1.12201845e+06  3.68868463e-03  2.11027748e-04 
 1.13501082e+06  3.68902110e-03  2.14300087e-04 
 1.14815362e+06  3.68936538e-03  2.17600043e-04 
 1.16144861e+06  3.68971765e-03  2.20928025e-04 
 1.17489755e+06  3.69007810e-03  2.24284447e-04 
 1.18850223e+06  3.69044690e-03  2.27669724e-04 
 1.20226443e+06  3.69082426e-03  2.31084274e-04 
 1.21618600e+06  3.69121042e-03  2.34528515e-04 
 1.23026877e+06  3.69160548e-03  2.38002876e-04 
 1.24451461e+06  3.69200970e-03  2.41507782e-04 
 1.25892541e+06  3.69242329e-03  2.45043662e-04 
 1.27350308e+06  3.69284647e-03  2.48610948e-04 
 1.28824955e+06  3.69327945e-03  2.52210076e-04 
 1.30316678e+06  3.69372247e-03  2.55841483e-04 
 1.31825674e+06  3.69417574e-03  2.59505611e-04 
 1.33352143e+06  3.69463951e-03  2.63202904e-04 
 1.34896288e+06  3.69511403e-03  2.66933809e-04 
 1.36458314e+06  3.69559952e-03  2.70698775e-04 
 1.38038426e+06  3.69609630e-03  2.74498254e-04 
 1.39636836e+06  3.69660453e-03  2.78332705e-04 
 1.41253754e+06  3.69712453e-03  2.82202586e-04 
 1.42889396e+06  3.69765650e-03  2.86108363e-04 
 1.44543977e+06  3.69820083e-03  2.90050493e-04 
 1.46217717e+06  3.69875775e-03  2.94029446e-04 
 1.47910839e+06  3.69932754e-03  2.98045695e-04 
 1.49623566e+06  3.69991050e-03  3.02099713e-04 
 1.51356125e+06  3.70050698e-03  3.06191972e-04 
 1.53108746e+06  3.70111725e-03  3.10322956e-04 
 1.54881662e+06  3.70174157e-03  3.14493151e-04 
 1.56675107e+06  3.70238030e-03  3.18703040e-04 
 1.58489319e+06  3.70303379e-03  3.22953111e-04 
 1.60324539e+06  3.70370237e-03  3.27243855e-04 
 1.62181010e+06  3.70438637e-03  3.31575767e-04 
 1.64058977e+06  3.70508616e-03  3.35949344e-04 
 1.65958691e+06  3.70580219e-03  3.40365077e-04 
 1.67880402e+06  3.70653464e-03  3.44823487e-04 
 1.69824365e+06  3.70728398e-03  3.49325071e-04 
 1.71790839e+06  3.70805060e-03  3.53870336e-04 
 1.73780083e+06  3.70883489e-03  3.58459795e-04 
 1.75792361e+06  3.70963725e-03  3.63093961e-04 
 1.77827941e+06  3.71045814e-03  3.67773347e-04 
 1.79887092e+06  3.71129788e-03  3.72498480e-04 
 1.81970086e+06  3.71215692e-03  3.77269883e-04 
 1.84077200e+06  3.71303578e-03  3.82088069e-04 
 1.86208714e+06  3.71393486e-03  3.86953572e-04 
 1.88364909e+06  3.71485471e-03  3.91866911e-04 
 1.90546072e+06  3.71579563e-03  3.96828636e-04 
 1.92752491e+06  3.71675816e-03  4.01839273e-04 
 1.94984460e+06  3.71774283e-03  4.06899354e-04 
 1.97242274e+06  3.71875012e-03  4.12009421e-04 
 1.99526231e+06  3.71978059e-03  4.17170008e-04 
 2.01836636e+06  3.72083468e-03  4.22381666e-04 
 2.04173794e+06  3.72191296e-03  4.27644936e-04 
 2.06538016e+06  3.72301598e-03  4.32960363e-04 
 2.08929613e+06  3.72414434e-03  4.38328489e-04 
 2.11348904e+06  3.72529853e-03  4.43749874e-04 
 2.13796209e+06  3.72647921e-03  4.49225059e-04 
 2.16271852e+06  3.72768690e-03  4.54754604e-04 
 2.18776162e+06  3.72892229e-03  4.60339055e-04 
 2.21309471e+06  3.73018587e-03  4.65978980e-04 
 2.23872114e+06  3.73147842e-03  4.71674920e-04 
 2.26464431e+06  3.73280052e-03  4.77427436e-04 
 2.29086765e+06  3.73415289e-03  4.83237079e-04 
 2.31739465e+06  3.73553613e-03  4.89104418e-04 
 2.34422882e+06  3.73695096e-03  4.95030005e-04 
 2.37137371e+06  3.73839814e-03  5.01014392e-04 
 2.39883292e+06  3.73987830e-03  5.07058150e-04 
 2.42661010e+06  3.74139223e-03  5.13161828e-04 
 2.45470892e+06  3.74294071e-03  5.19325982e-04 
 2.48313311e+06  3.74452444e-03  5.25551179e-04 
 2.51188643e+06  3.74614423e-03  5.31837968e-04 
 2.54097271e+06  3.74780099e-03  5.38186895e-04 
 2.57039578e+06  3.74949535e-03  5.44598536e-04 
 2.60015956e+06  3.75122823e-03  5.51073433e-04 
 2.63026799e+06  3.75300054e-03  5.57612131e-04 
 2.66072506e+06  3.75481306e-03  5.64215190e-04 
 2.69153480e+06  3.75666672e-03  5.70883150e-04 
 2.72270131e+06  3.75856243e-03  5.77616559e-04 
 2.75422870e+06  3.76050112e-03  5.84415954e-04 
 2.78612117e+06  3.76248378e-03  5.91281871e-04 
 2.81838293e+06  3.76451128e-03  5.98214855e-04 
 2.85101827e+06  3.76658470e-03  6.05215425e-04 
 2.88403150e+06  3.76870500e-03  6.12284116e-04 
 2.91742701e+06  3.77087321e-03  6.19421449e-04 
 2.95120923e+06  3.77309033e-03  6.26627950e-04 
 2.98538262e+06  3.77535748e-03  6.33904123e-04 
 3.01995172e+06  3.77767578e-03  6.41250470e-04 
 3.05492111e+06  3.78004627e-03  6.48667506e-04 
 3.09029543e+06  3.78247016e-03  6.56155709e-04 
 3.12607937e+06  3.78494857e-03  6.63715575e-04 
 3.16227766e+06  3.78748259e-03  6.71347602e-04 
 3.19889511e+06  3.79007364e-03  6.79052223e-04 
 3.23593657e+06  3.79272274e-03  6.86829939e-04 
 3.27340695e+06  3.79543130e-03  6.94681176e-04 
 3.31131121e+06  3.79820044e-03  7.02606409e-04 
 3.34965439e+06  3.80103157e-03  7.10606054e-04 
 3.38844156e+06  3.80392599e-03  7.18680543e-04 
 3.42767787e+06  3.80688500e-03  7.26830298e-04 
 3.46736850e+06  3.80991011e-03  7.35055698e-04 
 3.50751874e+06  3.81300261e-03  7.43357157e-04 
 3.54813389e+06  3.81616390e-03  7.51735056e-04 
 3.58921935e+06  3.81939554e-03  7.60189739e-04 
 3.63078055e+06  3.82269893e-03  7.68721575e-04 
 3.67282300e+06  3.82607562e-03  7.77330888e-04 
 3.71535229e+06  3.82952725e-03  7.86017980e-04 
 3.75837404e+06  3.83305529e-03  7.94783172e-04 
 3.80189396e+06  3.83666130e-03  8.03626758e-04 
 3.84591782e+06  3.84034694e-03  8.12548994e-04 
 3.89045145e+06  3.84411384e-03  8.21550139e-04 
 3.93550075e+06  3.84796381e-03  8.30630394e-04 
 3.98107171e+06  3.85189839e-03  8.39790002e-04 
 4.02717034e+06  3.85591945e-03  8.49029122e-04 
 4.07380278e+06  3.86002873e-03  8.58347926e-04 
 4.12097519e+06  3.86422803e-03  8.67746554e-04 
 4.16869383e+06  3.86851925e-03  8.77225110e-04 
 4.21696503e+06  3.87290421e-03  8.86783696e-04 
 4.26579519e+06  3.87738475e-03  8.96422383e-04 
 4.31519077e+06  3.88196283e-03  9.06141206e-04 
 4.36515832e+06  3.88664048e-03  9.15940153e-04 
 4.41570447e+06  3.89141971e-03  9.25819201e-04 
 4.46683592e+06  3.89630241e-03  9.35778323e-04 
 4.51855944e+06  3.90129083e-03  9.45817392e-04 
 4.57088190e+06  3.90638688e-03  9.55936330e-04 
 4.62381021e+06  3.91159286e-03  9.66134936e-04 
 4.67735141e+06  3.91691085e-03  9.76413041e-04 
 4.73151259e+06  3.92234296e-03  9.86770438e-04 
 4.78630092e+06  3.92789158e-03  9.97206814e-04 
 4.84172368e+06  3.93355884e-03  1.00772189e-03 
 4.89778819e+06  3.93934712e-03  1.01831530e-03 
 4.95450191e+06  3.94525866e-03  1.02898667e-03 
 5.01187234e+06  3.95129595e-03  1.03973552e-03 
 5.06990708e+06  3.95746120e-03  1.05056142e-03 
 5.12861384e+06  3.96375692e-03  1.06146380e-03 
 5.18800039e+06  3.97018566e-03  1.07244207e-03 
 5.24807460e+06  3.97674968e-03  1.08349565e-03 
 5.30884444e+06  3.98345172e-03  1.09462378e-03 
 5.37031796e+06  3.99029425e-03  1.10582576e-03 
 5.43250331e+06  3.99727983e-03  1.11710077e-03 
 5.49540874e+06  4.00441109e-03  1.12844798e-03 
 5.55904257e+06  4.01169063e-03  1.13986646e-03 
 5.62341325e+06  4.01912119e-03  1.15135522e-03 
 5.68852931e+06  4.02670548e-03  1.16291322e-03 
 5.75439937e+06  4.03444614e-03  1.17453936e-03 
 5.82103218e+06  4.04234602e-03  1.18623245e-03 
 5.88843655e+06  4.05040776e-03  1.19799128e-03 
 5.95662144e+06  4.05863427e-03  1.20981450e-03 
 6.02559586e+06  4.06702846e-03  1.22170069e-03 
 6.09536897e+06  4.07559302e-03  1.23364844e-03 
 6.16595002e+06  4.08433104e-03  1.24565613e-03 
 6.23734835e+06  4.09324525e-03  1.25772219e-03 
 6.30957344e+06  4.10233859e-03  1.26984491e-03 
 6.38263486e+06  4.11161403e-03  1.28202248e-03 
 6.45654229e+06  4.12107458e-03  1.29425299e-03 
 6.53130553e+06  4.13072317e-03  1.30653450e-03 
 6.60693448e+06  4.14056279e-03  1.31886494e-03 
 6.68343918e+06  4.15059651e-03  1.33124214e-03 
 6.76082975e+06  4.16082720e-03  1.34366388e-03 
 6.83911647e+06  4.17125806e-03  1.35612776e-03 
 6.91830971e+06  4.18189192e-03  1.36863140e-03 
 6.99841996e+06  4.19273201e-03  1.38117216e-03 
 7.07945784e+06  4.20378136e-03  1.39374740e-03 
 7.16143410e+06  4.21504287e-03  1.40635439e-03 
 7.24435960e+06  4.22651976e-03  1.41899019e-03 
 7.32824533e+06  4.23821494e-03  1.43165186e-03 
 7.41310241e+06  4.25013149e-03  1.44433627e-03 
 7.49894209e+06  4.26227246e-03  1.45704018e-03 
 7.58577575e+06  4.27464083e-03  1.46976026e-03 
 7.67361489e+06  4.28723955e-03  1.48249307e-03 
 7.76247117e+06  4.30007168e-03  1.49523497e-03 
 7.85235635e+06  4.31314016e-03  1.50798226e-03 
 7.94328235e+06  4.32644782e-03  1.52073113e-03 
 8.03526122e+06  4.33999766e-03  1.53347757e-03 
 8.12830516e+06  4.35379248e-03  1.54621750e-03 
 8.22242650e+06  4.36783522e-03  1.55894662e-03 
 8.31763771e+06  4.38212854e-03  1.57166062e-03 
 8.41395142e+06  4.39667530e-03  1.58435491e-03 
 8.51138038e+06  4.41147801e-03  1.59702494e-03 
 8.60993752e+06  4.42653955e-03  1.60966578e-03 
 8.70963590e+06  4.44186226e-03  1.62227261e-03 
 8.81048873e+06  4.45744874e-03  1.63484030e-03 
 8.91250938e+06  4.47330143e-03  1.64736362e-03 
 9.01571138e+06  4.48942283e-03  1.65983713e-03 
 9.12010839e+06  4.50581499e-03  1.67225541e-03 
 9.22571427e+06  4.52248025e-03  1.68461272e-03 
 9.33254301e+06  4.53942072e-03  1.69690322e-03 
 9.44060876e+06  4.55663835e-03  1.70912098e-03 
 9.54992586e+06  4.57413510e-03  1.72125983e-03 
 9.66050879e+06  4.59191270e-03  1.73331355e-03 
 9.77237221e+06  4.60997291e-03  1.74527563e-03 
 9.88553095e+06  4.62831727e-03  1.75713951e-03 
 1.00000000e+07  4.64694714e-03  1.76889850e-03 
 1.01157945e+07  4.66586387e-03  1.78054567e-03 
 1.02329299e+07  4.68506858e-03  1.79207401e-03 
 1.03514217e+07  4.70456221e-03  1.80347634e-03 
 1.04712855e+07  4.72434565e-03  1.81474534e-03 
 1.05925373e+07  4.74441958e-03  1.82587348e-03 
 1.07151931e+07  4.76478447e-03  1.83685319e-03 
 1.08392691e+07  4.78544065e-03  1.84767668e-03 
 1.09647820e+07  4.80638819e-03  1.85833608e-03 
 1.10917482e+07  4.82762706e-03  1.86882332e-03 
 1.12201845e+07  4.84915697e-03  1.87913024e-03 
 1.13501082e+07  4.87097737e-03  1.88924859e-03 
 1.14815362e+07  4.89308765e-03  1.89916985e-03 
 1.16144861e+07  4.91548676e-03  1.90888555e-03 
 1.17489755e+07  4.93817357e-03  1.91838700e-03 
 1.18850223e+07  4.96114659e-03  1.92766544e-03 
 1.20226443e+07  4.98440420e-03  1.93671197e-03 
 1.21618600e+07  5.00794437e-03  1.94551764e-03 
 1.23026877e+07  5.03176505e-03  1.95407326e-03 
 1.24451461e+07  5.05586350e-03  1.96236983e-03 
 1.25892541e+07  5.08023706e-03  1.97039802e-03 
 1.27350308e+07  5.10488261e-03  1.97814854e-03 
 1.28824955e+07  5.12979676e-03  1.98561201e-03 
 1.30316678e+07  5.15497580e-03  1.99277900e-03 
 1.31825674e+07  5.18041577e-03  1.99963997e-03 
 1.33352143e+07  5.20611220e-03  2.00618551e-03 
 1.34896288e+07  5.23206051e-03  2.01240599e-03 
 1.36458314e+07  5.25825559e-03  2.01829190e-03 
 1.38038426e+07  5.28469212e-03  2.02383366e-03 
 1.39636836e+07  5.31136434e-03  2.02902171e-03 
 1.41253754e+07  5.33826615e-03  2.03384653e-03 
 1.42889396e+07  5.36539112e-03  2.03829860e-03 
 1.44543977e+07  5.39273238e-03  2.04236846e-03 
 1.46217717e+07  5.42028271e-03  2.04604673e-03 
 1.47910839e+07  5.44803456e-03  2.04932405e-03 
 1.49623566e+07  5.47597989e-03  2.05219121e-03 
 1.51356125e+07  5.50411036e-03  2.05463905e-03 
 1.53108746e+07  5.53241716e-03  2.05665859e-03 
 1.54881662e+07  5.56089115e-03  2.05824090e-03 
 1.56675107e+07  5.58952277e-03  2.05937725e-03 
 1.58489319e+07  5.61830199e-03  2.06005913e-03 
 1.60324539e+07  5.64721848e-03  2.06027812e-03 
 1.62181010e+07  5.67626147e-03  2.06002603e-03 
 1.64058977e+07  5.70541980e-03  2.05929489e-03 
 1.65958691e+07  5.73468185e-03  2.05807700e-03 
 1.67880402e+07  5.76403570e-03  2.05636486e-03 
 1.69824365e+07  5.79346889e-03  2.05415139e-03 
 1.71790839e+07  5.82296875e-03  2.05142956e-03 
 1.73780083e+07  5.85252204e-03  2.04819293e-03 
 1.75792361e+07  5.88211526e-03  2.04443521e-03 
 1.77827941e+07  5.91173456e-03  2.04015044e-03 
 1.79887092e+07  5.94136559e-03  2.03533319e-03 
 1.81970086e+07  5.97099374e-03  2.02997831e-03 
 1.84077200e+07  6.00060397e-03  2.02408116e-03 
 1.86208714e+07  6.03018103e-03  2.01763738e-03 
 1.88364909e+07  6.05970931e-03  2.01064307e-03 
 1.90546072e+07  6.08917268e-03  2.00309509e-03 
 1.92752491e+07  6.11855494e-03  1.99499049e-03 
 1.94984460e+07  6.14783956e-03  1.98632685e-03 
 1.97242274e+07  6.17700963e-03  1.97710249e-03 
 1.99526231e+07  6.20604811e-03  1.96731603e-03 
 2.01836636e+07  6.23493763e-03  1.95696682e-03 
 2.04173794e+07  6.26366066e-03  1.94605471e-03 
 2.06538016e+07  6.29219943e-03  1.93458021e-03 
 2.08929613e+07  6.32053602e-03  1.92254436e-03 
 2.11348904e+07  6.34865233e-03  1.90994894e-03 
 2.13796209e+07  6.37653011e-03  1.89679633e-03 
 2.16271852e+07  6.40415107e-03  1.88308950e-03 
 2.18776162e+07  6.43149673e-03  1.86883225e-03 
 2.21309471e+07  6.45854866e-03  1.85402889e-03 
 2.23872114e+07  6.48528828e-03  1.83868462e-03 
 2.26464431e+07  6.51169717e-03  1.82280507e-03 
 2.29086765e+07  6.53775676e-03  1.80639687e-03 
 2.31739465e+07  6.56344860e-03  1.78946727e-03 
 2.34422882e+07  6.58875438e-03  1.77202420e-03 
 2.37137371e+07  6.61365580e-03  1.75407642e-03 
 2.39883292e+07  6.63813482e-03  1.73563330e-03 
 2.42661010e+07  6.66217344e-03  1.71670517e-03 
 2.45470892e+07  6.68575403e-03  1.69730281e-03 
 2.48313311e+07  6.70885906e-03  1.67743807e-03 
 2.51188643e+07  6.73147140e-03  1.65712322e-03 
 2.54097271e+07  6.75357411e-03  1.63637157e-03 
 2.57039578e+07  6.77515069e-03  1.61519701e-03 
 2.60015956e+07  6.79618498e-03  1.59361415e-03 
 2.63026799e+07  6.81666128e-03  1.57163827e-03 
 2.66072506e+07  6.83656424e-03  1.54928560e-03 
 2.69153480e+07  6.85587910e-03  1.52657281e-03 
 2.72270131e+07  6.87459160e-03  1.50351734e-03 
 2.75422870e+07  6.89268793e-03  1.48013748e-03 
 2.78612117e+07  6.91015502e-03  1.45645183e-03 
 2.81838293e+07  6.92698031e-03  1.43247995e-03 
 2.85101827e+07  6.94315195e-03  1.40824178e-03 
 2.88403150e+07  6.95865875e-03  1.38375797e-03 
 2.91742701e+07  6.97349023e-03  1.35904982e-03 
 2.95120923e+07  6.98763668e-03  1.33413902e-03 
 2.98538262e+07  7.00108918e-03  1.30904777e-03 
 3.01995172e+07  7.01383956e-03  1.28379893e-03 
 3.05492111e+07  7.02588054e-03  1.25841570e-03 
 3.09029543e+07  7.03720568e-03  1.23292172e-03 
 3.12607937e+07  7.04780944e-03  1.20734101e-03 
 3.16227766e+07  7.05768717e-03  1.18169798e-03 
 3.19889511e+07  7.06683518e-03  1.15601734e-03 
 3.23593657e+07  7.07525071e-03  1.13032411e-03 
 3.27340695e+07  7.08293200e-03  1.10464352e-03 
 3.31131121e+07  7.08987825e-03  1.07900108e-03 
 3.34965439e+07  7.09608972e-03  1.05342230e-03 
 3.38844156e+07  7.10156765e-03  1.02793293e-03 
 3.42767787e+07  7.10631431e-03  1.00255889e-03 
 3.46736850e+07  7.11033307e-03  9.77325867e-04 
 3.50751874e+07  7.11362831e-03  9.52259768e-04 
 3.54813389e+07  7.11620547e-03  9.27386364e-04 
 3.58921935e+07  7.11807107e-03  9.02731284e-04 
 3.63078055e+07  7.11923270e-03  8.78320026e-04 
 3.67282300e+07  7.11969901e-03  8.54177892e-04 
 3.71535229e+07  7.11947971e-03  8.30329920e-04 
 3.75837404e+07  7.11858557e-03  8.06800878e-04 
 3.80189396e+07  7.11702843e-03  7.83615098e-04 
 3.84591782e+07  7.11482115e-03  7.60796665e-04 
 3.89045145e+07  7.11197763e-03  7.38369068e-04 
 3.93550075e+07  7.10851277e-03  7.16355365e-04 
 3.98107171e+07  7.10444251e-03  6.94778100e-04 
 4.02717034e+07  7.09978372e-03  6.73659219e-04 
 4.07380278e+07  7.09455426e-03  6.53019964e-04 
 4.12097519e+07  7.08877293e-03  6.32881006e-04 
 4.16869383e+07  7.08245940e-03  6.13262179e-04 
 4.21696503e+07  7.07563427e-03  5.94182667e-04 
 4.26579519e+07  7.06831896e-03  5.75660735e-04 
 4.31519077e+07  7.06053571e-03  5.57713850e-04 
 4.36515832e+07  7.05230754e-03  5.40358590e-04 
 4.41570447e+07  7.04365824e-03  5.23610577e-04 
 4.46683592e+07  7.03461227e-03  5.07484453e-04 
 4.51855944e+07  7.02519478e-03  4.91993951e-04 
 4.57088190e+07  7.01543152e-03  4.77151579e-04 
 4.62381021e+07  7.00534885e-03  4.62969013e-04 
 4.67735141e+07  6.99497364e-03  4.49456645e-04 
 4.73151259e+07  6.98433324e-03  4.36623829e-04 
 4.78630092e+07  6.97345545e-03  4.24478744e-04 
 4.84172368e+07  6.96236843e-03  4.13028388e-04 
 4.89778819e+07  6.95110069e-03  4.02278576e-04 
 4.95450191e+07  6.93968104e-03  3.92233966e-04 
 5.01187234e+07  6.92813844e-03  3.82897838e-04 
 5.06990708e+07  6.91650210e-03  3.74272424e-04 
 5.12861384e+07  6.90480130e-03  3.66358551e-04 
 5.18800039e+07  6.89306538e-03  3.59155878e-04 
 5.24807460e+07  6.88132369e-03  3.52662754e-04 
 5.30884444e+07  6.86960551e-03  3.46876280e-04 
 5.37031796e+07  6.85794001e-03  3.41792291e-04 
 5.43250331e+07  6.84635618e-03  3.37405330e-04 
 5.49540874e+07  6.83488279e-03  3.33708769e-04 
 5.55904257e+07  6.82354830e-03  3.30694650e-04 
 5.62341325e+07  6.81238084e-03  3.28353769e-04 
 5.68852931e+07  6.80140812e-03  3.26675792e-04 
 5.75439937e+07  6.79065741e-03  3.25649091e-04 
 5.82103218e+07  6.78015546e-03  3.25260930e-04 
 5.88843655e+07  6.76992843e-03  3.25497359e-04 
 5.95662144e+07  6.76000185e-03  3.26343266e-04 
 6.02559586e+07  6.75040062e-03  3.27782543e-04 
 6.09536897e+07  6.74114885e-03  3.29797871e-04 
 6.16595002e+07  6.73226993e-03  3.32370994e-04 
 6.23734835e+07  6.72378637e-03  3.35482581e-04 
 6.30957344e+07  6.71571985e-03  3.39112390e-04 
 6.38263486e+07  6.70809110e-03  3.43239185e-04 
 6.45654229e+07  6.70091990e-03  3.47840892e-04 
 6.53130553e+07  6.69422506e-03  3.52894597e-04 
 6.60693448e+07  6.68802428e-03  3.58376535e-04 
 6.68343918e+07  6.68233426e-03  3.64262262e-04 
 6.76082975e+07  6.67717052e-03  3.70526591e-04 
 6.83911647e+07  6.67254749e-03  3.77143707e-04 
 6.91830971e+07  6.66847840e-03  3.84087207e-04 
 6.99841996e+07  6.66497529e-03  3.91330158e-04 
 7.07945784e+07  6.66204898e-03  3.98845123e-04 
 7.16143410e+07  6.65970906e-03  4.06604271e-04 
 7.24435960e+07  6.65796382e-03  4.14579401e-04 
 7.32824533e+07  6.65682032e-03  4.22741974e-04 
 7.41310241e+07  6.65628429e-03  4.31063266e-04 
 7.49894209e+07  6.65636021e-03  4.39514323e-04 
 7.58577575e+07  6.65705120e-03  4.48066077e-04 
 7.67361489e+07  6.65835911e-03  4.56689415e-04 
 7.76247117e+07  6.66028448e-03  4.65355200e-04 
 7.85235635e+07  6.66282654e-03  4.74034400e-04 
 7.94328235e+07  6.66598320e-03  4.82698049e-04 
 8.03526122e+07  6.66975111e-03  4.91317391e-04 
 8.12830516e+07  6.67412562e-03  4.99863930e-04 
 8.22242650e+07  6.67910082e-03  5.08309431e-04 
 8.31763771e+07  6.68466957e-03  5.16626081e-04 
 8.41395142e+07  6.69082347e-03  5.24786420e-04 
 8.51138038e+07  6.69755295e-03  5.32763518e-04 
 8.60993752e+07  6.70484725e-03  5.40530950e-04 
 8.70963590e+07  6.71269444e-03  5.48062866e-04 
 8.81048873e+07  6.72108151e-03  5.55334095e-04 
 8.91250938e+07  6.72999434e-03  5.62320111e-04 
 9.01571138e+07  6.73941779e-03  5.68997150e-04 
 9.12010839e+07  6.74933568e-03  5.75342230e-04 
 9.22571427e+07  6.75973089e-03  5.81333192e-04 
 9.33254301e+07  6.77058536e-03  5.86948753e-04 
 9.44060876e+07  6.78188016e-03  5.92168538e-04 
 9.54992586e+07  6.79359552e-03  5.96973119e-04 
 9.66050879e+07  6.80571091e-03  6.01344077e-04 
 9.77237221e+07  6.81820504e-03  6.05263972e-04 
 9.88553095e+07  6.83105595e-03  6.08716447e-04 
 1.00000000e+08  6.84424107e-03  6.11686207e-04 
 1.01157945e+08  6.85773724e-03  6.14159057e-04 
 1.02329299e+08  6.87152077e-03  6.16121912e-04 
 1.03514217e+08  6.88556754e-03  6.17562852e-04 
 1.04712855e+08  6.89985301e-03  6.18471100e-04 
 1.05925373e+08  6.91435228e-03  6.18837041e-04 
 1.07151931e+08  6.92904019e-03  6.18652249e-04 
 1.08392691e+08  6.94389134e-03  6.17909495e-04 
 1.09647820e+08  6.95888014e-03  6.16602703e-04 
 1.10917482e+08  6.97398091e-03  6.14727029e-04 
 1.12201845e+08  6.98916788e-03  6.12278789e-04 
 1.13501082e+08  7.00441532e-03  6.09255492e-04 
 1.14815362e+08  7.01969754e-03  6.05655828e-04 
 1.16144861e+08  7.03498895e-03  6.01479639e-04 
 1.17489755e+08  7.05026415e-03  5.96727925e-04 
 1.18850223e+08  7.06549792e-03  5.91402817e-04 
 1.20226443e+08  7.08066538e-03  5.85507567e-04 
 1.21618600e+08  7.09574191e-03  5.79046510e-04 
 1.23026877e+08  7.11070331e-03  5.72025062e-04 
 1.24451461e+08  7.12552577e-03  5.64449670e-04 
 1.25892541e+08  7.14018597e-03  5.56327805e-04 
 1.27350308e+08  7.15466109e-03  5.47667913e-04 
 1.28824955e+08  7.16892888e-03  5.38479404e-04 
 1.30316678e+08  7.18296768e-03  5.28772588e-04 
 1.31825674e+08  7.19675646e-03  5.18558662e-04 
 1.33352143e+08  7.21027484e-03  5.07849654e-04 
 1.34896288e+08  7.22350321e-03  4.96658414e-04 
 1.36458314e+08  7.23642262e-03  4.84998529e-04 
 1.38038426e+08  7.24901494e-03  4.72884315e-04 
 1.39636836e+08  7.26126278e-03  4.60330760e-04 
 1.41253754e+08  7.27314962e-03  4.47353482e-04 
 1.42889396e+08  7.28465974e-03  4.33968688e-04 
 1.44543977e+08  7.29577827e-03  4.20193109e-04 
 1.46217717e+08  7.30649124e-03  4.06043984e-04 
 1.47910839e+08  7.31678555e-03  3.91538996e-04 
 1.49623566e+08  7.32664899e-03  3.76696222e-04 
 1.51356125e+08  7.33607026e-03  3.61534096e-04 
 1.53108746e+08  7.34503897e-03  3.46071354e-04 
 1.54881662e+08  7.35354564e-03  3.30327004e-04 
 1.56675107e+08  7.36158173e-03  3.14320251e-04 
 1.58489319e+08  7.36913957e-03  2.98070486e-04 
 1.60324539e+08  7.37621245e-03  2.81597211e-04 
 1.62181010e+08  7.38279452e-03  2.64920017e-04 
 1.64058977e+08  7.38888087e-03  2.48058530e-04 
 1.65958691e+08  7.39446744e-03  2.31032366e-04 
 1.67880402e+08  7.39955107e-03  2.13861105e-04 
 1.69824365e+08  7.40412945e-03  1.96564234e-04 
 1.71790839e+08  7.40820114e-03  1.79161119e-04 
 1.73780083e+08  7.41176548e-03  1.61670964e-04 
 1.75792361e+08  7.41482267e-03  1.44112776e-04 
 1.77827941e+08  7.41737367e-03  1.26505332e-04 
 1.79887092e+08  7.41942022e-03  1.08867145e-04 
 1.81970086e+08  7.42096481e-03  9.12164328e-05 
 1.84077200e+08  7.42201063e-03  7.35710902e-05 
 1.86208714e+08  7.42256158e-03  5.59486565e-05 
 1.88364909e+08  7.42262223e-03  3.83663009e-05 
 1.90546072e+08  7.42219779e-03  2.08407839e-05 
 1.92752491e+08  7.42129407e-03  3.38844253e-06 
 1.94984460e+08  7.41991748e-03 -1.39748299e-05 
 1.97242274e+08  7.41807498e-03 -3.12336026e-05 
 1.99526231e+08  7.41577405e-03 -4.83729288e-05 
 2.01836636e+08  7.41302269e-03 -6.53783587e-05 
 2.04173794e+08  7.40982934e-03 -8.22359493e-05 
 2.06538016e+08  7.40620288e-03 -9.89322840e-05 
 2.08929613e+08  7.40215261e-03 -1.15454475e-04 
 2.11348904e+08  7.39768820e-03 -1.31790179e-04 
 2.13796209e+08  7.39281966e-03 -1.47927600e-04 
 2.16271852e+08  7.38755732e-03 -1.63855494e-04 
 2.18776162e+08  7.38191179e-03 -1.79563177e-04 
 2.21309471e+08  7.37589397e-03 -1.95040524e-04 
 2.23872114e+08  7.36951494e-03 -2.10277970e-04 
 2.26464431e+08  7.36278602e-03 -2.25266514e-04 
 2.29086765e+08  7.35571868e-03 -2.39997711e-04 
 2.31739465e+08  7.34832457e-03 -2.54463674e-04 
 2.34422882e+08  7.34061541e-03 -2.68657068e-04 
 2.37137371e+08  7.33260307e-03 -2.82571103e-04 
 2.39883292e+08  7.32429946e-03 -2.96199534e-04 
 2.42661010e+08  7.31571654e-03 -3.09536644e-04 
 2.45470892e+08  7.30686630e-03 -3.22577245e-04 
 2.48313311e+08  7.29776074e-03 -3.35316664e-04 
 2.51188643e+08  7.28841183e-03 -3.47750734e-04 
 2.54097271e+08  7.27883149e-03 -3.59875783e-04 
 2.57039578e+08  7.26903162e-03 -3.71688626e-04 
 2.60015956e+08  7.25902401e-03 -3.83186546e-04 
 2.63026799e+08  7.24882037e-03 -3.94367289e-04 
 2.66072506e+08  7.23843230e-03 -4.05229046e-04 
 2.69153480e+08  7.22787125e-03 -4.15770445e-04 
 2.72270131e+08  7.21714858e-03 -4.25990529e-04 
 2.75422870e+08  7.20627546e-03 -4.35888749e-04 
 2.78612117e+08  7.19526288e-03 -4.45464949e-04 
 2.81838293e+08  7.18412170e-03 -4.54719345e-04 
 2.85101827e+08  7.17286255e-03 -4.63652521e-04 
 2.88403150e+08  7.16149587e-03 -4.72265403e-04 
 2.91742701e+08  7.15003191e-03 -4.80559251e-04 
 2.95120923e+08  7.13848068e-03 -4.88535644e-04 
 2.98538262e+08  7.12685198e-03 -4.96196462e-04 
 3.01995172e+08  7.11515537e-03 -5.03543872e-04 
 3.05492111e+08  7.10340018e-03 -5.10580314e-04 
 3.09029543e+08  7.09159551e-03 -5.17308486e-04 
 3.12607937e+08  7.07975019e-03 -5.23731331e-04 
 3.16227766e+08  7.06787282e-03 -5.29852020e-04 
 3.19889511e+08  7.05597174e-03 -5.35673939e-04 
 3.23593657e+08  7.04405504e-03 -5.41200676e-04 
 3.27340695e+08  7.03213055e-03 -5.46436005e-04 
 3.31131121e+08  7.02020584e-03 -5.51383878e-04 
 3.34965439e+08  7.00828822e-03 -5.56048404e-04 
 3.38844156e+08  6.99638477e-03 -5.60433843e-04 
 3.42767787e+08  6.98450227e-03 -5.64544591e-04 
 3.46736850e+08  6.97264728e-03 -5.68385168e-04 
 3.50751874e+08  6.96082609e-03 -5.71960206e-04 
 3.54813389e+08  6.94904473e-03 -5.75274439e-04 
 3.58921935e+08  6.93730900e-03 -5.78332690e-04 
 3.63078055e+08  6.92562442e-03 -5.81139862e-04 
 3.67282300e+08  6.91399631e-03 -5.83700928e-04 
 3.71535229e+08  6.90242970e-03 -5.86020919e-04 
 3.75837404e+08  6.89092942e-03 -5.88104917e-04 
 3.80189396e+08  6.87950004e-03 -5.89958045e-04 
 3.84591782e+08  6.86814592e-03 -5.91585458e-04 
 3.89045145e+08  6.85687118e-03 -5.92992335e-04 
 3.93550075e+08  6.84567971e-03 -5.94183871e-04 
 3.98107171e+08  6.83457522e-03 -5.95165268e-04 
 4.02717034e+08  6.82356116e-03 -5.95941733e-04 
 4.07380278e+08  6.81264080e-03 -5.96518463e-04 
 4.12097519e+08  6.80181721e-03 -5.96900645e-04 
 4.16869383e+08  6.79109326e-03 -5.97093450e-04 
 4.21696503e+08  6.78047160e-03 -5.97102020e-04 
 4.26579519e+08  6.76995474e-03 -5.96931473e-04 
 4.31519077e+08  6.75954498e-03 -5.96586889e-04 
 4.36515832e+08  6.74924444e-03 -5.96073311e-04 
 4.41570447e+08  6.73905508e-03 -5.95395736e-04 
 4.46683592e+08  6.72897869e-03 -5.94559116e-04 
 4.51855944e+08  6.71901691e-03 -5.93568349e-04 
 4.57088190e+08  6.70917120e-03 -5.92428279e-04 
 4.62381021e+08  6.69944291e-03 -5.91143691e-04 
 4.67735141e+08  6.68983320e-03 -5.89719308e-04 
 4.73151259e+08  6.68034312e-03 -5.88159791e-04 
 4.78630092e+08  6.67097359e-03 -5.86469731e-04 
 4.84172368e+08  6.66172537e-03 -5.84653652e-04 
 4.89778819e+08  6.65259914e-03 -5.82716006e-04 
 4.95450191e+08  6.64359541e-03 -5.80661172e-04 
 5.01187234e+08  6.63471462e-03 -5.78493455e-04 
 5.06990708e+08  6.62595707e-03 -5.76217083e-04 
 5.12861384e+08  6.61732299e-03 -5.73836207e-04 
 5.18800039e+08  6.60881247e-03 -5.71354900e-04 
 5.24807460e+08  6.60042553e-03 -5.68777155e-04 
 5.30884444e+08  6.59216209e-03 -5.66106887e-04 
 5.37031796e+08  6.58402200e-03 -5.63347928e-04 
 5.43250331e+08  6.57600499e-03 -5.60504031e-04 
 5.49540874e+08  6.56811074e-03 -5.57578866e-04 
 5.55904257e+08  6.56033886e-03 -5.54576023e-04 
 5.62341325e+08  6.55268888e-03 -5.51499011e-04 
 5.68852931e+08  6.54516026e-03 -5.48351256e-04 
 5.75439937e+08  6.53775240e-03 -5.45136106e-04 
 5.82103218e+08  6.53046463e-03 -5.41856825e-04 
 5.88843655e+08  6.52329626e-03 -5.38516598e-04 
 5.95662144e+08  6.51624650e-03 -5.35118531e-04 
 6.02559586e+08  6.50931454e-03 -5.31665650e-04 
 6.09536897e+08  6.50249952e-03 -5.28160902e-04 
 6.16595002e+08  6.49580054e-03 -5.24607157e-04 
 6.23734835e+08  6.48921664e-03 -5.21007208e-04 
 6.30957344e+08  6.48274684e-03 -5.17363772e-04 
 6.38263486e+08  6.47639013e-03 -5.13679489e-04 
 6.45654229e+08  6.47014545e-03 -5.09956926e-04 
 6.53130553e+08  6.46401173e-03 -5.06198578e-04 
 6.60693448e+08  6.45798786e-03 -5.02406866e-04 
 6.68343918e+08  6.45207271e-03 -4.98584139e-04 
 6.76082975e+08  6.44626512e-03 -4.94732679e-04 
 6.83911647e+08  6.44056393e-03 -4.90854696e-04 
 6.91830971e+08  6.43496793e-03 -4.86952335e-04 
 6.99841996e+08  6.42947593e-03 -4.83027672e-04 
 7.07945784e+08  6.42408670e-03 -4.79082719e-04 
 7.16143410e+08  6.41879900e-03 -4.75119424e-04 
 7.24435960e+08  6.41361159e-03 -4.71139673e-04 
 7.32824533e+08  6.40852322e-03 -4.67145287e-04 
 7.41310241e+08  6.40353261e-03 -4.63138031e-04 
 7.49894209e+08  6.39863852e-03 -4.59119609e-04 
 7.58577575e+08  6.39383966e-03 -4.55091667e-04 
 7.67361489e+08  6.38913475e-03 -4.51055794e-04 
 7.76247117e+08  6.38452252e-03 -4.47013526e-04 
 7.85235635e+08  6.38000170e-03 -4.42966343e-04 
 7.94328235e+08  6.37557099e-03 -4.38915674e-04 
 8.03526122e+08  6.37122913e-03 -4.34862894e-04 
 8.12830516e+08  6.36697484e-03 -4.30809331e-04 
 8.22242650e+08  6.36280685e-03 -4.26756263e-04 
 8.31763771e+08  6.35872390e-03 -4.22704918e-04 
 8.41395142e+08  6.35472471e-03 -4.18656481e-04 
 8.51138038e+08  6.35080805e-03 -4.14612090e-04 
 8.60993752e+08  6.34697266e-03 -4.10572839e-04 
 8.70963590e+08  6.34321730e-03 -4.06539781e-04 
 8.81048873e+08  6.33954074e-03 -4.02513924e-04 
 8.91250938e+08  6.33594176e-03 -3.98496238e-04 
 9.01571138e+08  6.33241914e-03 -3.94487653e-04 
 9.12010839e+08  6.32897168e-03 -3.90489060e-04 
 9.22571427e+08  6.32559819e-03 -3.86501315e-04 
 9.33254301e+08  6.32229748e-03 -3.82525236e-04 
 9.44060876e+08  6.31906839e-03 -3.78561607e-04 
 9.54992586e+08  6.31590975e-03 -3.74611177e-04 
 9.66050879e+08  6.31282042e-03 -3.70674663e-04 
 9.77237221e+08  6.30979927e-03 -3.66752750e-04 
 9.88553095e+08  6.30684518e-03 -3.62846092e-04 
 1.00000000e+09  6.30395703e-03 -3.58955314e-04 
