 frequency       in_noise        out_noise      
 5.00000000e-02  1.96457877e-05  8.31938362e-01 
 5.11646496e-02  1.94190451e-05  8.22336514e-01 
 5.23564274e-02  1.91949526e-05  8.12846889e-01 
 5.35759653e-02  1.89734788e-05  8.03468157e-01 
 5.48239098e-02  1.87545926e-05  7.94199005e-01 
 5.61009227e-02  1.85382635e-05  7.85038136e-01 
 5.74076811e-02  1.83244612e-05  7.75984267e-01 
 5.87448777e-02  1.81131557e-05  7.67036133e-01 
 6.01132217e-02  1.79043175e-05  7.58192481e-01 
 6.15134385e-02  1.76979175e-05  7.49452075e-01 
 6.29462706e-02  1.74939267e-05  7.40813693e-01 
 6.44124776e-02  1.72923166e-05  7.32276129e-01 
 6.59128369e-02  1.70930591e-05  7.23838191e-01 
 6.74481441e-02  1.68961264e-05  7.15498699e-01 
 6.90192132e-02  1.67014910e-05  7.07256491e-01 
 7.06268772e-02  1.65091258e-05  6.99110415e-01 
 7.22719885e-02  1.63190038e-05  6.91059336e-01 
 7.39554194e-02  1.61310986e-05  6.83102132e-01 
 7.56780624e-02  1.59453840e-05  6.75237691e-01 
 7.74408309e-02  1.57618342e-05  6.67464920e-01 
 7.92446596e-02  1.55804234e-05  6.59782735e-01 
 8.10905049e-02  1.54011266e-05  6.52190066e-01 
 8.29793454e-02  1.52239186e-05  6.44685856e-01 
 8.49121826e-02  1.50487749e-05  6.37269061e-01 
 8.68900414e-02  1.48756711e-05  6.29938649e-01 
 8.89139705e-02  1.47045831e-05  6.22693600e-01 
 9.09850429e-02  1.45354872e-05  6.15532907e-01 
 9.31043568e-02  1.43683597e-05  6.08455574e-01 
 9.52730359e-02  1.42031776e-05  6.01460619e-01 
 9.74922300e-02  1.40399178e-05  5.94547070e-01 
 9.97631157e-02  1.38785577e-05  5.87713967e-01 
 1.02086897e-01  1.37190749e-05  5.80960360e-01 
 1.04464807e-01  1.35614472e-05  5.74285314e-01 
 1.06898104e-01  1.34056528e-05  5.67687902e-01 
 1.09388081e-01  1.32516701e-05  5.61167209e-01 
 1.11936057e-01  1.30994778e-05  5.54722331e-01 
 1.14543383e-01  1.29490546e-05  5.48352374e-01 
 1.17211441e-01  1.28003799e-05  5.42056457e-01 
 1.19941646e-01  1.26534330e-05  5.35833708e-01 
 1.22735446e-01  1.25081936e-05  5.29683264e-01 
 1.25594322e-01  1.23646415e-05  5.23604275e-01 
 1.28519789e-01  1.22227569e-05  5.17595899e-01 
 1.31513400e-01  1.20825202e-05  5.11657306e-01 
 1.34576740e-01  1.19439120e-05  5.05787673e-01 
 1.37711435e-01  1.18069131e-05  4.99986190e-01 
 1.40919147e-01  1.16715046e-05  4.94252056e-01 
 1.44201575e-01  1.15376678e-05  4.88584477e-01 
 1.47560461e-01  1.14053841e-05  4.82982671e-01 
 1.50997586e-01  1.12746355e-05  4.77445865e-01 
 1.54514772e-01  1.11454037e-05  4.71973295e-01 
 1.58113883e-01  1.10176709e-05  4.66564205e-01 
 1.61796828e-01  1.08914197e-05  4.61217850e-01 
 1.65565561e-01  1.07666324e-05  4.55933492e-01 
 1.69422078e-01  1.06432920e-05  4.50710404e-01 
 1.73368425e-01  1.05213815e-05  4.45547865e-01 
 1.77406695e-01  1.04008840e-05  4.40445163e-01 
 1.81539027e-01  1.02817829e-05  4.35401598e-01 
 1.85767615e-01  1.01640619e-05  4.30416474e-01 
 1.90094698e-01  1.00477048e-05  4.25489104e-01 
 1.94522572e-01  9.93269552e-06  4.20618813e-01 
 1.99053585e-01  9.81901829e-06  4.15804928e-01 
 2.03690139e-01  9.70665747e-06  4.11046790e-01 
 2.08434692e-01  9.59559761e-06  4.06343743e-01 
 2.13289759e-01  9.48582346e-06  4.01695141e-01 
 2.18257916e-01  9.37731994e-06  3.97100347e-01 
 2.23341796e-01  9.27007215e-06  3.92558729e-01 
 2.28544095e-01  9.16406537e-06  3.88069663e-01 
 2.33867571e-01  9.05928505e-06  3.83632534e-01 
 2.39315046e-01  8.95571681e-06  3.79246733e-01 
 2.44889410e-01  8.85334647e-06  3.74911658e-01 
 2.50593617e-01  8.75215997e-06  3.70626716e-01 
 2.56430692e-01  8.65214346e-06  3.66391319e-01 
 2.62403730e-01  8.55328322e-06  3.62204886e-01 
 2.68515898e-01  8.45556573e-06  3.58066845e-01 
 2.74770437e-01  8.35897760e-06  3.53976628e-01 
 2.81170663e-01  8.26350561e-06  3.49933676e-01 
 2.87719969e-01  8.16913670e-06  3.45937435e-01 
 2.94421828e-01  8.07585795e-06  3.41987360e-01 
 3.01279793e-01  7.98365661e-06  3.38082909e-01 
 3.08297501e-01  7.89252009e-06  3.34223550e-01 
 3.15478672e-01  7.80243591e-06  3.30408753e-01 
 3.22827115e-01  7.71339178e-06  3.26638000e-01 
 3.30346724e-01  7.62537554e-06  3.22910773e-01 
 3.38041488e-01  7.53837516e-06  3.19226565e-01 
 3.45915485e-01  7.45237877e-06  3.15584873e-01 
 3.53972892e-01  7.36737465e-06  3.11985199e-01 
 3.62217980e-01  7.28335118e-06  3.08427053e-01 
 3.70655121e-01  7.20029692e-06  3.04909949e-01 
 3.79288788e-01  7.11820055e-06  3.01433408e-01 
 3.88123558e-01  7.03705087e-06  2.97996957e-01 
 3.97164117e-01  6.95683683e-06  2.94600126e-01 
 4.06415258e-01  6.87754750e-06  2.91242454e-01 
 4.15881886e-01  6.79917210e-06  2.87923483e-01 
 4.25569019e-01  6.72169995e-06  2.84642762e-01 
 4.35481795e-01  6.64512051e-06  2.81399843e-01 
 4.45625469e-01  6.56942336e-06  2.78194286e-01 
 4.56005420e-01  6.49459822e-06  2.75025656e-01 
 4.66627150e-01  6.42063490e-06  2.71893520e-01 
 4.77496293e-01  6.34752336e-06  2.68797454e-01 
 4.88618610e-01  6.27525367e-06  2.65737037e-01 
 5.00000000e-01  6.20381601e-06  2.62711853e-01 
 5.11646496e-01  6.13320068e-06  2.59721492e-01 
 5.23564274e-01  6.06339809e-06  2.56765547e-01 
 5.35759653e-01  5.99439878e-06  2.53843617e-01 
 5.48239098e-01  5.92619338e-06  2.50955307e-01 
 5.61009227e-01  5.85877265e-06  2.48100224e-01 
 5.74076811e-01  5.79212745e-06  2.45277982e-01 
 5.87448777e-01  5.72624874e-06  2.42488197e-01 
 6.01132217e-01  5.66112760e-06  2.39730492e-01 
 6.15134385e-01  5.59675521e-06  2.37004493e-01 
 6.29462706e-01  5.53312285e-06  2.34309832e-01 
 6.44124776e-01  5.47022191e-06  2.31646143e-01 
 6.59128369e-01  5.40804388e-06  2.29013065e-01 
 6.74481441e-01  5.34658035e-06  2.26410244e-01 
 6.90192132e-01  5.28582300e-06  2.23837326e-01 
 7.06268772e-01  5.22576363e-06  2.21293964e-01 
 7.22719885e-01  5.16639411e-06  2.18779814e-01 
 7.39554194e-01  5.10770642e-06  2.16294537e-01 
 7.56780624e-01  5.04969264e-06  2.13837796e-01 
 7.74408309e-01  4.99234493e-06  2.11409260e-01 
 7.92446596e-01  4.93565555e-06  2.09008600e-01 
 8.10905049e-01  4.87961686e-06  2.06635494e-01 
 8.29793454e-01  4.82422129e-06  2.04289621e-01 
 8.49121826e-01  4.76946136e-06  2.01970664e-01 
 8.68900414e-01  4.71532971e-06  1.99678310e-01 
 8.89139705e-01  4.66181903e-06  1.97412251e-01 
 9.09850429e-01  4.60892211e-06  1.95172182e-01 
 9.31043568e-01  4.55663182e-06  1.92957800e-01 
 9.52730359e-01  4.50494113e-06  1.90768807e-01 
 9.74922300e-01  4.45384308e-06  1.88604909e-01 
 9.97631157e-01  4.40333078e-06  1.86465813e-01 
 1.02086897e+00  4.35339745e-06  1.84351233e-01 
 1.04464807e+00  4.30403636e-06  1.82260884e-01 
 1.06898104e+00  4.25524089e-06  1.80194485e-01 
 1.09388081e+00  4.20700446e-06  1.78151758e-01 
 1.11936057e+00  4.15932061e-06  1.76132427e-01 
 1.14543383e+00  4.11218291e-06  1.74136223e-01 
 1.17211441e+00  4.06558505e-06  1.72162877e-01 
 1.19941646e+00  4.01952076e-06  1.70212123e-01 
 1.22735446e+00  3.97398387e-06  1.68283701e-01 
 1.25594322e+00  3.92896826e-06  1.66377350e-01 
 1.28519789e+00  3.88446789e-06  1.64492815e-01 
 1.31513400e+00  3.84047680e-06  1.62629844e-01 
 1.34576740e+00  3.79698908e-06  1.60788187e-01 
 1.37711435e+00  3.75399892e-06  1.58967596e-01 
 1.40919147e+00  3.71150055e-06  1.57167827e-01 
 1.44201575e+00  3.66948827e-06  1.55388640e-01 
 1.47560461e+00  3.62795647e-06  1.53629796e-01 
 1.50997586e+00  3.58689958e-06  1.51891060e-01 
 1.54514772e+00  3.54631211e-06  1.50172199e-01 
 1.58113883e+00  3.50618862e-06  1.48472982e-01 
 1.61796828e+00  3.46652376e-06  1.46793182e-01 
 1.65565561e+00  3.42731221e-06  1.45132575e-01 
 1.69422078e+00  3.38854874e-06  1.43490938e-01 
 1.73368425e+00  3.35022816e-06  1.41868052e-01 
 1.77406695e+00  3.31234536e-06  1.40263700e-01 
 1.81539027e+00  3.27489528e-06  1.38677667e-01 
 1.85767615e+00  3.23787291e-06  1.37109743e-01 
 1.90094698e+00  3.20127332e-06  1.35559716e-01 
 1.94522572e+00  3.16509162e-06  1.34027381e-01 
 1.99053585e+00  3.12932299e-06  1.32512532e-01 
 2.03690139e+00  3.09396264e-06  1.31014968e-01 
 2.08434692e+00  3.05900588e-06  1.29534488e-01 
 2.13289759e+00  3.02444804e-06  1.28070895e-01 
 2.18257916e+00  2.99028451e-06  1.26623994e-01 
 2.23341796e+00  2.95651075e-06  1.25193592e-01 
 2.28544095e+00  2.92312226e-06  1.23779499e-01 
 2.33867571e+00  2.89011458e-06  1.22381525e-01 
 2.39315046e+00  2.85748334e-06  1.20999484e-01 
 2.44889410e+00  2.82522418e-06  1.19633193e-01 
 2.50593617e+00  2.79333282e-06  1.18282469e-01 
 2.56430692e+00  2.76180501e-06  1.16947133e-01 
 2.62403730e+00  2.73063656e-06  1.15627007e-01 
 2.68515898e+00  2.69982334e-06  1.14321915e-01 
 2.74770437e+00  2.66936124e-06  1.13031683e-01 
 2.81170663e+00  2.63924622e-06  1.11756139e-01 
 2.87719969e+00  2.60947428e-06  1.10495115e-01 
 2.94421828e+00  2.58004147e-06  1.09248442e-01 
 3.01279793e+00  2.55094388e-06  1.08015955e-01 
 3.08297501e+00  2.52217766e-06  1.06797489e-01 
 3.15478672e+00  2.49373898e-06  1.05592883e-01 
 3.22827115e+00  2.46562407e-06  1.04401977e-01 
 3.30346724e+00  2.43782921e-06  1.03224612e-01 
 3.38041488e+00  2.41035071e-06  1.02060632e-01 
 3.45915485e+00  2.38318494e-06  1.00909883e-01 
 3.53972892e+00  2.35632829e-06  9.97722111e-02 
 3.62217980e+00  2.32977720e-06  9.86474659e-02 
 3.70655121e+00  2.30352817e-06  9.75354980e-02 
 3.79288788e+00  2.27757772e-06  9.64361597e-02 
 3.88123558e+00  2.25192241e-06  9.53493052e-02 
 3.97164117e+00  2.22655885e-06  9.42747901e-02 
 4.06415258e+00  2.20148369e-06  9.32124719e-02 
 4.15881886e+00  2.17669361e-06  9.21622097e-02 
 4.25569019e+00  2.15218533e-06  9.11238642e-02 
 4.35481795e+00  2.12795563e-06  9.00972976e-02 
 4.45625469e+00  2.10400128e-06  8.90823737e-02 
 4.56005420e+00  2.08031914e-06  8.80789580e-02 
 4.66627150e+00  2.05690608e-06  8.70869174e-02 
 4.77496293e+00  2.03375900e-06  8.61061203e-02 
 4.88618610e+00  2.01087486e-06  8.51364367e-02 
 5.00000000e+00  1.98825063e-06  8.41777379e-02 
 5.11646496e+00  1.96588332e-06  8.32298970e-02 
 5.23564274e+00  1.94377000e-06  8.22927882e-02 
 5.35759653e+00  1.92190774e-06  8.13662873e-02 
 5.48239098e+00  1.90029366e-06  8.04502714e-02 
 5.61009227e+00  1.87892492e-06  7.95446191e-02 
 5.74076811e+00  1.85779871e-06  7.86492102e-02 
 5.87448777e+00  1.83691223e-06  7.77639261e-02 
 6.01132217e+00  1.81626275e-06  7.68886494e-02 
 6.15134385e+00  1.79584754e-06  7.60232639e-02 
 6.29462706e+00  1.77566392e-06  7.51676549e-02 
 6.44124776e+00  1.75570923e-06  7.43217089e-02 
 6.59128369e+00  1.73598085e-06  7.34853137e-02 
 6.74481441e+00  1.71647619e-06  7.26583582e-02 
 6.90192132e+00  1.69719268e-06  7.18407328e-02 
 7.06268772e+00  1.67812778e-06  7.10323289e-02 
 7.22719885e+00  1.65927901e-06  7.02330392e-02 
 7.39554194e+00  1.64064387e-06  6.94427575e-02 
 7.56780624e+00  1.62221993e-06  6.86613789e-02 
 7.74408309e+00  1.60400476e-06  6.78887995e-02 
 7.92446596e+00  1.58599597e-06  6.71249166e-02 
 8.10905049e+00  1.56819121e-06  6.63696288e-02 
 8.29793454e+00  1.55058813e-06  6.56228355e-02 
 8.49121826e+00  1.53318444e-06  6.48844373e-02 
 8.68900414e+00  1.51597784e-06  6.41543360e-02 
 8.89139705e+00  1.49896609e-06  6.34324344e-02 
 9.09850429e+00  1.48214695e-06  6.27186362e-02 
 9.31043568e+00  1.46551822e-06  6.20128463e-02 
 9.52730359e+00  1.44907773e-06  6.13149706e-02 
 9.74922300e+00  1.43282332e-06  6.06249159e-02 
 9.97631157e+00  1.41675286e-06  5.99425901e-02 
 1.02086897e+01  1.40086425e-06  5.92679019e-02 
 1.04464807e+01  1.38515542e-06  5.86007612e-02 
 1.06898104e+01  1.36962431e-06  5.79410787e-02 
 1.09388081e+01  1.35426889e-06  5.72887659e-02 
 1.11936057e+01  1.33908715e-06  5.66437355e-02 
 1.14543383e+01  1.32407710e-06  5.60059008e-02 
 1.17211441e+01  1.30923680e-06  5.53751763e-02 
 1.19941646e+01  1.29456429e-06  5.47514771e-02 
 1.22735446e+01  1.28005767e-06  5.41347193e-02 
 1.25594322e+01  1.26571503e-06  5.35248198e-02 
 1.28519789e+01  1.25153451e-06  5.29216962e-02 
 1.31513400e+01  1.23751426e-06  5.23252672e-02 
 1.34576740e+01  1.22365245e-06  5.17354521e-02 
 1.37711435e+01  1.20994727e-06  5.11521709e-02 
 1.40919147e+01  1.19639693e-06  5.05753447e-02 
 1.44201575e+01  1.18299967e-06  5.00048949e-02 
 1.47560461e+01  1.16975374e-06  4.94407441e-02 
 1.50997586e+01  1.15665742e-06  4.88828153e-02 
 1.54514772e+01  1.14370899e-06  4.83310323e-02 
 1.58113883e+01  1.13090678e-06  4.77853198e-02 
 1.61796828e+01  1.11824912e-06  4.72456029e-02 
 1.65565561e+01  1.10573436e-06  4.67118075e-02 
 1.69422078e+01  1.09336087e-06  4.61838601e-02 
 1.73368425e+01  1.08112705e-06  4.56616880e-02 
 1.77406695e+01  1.06903129e-06  4.51452190e-02 
 1.81539027e+01  1.05707203e-06  4.46343816e-02 
 1.85767615e+01  1.04524772e-06  4.41291047e-02 
 1.90094698e+01  1.03355681e-06  4.36293181e-02 
 1.94522572e+01  1.02199780e-06  4.31349520e-02 
 1.99053585e+01  1.01056916e-06  4.26459371e-02 
 2.03690139e+01  9.99269436e-07  4.21622048e-02 
 2.08434692e+01  9.88097142e-07  4.16836869e-02 
 2.13289759e+01  9.77050834e-07  4.12103159e-02 
 2.18257916e+01  9.66129078e-07  4.07420246e-02 
 2.23341796e+01  9.55330456e-07  4.02787465e-02 
 2.28544095e+01  9.44653569e-07  3.98204153e-02 
 2.33867571e+01  9.34097031e-07  3.93669655e-02 
 2.39315046e+01  9.23659474e-07  3.89183319e-02 
 2.44889410e+01  9.13339546e-07  3.84744497e-02 
 2.50593617e+01  9.03135908e-07  3.80352546e-02 
 2.56430692e+01  8.93047240e-07  3.76006826e-02 
 2.62403730e+01  8.83072233e-07  3.71706703e-02 
 2.68515898e+01  8.73209598e-07  3.67451545e-02 
 2.74770437e+01  8.63458056e-07  3.63240725e-02 
 2.81170663e+01  8.53816346e-07  3.59073618e-02 
 2.87719969e+01  8.44283220e-07  3.54949606e-02 
 2.94421828e+01  8.34857445e-07  3.50868070e-02 
 3.01279793e+01  8.25537801e-07  3.46828398e-02 
 3.08297501e+01  8.16323084e-07  3.42829978e-02 
 3.15478672e+01  8.07212102e-07  3.38872204e-02 
 3.22827115e+01  7.98203679e-07  3.34954471e-02 
 3.30346724e+01  7.89296648e-07  3.31076177e-02 
 3.38041488e+01  7.80489861e-07  3.27236724e-02 
 3.45915485e+01  7.71782180e-07  3.23435515e-02 
 3.53972892e+01  7.63172479e-07  3.19671957e-02 
 3.62217980e+01  7.54659648e-07  3.15945458e-02 
 3.70655121e+01  7.46242588e-07  3.12255431e-02 
 3.79288788e+01  7.37920213e-07  3.08601287e-02 
 3.88123558e+01  7.29691449e-07  3.04982444e-02 
 3.97164117e+01  7.21555235e-07  3.01398319e-02 
 4.06415258e+01  7.13510522e-07  2.97848331e-02 
 4.15881886e+01  7.05556272e-07  2.94331905e-02 
 4.25569019e+01  6.97691460e-07  2.90848462e-02 
 4.35481795e+01  6.89915073e-07  2.87397432e-02 
 4.45625469e+01  6.82226109e-07  2.83978240e-02 
 4.56005420e+01  6.74623578e-07  2.80590319e-02 
 4.66627150e+01  6.67106500e-07  2.77233100e-02 
 4.77496293e+01  6.59673908e-07  2.73906019e-02 
 4.88618610e+01  6.52324845e-07  2.70608512e-02 
 5.00000000e+01  6.45058365e-07  2.67340019e-02 
 5.11646496e+01  6.37873534e-07  2.64099981e-02 
 5.23564274e+01  6.30769427e-07  2.60887842e-02 
 5.35759653e+01  6.23745130e-07  2.57703049e-02 
 5.48239098e+01  6.16799741e-07  2.54545052e-02 
 5.61009227e+01  6.09932367e-07  2.51413302e-02 
 5.74076811e+01  6.03142125e-07  2.48307255e-02 
 5.87448777e+01  5.96428142e-07  2.45226369e-02 
 6.01132217e+01  5.89789557e-07  2.42170109e-02 
 6.15134385e+01  5.83225516e-07  2.39137939e-02 
 6.29462706e+01  5.76735177e-07  2.36129330e-02 
 6.44124776e+01  5.70317706e-07  2.33143759e-02 
 6.59128369e+01  5.63972280e-07  2.30180704e-02 
 6.74481441e+01  5.57698085e-07  2.27239652e-02 
 6.90192132e+01  5.51494315e-07  2.24320094e-02 
 7.06268772e+01  5.45360175e-07  2.21421529e-02 
 7.22719885e+01  5.39294879e-07  2.18543461e-02 
 7.39554194e+01  5.33297648e-07  2.15685402e-02 
 7.56780624e+01  5.27367714e-07  2.12846874e-02 
 7.74408309e+01  5.21504316e-07  2.10027404e-02 
 7.92446596e+01  5.15706705e-07  2.07226533e-02 
 8.10905049e+01  5.09974137e-07  2.04443807e-02 
 8.29793454e+01  5.04305877e-07  2.01678789e-02 
 8.49121826e+01  4.98701200e-07  1.98931048e-02 
 8.68900414e+01  4.93159389e-07  1.96200170e-02 
 8.89139705e+01  4.87679735e-07  1.93485751e-02 
 9.09850429e+01  4.82261535e-07  1.90787405e-02 
 9.31043568e+01  4.76904097e-07  1.88104758e-02 
 9.52730359e+01  4.71606735e-07  1.85437455e-02 
 9.74922300e+01  4.66368773e-07  1.82785158e-02 
 9.97631157e+01  4.61189540e-07  1.80147544e-02 
 1.02086897e+02  4.56068374e-07  1.77524315e-02 
 1.04464807e+02  4.51004621e-07  1.74915189e-02 
 1.06898104e+02  4.45997634e-07  1.72319909e-02 
 1.09388081e+02  4.41046773e-07  1.69738237e-02 
 1.11936057e+02  4.36151405e-07  1.67169962e-02 
 1.14543383e+02  4.31310906e-07  1.64614896e-02 
 1.17211441e+02  4.26524658e-07  1.62072878e-02 
 1.19941646e+02  4.21792050e-07  1.59543773e-02 
 1.22735446e+02  4.17112477e-07  1.57027472e-02 
 1.25594322e+02  4.12485342e-07  1.54523898e-02 
 1.28519789e+02  4.07910056e-07  1.52033000e-02 
 1.31513400e+02  4.03386035e-07  1.49554761e-02 
 1.34576740e+02  3.98912702e-07  1.47089190e-02 
 1.37711435e+02  3.94489486e-07  1.44636332e-02 
 1.40919147e+02  3.90115824e-07  1.42196260e-02 
 1.44201575e+02  3.85791158e-07  1.39769081e-02 
 1.47560461e+02  3.81514937e-07  1.37354935e-02 
