 frequency       psrrn_mag       psrrn_db       
 1.00000000e+00  1.76290640e-01 -1.50754149e+01 
 1.01157945e+00  1.76290604e-01 -1.50754167e+01 
 1.02329299e+00  1.76290567e-01 -1.50754185e+01 
 1.03514217e+00  1.76290529e-01 -1.50754204e+01 
 1.04712855e+00  1.76290491e-01 -1.50754223e+01 
 1.05925373e+00  1.76290451e-01 -1.50754242e+01 
 1.07151931e+00  1.76290410e-01 -1.50754262e+01 
 1.08392691e+00  1.76290369e-01 -1.50754283e+01 
 1.09647820e+00  1.76290326e-01 -1.50754304e+01 
 1.10917482e+00  1.76290283e-01 -1.50754325e+01 
 1.12201845e+00  1.76290238e-01 -1.50754347e+01 
 1.13501082e+00  1.76290193e-01 -1.50754369e+01 
 1.14815362e+00  1.76290146e-01 -1.50754392e+01 
 1.16144861e+00  1.76290099e-01 -1.50754416e+01 
 1.17489755e+00  1.76290050e-01 -1.50754440e+01 
 1.18850223e+00  1.76290000e-01 -1.50754464e+01 
 1.20226443e+00  1.76289949e-01 -1.50754490e+01 
 1.21618600e+00  1.76289897e-01 -1.50754515e+01 
 1.23026877e+00  1.76289843e-01 -1.50754542e+01 
 1.24451461e+00  1.76289789e-01 -1.50754569e+01 
 1.25892541e+00  1.76289733e-01 -1.50754596e+01 
 1.27350308e+00  1.76289675e-01 -1.50754624e+01 
 1.28824955e+00  1.76289617e-01 -1.50754653e+01 
 1.30316678e+00  1.76289557e-01 -1.50754683e+01 
 1.31825674e+00  1.76289495e-01 -1.50754713e+01 
 1.33352143e+00  1.76289432e-01 -1.50754744e+01 
 1.34896288e+00  1.76289368e-01 -1.50754776e+01 
 1.36458314e+00  1.76289302e-01 -1.50754808e+01 
 1.38038426e+00  1.76289235e-01 -1.50754841e+01 
 1.39636836e+00  1.76289166e-01 -1.50754875e+01 
 1.41253754e+00  1.76289096e-01 -1.50754910e+01 
 1.42889396e+00  1.76289024e-01 -1.50754946e+01 
 1.44543977e+00  1.76288950e-01 -1.50754982e+01 
 1.46217717e+00  1.76288874e-01 -1.50755019e+01 
 1.47910839e+00  1.76288797e-01 -1.50755057e+01 
 1.49623566e+00  1.76288718e-01 -1.50755096e+01 
 1.51356125e+00  1.76288637e-01 -1.50755136e+01 
 1.53108746e+00  1.76288554e-01 -1.50755177e+01 
 1.54881662e+00  1.76288469e-01 -1.50755219e+01 
 1.56675107e+00  1.76288383e-01 -1.50755261e+01 
 1.58489319e+00  1.76288294e-01 -1.50755305e+01 
 1.60324539e+00  1.76288203e-01 -1.50755350e+01 
 1.62181010e+00  1.76288110e-01 -1.50755396e+01 
 1.64058977e+00  1.76288015e-01 -1.50755442e+01 
 1.65958691e+00  1.76287918e-01 -1.50755490e+01 
 1.67880402e+00  1.76287818e-01 -1.50755539e+01 
 1.69824365e+00  1.76287716e-01 -1.50755590e+01 
 1.71790839e+00  1.76287612e-01 -1.50755641e+01 
 1.73780083e+00  1.76287506e-01 -1.50755694e+01 
 1.75792361e+00  1.76287396e-01 -1.50755747e+01 
 1.77827941e+00  1.76287285e-01 -1.50755802e+01 
 1.79887092e+00  1.76287170e-01 -1.50755859e+01 
 1.81970086e+00  1.76287053e-01 -1.50755916e+01 
 1.84077200e+00  1.76286934e-01 -1.50755975e+01 
 1.86208714e+00  1.76286811e-01 -1.50756036e+01 
 1.88364909e+00  1.76286686e-01 -1.50756097e+01 
 1.90546072e+00  1.76286558e-01 -1.50756161e+01 
 1.92752491e+00  1.76286426e-01 -1.50756225e+01 
 1.94984460e+00  1.76286292e-01 -1.50756291e+01 
 1.97242274e+00  1.76286155e-01 -1.50756359e+01 
 1.99526231e+00  1.76286014e-01 -1.50756428e+01 
 2.01836636e+00  1.76285870e-01 -1.50756499e+01 
 2.04173794e+00  1.76285723e-01 -1.50756572e+01 
 2.06538016e+00  1.76285572e-01 -1.50756646e+01 
 2.08929613e+00  1.76285418e-01 -1.50756722e+01 
 2.11348904e+00  1.76285260e-01 -1.50756800e+01 
 2.13796209e+00  1.76285099e-01 -1.50756879e+01 
 2.16271852e+00  1.76284934e-01 -1.50756961e+01 
 2.18776162e+00  1.76284764e-01 -1.50757044e+01 
 2.21309471e+00  1.76284591e-01 -1.50757129e+01 
 2.23872114e+00  1.76284414e-01 -1.50757217e+01 
 2.26464431e+00  1.76284233e-01 -1.50757306e+01 
 2.29086765e+00  1.76284048e-01 -1.50757397e+01 
 2.31739465e+00  1.76283858e-01 -1.50757491e+01 
 2.34422882e+00  1.76283664e-01 -1.50757586e+01 
 2.37137371e+00  1.76283465e-01 -1.50757684e+01 
 2.39883292e+00  1.76283262e-01 -1.50757784e+01 
 2.42661010e+00  1.76283054e-01 -1.50757887e+01 
 2.45470892e+00  1.76282841e-01 -1.50757992e+01 
 2.48313311e+00  1.76282624e-01 -1.50758099e+01 
 2.51188643e+00  1.76282401e-01 -1.50758209e+01 
 2.54097271e+00  1.76282173e-01 -1.50758321e+01 
 2.57039578e+00  1.76281939e-01 -1.50758436e+01 
 2.60015956e+00  1.76281701e-01 -1.50758554e+01 
 2.63026799e+00  1.76281456e-01 -1.50758674e+01 
 2.66072506e+00  1.76281206e-01 -1.50758797e+01 
 2.69153480e+00  1.76280950e-01 -1.50758923e+01 
 2.72270131e+00  1.76280688e-01 -1.50759052e+01 
 2.75422870e+00  1.76280420e-01 -1.50759184e+01 
 2.78612117e+00  1.76280146e-01 -1.50759320e+01 
 2.81838293e+00  1.76279866e-01 -1.50759458e+01 
 2.85101827e+00  1.76279579e-01 -1.50759599e+01 
 2.88403150e+00  1.76279285e-01 -1.50759744e+01 
 2.91742701e+00  1.76278984e-01 -1.50759892e+01 
 2.95120923e+00  1.76278677e-01 -1.50760044e+01 
 2.98538262e+00  1.76278362e-01 -1.50760199e+01 
 3.01995172e+00  1.76278040e-01 -1.50760358e+01 
 3.05492111e+00  1.76277710e-01 -1.50760520e+01 
 3.09029543e+00  1.76277373e-01 -1.50760686e+01 
 3.12607937e+00  1.76277028e-01 -1.50760856e+01 
 3.16227766e+00  1.76276675e-01 -1.50761030e+01 
 3.19889511e+00  1.76276313e-01 -1.50761208e+01 
 3.23593657e+00  1.76275943e-01 -1.50761391e+01 
 3.27340695e+00  1.76275565e-01 -1.50761577e+01 
 3.31131121e+00  1.76275178e-01 -1.50761768e+01 
 3.34965439e+00  1.76274781e-01 -1.50761963e+01 
 3.38844156e+00  1.76274376e-01 -1.50762163e+01 
 3.42767787e+00  1.76273961e-01 -1.50762367e+01 
 3.46736850e+00  1.76273536e-01 -1.50762577e+01 
 3.50751874e+00  1.76273102e-01 -1.50762791e+01 
 3.54813389e+00  1.76272657e-01 -1.50763010e+01 
 3.58921935e+00  1.76272202e-01 -1.50763234e+01 
 3.63078055e+00  1.76271737e-01 -1.50763463e+01 
 3.67282300e+00  1.76271260e-01 -1.50763698e+01 
 3.71535229e+00  1.76270773e-01 -1.50763938e+01 
 3.75837404e+00  1.76270274e-01 -1.50764184e+01 
 3.80189396e+00  1.76269764e-01 -1.50764436e+01 
 3.84591782e+00  1.76269241e-01 -1.50764693e+01 
 3.89045145e+00  1.76268707e-01 -1.50764956e+01 
 3.93550075e+00  1.76268160e-01 -1.50765226e+01 
 3.98107171e+00  1.76267600e-01 -1.50765502e+01 
 4.02717034e+00  1.76267028e-01 -1.50765784e+01 
 4.07380278e+00  1.76266442e-01 -1.50766073e+01 
 4.12097519e+00  1.76265842e-01 -1.50766368e+01 
 4.16869383e+00  1.76265228e-01 -1.50766670e+01 
 4.21696503e+00  1.76264600e-01 -1.50766980e+01 
 4.26579519e+00  1.76263958e-01 -1.50767297e+01 
 4.31519077e+00  1.76263300e-01 -1.50767621e+01 
 4.36515832e+00  1.76262627e-01 -1.50767952e+01 
 4.41570447e+00  1.76261939e-01 -1.50768291e+01 
 4.46683592e+00  1.76261234e-01 -1.50768639e+01 
 4.51855944e+00  1.76260514e-01 -1.50768994e+01 
 4.57088190e+00  1.76259776e-01 -1.50769357e+01 
 4.62381021e+00  1.76259021e-01 -1.50769729e+01 
 4.67735141e+00  1.76258249e-01 -1.50770110e+01 
 4.73151259e+00  1.76257458e-01 -1.50770499e+01 
 4.78630092e+00  1.76256649e-01 -1.50770898e+01 
 4.84172368e+00  1.76255822e-01 -1.50771306e+01 
 4.89778819e+00  1.76254975e-01 -1.50771723e+01 
 4.95450191e+00  1.76254108e-01 -1.50772150e+01 
 5.01187234e+00  1.76253221e-01 -1.50772587e+01 
 5.06990708e+00  1.76252314e-01 -1.50773035e+01 
 5.12861384e+00  1.76251385e-01 -1.50773492e+01 
 5.18800039e+00  1.76250435e-01 -1.50773960e+01 
 5.24807460e+00  1.76249463e-01 -1.50774440e+01 
 5.30884444e+00  1.76248468e-01 -1.50774930e+01 
 5.37031796e+00  1.76247450e-01 -1.50775432e+01 
 5.43250331e+00  1.76246408e-01 -1.50775945e+01 
 5.49540874e+00  1.76245342e-01 -1.50776470e+01 
 5.55904257e+00  1.76244251e-01 -1.50777008e+01 
 5.62341325e+00  1.76243135e-01 -1.50777558e+01 
 5.68852931e+00  1.76241993e-01 -1.50778121e+01 
 5.75439937e+00  1.76240824e-01 -1.50778697e+01 
 5.82103218e+00  1.76239628e-01 -1.50779286e+01 
 5.88843655e+00  1.76238404e-01 -1.50779890e+01 
 5.95662144e+00  1.76237152e-01 -1.50780507e+01 
 6.02559586e+00  1.76235870e-01 -1.50781138e+01 
 6.09536897e+00  1.76234559e-01 -1.50781785e+01 
 6.16595002e+00  1.76233217e-01 -1.50782446e+01 
 6.23734835e+00  1.76231844e-01 -1.50783123e+01 
 6.30957344e+00  1.76230440e-01 -1.50783815e+01 
 6.38263486e+00  1.76229002e-01 -1.50784524e+01 
 6.45654229e+00  1.76227531e-01 -1.50785249e+01 
 6.53130553e+00  1.76226026e-01 -1.50785991e+01 
 6.60693448e+00  1.76224485e-01 -1.50786750e+01 
 6.68343918e+00  1.76222909e-01 -1.50787527e+01 
 6.76082975e+00  1.76221296e-01 -1.50788322e+01 
 6.83911647e+00  1.76219646e-01 -1.50789135e+01 
 6.91830971e+00  1.76217957e-01 -1.50789968e+01 
 6.99841996e+00  1.76216229e-01 -1.50790819e+01 
 7.07945784e+00  1.76214461e-01 -1.50791691e+01 
 7.16143410e+00  1.76212651e-01 -1.50792583e+01 
 7.24435960e+00  1.76210800e-01 -1.50793495e+01 
 7.32824533e+00  1.76208905e-01 -1.50794429e+01 
 7.41310241e+00  1.76206967e-01 -1.50795385e+01 
 7.49894209e+00  1.76204983e-01 -1.50796363e+01 
 7.58577575e+00  1.76202953e-01 -1.50797363e+01 
 7.67361489e+00  1.76200876e-01 -1.50798387e+01 
 7.76247117e+00  1.76198751e-01 -1.50799435e+01 
 7.85235635e+00  1.76196576e-01 -1.50800507e+01 
 7.94328235e+00  1.76194351e-01 -1.50801604e+01 
 8.03526122e+00  1.76192074e-01 -1.50802727e+01 
 8.12830516e+00  1.76189744e-01 -1.50803875e+01 
 8.22242650e+00  1.76187360e-01 -1.50805051e+01 
 8.31763771e+00  1.76184920e-01 -1.50806253e+01 
 8.41395142e+00  1.76182424e-01 -1.50807484e+01 
 8.51138038e+00  1.76179869e-01 -1.50808743e+01 
 8.60993752e+00  1.76177255e-01 -1.50810032e+01 
 8.70963590e+00  1.76174581e-01 -1.50811351e+01 
 8.81048873e+00  1.76171844e-01 -1.50812700e+01 
 8.91250938e+00  1.76169044e-01 -1.50814081e+01 
 9.01571138e+00  1.76166178e-01 -1.50815493e+01 
 9.12010839e+00  1.76163246e-01 -1.50816939e+01 
 9.22571427e+00  1.76160246e-01 -1.50818418e+01 
 9.33254301e+00  1.76157176e-01 -1.50819932e+01 
 9.44060876e+00  1.76154035e-01 -1.50821481e+01 
 9.54992586e+00  1.76150821e-01 -1.50823066e+01 
 9.66050879e+00  1.76147532e-01 -1.50824687e+01 
 9.77237221e+00  1.76144167e-01 -1.50826347e+01 
 9.88553095e+00  1.76140723e-01 -1.50828045e+01 
 1.00000000e+01  1.76137200e-01 -1.50829783e+01 
 1.01157945e+01  1.76133594e-01 -1.50831560e+01 
 1.02329299e+01  1.76129905e-01 -1.50833380e+01 
 1.03514217e+01  1.76126130e-01 -1.50835241e+01 
 1.04712855e+01  1.76122268e-01 -1.50837146e+01 
 1.05925373e+01  1.76118316e-01 -1.50839095e+01 
 1.07151931e+01  1.76114272e-01 -1.50841090e+01 
 1.08392691e+01  1.76110134e-01 -1.50843131e+01 
 1.09647820e+01  1.76105900e-01 -1.50845219e+01 
 1.10917482e+01  1.76101568e-01 -1.50847356e+01 
 1.12201845e+01  1.76097135e-01 -1.50849542e+01 
 1.13501082e+01  1.76092599e-01 -1.50851779e+01 
 1.14815362e+01  1.76087958e-01 -1.50854069e+01 
 1.16144861e+01  1.76083209e-01 -1.50856411e+01 
 1.17489755e+01  1.76078350e-01 -1.50858808e+01 
 1.18850223e+01  1.76073379e-01 -1.50861260e+01 
 1.20226443e+01  1.76068291e-01 -1.50863770e+01 
 1.21618600e+01  1.76063086e-01 -1.50866338e+01 
 1.23026877e+01  1.76057760e-01 -1.50868965e+01 
 1.24451461e+01  1.76052311e-01 -1.50871654e+01 
 1.25892541e+01  1.76046735e-01 -1.50874405e+01 
 1.27350308e+01  1.76041030e-01 -1.50877220e+01 
 1.28824955e+01  1.76035192e-01 -1.50880100e+01 
 1.30316678e+01  1.76029219e-01 -1.50883047e+01 
 1.31825674e+01  1.76023108e-01 -1.50886063e+01 
 1.33352143e+01  1.76016855e-01 -1.50889149e+01 
 1.34896288e+01  1.76010457e-01 -1.50892306e+01 
 1.36458314e+01  1.76003910e-01 -1.50895537e+01 
 1.38038426e+01  1.75997212e-01 -1.50898842e+01 
 1.39636836e+01  1.75990359e-01 -1.50902225e+01 
 1.41253754e+01  1.75983347e-01 -1.50905685e+01 
 1.42889396e+01  1.75976172e-01 -1.50909227e+01 
 1.44543977e+01  1.75968832e-01 -1.50912850e+01 
 1.46217717e+01  1.75961321e-01 -1.50916557e+01 
 1.47910839e+01  1.75953636e-01 -1.50920351e+01 
 1.49623566e+01  1.75945773e-01 -1.50924232e+01 
 1.51356125e+01  1.75937728e-01 -1.50928204e+01 
 1.53108746e+01  1.75929497e-01 -1.50932268e+01 
 1.54881662e+01  1.75921076e-01 -1.50936426e+01 
 1.56675107e+01  1.75912459e-01 -1.50940680e+01 
 1.58489319e+01  1.75903643e-01 -1.50945033e+01 
 1.60324539e+01  1.75894624e-01 -1.50949487e+01 
 1.62181010e+01  1.75885395e-01 -1.50954044e+01 
 1.64058977e+01  1.75875953e-01 -1.50958707e+01 
 1.65958691e+01  1.75866293e-01 -1.50963478e+01 
 1.67880402e+01  1.75856409e-01 -1.50968360e+01 
 1.69824365e+01  1.75846297e-01 -1.50973355e+01 
 1.71790839e+01  1.75835951e-01 -1.50978465e+01 
 1.73780083e+01  1.75825366e-01 -1.50983694e+01 
 1.75792361e+01  1.75814536e-01 -1.50989044e+01 
 1.77827941e+01  1.75803456e-01 -1.50994518e+01 
 1.79887092e+01  1.75792121e-01 -1.51000119e+01 
 1.81970086e+01  1.75780523e-01 -1.51005849e+01 
 1.84077200e+01  1.75768658e-01 -1.51011713e+01 
 1.86208714e+01  1.75756519e-01 -1.51017712e+01 
 1.88364909e+01  1.75744100e-01 -1.51023849e+01 
 1.90546072e+01  1.75731394e-01 -1.51030129e+01 
 1.92752491e+01  1.75718395e-01 -1.51036554e+01 
 1.94984460e+01  1.75705096e-01 -1.51043128e+01 
 1.97242274e+01  1.75691491e-01 -1.51049854e+01 
 1.99526231e+01  1.75677572e-01 -1.51056736e+01 
 2.01836636e+01  1.75663332e-01 -1.51063777e+01 
 2.04173794e+01  1.75648764e-01 -1.51070980e+01 
 2.06538016e+01  1.75633861e-01 -1.51078350e+01 
 2.08929613e+01  1.75618614e-01 -1.51085891e+01 
 2.11348904e+01  1.75603016e-01 -1.51093606e+01 
 2.13796209e+01  1.75587060e-01 -1.51101499e+01 
 2.16271852e+01  1.75570736e-01 -1.51109574e+01 
 2.18776162e+01  1.75554036e-01 -1.51117836e+01 
 2.21309471e+01  1.75536953e-01 -1.51126289e+01 
 2.23872114e+01  1.75519477e-01 -1.51134937e+01 
 2.26464431e+01  1.75501599e-01 -1.51143785e+01 
 2.29086765e+01  1.75483310e-01 -1.51152836e+01 
 2.31739465e+01  1.75464601e-01 -1.51162097e+01 
 2.34422882e+01  1.75445463e-01 -1.51171572e+01 
 2.37137371e+01  1.75425885e-01 -1.51181265e+01 
 2.39883292e+01  1.75405859e-01 -1.51191181e+01 
 2.42661010e+01  1.75385372e-01 -1.51201326e+01 
 2.45470892e+01  1.75364416e-01 -1.51211705e+01 
 2.48313311e+01  1.75342980e-01 -1.51222323e+01 
 2.51188643e+01  1.75321052e-01 -1.51233186e+01 
 2.54097271e+01  1.75298623e-01 -1.51244299e+01 
 2.57039578e+01  1.75275679e-01 -1.51255668e+01 
 2.60015956e+01  1.75252211e-01 -1.51267299e+01 
 2.63026799e+01  1.75228206e-01 -1.51279197e+01 
 2.66072506e+01  1.75203651e-01 -1.51291369e+01 
 2.69153480e+01  1.75178536e-01 -1.51303821e+01 
 2.72270131e+01  1.75152847e-01 -1.51316560e+01 
 2.75422870e+01  1.75126571e-01 -1.51329591e+01 
 2.78612117e+01  1.75099695e-01 -1.51342922e+01 
 2.81838293e+01  1.75072206e-01 -1.51356559e+01 
 2.85101827e+01  1.75044090e-01 -1.51370509e+01 
 2.88403150e+01  1.75015333e-01 -1.51384780e+01 
 2.91742701e+01  1.74985921e-01 -1.51399378e+01 
 2.95120923e+01  1.74955840e-01 -1.51414311e+01 
 2.98538262e+01  1.74925074e-01 -1.51429587e+01 
 3.01995172e+01  1.74893607e-01 -1.51445213e+01 
 3.05492111e+01  1.74861426e-01 -1.51461197e+01 
 3.09029543e+01  1.74828513e-01 -1.51477547e+01 
 3.12607937e+01  1.74794853e-01 -1.51494272e+01 
 3.16227766e+01  1.74760429e-01 -1.51511379e+01 
 3.19889511e+01  1.74725225e-01 -1.51528879e+01 
 3.23593657e+01  1.74689222e-01 -1.51546778e+01 
 3.27340695e+01  1.74652403e-01 -1.51565087e+01 
 3.31131121e+01  1.74614752e-01 -1.51583814e+01 
 3.34965439e+01  1.74576104e-01 -1.51603041e+01 
 3.38844156e+01  1.74536730e-01 -1.51622633e+01 
 3.42767787e+01  1.74496466e-01 -1.51642673e+01 
 3.46736850e+01  1.74455293e-01 -1.51663170e+01 
 3.50751874e+01  1.74413192e-01 -1.51684134e+01 
 3.54813389e+01  1.74370141e-01 -1.51705576e+01 
 3.58921935e+01  1.74326121e-01 -1.51727507e+01 
 3.63078055e+01  1.74281109e-01 -1.51749937e+01 
 3.67282300e+01  1.74235086e-01 -1.51772877e+01 
 3.71535229e+01  1.74188028e-01 -1.51796340e+01 
 3.75837404e+01  1.74139913e-01 -1.51820335e+01 
 3.80189396e+01  1.74090719e-01 -1.51844876e+01 
 3.84591782e+01  1.74040423e-01 -1.51869974e+01 
 3.89045145e+01  1.73989000e-01 -1.51895642e+01 
 3.93550075e+01  1.73936426e-01 -1.51921892e+01 
 3.98107171e+01  1.73882677e-01 -1.51948736e+01 
 4.02717034e+01  1.73827728e-01 -1.51976189e+01 
 4.07380278e+01  1.73771552e-01 -1.52004264e+01 
 4.12097519e+01  1.73714125e-01 -1.52032974e+01 
 4.16869383e+01  1.73655418e-01 -1.52062332e+01 
 4.21696503e+01  1.73595406e-01 -1.52092354e+01 
 4.26579519e+01  1.73534061e-01 -1.52123054e+01 
 4.31519077e+01  1.73471354e-01 -1.52154446e+01 
 4.36515832e+01  1.73407256e-01 -1.52186547e+01 
 4.41570447e+01  1.73341739e-01 -1.52219370e+01 
 4.46683592e+01  1.73274773e-01 -1.52252932e+01 
 4.51855944e+01  1.73206328e-01 -1.52287249e+01 
 4.57088190e+01  1.73136372e-01 -1.52322338e+01 
 4.62381021e+01  1.73064874e-01 -1.52358214e+01 
 4.67735141e+01  1.72991803e-01 -1.52394895e+01 
 4.73151259e+01  1.72917125e-01 -1.52432399e+01 
 4.78630092e+01  1.72840808e-01 -1.52470743e+01 
 4.84172368e+01  1.72762818e-01 -1.52509944e+01 
 4.89778819e+01  1.72683120e-01 -1.52550023e+01 
 4.95450191e+01  1.72601680e-01 -1.52590996e+01 
 5.01187234e+01  1.72518463e-01 -1.52632884e+01 
 5.06990708e+01  1.72433432e-01 -1.52675706e+01 
 5.12861384e+01  1.72346550e-01 -1.52719481e+01 
 5.18800039e+01  1.72257780e-01 -1.52764231e+01 
 5.24807460e+01  1.72167085e-01 -1.52809975e+01 
 5.30884444e+01  1.72074425e-01 -1.52856735e+01 
 5.37031796e+01  1.71979762e-01 -1.52904532e+01 
 5.43250331e+01  1.71883055e-01 -1.52953387e+01 
 5.49540874e+01  1.71784264e-01 -1.53003324e+01 
 5.55904257e+01  1.71683349e-01 -1.53054365e+01 
 5.62341325e+01  1.71580267e-01 -1.53106532e+01 
 5.68852931e+01  1.71474976e-01 -1.53159850e+01 
 5.75439937e+01  1.71367433e-01 -1.53214342e+01 
 5.82103218e+01  1.71257595e-01 -1.53270032e+01 
 5.88843655e+01  1.71145416e-01 -1.53326946e+01 
 5.95662144e+01  1.71030853e-01 -1.53385108e+01 
 6.02559586e+01  1.70913859e-01 -1.53444544e+01 
 6.09536897e+01  1.70794388e-01 -1.53505281e+01 
 6.16595002e+01  1.70672393e-01 -1.53567344e+01 
 6.23734835e+01  1.70547828e-01 -1.53630762e+01 
 6.30957344e+01  1.70420642e-01 -1.53695560e+01 
 6.38263486e+01  1.70290789e-01 -1.53761768e+01 
 6.45654229e+01  1.70158218e-01 -1.53829414e+01 
 6.53130553e+01  1.70022879e-01 -1.53898527e+01 
 6.60693448e+01  1.69884722e-01 -1.53969135e+01 
 6.68343918e+01  1.69743695e-01 -1.54041270e+01 
 6.76082975e+01  1.69599746e-01 -1.54114960e+01 
 6.83911647e+01  1.69452823e-01 -1.54190238e+01 
 6.91830971e+01  1.69302873e-01 -1.54267135e+01 
 6.99841996e+01  1.69149841e-01 -1.54345681e+01 
 7.07945784e+01  1.68993674e-01 -1.54425910e+01 
 7.16143410e+01  1.68834316e-01 -1.54507855e+01 
 7.24435960e+01  1.68671713e-01 -1.54591549e+01 
 7.32824533e+01  1.68505808e-01 -1.54677025e+01 
 7.41310241e+01  1.68336544e-01 -1.54764318e+01 
 7.49894209e+01  1.68163866e-01 -1.54853464e+01 
 7.58577575e+01  1.67987714e-01 -1.54944496e+01 
 7.67361489e+01  1.67808031e-01 -1.55037452e+01 
 7.76247117e+01  1.67624759e-01 -1.55132367e+01 
 7.85235635e+01  1.67437839e-01 -1.55229278e+01 
 7.94328235e+01  1.67247211e-01 -1.55328223e+01 
 8.03526122e+01  1.67052816e-01 -1.55429240e+01 
 8.12830516e+01  1.66854593e-01 -1.55532367e+01 
 8.22242650e+01  1.66652344e-01 -1.55637715e+01 
 8.31763771e+01  1.66446285e-01 -1.55745179e+01 
 8.41395142e+01  1.66236215e-01 -1.55854872e+01 
 8.51138038e+01  1.66022074e-01 -1.55966833e+01 
 8.60993752e+01  1.65803801e-01 -1.56081104e+01 
 8.70963590e+01  1.65581332e-01 -1.56197726e+01 
 8.81048873e+01  1.65354607e-01 -1.56316740e+01 
 8.91250938e+01  1.65123562e-01 -1.56438190e+01 
 9.01571138e+01  1.64888137e-01 -1.56562118e+01 
 9.12010839e+01  1.64648268e-01 -1.56688567e+01 
 9.22571427e+01  1.64403892e-01 -1.56817581e+01 
 9.33254301e+01  1.64154948e-01 -1.56949204e+01 
 9.44060876e+01  1.63901374e-01 -1.57083481e+01 
 9.54992586e+01  1.63643106e-01 -1.57220457e+01 
 9.66050879e+01  1.63380084e-01 -1.57360177e+01 
 9.77237221e+01  1.63112244e-01 -1.57502687e+01 
 9.88553095e+01  1.62839526e-01 -1.57648034e+01 
 1.00000000e+02  1.62561867e-01 -1.57796264e+01 
 1.01157945e+02  1.62279207e-01 -1.57947424e+01 
 1.02329299e+02  1.61991486e-01 -1.58101562e+01 
 1.03514217e+02  1.61698642e-01 -1.58258726e+01 
 1.04712855e+02  1.61400616e-01 -1.58418963e+01 
 1.05925373e+02  1.61097349e-01 -1.58582321e+01 
 1.07151931e+02  1.60788782e-01 -1.58748851e+01 
 1.08392691e+02  1.60474857e-01 -1.58918600e+01 
 1.09647820e+02  1.60155518e-01 -1.59091619e+01 
 1.10917482e+02  1.59830707e-01 -1.59267956e+01 
 1.12201845e+02  1.59500237e-01 -1.59447734e+01 
 1.13501082e+02  1.59164317e-01 -1.59630858e+01 
 1.14815362e+02  1.58822763e-01 -1.59817451e+01 
 1.16144861e+02  1.58475521e-01 -1.60007562e+01 
 1.17489755e+02  1.58122539e-01 -1.60201244e+01 
 1.18850223e+02  1.57763768e-01 -1.60398546e+01 
 1.20226443e+02  1.57399159e-01 -1.60599519e+01 
 1.21618600e+02  1.57028663e-01 -1.60804213e+01 
 1.23026877e+02  1.56652235e-01 -1.61012681e+01 
 1.24451461e+02  1.56269829e-01 -1.61224972e+01 
 1.25892541e+02  1.55881404e-01 -1.61441139e+01 
 1.27350308e+02  1.55486916e-01 -1.61661230e+01 
 1.28824955e+02  1.55086326e-01 -1.61885299e+01 
 1.30316678e+02  1.54679596e-01 -1.62113394e+01 
 1.31825674e+02  1.54266690e-01 -1.62345568e+01 
 1.33352143e+02  1.53847573e-01 -1.62581870e+01 
 1.34896288e+02  1.53422087e-01 -1.62822423e+01 
 1.36458314e+02  1.52990454e-01 -1.63067133e+01 
 1.38038426e+02  1.52552521e-01 -1.63316122e+01 
 1.39636836e+02  1.52108260e-01 -1.63569440e+01 
 1.41253754e+02  1.51657648e-01 -1.63827137e+01 
 1.42889396e+02  1.51200665e-01 -1.64089260e+01 
 1.44543977e+02  1.50737291e-01 -1.64355859e+01 
 1.46217717e+02  1.50267510e-01 -1.64626982e+01 
 1.47910839e+02  1.49791308e-01 -1.64902677e+01 
 1.49623566e+02  1.49308675e-01 -1.65182992e+01 
 1.51356125e+02  1.48819601e-01 -1.65467973e+01 
 1.53108746e+02  1.48324082e-01 -1.65757666e+01 
 1.54881662e+02  1.47821992e-01 -1.66052190e+01 
 1.56675107e+02  1.47313577e-01 -1.66351445e+01 
 1.58489319e+02  1.46798717e-01 -1.66655548e+01 
 1.60324539e+02  1.46277417e-01 -1.66964543e+01 
 1.62181010e+02  1.45749688e-01 -1.67278473e+01 
 1.64058977e+02  1.45215541e-01 -1.67597381e+01 
 1.65958691e+02  1.44674992e-01 -1.67921307e+01 
 1.67880402e+02  1.44128059e-01 -1.68250292e+01 
 1.69824365e+02  1.43574765e-01 -1.68584377e+01 
 1.71790839e+02  1.43015015e-01 -1.68923673e+01 
 1.73780083e+02  1.42449076e-01 -1.69268073e+01 
 1.75792361e+02  1.41876860e-01 -1.69617686e+01 
 1.77827941e+02  1.41298403e-01 -1.69972550e+01 
 1.79887092e+02  1.40713742e-01 -1.70332697e+01 
 1.81970086e+02  1.40122921e-01 -1.70698164e+01 
 1.84077200e+02  1.39525983e-01 -1.71068982e+01 
 1.86208714e+02  1.38922978e-01 -1.71445183e+01 
 1.88364909e+02  1.38313843e-01 -1.71826870e+01 
 1.90546072e+02  1.37698863e-01 -1.72213929e+01 
 1.92752491e+02  1.37077983e-01 -1.72606459e+01 
 1.94984460e+02  1.36451264e-01 -1.73004487e+01 
 1.97242274e+02  1.35818772e-01 -1.73408040e+01 
 1.99526231e+02  1.35180576e-01 -1.73817141e+01 
 2.01836636e+02  1.34536638e-01 -1.74231886e+01 
 2.04173794e+02  1.33887256e-01 -1.74652152e+01 
 2.06538016e+02  1.33232397e-01 -1.75078032e+01 
 2.08929613e+02  1.32572144e-01 -1.75509544e+01 
 2.11348904e+02  1.31906582e-01 -1.75946706e+01 
 2.13796209e+02  1.31235801e-01 -1.76389535e+01 
 2.16271852e+02  1.30559783e-01 -1.76838116e+01 
 2.18776162e+02  1.29878840e-01 -1.77292320e+01 
 2.21309471e+02  1.29192961e-01 -1.77752230e+01 
 2.23872114e+02  1.28502247e-01 -1.78217855e+01 
 2.26464431e+02  1.27806803e-01 -1.78689206e+01 
 2.29086765e+02  1.27106628e-01 -1.79166361e+01 
 2.31739465e+02  1.26402043e-01 -1.79649181e+01 
 2.34422882e+02  1.25693054e-01 -1.80137744e+01 
 2.37137371e+02  1.24979776e-01 -1.80632052e+01 
 2.39883292e+02  1.24262222e-01 -1.81132177e+01 
 2.42661010e+02  1.23540718e-01 -1.81637976e+01 
 2.45470892e+02  1.22815281e-01 -1.82149518e+01 
 2.48313311e+02  1.22086036e-01 -1.82666801e+01 
 2.51188643e+02  1.21353007e-01 -1.83189891e+01 
 2.54097271e+02  1.20616524e-01 -1.83718638e+01 
 2.57039578e+02  1.19876614e-01 -1.84253106e+01 
 2.60015956e+02  1.19133410e-01 -1.84793285e+01 
 2.63026799e+02  1.18386946e-01 -1.85339236e+01 
 2.66072506e+02  1.17637553e-01 -1.85890804e+01 
 2.69153480e+02  1.16885268e-01 -1.86448045e+01 
 2.72270131e+02  1.16130228e-01 -1.87010944e+01 
 2.75422870e+02  1.15372477e-01 -1.87579557e+01 
 2.78612117e+02  1.14612344e-01 -1.88153721e+01 
 2.81838293e+02  1.13849874e-01 -1.88733489e+01 
 2.85101827e+02  1.13085115e-01 -1.89318911e+01 
 2.88403150e+02  1.12318396e-01 -1.89909822e+01 
 2.91742701e+02  1.11549765e-01 -1.90506268e+01 
 2.95120923e+02  1.10779273e-01 -1.91108298e+01 
 2.98538262e+02  1.10007248e-01 -1.91715740e+01 
 3.01995172e+02  1.09233649e-01 -1.92328711e+01 
 3.05492111e+02  1.08458803e-01 -1.92947039e+01 
 3.09029543e+02  1.07682760e-01 -1.93570764e+01 
 3.12607937e+02  1.06905577e-01 -1.94199928e+01 
 3.16227766e+02  1.06127572e-01 -1.94834354e+01 
 3.19889511e+02  1.05348801e-01 -1.95474080e+01 
 3.23593657e+02  1.04569319e-01 -1.96119144e+01 
 3.27340695e+02  1.03789440e-01 -1.96769366e+01 
 3.31131121e+02  1.03009134e-01 -1.97424853e+01 
 3.34965439e+02  1.02228711e-01 -1.98085423e+01 
 3.38844156e+02  1.01448140e-01 -1.98751182e+01 
 3.42767787e+02  1.00667730e-01 -1.99421945e+01 
 3.46736850e+02  9.98874480e-02 -2.00097817e+01 
 3.50751874e+02  9.91075972e-02 -2.00778611e+01 
 3.54813389e+02  9.83281474e-02 -2.01464429e+01 
 3.58921935e+02  9.75493948e-02 -2.02155084e+01 
 3.63078055e+02  9.67713093e-02 -2.02850677e+01 
 3.67282300e+02  9.59941815e-02 -2.03551018e+01 
 3.71535229e+02  9.52179807e-02 -2.04256207e+01 
 3.75837404e+02  9.44429917e-02 -2.04966053e+01 
 3.80189396e+02  9.36691828e-02 -2.05680654e+01 
 3.84591782e+02  9.28967559e-02 -2.06399890e+01 
 3.89045145e+02  9.21259083e-02 -2.07123643e+01 
 3.93550075e+02  9.13566066e-02 -2.07852008e+01 
 3.98107171e+02  9.05891194e-02 -2.08584792e+01 
 4.02717034e+02  8.98234119e-02 -2.09322090e+01 
 4.07380278e+02  8.90596725e-02 -2.10063781e+01 
 4.12097519e+02  8.82980850e-02 -2.10809743e+01 
 4.16869383e+02  8.75386116e-02 -2.11560069e+01 
 4.21696503e+02  8.67814323e-02 -2.12314637e+01 
 4.26579519e+02  8.60266511e-02 -2.13073397e+01 
 4.31519077e+02  8.52744403e-02 -2.13836225e+01 
 4.36515832e+02  8.45247578e-02 -2.14603213e+01 
 4.41570447e+02  8.37777718e-02 -2.15374239e+01 
 4.46683592e+02  8.30335767e-02 -2.16149251e+01 
 4.51855944e+02  8.22922649e-02 -2.16928197e+01 
 4.57088190e+02  8.15539932e-02 -2.17710954e+01 
 4.62381021e+02  8.08187140e-02 -2.18497613e+01 
 4.67735141e+02  8.00865798e-02 -2.19288051e+01 
 4.73151259e+02  7.93576729e-02 -2.20082215e+01 
 4.78630092e+02  7.86320734e-02 -2.20880055e+01 
 4.84172368e+02  7.79098585e-02 -2.21681517e+01 
 4.89778819e+02  7.71911032e-02 -2.22486550e+01 
 4.95450191e+02  7.64758798e-02 -2.23295104e+01 
 5.01187234e+02  7.57642585e-02 -2.24107125e+01 
 5.06990708e+02  7.50563065e-02 -2.24922562e+01 
 5.12861384e+02  7.43520891e-02 -2.25741365e+01 
 5.18800039e+02  7.36516687e-02 -2.26563482e+01 
 5.24807460e+02  7.29551057e-02 -2.27388862e+01 
 5.30884444e+02  7.22624578e-02 -2.28217454e+01 
 5.37031796e+02  7.15737214e-02 -2.29049280e+01 
 5.43250331e+02  7.08890682e-02 -2.29884146e+01 
 5.49540874e+02  7.02084892e-02 -2.30722074e+01 
 5.55904257e+02  6.95320329e-02 -2.31563015e+01 
 5.62341325e+02  6.88596887e-02 -2.32406989e+01 
 5.68852931e+02  6.81916144e-02 -2.33253806e+01 
 5.75439937e+02  6.75277944e-02 -2.34103487e+01 
 5.82103218e+02  6.68682130e-02 -2.34956057e+01 
 5.88843655e+02  6.62130181e-02 -2.35811323e+01 
 5.95662144e+02  6.55621894e-02 -2.36669310e+01 
 6.02559586e+02  6.49157062e-02 -2.37530043e+01 
 6.09536897e+02  6.42737071e-02 -2.38393330e+01 
 6.16595002e+02  6.36361146e-02 -2.39259269e+01 
 6.23734835e+02  6.30030609e-02 -2.40127670e+01 
 6.30957344e+02  6.23744666e-02 -2.40998631e+01 
 6.38263486e+02  6.17504073e-02 -2.41872035e+01 
 6.45654229e+02  6.11309545e-02 -2.42747765e+01 
 6.53130553e+02  6.05160261e-02 -2.43625920e+01 
 6.60693448e+02  5.99056907e-02 -2.44506384e+01 
 6.68343918e+02  5.92999639e-02 -2.45389114e+01 
 6.76082975e+02  5.86988598e-02 -2.46274067e+01 
 6.83911647e+02  5.81024384e-02 -2.47161128e+01 
 6.91830971e+02  5.75106144e-02 -2.48050399e+01 
 6.99841996e+02  5.69234451e-02 -2.48941765e+01 
 7.07945784e+02  5.63409379e-02 -2.49835185e+01 
 7.16143410e+02  5.57630990e-02 -2.50730620e+01 
 7.24435960e+02  5.51898872e-02 -2.51628099e+01 
 7.32824533e+02  5.46213970e-02 -2.52527439e+01 
 7.41310241e+02  5.40575840e-02 -2.53428674e+01 
 7.49894209e+02  5.34984486e-02 -2.54331762e+01 
 7.58577575e+02  5.29439460e-02 -2.55236739e+01 
 7.67361489e+02  5.23941615e-02 -2.56143421e+01 
 7.76247117e+02  5.18490473e-02 -2.57051844e+01 
 7.85235635e+02  5.13085565e-02 -2.57962041e+01 
 7.94328235e+02  5.07727678e-02 -2.58873832e+01 
 8.03526122e+02  5.02415901e-02 -2.59787325e+01 
 8.12830516e+02  4.97150573e-02 -2.60702411e+01 
 8.22242650e+02  4.91931600e-02 -2.61619056e+01 
 8.31763771e+02  4.86759278e-02 -2.62537152e+01 
 8.41395142e+02  4.81632688e-02 -2.63456809e+01 
 8.51138038e+02  4.76552112e-02 -2.64377920e+01 
 8.60993752e+02  4.71517416e-02 -2.65300452e+01 
 8.70963590e+02  4.66528459e-02 -2.66224372e+01 
 8.81048873e+02  4.61585089e-02 -2.67149646e+01 
 8.91250938e+02  4.56686773e-02 -2.68076313e+01 
 9.01571138e+02  4.51834098e-02 -2.69004200e+01 
 9.12010839e+02  4.47026510e-02 -2.69933344e+01 
 9.22571427e+02  4.42263464e-02 -2.70863787e+01 
 9.33254301e+02  4.37545501e-02 -2.71795355e+01 
 9.44060876e+02  4.32871704e-02 -2.72728160e+01 
 9.54992586e+02  4.28242583e-02 -2.73662030e+01 
 9.66050879e+02  4.23657225e-02 -2.74597077e+01 
 9.77237221e+02  4.19115769e-02 -2.75533200e+01 
 9.88553095e+02  4.14617996e-02 -2.76470370e+01 
 1.00000000e+03  4.10163679e-02 -2.77408560e+01 
 1.01157945e+03  4.05752589e-02 -2.78347740e+01 
 1.02329299e+03  4.01384489e-02 -2.79287883e+01 
 1.03514217e+03  3.97058815e-02 -2.80229032e+01 
 1.04712855e+03  3.92775976e-02 -2.81171017e+01 
 1.05925373e+03  3.88535075e-02 -2.82113954e+01 
 1.07151931e+03  3.84336500e-02 -2.83057674e+01 
 1.08392691e+03  3.80179363e-02 -2.84002292e+01 
 1.09647820e+03  3.76063720e-02 -2.84947712e+01 
 1.10917482e+03  3.71989310e-02 -2.85893908e+01 
 1.12201845e+03  3.67955865e-02 -2.86840854e+01 
 1.13501082e+03  3.63963116e-02 -2.87788525e+01 
 1.14815362e+03  3.60010498e-02 -2.88736967e+01 
 1.16144861e+03  3.56098327e-02 -2.89686013e+01 
 1.17489755e+03  3.52225742e-02 -2.90635781e+01 
 1.18850223e+03  3.48393044e-02 -2.91586105e+01 
 1.20226443e+03  3.44599377e-02 -2.92537102e+01 
 1.21618600e+03  3.40844749e-02 -2.93488678e+01 
 1.23026877e+03  3.37128875e-02 -2.94440810e+01 
 1.24451461e+03  3.33451196e-02 -2.95393544e+01 
 1.25892541e+03  3.29811973e-02 -2.96346717e+01 
 1.27350308e+03  3.26210377e-02 -2.97300446e+01 
 1.28824955e+03  3.22646653e-02 -2.98254567e+01 
 1.30316678e+03  3.19119983e-02 -2.99209200e+01 
 1.31825674e+03  3.15630340e-02 -3.00164251e+01 
 1.33352143e+03  3.12177435e-02 -3.01119698e+01 
 1.34896288e+03  3.08760722e-02 -3.02075590e+01 
 1.36458314e+03  3.05380416e-02 -3.03031763e+01 
 1.38038426e+03  3.02035724e-02 -3.03988337e+01 
 1.39636836e+03  2.98726603e-02 -3.04945220e+01 
 1.41253754e+03  2.95452761e-02 -3.05902389e+01 
 1.42889396e+03  2.92213904e-02 -3.06859825e+01 
 1.44543977e+03  2.89009506e-02 -3.07817574e+01 
 1.46217717e+03  2.85839746e-02 -3.08775477e+01 
 1.47910839e+03  2.82703863e-02 -3.09733651e+01 
 1.49623566e+03  2.79601802e-02 -3.10692007e+01 
 1.51356125e+03  2.76533046e-02 -3.11650592e+01 
 1.53108746e+03  2.73497756e-02 -3.12609246e+01 
 1.54881662e+03  2.70495195e-02 -3.13568089e+01 
 1.56675107e+03  2.67525299e-02 -3.14527028e+01 
 1.58489319e+03  2.64587778e-02 -3.15486044e+01 
 1.60324539e+03  2.61682344e-02 -3.16445116e+01 
 1.62181010e+03  2.58808502e-02 -3.17404292e+01 
 1.64058977e+03  2.55966180e-02 -3.18363483e+01 
 1.65958691e+03  2.53155092e-02 -3.19322667e+01 
 1.67880402e+03  2.50374955e-02 -3.20281823e+01 
 1.69824365e+03  2.47625287e-02 -3.21241002e+01 
 1.71790839e+03  2.44906010e-02 -3.22200111e+01 
 1.73780083e+03  2.42216846e-02 -3.23159131e+01 
 1.75792361e+03  2.39557321e-02 -3.24118111e+01 
 1.77827941e+03  2.36927356e-02 -3.25076959e+01 
 1.79887092e+03  2.34326675e-02 -3.26035654e+01 
 1.81970086e+03  2.31755003e-02 -3.26994176e+01 
 1.84077200e+03  2.29211884e-02 -3.27952574e+01 
 1.86208714e+03  2.26697233e-02 -3.28910756e+01 
 1.88364909e+03  2.24210782e-02 -3.29868701e+01 
 1.90546072e+03  2.21752084e-02 -3.30826458e+01 
 1.92752491e+03  2.19321054e-02 -3.31783935e+01 
 1.94984460e+03  2.16917427e-02 -3.32741111e+01 
 1.97242274e+03  2.14540767e-02 -3.33698034e+01 
 1.99526231e+03  2.12190990e-02 -3.34654612e+01 
 2.01836636e+03  2.09867666e-02 -3.35610893e+01 
 2.04173794e+03  2.07570876e-02 -3.36566716e+01 
 2.06538016e+03  2.05299865e-02 -3.37522267e+01 
 2.08929613e+03  2.03054877e-02 -3.38477315e+01 
 2.11348904e+03  2.00835331e-02 -3.39431977e+01 
 2.13796209e+03  1.98640983e-02 -3.40386229e+01 
 2.16271852e+03  1.96471746e-02 -3.41339979e+01 
 2.18776162e+03  1.94327372e-02 -3.42293205e+01 
 2.21309471e+03  1.92207462e-02 -3.43245951e+01 
 2.23872114e+03  1.90111930e-02 -3.44198126e+01 
 2.26464431e+03  1.88040384e-02 -3.45149774e+01 
 2.29086765e+03  1.85992737e-02 -3.46100803e+01 
 2.31739465e+03  1.83968606e-02 -3.47051256e+01 
 2.34422882e+03  1.81967903e-02 -3.48001042e+01 
 2.37137371e+03  1.79990253e-02 -3.48950203e+01 
 2.39883292e+03  1.78035567e-02 -3.49898646e+01 
 2.42661010e+03  1.76103477e-02 -3.50846414e+01 
 2.45470892e+03  1.74193760e-02 -3.51793481e+01 
 2.48313311e+03  1.72306330e-02 -3.52739754e+01 
 2.51188643e+03  1.70440961e-02 -3.53685205e+01 
 2.54097271e+03  1.68597298e-02 -3.54629878e+01 
 2.57039578e+03  1.66775127e-02 -3.55573744e+01 
 2.60015956e+03  1.64974361e-02 -3.56516709e+01 
 2.63026799e+03  1.63194656e-02 -3.57458814e+01 
 2.66072506e+03  1.61435801e-02 -3.58400029e+01 
 2.69153480e+03  1.59697713e-02 -3.59340261e+01 
 2.72270131e+03  1.57980057e-02 -3.60279547e+01 
 2.75422870e+03  1.56282629e-02 -3.61217858e+01 
 2.78612117e+03  1.54605345e-02 -3.62155099e+01 
 2.81838293e+03  1.52947762e-02 -3.63091375e+01 
 2.85101827e+03  1.51310038e-02 -3.64026452e+01 
 2.88403150e+03  1.49691618e-02 -3.64960503e+01 
 2.91742701e+03  1.48092426e-02 -3.65893430e+01 
 2.95120923e+03  1.46512381e-02 -3.66825135e+01 
 2.98538262e+03  1.44951174e-02 -3.67755652e+01 
 3.01995172e+03  1.43408616e-02 -3.68684951e+01 
 3.05492111e+03  1.41884518e-02 -3.69612998e+01 
 3.09029543e+03  1.40378801e-02 -3.70539694e+01 
 3.12607937e+03  1.38891063e-02 -3.71465139e+01 
 3.16227766e+03  1.37421336e-02 -3.72389167e+01 
 3.19889511e+03  1.35969226e-02 -3.73311875e+01 
 3.23593657e+03  1.34534762e-02 -3.74233097e+01 
 3.27340695e+03  1.33117662e-02 -3.75152864e+01 
 3.31131121e+03  1.31717648e-02 -3.76071206e+01 
 3.34965439e+03  1.30334749e-02 -3.76987956e+01 
 3.38844156e+03  1.28968592e-02 -3.77903208e+01 
 3.42767787e+03  1.27619203e-02 -3.78816795e+01 
 3.46736850e+03  1.26286217e-02 -3.79728809e+01 
 3.50751874e+03  1.24969564e-02 -3.80639149e+01 
 3.54813389e+03  1.23669080e-02 -3.81547774e+01 
 3.58921935e+03  1.22384598e-02 -3.82454647e+01 
 3.63078055e+03  1.21115955e-02 -3.83359728e+01 
 3.67282300e+03  1.19862902e-02 -3.84263043e+01 
 3.71535229e+03  1.18625369e-02 -3.85164485e+01 
 3.75837404e+03  1.17403199e-02 -3.86064014e+01 
 3.80189396e+03  1.16196235e-02 -3.86961589e+01 
 3.84591782e+03  1.15004236e-02 -3.87857232e+01 
 3.89045145e+03  1.13827137e-02 -3.88750837e+01 
 3.93550075e+03  1.12664702e-02 -3.89642426e+01 
 3.98107171e+03  1.11516866e-02 -3.90531889e+01 
 4.02717034e+03  1.10383398e-02 -3.91419248e+01 
 4.07380278e+03  1.09264234e-02 -3.92304395e+01 
 4.12097519e+03  1.08159149e-02 -3.93187348e+01 
 4.16869383e+03  1.07068079e-02 -3.94067998e+01 
 4.21696503e+03  1.05990803e-02 -3.94946363e+01 
 4.26579519e+03  1.04927184e-02 -3.95822397e+01 
 4.31519077e+03  1.03877157e-02 -3.96695989e+01 
 4.36515832e+03  1.02840510e-02 -3.97567155e+01 
 4.41570447e+03  1.01817108e-02 -3.98435849e+01 
 4.46683592e+03  1.00806817e-02 -3.99302020e+01 
 4.51855944e+03  9.98095758e-03 -4.00165558e+01 
 4.57088190e+03  9.88251100e-03 -4.01026539e+01 
 4.62381021e+03  9.78534313e-03 -4.01884788e+01 
 4.67735141e+03  9.68942712e-03 -4.02740380e+01 
 4.73151259e+03  9.59475728e-03 -4.03593201e+01 
 4.78630092e+03  9.50132765e-03 -4.04443141e+01 
 4.84172368e+03  9.40911230e-03 -4.05290270e+01 
 4.89778819e+03  9.31810560e-03 -4.06134474e+01 
 4.95450191e+03  9.22828888e-03 -4.06975764e+01 
 5.01187234e+03  9.13966289e-03 -4.07813965e+01 
 5.06990708e+03  9.05220285e-03 -4.08649144e+01 
 5.12861384e+03  8.96589708e-03 -4.09481250e+01 
 5.18800039e+03  8.88074010e-03 -4.10310168e+01 
 5.24807460e+03  8.79672017e-03 -4.11135845e+01 
 5.30884444e+03  8.71381979e-03 -4.11958285e+01 
 5.37031796e+03  8.63202768e-03 -4.12777435e+01 
 5.43250331e+03  8.55133845e-03 -4.13593181e+01 
 5.49540874e+03  8.47172942e-03 -4.14405585e+01 
 5.55904257e+03  8.39320108e-03 -4.15214474e+01 
 5.62341325e+03  8.31573679e-03 -4.16019853e+01 
 5.68852931e+03  8.23932578e-03 -4.16821665e+01 
 5.75439937e+03  8.16395735e-03 -4.17619855e+01 
 5.82103218e+03  8.08962092e-03 -4.18414366e+01 
 5.88843655e+03  8.01630596e-03 -4.19205143e+01 
 5.95662144e+03  7.94399692e-03 -4.19992187e+01 
 6.02559586e+03  7.87268874e-03 -4.20775384e+01 
 6.09536897e+03  7.80237119e-03 -4.21554678e+01 
 6.16595002e+03  7.73302916e-03 -4.22330070e+01 
 6.23734835e+03  7.66465763e-03 -4.23101448e+01 
 6.30957344e+03  7.59724179e-03 -4.23868810e+01 
 6.38263486e+03  7.53077193e-03 -4.24632101e+01 
 6.45654229e+03  7.46523840e-03 -4.25391264e+01 
 6.53130553e+03  7.40063161e-03 -4.26146243e+01 
 6.60693448e+03  7.33694660e-03 -4.26896928e+01 
 6.68343918e+03  7.27416479e-03 -4.27643373e+01 
 6.76082975e+03  7.21228143e-03 -4.28385467e+01 
 6.83911647e+03  7.15128720e-03 -4.29123156e+01 
 6.91830971e+03  7.09116860e-03 -4.29856438e+01 
 6.99841996e+03  7.03192087e-03 -4.30585205e+01 
 7.07945784e+03  6.97353074e-03 -4.31309456e+01 
 7.16143410e+03  6.91598936e-03 -4.32029137e+01 
 7.24435960e+03  6.85929196e-03 -4.32744142e+01 
 7.32824533e+03  6.80342564e-03 -4.33454471e+01 
 7.41310241e+03  6.74837780e-03 -4.34160122e+01 
 7.49894209e+03  6.69414771e-03 -4.34860942e+01 
 7.58577575e+03  6.64071900e-03 -4.35556979e+01 
 7.67361489e+03  6.58808333e-03 -4.36248183e+01 
 7.76247117e+03  6.53623609e-03 -4.36934454e+01 
 7.85235635e+03  6.48516885e-03 -4.37615742e+01 
 7.94328235e+03  6.43486966e-03 -4.38292049e+01 
 8.03526122e+03  6.38532683e-03 -4.38963374e+01 
 8.12830516e+03  6.33653937e-03 -4.39629572e+01 
 8.22242650e+03  6.28849221e-03 -4.40290695e+01 
 8.31763771e+03  6.24118084e-03 -4.40946647e+01 
 8.41395142e+03  6.19459729e-03 -4.41597384e+01 
 8.51138038e+03  6.14873035e-03 -4.42242910e+01 
 8.60993752e+03  6.10357228e-03 -4.42883182e+01 
 8.70963590e+03  6.05911538e-03 -4.43518155e+01 
 8.81048873e+03  6.01534887e-03 -4.44147836e+01 
 8.91250938e+03  5.97227139e-03 -4.44772093e+01 
 9.01571138e+03  5.92986918e-03 -4.45390978e+01 
 9.12010839e+03  5.88813481e-03 -4.46004451e+01 
 9.22571427e+03  5.84706385e-03 -4.46612433e+01 
 9.33254301e+03  5.80664303e-03 -4.47214974e+01 
 9.44060876e+03  5.76687087e-03 -4.47811955e+01 
 9.54992586e+03  5.72773436e-03 -4.48403426e+01 
 9.66050879e+03  5.68922640e-03 -4.48989357e+01 
 9.77237221e+03  5.65133990e-03 -4.49569714e+01 
 9.88553095e+03  5.61407046e-03 -4.50144428e+01 
 1.00000000e+04  5.57740572e-03 -4.50713552e+01 
 1.01157945e+04  5.54134136e-03 -4.51277019e+01 
 1.02329299e+04  5.50586791e-03 -4.51834842e+01 
 1.03514217e+04  5.47098102e-03 -4.52386958e+01 
 1.04712855e+04  5.43666891e-03 -4.52933423e+01 
 1.05925373e+04  5.40292733e-03 -4.53474175e+01 
 1.07151931e+04  5.36974721e-03 -4.54009232e+01 
 1.08392691e+04  5.33712425e-03 -4.54538537e+01 
 1.09647820e+04  5.30504722e-03 -4.55062149e+01 
 1.10917482e+04  5.27351195e-03 -4.55580013e+01 
 1.12201845e+04  5.24251190e-03 -4.56092115e+01 
 1.13501082e+04  5.21203626e-03 -4.56598514e+01 
 1.14815362e+04  5.18208304e-03 -4.57099126e+01 
 1.16144861e+04  5.15264161e-03 -4.57594013e+01 
 1.17489755e+04  5.12370577e-03 -4.58083164e+01 
 1.18850223e+04  5.09526933e-03 -4.58566571e+01 
 1.20226443e+04  5.06732814e-03 -4.59044194e+01 
 1.21618600e+04  5.03987009e-03 -4.59516132e+01 
 1.23026877e+04  5.01289119e-03 -4.59982344e+01 
 1.24451461e+04  4.98638733e-03 -4.60442798e+01 
 1.25892541e+04  4.96034690e-03 -4.60897590e+01 
 1.27350308e+04  4.93476778e-03 -4.61346656e+01 
 1.28824955e+04  4.90964047e-03 -4.61790062e+01 
 1.30316678e+04  4.88496102e-03 -4.62227779e+01 
 1.31825674e+04  4.86072019e-03 -4.62659876e+01 
 1.33352143e+04  4.83691580e-03 -4.63086295e+01 
 1.34896288e+04  4.81353710e-03 -4.63507135e+01 
 1.36458314e+04  4.79058192e-03 -4.63922346e+01 
 1.38038426e+04  4.76804145e-03 -4.64331996e+01 
 1.39636836e+04  4.74590869e-03 -4.64736124e+01 
 1.41253754e+04  4.72418144e-03 -4.65134686e+01 
 1.42889396e+04  4.70285119e-03 -4.65527753e+01 
 1.44543977e+04  4.68191120e-03 -4.65915366e+01 
 1.46217717e+04  4.66135776e-03 -4.66297513e+01 
 1.47910839e+04  4.64118277e-03 -4.66674266e+01 
 1.49623566e+04  4.62138260e-03 -4.67045615e+01 
 1.51356125e+04  4.60195074e-03 -4.67411607e+01 
 1.53108746e+04  4.58288085e-03 -4.67772287e+01 
 1.54881662e+04  4.56416932e-03 -4.68127651e+01 
 1.56675107e+04  4.54580728e-03 -4.68477796e+01 
 1.58489319e+04  4.52779255e-03 -4.68822696e+01 
 1.60324539e+04  4.51011652e-03 -4.69162448e+01 
 1.62181010e+04  4.49277702e-03 -4.69497027e+01 
 1.64058977e+04  4.47576689e-03 -4.69826508e+01 
 1.65958691e+04  4.45908036e-03 -4.70150940e+01 
 1.67880402e+04  4.44271293e-03 -4.70470350e+01 
 1.69824365e+04  4.42666012e-03 -4.70784764e+01 
 1.71790839e+04  4.41091633e-03 -4.71094236e+01 
 1.73780083e+04  4.39547500e-03 -4.71398837e+01 
 1.75792361e+04  4.38033405e-03 -4.71698554e+01 
 1.77827941e+04  4.36548595e-03 -4.71993481e+01 
 1.79887092e+04  4.35092659e-03 -4.72283649e+01 
 1.81970086e+04  4.33665182e-03 -4.72569089e+01 
 1.84077200e+04  4.32265654e-03 -4.72849854e+01 
 1.86208714e+04  4.30893576e-03 -4.73125996e+01 
 1.88364909e+04  4.29548456e-03 -4.73397568e+01 
 1.90546072e+04  4.28229812e-03 -4.73664620e+01 
 1.92752491e+04  4.26937354e-03 -4.73927169e+01 
 1.94984460e+04  4.25670427e-03 -4.74185304e+01 
 1.97242274e+04  4.24428664e-03 -4.74439059e+01 
 1.99526231e+04  4.23211699e-03 -4.74688467e+01 
 2.01836636e+04  4.22019082e-03 -4.74933582e+01 
 2.04173794e+04  4.20850207e-03 -4.75174491e+01 
 2.06538016e+04  4.19704894e-03 -4.75411193e+01 
 2.08929613e+04  4.18582555e-03 -4.75643775e+01 
 2.11348904e+04  4.17482932e-03 -4.75872255e+01 
 2.13796209e+04  4.16405460e-03 -4.76096717e+01 
 2.16271852e+04  4.15349815e-03 -4.76317196e+01 
 2.18776162e+04  4.14315603e-03 -4.76533742e+01 
 2.21309471e+04  4.13302364e-03 -4.76746422e+01 
 2.23872114e+04  4.12309863e-03 -4.76955255e+01 
 2.26464431e+04  4.11337653e-03 -4.77160307e+01 
 2.29086765e+04  4.10385299e-03 -4.77361641e+01 
 2.31739465e+04  4.09452444e-03 -4.77559306e+01 
 2.34422882e+04  4.08538804e-03 -4.77753337e+01 
 2.37137371e+04  4.07643966e-03 -4.77943796e+01 
 2.39883292e+04  4.06767594e-03 -4.78130731e+01 
 2.42661010e+04  4.05909354e-03 -4.78314188e+01 
 2.45470892e+04  4.05068921e-03 -4.78494215e+01 
 2.48313311e+04  4.04245858e-03 -4.78670884e+01 
 2.51188643e+04  4.03439970e-03 -4.78844215e+01 
 2.54097271e+04  4.02650836e-03 -4.79014279e+01 
 2.57039578e+04  4.01878158e-03 -4.79181119e+01 
 2.60015956e+04  4.01121645e-03 -4.79344781e+01 
 2.63026799e+04  4.00380954e-03 -4.79505318e+01 
 2.66072506e+04  3.99655757e-03 -4.79662785e+01 
 2.69153480e+04  3.98945880e-03 -4.79817203e+01 
 2.72270131e+04  3.98250853e-03 -4.79968657e+01 
 2.75422870e+04  3.97570515e-03 -4.80117166e+01 
 2.78612117e+04  3.96904560e-03 -4.80262782e+01 
 2.81838293e+04  3.96252644e-03 -4.80405565e+01 
 2.85101827e+04  3.95614568e-03 -4.80545545e+01 
 2.88403150e+04  3.94989959e-03 -4.80682789e+01 
 2.91742701e+04  3.94378673e-03 -4.80817316e+01 
 2.95120923e+04  3.93780352e-03 -4.80949191e+01 
 2.98538262e+04  3.93194775e-03 -4.81078452e+01 
 3.01995172e+04  3.92621684e-03 -4.81205144e+01 
 3.05492111e+04  3.92060828e-03 -4.81329309e+01 
 3.09029543e+04  3.91511962e-03 -4.81450993e+01 
 3.12607937e+04  3.90974846e-03 -4.81570236e+01 
 3.16227766e+04  3.90449248e-03 -4.81687082e+01 
 3.19889511e+04  3.89934903e-03 -4.81801578e+01 
 3.23593657e+04  3.89431627e-03 -4.81913756e+01 
 3.27340695e+04  3.88939204e-03 -4.82023656e+01 
 3.31131121e+04  3.88457353e-03 -4.82131331e+01 
 3.34965439e+04  3.87985906e-03 -4.82236810e+01 
 3.38844156e+04  3.87524662e-03 -4.82340131e+01 
 3.42767787e+04  3.87073362e-03 -4.82441343e+01 
 3.46736850e+04  3.86631820e-03 -4.82540481e+01 
 3.50751874e+04  3.86199853e-03 -4.82637579e+01 
 3.54813389e+04  3.85777252e-03 -4.82732677e+01 
 3.58921935e+04  3.85363814e-03 -4.82825814e+01 
 3.63078055e+04  3.84959373e-03 -4.82917020e+01 
 3.67282300e+04  3.84563737e-03 -4.83006334e+01 
 3.71535229e+04  3.84176691e-03 -4.83093798e+01 
 3.75837404e+04  3.83798110e-03 -4.83179434e+01 
 3.80189396e+04  3.83427766e-03 -4.83263288e+01 
 3.84591782e+04  3.83065514e-03 -4.83345389e+01 
 3.89045145e+04  3.82711165e-03 -4.83425773e+01 
 3.93550075e+04  3.82364584e-03 -4.83504468e+01 
 3.98107171e+04  3.82025590e-03 -4.83581509e+01 
 4.02717034e+04  3.81694011e-03 -4.83656931e+01 
 4.07380278e+04  3.81369700e-03 -4.83730763e+01 
 4.12097519e+04  3.81052540e-03 -4.83803028e+01 
 4.16869383e+04  3.80742305e-03 -4.83873773e+01 
 4.21696503e+04  3.80438929e-03 -4.83943010e+01 
 4.26579519e+04  3.80142200e-03 -4.84010783e+01 
 4.31519077e+04  3.79852014e-03 -4.84077113e+01 
 4.36515832e+04  3.79568214e-03 -4.84142033e+01 
 4.41570447e+04  3.79290684e-03 -4.84205565e+01 
 4.46683592e+04  3.79019275e-03 -4.84267741e+01 
 4.51855944e+04  3.78753861e-03 -4.84328586e+01 
 4.57088190e+04  3.78494302e-03 -4.84388131e+01 
 4.62381021e+04  3.78240501e-03 -4.84446394e+01 
 4.67735141e+04  3.77992307e-03 -4.84503408e+01 
 4.73151259e+04  3.77749596e-03 -4.84559198e+01 
 4.78630092e+04  3.77512281e-03 -4.84613783e+01 
 4.84172368e+04  3.77280227e-03 -4.84667191e+01 
 4.89778819e+04  3.77053304e-03 -4.84719450e+01 
 4.95450191e+04  3.76831438e-03 -4.84770575e+01 
 5.01187234e+04  3.76614490e-03 -4.84820595e+01 
 5.06990708e+04  3.76402361e-03 -4.84869532e+01 
 5.12861384e+04  3.76194955e-03 -4.84917407e+01 
 5.18800039e+04  3.75992163e-03 -4.84964241e+01 
 5.24807460e+04  3.75793897e-03 -4.85010055e+01 
 5.30884444e+04  3.75600029e-03 -4.85054877e+01 
 5.37031796e+04  3.75410491e-03 -4.85098719e+01 
 5.43250331e+04  3.75225192e-03 -4.85141602e+01 
 5.49540874e+04  3.75044005e-03 -4.85183554e+01 
 5.55904257e+04  3.74866885e-03 -4.85224585e+01 
 5.62341325e+04  3.74693712e-03 -4.85264719e+01 
 5.68852931e+04  3.74524399e-03 -4.85303977e+01 
 5.75439937e+04  3.74358885e-03 -4.85342371e+01 
 5.82103218e+04  3.74197074e-03 -4.85379922e+01 
 5.88843655e+04  3.74038880e-03 -4.85416650e+01 
 5.95662144e+04  3.73884227e-03 -4.85452571e+01 
 6.02559586e+04  3.73733044e-03 -4.85487700e+01 
 6.09536897e+04  3.73585252e-03 -4.85522055e+01 
 6.16595002e+04  3.73440768e-03 -4.85555655e+01 
 6.23734835e+04  3.73299529e-03 -4.85588512e+01 
 6.30957344e+04  3.73161458e-03 -4.85620644e+01 
 6.38263486e+04  3.73026491e-03 -4.85652065e+01 
 6.45654229e+04  3.72894557e-03 -4.85682791e+01 
 6.53130553e+04  3.72765589e-03 -4.85712837e+01 
 6.60693448e+04  3.72639522e-03 -4.85742217e+01 
 6.68343918e+04  3.72516288e-03 -4.85770947e+01 
 6.76082975e+04  3.72395828e-03 -4.85799039e+01 
 6.83911647e+04  3.72278081e-03 -4.85826507e+01 
 6.91830971e+04  3.72162994e-03 -4.85853363e+01 
 6.99841996e+04  3.72050494e-03 -4.85879623e+01 
 7.07945784e+04  3.71940530e-03 -4.85905299e+01 
 7.16143410e+04  3.71833051e-03 -4.85930402e+01 
 7.24435960e+04  3.71728000e-03 -4.85954945e+01 
 7.32824533e+04  3.71625314e-03 -4.85978942e+01 
 7.41310241e+04  3.71524956e-03 -4.86002402e+01 
 7.49894209e+04  3.71426860e-03 -4.86025339e+01 
 7.58577575e+04  3.71330990e-03 -4.86047761e+01 
 7.67361489e+04  3.71237279e-03 -4.86069684e+01 
 7.76247117e+04  3.71145697e-03 -4.86091114e+01 
 7.85235635e+04  3.71056189e-03 -4.86112064e+01 
 7.94328235e+04  3.70968705e-03 -4.86132545e+01 
 8.03526122e+04  3.70883208e-03 -4.86152566e+01 
 8.12830516e+04  3.70799649e-03 -4.86172137e+01 
 8.22242650e+04  3.70717986e-03 -4.86191269e+01 
 8.31763771e+04  3.70638178e-03 -4.86209969e+01 
 8.41395142e+04  3.70560185e-03 -4.86228249e+01 
 8.51138038e+04  3.70483961e-03 -4.86246118e+01 
 8.60993752e+04  3.70409475e-03 -4.86263582e+01 
 8.70963590e+04  3.70336679e-03 -4.86280654e+01 
 8.81048873e+04  3.70265546e-03 -4.86297340e+01 
 8.91250938e+04  3.70196027e-03 -4.86313649e+01 
 9.01571138e+04  3.70128097e-03 -4.86329589e+01 
 9.12010839e+04  3.70061718e-03 -4.86345168e+01 
 9.22571427e+04  3.69996850e-03 -4.86360395e+01 
 9.33254301e+04  3.69933469e-03 -4.86375275e+01 
 9.44060876e+04  3.69871534e-03 -4.86389818e+01 
 9.54992586e+04  3.69811015e-03 -4.86404031e+01 
 9.66050879e+04  3.69751881e-03 -4.86417922e+01 
 9.77237221e+04  3.69694101e-03 -4.86431496e+01 
 9.88553095e+04  3.69637650e-03 -4.86444760e+01 
 1.00000000e+05  3.69582491e-03 -4.86457722e+01 
 1.01157945e+05  3.69528598e-03 -4.86470389e+01 
 1.02329299e+05  3.69475942e-03 -4.86482767e+01 
 1.03514217e+05  3.69424501e-03 -4.86494861e+01 
 1.04712855e+05  3.69374242e-03 -4.86506679e+01 
 1.05925373e+05  3.69325143e-03 -4.86518225e+01 
 1.07151931e+05  3.69277176e-03 -4.86529507e+01 
 1.08392691e+05  3.69230317e-03 -4.86540529e+01 
 1.09647820e+05  3.69184540e-03 -4.86551299e+01 
 1.10917482e+05  3.69139824e-03 -4.86561820e+01 
 1.12201845e+05  3.69096143e-03 -4.86572099e+01 
 1.13501082e+05  3.69053475e-03 -4.86582140e+01 
 1.14815362e+05  3.69011799e-03 -4.86591950e+01 
 1.16144861e+05  3.68971091e-03 -4.86601532e+01 
 1.17489755e+05  3.68931330e-03 -4.86610893e+01 
 1.18850223e+05  3.68892497e-03 -4.86620036e+01 
 1.20226443e+05  3.68854572e-03 -4.86628966e+01 
 1.21618600e+05  3.68817534e-03 -4.86637688e+01 
 1.23026877e+05  3.68781361e-03 -4.86646207e+01 
 1.24451461e+05  3.68746039e-03 -4.86654527e+01 
 1.25892541e+05  3.68711548e-03 -4.86662652e+01 
 1.27350308e+05  3.68677866e-03 -4.86670587e+01 
 1.28824955e+05  3.68644981e-03 -4.86678335e+01 
 1.30316678e+05  3.68612875e-03 -4.86685900e+01 
 1.31825674e+05  3.68581526e-03 -4.86693287e+01 
 1.33352143e+05  3.68550922e-03 -4.86700500e+01 
 1.34896288e+05  3.68521047e-03 -4.86707541e+01 
 1.36458314e+05  3.68491885e-03 -4.86714414e+01 
 1.38038426e+05  3.68463418e-03 -4.86721125e+01 
 1.39636836e+05  3.68435633e-03 -4.86727675e+01 
 1.41253754e+05  3.68408517e-03 -4.86734068e+01 
 1.42889396e+05  3.68382054e-03 -4.86740307e+01 
 1.44543977e+05  3.68356230e-03 -4.86746396e+01 
 1.46217717e+05  3.68331031e-03 -4.86752338e+01 
 1.47910839e+05  3.68306447e-03 -4.86758136e+01 
 1.49623566e+05  3.68282461e-03 -4.86763793e+01 
 1.51356125e+05  3.68259063e-03 -4.86769311e+01 
 1.53108746e+05  3.68236239e-03 -4.86774695e+01 
 1.54881662e+05  3.68213978e-03 -4.86779946e+01 
 1.56675107e+05  3.68192269e-03 -4.86785067e+01 
 1.58489319e+05  3.68171098e-03 -4.86790061e+01 
 1.60324539e+05  3.68150456e-03 -4.86794931e+01 
 1.62181010e+05  3.68130333e-03 -4.86799679e+01 
 1.64058977e+05  3.68110717e-03 -4.86804308e+01 
 1.65958691e+05  3.68091596e-03 -4.86808820e+01 
 1.67880402e+05  3.68072964e-03 -4.86813216e+01 
 1.69824365e+05  3.68054807e-03 -4.86817501e+01 
 1.71790839e+05  3.68037119e-03 -4.86821676e+01 
 1.73780083e+05  3.68019888e-03 -4.86825742e+01 
 1.75792361e+05  3.68003106e-03 -4.86829703e+01 
 1.77827941e+05  3.67986765e-03 -4.86833560e+01 
 1.79887092e+05  3.67970855e-03 -4.86837316e+01 
 1.81970086e+05  3.67955368e-03 -4.86840971e+01 
 1.84077200e+05  3.67940296e-03 -4.86844529e+01 
 1.86208714e+05  3.67925631e-03 -4.86847991e+01 
 1.88364909e+05  3.67911366e-03 -4.86851359e+01 
 1.90546072e+05  3.67897492e-03 -4.86854635e+01 
 1.92752491e+05  3.67884003e-03 -4.86857819e+01 
 1.94984460e+05  3.67870892e-03 -4.86860915e+01 
 1.97242274e+05  3.67858151e-03 -4.86863923e+01 
 1.99526231e+05  3.67845773e-03 -4.86866846e+01 
 2.01836636e+05  3.67833753e-03 -4.86869684e+01 
 2.04173794e+05  3.67822084e-03 -4.86872440e+01 
 2.06538016e+05  3.67810759e-03 -4.86875114e+01 
 2.08929613e+05  3.67799774e-03 -4.86877709e+01 
 2.11348904e+05  3.67789121e-03 -4.86880224e+01 
 2.13796209e+05  3.67778796e-03 -4.86882663e+01 
 2.16271852e+05  3.67768793e-03 -4.86885025e+01 
 2.18776162e+05  3.67759106e-03 -4.86887313e+01 
 2.21309471e+05  3.67749731e-03 -4.86889527e+01 
 2.23872114e+05  3.67740662e-03 -4.86891669e+01 
 2.26464431e+05  3.67731895e-03 -4.86893740e+01 
 2.29086765e+05  3.67723425e-03 -4.86895741e+01 
 2.31739465e+05  3.67715248e-03 -4.86897672e+01 
 2.34422882e+05  3.67707360e-03 -4.86899535e+01 
 2.37137371e+05  3.67699755e-03 -4.86901332e+01 
 2.39883292e+05  3.67692431e-03 -4.86903062e+01 
 2.42661010e+05  3.67685383e-03 -4.86904727e+01 
 2.45470892e+05  3.67678608e-03 -4.86906327e+01 
 2.48313311e+05  3.67672102e-03 -4.86907864e+01 
 2.51188643e+05  3.67665861e-03 -4.86909339e+01 
 2.54097271e+05  3.67659883e-03 -4.86910751e+01 
 2.57039578e+05  3.67654164e-03 -4.86912102e+01 
 2.60015956e+05  3.67648701e-03 -4.86913393e+01 
 2.63026799e+05  3.67643491e-03 -4.86914624e+01 
 2.66072506e+05  3.67638532e-03 -4.86915795e+01 
 2.69153480e+05  3.67633820e-03 -4.86916909e+01 
 2.72270131e+05  3.67629354e-03 -4.86917964e+01 
 2.75422870e+05  3.67625131e-03 -4.86918962e+01 
 2.78612117e+05  3.67621149e-03 -4.86919902e+01 
 2.81838293e+05  3.67617405e-03 -4.86920787e+01 
 2.85101827e+05  3.67613898e-03 -4.86921616e+01 
 2.88403150e+05  3.67610626e-03 -4.86922389e+01 
 2.91742701e+05  3.67607587e-03 -4.86923107e+01 
 2.95120923e+05  3.67604780e-03 -4.86923770e+01 
 2.98538262e+05  3.67602202e-03 -4.86924379e+01 
 3.01995172e+05  3.67599854e-03 -4.86924934e+01 
 3.05492111e+05  3.67597732e-03 -4.86925435e+01 
 3.09029543e+05  3.67595837e-03 -4.86925883e+01 
 3.12607937e+05  3.67594167e-03 -4.86926278e+01 
 3.16227766e+05  3.67592722e-03 -4.86926619e+01 
 3.19889511e+05  3.67591500e-03 -4.86926908e+01 
 3.23593657e+05  3.67590501e-03 -4.86927144e+01 
 3.27340695e+05  3.67589725e-03 -4.86927327e+01 
 3.31131121e+05  3.67589171e-03 -4.86927458e+01 
 3.34965439e+05  3.67588838e-03 -4.86927537e+01 
 3.38844156e+05  3.67588727e-03 -4.86927563e+01 
 3.42767787e+05  3.67588838e-03 -4.86927537e+01 
 3.46736850e+05  3.67589170e-03 -4.86927459e+01 
 3.50751874e+05  3.67589723e-03 -4.86927328e+01 
 3.54813389e+05  3.67590499e-03 -4.86927144e+01 
 3.58921935e+05  3.67591498e-03 -4.86926908e+01 
 3.63078055e+05  3.67592719e-03 -4.86926620e+01 
 3.67282300e+05  3.67594164e-03 -4.86926279e+01 
 3.71535229e+05  3.67595833e-03 -4.86925884e+01 
 3.75837404e+05  3.67597727e-03 -4.86925436e+01 
 3.80189396e+05  3.67599848e-03 -4.86924935e+01 
 3.84591782e+05  3.67602196e-03 -4.86924381e+01 
 3.89045145e+05  3.67604772e-03 -4.86923772e+01 
 3.93550075e+05  3.67607579e-03 -4.86923109e+01 
 3.98107171e+05  3.67610617e-03 -4.86922391e+01 
 4.02717034e+05  3.67613887e-03 -4.86921618e+01 
 4.07380278e+05  3.67617393e-03 -4.86920790e+01 
 4.12097519e+05  3.67621135e-03 -4.86919906e+01 
 4.16869383e+05  3.67625116e-03 -4.86918965e+01 
 4.21696503e+05  3.67629337e-03 -4.86917968e+01 
 4.26579519e+05  3.67633802e-03 -4.86916913e+01 
 4.31519077e+05  3.67638511e-03 -4.86915800e+01 
 4.36515832e+05  3.67643468e-03 -4.86914629e+01 
 4.41570447e+05  3.67648676e-03 -4.86913399e+01 
 4.46683592e+05  3.67654136e-03 -4.86912109e+01 
 4.51855944e+05  3.67659853e-03 -4.86910758e+01 
 4.57088190e+05  3.67665828e-03 -4.86909347e+01 
 4.62381021e+05  3.67672066e-03 -4.86907873e+01 
 4.67735141e+05  3.67678568e-03 -4.86906337e+01 
 4.73151259e+05  3.67685340e-03 -4.86904737e+01 
 4.78630092e+05  3.67692384e-03 -4.86903073e+01 
 4.84172368e+05  3.67699704e-03 -4.86901344e+01 
 4.89778819e+05  3.67707304e-03 -4.86899549e+01 
 4.95450191e+05  3.67715187e-03 -4.86897687e+01 
 5.01187234e+05  3.67723359e-03 -4.86895756e+01 
 5.06990708e+05  3.67731823e-03 -4.86893757e+01 
 5.12861384e+05  3.67740584e-03 -4.86891688e+01 
 5.18800039e+05  3.67749647e-03 -4.86889547e+01 
 5.24807460e+05  3.67759015e-03 -4.86887334e+01 
 5.30884444e+05  3.67768695e-03 -4.86885048e+01 
 5.37031796e+05  3.67778691e-03 -4.86882688e+01 
 5.43250331e+05  3.67789008e-03 -4.86880251e+01 
 5.49540874e+05  3.67799652e-03 -4.86877737e+01 
 5.55904257e+05  3.67810628e-03 -4.86875145e+01 
 5.62341325e+05  3.67821943e-03 -4.86872473e+01 
 5.68852931e+05  3.67833602e-03 -4.86869720e+01 
 5.75439937e+05  3.67845611e-03 -4.86866884e+01 
 5.82103218e+05  3.67857977e-03 -4.86863964e+01 
 5.88843655e+05  3.67870706e-03 -4.86860959e+01 
 5.95662144e+05  3.67883804e-03 -4.86857866e+01 
 6.02559586e+05  3.67897280e-03 -4.86854685e+01 
 6.09536897e+05  3.67911139e-03 -4.86851413e+01 
 6.16595002e+05  3.67925389e-03 -4.86848049e+01 
 6.23734835e+05  3.67940037e-03 -4.86844590e+01 
 6.30957344e+05  3.67955092e-03 -4.86841037e+01 
 6.38263486e+05  3.67970560e-03 -4.86837385e+01 
 6.45654229e+05  3.67986451e-03 -4.86833634e+01 
 6.53130553e+05  3.68002773e-03 -4.86829782e+01 
 6.60693448e+05  3.68019533e-03 -4.86825826e+01 
 6.68343918e+05  3.68036741e-03 -4.86821765e+01 
 6.76082975e+05  3.68054406e-03 -4.86817596e+01 
 6.83911647e+05  3.68072537e-03 -4.86813317e+01 
 6.91830971e+05  3.68091143e-03 -4.86808927e+01 
 6.99841996e+05  3.68110235e-03 -4.86804421e+01 
 7.07945784e+05  3.68129822e-03 -4.86799800e+01 
 7.16143410e+05  3.68149915e-03 -4.86795059e+01 
 7.24435960e+05  3.68170523e-03 -4.86790197e+01 
 7.32824533e+05  3.68191659e-03 -4.86785211e+01 
 7.41310241e+05  3.68213332e-03 -4.86780098e+01 
 7.49894209e+05  3.68235555e-03 -4.86774856e+01 
 7.58577575e+05  3.68258338e-03 -4.86769482e+01 
 7.67361489e+05  3.68281694e-03 -4.86763973e+01 
 7.76247117e+05  3.68305635e-03 -4.86758327e+01 
 7.85235635e+05  3.68330174e-03 -4.86752540e+01 
 7.94328235e+05  3.68355322e-03 -4.86746610e+01 
 8.03526122e+05  3.68381094e-03 -4.86740533e+01 
 8.12830516e+05  3.68407503e-03 -4.86734307e+01 
 8.22242650e+05  3.68434562e-03 -4.86727927e+01 
 8.31763771e+05  3.68462285e-03 -4.86721392e+01 
 8.41395142e+05  3.68490688e-03 -4.86714697e+01 
 8.51138038e+05  3.68519784e-03 -4.86707838e+01 
 8.60993752e+05  3.68549590e-03 -4.86700814e+01 
 8.70963590e+05  3.68580119e-03 -4.86693619e+01 
 8.81048873e+05  3.68611389e-03 -4.86686250e+01 
 8.91250938e+05  3.68643416e-03 -4.86678704e+01 
 9.01571138e+05  3.68676216e-03 -4.86670976e+01 
 9.12010839e+05  3.68709806e-03 -4.86663062e+01 
 9.22571427e+05  3.68744203e-03 -4.86654960e+01 
 9.33254301e+05  3.68779426e-03 -4.86646663e+01 
 9.44060876e+05  3.68815493e-03 -4.86638169e+01 
 9.54992586e+05  3.68852422e-03 -4.86629472e+01 
 9.66050879e+05  3.68890233e-03 -4.86620569e+01 
 9.77237221e+05  3.68928945e-03 -4.86611454e+01 
 9.88553095e+05  3.68968578e-03 -4.86602124e+01 
 1.00000000e+06  3.69009152e-03 -4.86592572e+01 
 1.01157945e+06  3.69050689e-03 -4.86582796e+01 
 1.02329299e+06  3.69093210e-03 -4.86572789e+01 
 1.03514217e+06  3.69136737e-03 -4.86562546e+01 
 1.04712855e+06  3.69181293e-03 -4.86552063e+01 
 1.05925373e+06  3.69226899e-03 -4.86541333e+01 
 1.07151931e+06  3.69273580e-03 -4.86530353e+01 
 1.08392691e+06  3.69321361e-03 -4.86519115e+01 
 1.09647820e+06  3.69370265e-03 -4.86507614e+01 
 1.10917482e+06  3.69420317e-03 -4.86495845e+01 
 1.12201845e+06  3.69471544e-03 -4.86483801e+01 
 1.13501082e+06  3.69523971e-03 -4.86471477e+01 
 1.14815362e+06  3.69577626e-03 -4.86458866e+01 
 1.16144861e+06  3.69632536e-03 -4.86445962e+01 
 1.17489755e+06  3.69688729e-03 -4.86432758e+01 
 1.18850223e+06  3.69746234e-03 -4.86419248e+01 
 1.20226443e+06  3.69805080e-03 -4.86405425e+01 
 1.21618600e+06  3.69865297e-03 -4.86391283e+01 
 1.23026877e+06  3.69926917e-03 -4.86376813e+01 
 1.24451461e+06  3.69989970e-03 -4.86362010e+01 
 1.25892541e+06  3.70054488e-03 -4.86346865e+01 
 1.27350308e+06  3.70120505e-03 -4.86331371e+01 
 1.28824955e+06  3.70188054e-03 -4.86315520e+01 
 1.30316678e+06  3.70257169e-03 -4.86299305e+01 
 1.31825674e+06  3.70327886e-03 -4.86282717e+01 
 1.33352143e+06  3.70400240e-03 -4.86265748e+01 
 1.34896288e+06  3.70474267e-03 -4.86248390e+01 
 1.36458314e+06  3.70550007e-03 -4.86230635e+01 
 1.38038426e+06  3.70627496e-03 -4.86212473e+01 
 1.39636836e+06  3.70706779e-03 -4.86193895e+01 
 1.41253754e+06  3.70787885e-03 -4.86174893e+01 
 1.42889396e+06  3.70870861e-03 -4.86155457e+01 
 1.44543977e+06  3.70955748e-03 -4.86135579e+01 
 1.46217717e+06  3.71042590e-03 -4.86115248e+01 
 1.47910839e+06  3.71131429e-03 -4.86094453e+01 
 1.49623566e+06  3.71222310e-03 -4.86073186e+01 
 1.51356125e+06  3.71315279e-03 -4.86051436e+01 
 1.53108746e+06  3.71410383e-03 -4.86029192e+01 
 1.54881662e+06  3.71507667e-03 -4.86006444e+01 
 1.56675107e+06  3.71607182e-03 -4.85983180e+01 
 1.58489319e+06  3.71708977e-03 -4.85959390e+01 
 1.60324539e+06  3.71813101e-03 -4.85935062e+01 
 1.62181010e+06  3.71919608e-03 -4.85910185e+01 
 1.64058977e+06  3.72028549e-03 -4.85884746e+01 
 1.65958691e+06  3.72139979e-03 -4.85858734e+01 
 1.67880402e+06  3.72253953e-03 -4.85832136e+01 
 1.69824365e+06  3.72370527e-03 -4.85804940e+01 
 1.71790839e+06  3.72489758e-03 -4.85777133e+01 
 1.73780083e+06  3.72611705e-03 -4.85748701e+01 
 1.75792361e+06  3.72736428e-03 -4.85719632e+01 
 1.77827941e+06  3.72863987e-03 -4.85689912e+01 
 1.79887092e+06  3.72994447e-03 -4.85659527e+01 
 1.81970086e+06  3.73127869e-03 -4.85628462e+01 
 1.84077200e+06  3.73264318e-03 -4.85596705e+01 
 1.86208714e+06  3.73403862e-03 -4.85564239e+01 
 1.88364909e+06  3.73546569e-03 -4.85531050e+01 
 1.90546072e+06  3.73692506e-03 -4.85497122e+01 
 1.92752491e+06  3.73841738e-03 -4.85462443e+01 
 1.94984460e+06  3.73994351e-03 -4.85426992e+01 
 1.97242274e+06  3.74150410e-03 -4.85390755e+01 
 1.99526231e+06  3.74309992e-03 -4.85353716e+01 
 2.01836636e+06  3.74473172e-03 -4.85315858e+01 
 2.04173794e+06  3.74640027e-03 -4.85277165e+01 
 2.06538016e+06  3.74810640e-03 -4.85237618e+01 
 2.08929613e+06  3.74985089e-03 -4.85197200e+01 
 2.11348904e+06  3.75163457e-03 -4.85155894e+01 
 2.13796209e+06  3.75345829e-03 -4.85113681e+01 
 2.16271852e+06  3.75532291e-03 -4.85070543e+01 
 2.18776162e+06  3.75722930e-03 -4.85026460e+01 
 2.21309471e+06  3.75917838e-03 -4.84981413e+01 
 2.23872114e+06  3.76117103e-03 -4.84935384e+01 
 2.26464431e+06  3.76320820e-03 -4.84888351e+01 
 2.29086765e+06  3.76529082e-03 -4.84840295e+01 
 2.31739465e+06  3.76741987e-03 -4.84791195e+01 
 2.34422882e+06  3.76959634e-03 -4.84741031e+01 
 2.37137371e+06  3.77182121e-03 -4.84689780e+01 
 2.39883292e+06  3.77409552e-03 -4.84637422e+01 
 2.42661010e+06  3.77642035e-03 -4.84583934e+01 
 2.45470892e+06  3.77879667e-03 -4.84529295e+01 
 2.48313311e+06  3.78122561e-03 -4.84473482e+01 
 2.51188643e+06  3.78370826e-03 -4.84416471e+01 
 2.54097271e+06  3.78624574e-03 -4.84358240e+01 
 2.57039578e+06  3.78883920e-03 -4.84298765e+01 
 2.60015956e+06  3.79148980e-03 -4.84238022e+01 
 2.63026799e+06  3.79419872e-03 -4.84175985e+01 
 2.66072506e+06  3.79696717e-03 -4.84112632e+01 
 2.69153480e+06  3.79979636e-03 -4.84047936e+01 
 2.72270131e+06  3.80268754e-03 -4.83981872e+01 
 2.75422870e+06  3.80564198e-03 -4.83914414e+01 
 2.78612117e+06  3.80866098e-03 -4.83845537e+01 
 2.81838293e+06  3.81174585e-03 -4.83775213e+01 
 2.85101827e+06  3.81489791e-03 -4.83703416e+01 
 2.88403150e+06  3.81811854e-03 -4.83630119e+01 
 2.91742701e+06  3.82140910e-03 -4.83555293e+01 
 2.95120923e+06  3.82477101e-03 -4.83478912e+01 
 2.98538262e+06  3.82820568e-03 -4.83400947e+01 
 3.01995172e+06  3.83171457e-03 -4.83321370e+01 
 3.05492111e+06  3.83529915e-03 -4.83240151e+01 
 3.09029543e+06  3.83896092e-03 -4.83157262e+01 
 3.12607937e+06  3.84270145e-03 -4.83072671e+01 
 3.16227766e+06  3.84652218e-03 -4.82986352e+01 
 3.19889511e+06  3.85042473e-03 -4.82898272e+01 
 3.23593657e+06  3.85441070e-03 -4.82808402e+01 
 3.27340695e+06  3.85848169e-03 -4.82716711e+01 
 3.31131121e+06  3.86263935e-03 -4.82623168e+01 
 3.34965439e+06  3.86688535e-03 -4.82527741e+01 
 3.38844156e+06  3.87122137e-03 -4.82430399e+01 
 3.42767787e+06  3.87564914e-03 -4.82331109e+01 
 3.46736850e+06  3.88017038e-03 -4.82229841e+01 
 3.50751874e+06  3.88478684e-03 -4.82126561e+01 
 3.54813389e+06  3.88950033e-03 -4.82021237e+01 
 3.58921935e+06  3.89431266e-03 -4.81913837e+01 
 3.63078055e+06  3.89922563e-03 -4.81804327e+01 
 3.67282300e+06  3.90424118e-03 -4.81692672e+01 
 3.71535229e+06  3.90936108e-03 -4.81578843e+01 
 3.75837404e+06  3.91458728e-03 -4.81462804e+01 
 3.80189396e+06  3.91992172e-03 -4.81344521e+01 
 3.84591782e+06  3.92536634e-03 -4.81223961e+01 
 3.89045145e+06  3.93092312e-03 -4.81101090e+01 
 3.93550075e+06  3.93659405e-03 -4.80975874e+01 
 3.98107171e+06  3.94238114e-03 -4.80848278e+01 
 4.02717034e+06  3.94828645e-03 -4.80718269e+01 
 4.07380278e+06  3.95431202e-03 -4.80585813e+01 
 4.12097519e+06  3.96045996e-03 -4.80450875e+01 
 4.16869383e+06  3.96673239e-03 -4.80313420e+01 
 4.21696503e+06  3.97313136e-03 -4.80173415e+01 
 4.26579519e+06  3.97965905e-03 -4.80030827e+01 
 4.31519077e+06  3.98631771e-03 -4.79885618e+01 
 4.36515832e+06  3.99310935e-03 -4.79737759e+01 
 4.41570447e+06  4.00003624e-03 -4.79587215e+01 
 4.46683592e+06  4.00710062e-03 -4.79433950e+01 
 4.51855944e+06  4.01430470e-03 -4.79277933e+01 
 4.57088190e+06  4.02165074e-03 -4.79119130e+01 
 4.62381021e+06  4.02914105e-03 -4.78957506e+01 
 4.67735141e+06  4.03677780e-03 -4.78793031e+01 
 4.73151259e+06  4.04456333e-03 -4.78625672e+01 
 4.78630092e+06  4.05249995e-03 -4.78455396e+01 
 4.84172368e+06  4.06058996e-03 -4.78282173e+01 
 4.89778819e+06  4.06883569e-03 -4.78105970e+01 
 4.95450191e+06  4.07723948e-03 -4.77926756e+01 
 5.01187234e+06  4.08580369e-03 -4.77744501e+01 
 5.06990708e+06  4.09453060e-03 -4.77559176e+01 
 5.12861384e+06  4.10342253e-03 -4.77370752e+01 
 5.18800039e+06  4.11248195e-03 -4.77179199e+01 
 5.24807460e+06  4.12171118e-03 -4.76984489e+01 
 5.30884444e+06  4.13111255e-03 -4.76786595e+01 
 5.37031796e+06  4.14068849e-03 -4.76585488e+01 
 5.43250331e+06  4.15044124e-03 -4.76381146e+01 
 5.49540874e+06  4.16037321e-03 -4.76173542e+01 
 5.55904257e+06  4.17048675e-03 -4.75962651e+01 
 5.62341325e+06  4.18078419e-03 -4.75748450e+01 
 5.68852931e+06  4.19126787e-03 -4.75530916e+01 
 5.75439937e+06  4.20194013e-03 -4.75310028e+01 
 5.82103218e+06  4.21280321e-03 -4.75085766e+01 
 5.88843655e+06  4.22385945e-03 -4.74858108e+01 
 5.95662144e+06  4.23511110e-03 -4.74627038e+01 
 6.02559586e+06  4.24656045e-03 -4.74392538e+01 
 6.09536897e+06  4.25820974e-03 -4.74154590e+01 
 6.16595002e+06  4.27006114e-03 -4.73913181e+01 
 6.23734835e+06  4.28211683e-03 -4.73668298e+01 
 6.30957344e+06  4.29437897e-03 -4.73419926e+01 
 6.38263486e+06  4.30684976e-03 -4.73168056e+01 
 6.45654229e+06  4.31953122e-03 -4.72912677e+01 
 6.53130553e+06  4.33242538e-03 -4.72653782e+01 
 6.60693448e+06  4.34553429e-03 -4.72391364e+01 
 6.68343918e+06  4.35885996e-03 -4.72125417e+01 
 6.76082975e+06  4.37240426e-03 -4.71855938e+01 
 6.83911647e+06  4.38616910e-03 -4.71582926e+01 
 6.91830971e+06  4.40015630e-03 -4.71306379e+01 
 6.99841996e+06  4.41436766e-03 -4.71026300e+01 
 7.07945784e+06  4.42880488e-03 -4.70742691e+01 
 7.16143410e+06  4.44346966e-03 -4.70455556e+01 
 7.24435960e+06  4.45836361e-03 -4.70164903e+01 
 7.32824533e+06  4.47348820e-03 -4.69870741e+01 
 7.41310241e+06  4.48884492e-03 -4.69573080e+01 
 7.49894209e+06  4.50443525e-03 -4.69271930e+01 
 7.58577575e+06  4.52026034e-03 -4.68967310e+01 
 7.67361489e+06  4.53632152e-03 -4.68659234e+01 
 7.76247117e+06  4.55261996e-03 -4.68347720e+01 
 7.85235635e+06  4.56915667e-03 -4.68032790e+01 
 7.94328235e+06  4.58593260e-03 -4.67714467e+01 
 8.03526122e+06  4.60294878e-03 -4.67392772e+01 
 8.12830516e+06  4.62020584e-03 -4.67067735e+01 
 8.22242650e+06  4.63770457e-03 -4.66739384e+01 
 8.31763771e+06  4.65544544e-03 -4.66407752e+01 
 8.41395142e+06  4.67342895e-03 -4.66072871e+01 
 8.51138038e+06  4.69165552e-03 -4.65734777e+01 
 8.60993752e+06  4.71012530e-03 -4.65393508e+01 
 8.70963590e+06  4.72883846e-03 -4.65049104e+01 
 8.81048873e+06  4.74779494e-03 -4.64701609e+01 
 8.91250938e+06  4.76699467e-03 -4.64351067e+01 
 9.01571138e+06  4.78643726e-03 -4.63997526e+01 
 9.12010839e+06  4.80612239e-03 -4.63641035e+01 
 9.22571427e+06  4.82604944e-03 -4.63281647e+01 
 9.33254301e+06  4.84621778e-03 -4.62919415e+01 
 9.44060876e+06  4.86662648e-03 -4.62554397e+01 
 9.54992586e+06  4.88727463e-03 -4.62186651e+01 
 9.66050879e+06  4.90816093e-03 -4.61816241e+01 
 9.77237221e+06  4.92928424e-03 -4.61443228e+01 
 9.88553095e+06  4.95064295e-03 -4.61067679e+01 
 1.00000000e+07  4.97223547e-03 -4.60689663e+01 
 1.01157945e+07  4.99405992e-03 -4.60309250e+01 
 1.02329299e+07  5.01611429e-03 -4.59926515e+01 
 1.03514217e+07  5.03839645e-03 -4.59541533e+01 
 1.04712855e+07  5.06090401e-03 -4.59154380e+01 
 1.05925373e+07  5.08363432e-03 -4.58765139e+01 
 1.07151931e+07  5.10658475e-03 -4.58373891e+01 
 1.08392691e+07  5.12975221e-03 -4.57980723e+01 
 1.09647820e+07  5.15313368e-03 -4.57585718e+01 
 1.10917482e+07  5.17672583e-03 -4.57188967e+01 
 1.12201845e+07  5.20052503e-03 -4.56790562e+01 
 1.13501082e+07  5.22452754e-03 -4.56390595e+01 
 1.14815362e+07  5.24872941e-03 -4.55989163e+01 
 1.16144861e+07  5.27312639e-03 -4.55586364e+01 
 1.17489755e+07  5.29771408e-03 -4.55182297e+01 
 1.18850223e+07  5.32248792e-03 -4.54777063e+01 
 1.20226443e+07  5.34744300e-03 -4.54370767e+01 
 1.21618600e+07  5.37257427e-03 -4.53963514e+01 
 1.23026877e+07  5.39787640e-03 -4.53555413e+01 
 1.24451461e+07  5.42334388e-03 -4.53146571e+01 
 1.25892541e+07  5.44897100e-03 -4.52737101e+01 
 1.27350308e+07  5.47475177e-03 -4.52327113e+01 
 1.28824955e+07  5.50067987e-03 -4.51916726e+01 
 1.30316678e+07  5.52674883e-03 -4.51506054e+01 
 1.31825674e+07  5.55295206e-03 -4.51095215e+01 
 1.33352143e+07  5.57928255e-03 -4.50684329e+01 
 1.34896288e+07  5.60573316e-03 -4.50273516e+01 
 1.36458314e+07  5.63229651e-03 -4.49862898e+01 
 1.38038426e+07  5.65896485e-03 -4.49452601e+01 
 1.39636836e+07  5.68573039e-03 -4.49042748e+01 
 1.41253754e+07  5.71258504e-03 -4.48633464e+01 
 1.42889396e+07  5.73952030e-03 -4.48224881e+01 
 1.44543977e+07  5.76652772e-03 -4.47817123e+01 
 1.46217717e+07  5.79359843e-03 -4.47410322e+01 
 1.47910839e+07  5.82072337e-03 -4.47004608e+01 
 1.49623566e+07  5.84789329e-03 -4.46600112e+01 
 1.51356125e+07  5.87509859e-03 -4.46196968e+01 
 1.53108746e+07  5.90232965e-03 -4.45795308e+01 
 1.54881662e+07  5.92957649e-03 -4.45395265e+01 
 1.56675107e+07  5.95682895e-03 -4.44996974e+01 
 1.58489319e+07  5.98407662e-03 -4.44600571e+01 
 1.60324539e+07  6.01130891e-03 -4.44206191e+01 
 1.62181010e+07  6.03851507e-03 -4.43813969e+01 
 1.64058977e+07  6.06568402e-03 -4.43424043e+01 
 1.65958691e+07  6.09280476e-03 -4.43036548e+01 
 1.67880402e+07  6.11986575e-03 -4.42651621e+01 
 1.69824365e+07  6.14685553e-03 -4.42269399e+01 
 1.71790839e+07  6.17376233e-03 -4.41890019e+01 
 1.73780083e+07  6.20057431e-03 -4.41513617e+01 
 1.75792361e+07  6.22727947e-03 -4.41140329e+01 
 1.77827941e+07  6.25386545e-03 -4.40770293e+01 
 1.79887092e+07  6.28032008e-03 -4.40403644e+01 
 1.81970086e+07  6.30663080e-03 -4.40040519e+01 
 1.84077200e+07  6.33278514e-03 -4.39681049e+01 
 1.86208714e+07  6.35877023e-03 -4.39325374e+01 
 1.88364909e+07  6.38457338e-03 -4.38973623e+01 
 1.90546072e+07  6.41018170e-03 -4.38625932e+01 
 1.92752491e+07  6.43558211e-03 -4.38282433e+01 
 1.94984460e+07  6.46076166e-03 -4.37943256e+01 
 1.97242274e+07  6.48570721e-03 -4.37608532e+01 
 1.99526231e+07  6.51040564e-03 -4.37278390e+01 
 2.01836636e+07  6.53484370e-03 -4.36952959e+01 
 2.04173794e+07  6.55900835e-03 -4.36632363e+01 
 2.06538016e+07  6.58288624e-03 -4.36316730e+01 
 2.08929613e+07  6.60646420e-03 -4.36006183e+01 
 2.11348904e+07  6.62972912e-03 -4.35700843e+01 
 2.13796209e+07  6.65266789e-03 -4.35400831e+01 
 2.16271852e+07  6.67526739e-03 -4.35106267e+01 
 2.18776162e+07  6.69751462e-03 -4.34817266e+01 
 2.21309471e+07  6.71939672e-03 -4.34533943e+01 
 2.23872114e+07  6.74090082e-03 -4.34256413e+01 
 2.26464431e+07  6.76201428e-03 -4.33984783e+01 
 2.29086765e+07  6.78272452e-03 -4.33719164e+01 
 2.31739465e+07  6.80301918e-03 -4.33459661e+01 
 2.34422882e+07  6.82288597e-03 -4.33206377e+01 
 2.37137371e+07  6.84231299e-03 -4.32959413e+01 
 2.39883292e+07  6.86128824e-03 -4.32718867e+01 
 2.42661010e+07  6.87980023e-03 -4.32484834e+01 
 2.45470892e+07  6.89783762e-03 -4.32257407e+01 
 2.48313311e+07  6.91538927e-03 -4.32036674e+01 
 2.51188643e+07  6.93244438e-03 -4.31822721e+01 
 2.54097271e+07  6.94899243e-03 -4.31615632e+01 
 2.57039578e+07  6.96502325e-03 -4.31415486e+01 
 2.60015956e+07  6.98052702e-03 -4.31222357e+01 
 2.63026799e+07  6.99549420e-03 -4.31036320e+01 
 2.66072506e+07  7.00991571e-03 -4.30857441e+01 
 2.69153480e+07  7.02378280e-03 -4.30685785e+01 
 2.72270131e+07  7.03708719e-03 -4.30521414e+01 
 2.75422870e+07  7.04982100e-03 -4.30364382e+01 
 2.78612117e+07  7.06197682e-03 -4.30214742e+01 
 2.81838293e+07  7.07354776e-03 -4.30072542e+01 
 2.85101827e+07  7.08452729e-03 -4.29937825e+01 
 2.88403150e+07  7.09490950e-03 -4.29810628e+01 
 2.91742701e+07  7.10468900e-03 -4.29690986e+01 
 2.95120923e+07  7.11386089e-03 -4.29578926e+01 
 2.98538262e+07  7.12242089e-03 -4.29474473e+01 
 3.01995172e+07  7.13036528e-03 -4.29377644e+01 
 3.05492111e+07  7.13769091e-03 -4.29288453e+01 
 3.09029543e+07  7.14439529e-03 -4.29206905e+01 
 3.12607937e+07  7.15047652e-03 -4.29133003e+01 
 3.16227766e+07  7.15593341e-03 -4.29066742e+01 
 3.19889511e+07  7.16076534e-03 -4.29008112e+01 
 3.23593657e+07  7.16497245e-03 -4.28957095e+01 
 3.27340695e+07  7.16855550e-03 -4.28913670e+01 
 3.31131121e+07  7.17151602e-03 -4.28877805e+01 
 3.34965439e+07  7.17385622e-03 -4.28849466e+01 
 3.38844156e+07  7.17557905e-03 -4.28828609e+01 
 3.42767787e+07  7.17668819e-03 -4.28815185e+01 
 3.46736850e+07  7.17718803e-03 -4.28809135e+01 
 3.50751874e+07  7.17708384e-03 -4.28810396e+01 
 3.54813389e+07  7.17638153e-03 -4.28818896e+01 
 3.58921935e+07  7.17508786e-03 -4.28834555e+01 
 3.63078055e+07  7.17321034e-03 -4.28857287e+01 
 3.67282300e+07  7.17075730e-03 -4.28886995e+01 
 3.71535229e+07  7.16773784e-03 -4.28923578e+01 
 3.75837404e+07  7.16416185e-03 -4.28966922e+01 
 3.80189396e+07  7.16004005e-03 -4.29016910e+01 
 3.84591782e+07  7.15538390e-03 -4.29073412e+01 
 3.89045145e+07  7.15020572e-03 -4.29136293e+01 
 3.93550075e+07  7.14451862e-03 -4.29205406e+01 
 3.98107171e+07  7.13833647e-03 -4.29280597e+01 
 4.02717034e+07  7.13167395e-03 -4.29361704e+01 
 4.07380278e+07  7.12454651e-03 -4.29448555e+01 
 4.12097519e+07  7.11697041e-03 -4.29540968e+01 
 4.16869383e+07  7.10896263e-03 -4.29638754e+01 
 4.21696503e+07  7.10054091e-03 -4.29741713e+01 
 4.26579519e+07  7.09172379e-03 -4.29849638e+01 
 4.31519077e+07  7.08253043e-03 -4.29962310e+01 
 4.36515832e+07  7.07298079e-03 -4.30079504e+01 
 4.41570447e+07  7.06309546e-03 -4.30200985e+01 
 4.46683592e+07  7.05289575e-03 -4.30326507e+01 
 4.51855944e+07  7.04240356e-03 -4.30455818e+01 
 4.57088190e+07  7.03164145e-03 -4.30588657e+01 
 4.62381021e+07  7.02063254e-03 -4.30724752e+01 
 4.67735141e+07  7.00940055e-03 -4.30863824e+01 
 4.73151259e+07  6.99796968e-03 -4.31005589e+01 
 4.78630092e+07  6.98636469e-03 -4.31149750e+01 
 4.84172368e+07  6.97461075e-03 -4.31296005e+01 
 4.89778819e+07  6.96273348e-03 -4.31444046e+01 
 4.95450191e+07  6.95075887e-03 -4.31593556e+01 
 5.01187234e+07  6.93871325e-03 -4.31744212e+01 
 5.06990708e+07  6.92662325e-03 -4.31895687e+01 
 5.12861384e+07  6.91451575e-03 -4.32047646e+01 
 5.18800039e+07  6.90241783e-03 -4.32199751e+01 
 5.24807460e+07  6.89035669e-03 -4.32351659e+01 
 5.30884444e+07  6.87835965e-03 -4.32503024e+01 
 5.37031796e+07  6.86645408e-03 -4.32653496e+01 
 5.43250331e+07  6.85466730e-03 -4.32802724e+01 
 5.49540874e+07  6.84302657e-03 -4.32950355e+01 
 5.55904257e+07  6.83155902e-03 -4.33096035e+01 
 5.62341325e+07  6.82029158e-03 -4.33239412e+01 
 5.68852931e+07  6.80925090e-03 -4.33380133e+01 
 5.75439937e+07  6.79846334e-03 -4.33517848e+01 
 5.82103218e+07  6.78795484e-03 -4.33652211e+01 
 5.88843655e+07  6.77775091e-03 -4.33782879e+01 
 5.95662144e+07  6.76787655e-03 -4.33909514e+01 
 6.02559586e+07  6.75835614e-03 -4.34031785e+01 
 6.09536897e+07  6.74921345e-03 -4.34149367e+01 
 6.16595002e+07  6.74047154e-03 -4.34261944e+01 
 6.23734835e+07  6.73215266e-03 -4.34369209e+01 
 6.30957344e+07  6.72427824e-03 -4.34470865e+01 
 6.38263486e+07  6.71686883e-03 -4.34566627e+01 
 6.45654229e+07  6.70994399e-03 -4.34656221e+01 
 6.53130553e+07  6.70352228e-03 -4.34739389e+01 
 6.60693448e+07  6.69762120e-03 -4.34815884e+01 
 6.68343918e+07  6.69225711e-03 -4.34885477e+01 
 6.76082975e+07  6.68744518e-03 -4.34947953e+01 
 6.83911647e+07  6.68319940e-03 -4.35003116e+01 
 6.91830971e+07  6.67953245e-03 -4.35050787e+01 
 6.99841996e+07  6.67645576e-03 -4.35090805e+01 
 7.07945784e+07  6.67397936e-03 -4.35123028e+01 
 7.16143410e+07  6.67211196e-03 -4.35147335e+01 
 7.24435960e+07  6.67086084e-03 -4.35163624e+01 
 7.32824533e+07  6.67023188e-03 -4.35171814e+01 
 7.41310241e+07  6.67022952e-03 -4.35171844e+01 
 7.49894209e+07  6.67085673e-03 -4.35163677e+01 
 7.58577575e+07  6.67211505e-03 -4.35147295e+01 
 7.67361489e+07  6.67400453e-03 -4.35122701e+01 
 7.76247117e+07  6.67652379e-03 -4.35089920e+01 
 7.85235635e+07  6.67966997e-03 -4.35048999e+01 
 7.94328235e+07  6.68343879e-03 -4.35000005e+01 
 8.03526122e+07  6.68782454e-03 -4.34943026e+01 
 8.12830516e+07  6.69282011e-03 -4.34878170e+01 
 8.22242650e+07  6.69841701e-03 -4.34805564e+01 
 8.31763771e+07  6.70460541e-03 -4.34725355e+01 
 8.41395142e+07  6.71137417e-03 -4.34637710e+01 
 8.51138038e+07  6.71871090e-03 -4.34542809e+01 
 8.60993752e+07  6.72660194e-03 -4.34440854e+01 
 8.70963590e+07  6.73503249e-03 -4.34332061e+01 
 8.81048873e+07  6.74398662e-03 -4.34216660e+01 
 8.91250938e+07  6.75344731e-03 -4.34094897e+01 
 9.01571138e+07  6.76339652e-03 -4.33967030e+01 
 9.12010839e+07  6.77381526e-03 -4.33833330e+01 
 9.22571427e+07  6.78468364e-03 -4.33694080e+01 
 9.33254301e+07  6.79598093e-03 -4.33549570e+01 
 9.44060876e+07  6.80768563e-03 -4.33400102e+01 
 9.54992586e+07  6.81977554e-03 -4.33245984e+01 
 9.66050879e+07  6.83222781e-03 -4.33087532e+01 
 9.77237221e+07  6.84501902e-03 -4.32925068e+01 
 9.88553095e+07  6.85812525e-03 -4.32758918e+01 
 1.00000000e+08  6.87152213e-03 -4.32589410e+01 
 1.01157945e+08  6.88518493e-03 -4.32416878e+01 
 1.02329299e+08  6.89908863e-03 -4.32241655e+01 
 1.03514217e+08  6.91320794e-03 -4.32064076e+01 
 1.04712855e+08  6.92751741e-03 -4.31884475e+01 
 1.05925373e+08  6.94199150e-03 -4.31703184e+01 
 1.07151931e+08  6.95660461e-03 -4.31520536e+01 
 1.08392691e+08  6.97133114e-03 -4.31336858e+01 
 1.09647820e+08  6.98614559e-03 -4.31152474e+01 
 1.10917482e+08  7.00102259e-03 -4.30967704e+01 
 1.12201845e+08  7.01593694e-03 -4.30782865e+01 
 1.13501082e+08  7.03086369e-03 -4.30598264e+01 
 1.14815362e+08  7.04577818e-03 -4.30414207e+01 
 1.16144861e+08  7.06065611e-03 -4.30230988e+01 
 1.17489755e+08  7.07547355e-03 -4.30048898e+01 
 1.18850223e+08  7.09020699e-03 -4.29868217e+01 
 1.20226443e+08  7.10483343e-03 -4.29689220e+01 
 1.21618600e+08  7.11933035e-03 -4.29512171e+01 
 1.23026877e+08  7.13367580e-03 -4.29337326e+01 
 1.24451461e+08  7.14784841e-03 -4.29164933e+01 
 1.25892541e+08  7.16182742e-03 -4.28995230e+01 
 1.27350308e+08  7.17559273e-03 -4.28828444e+01 
 1.28824955e+08  7.18912489e-03 -4.28664794e+01 
 1.30316678e+08  7.20240516e-03 -4.28504490e+01 
 1.31825674e+08  7.21541553e-03 -4.28347731e+01 
 1.33352143e+08  7.22813871e-03 -4.28194704e+01 
 1.34896288e+08  7.24055816e-03 -4.28045591e+01 
 1.36458314e+08  7.25265813e-03 -4.27900559e+01 
 1.38038426e+08  7.26442365e-03 -4.27759767e+01 
 1.39636836e+08  7.27584052e-03 -4.27623366e+01 
 1.41253754e+08  7.28689536e-03 -4.27491493e+01 
 1.42889396e+08  7.29757559e-03 -4.27364280e+01 
 1.44543977e+08  7.30786944e-03 -4.27241844e+01 
 1.46217717e+08  7.31776597e-03 -4.27124297e+01 
 1.47910839e+08  7.32725502e-03 -4.27011739e+01 
 1.49623566e+08  7.33632726e-03 -4.26904261e+01 
 1.51356125e+08  7.34497418e-03 -4.26801945e+01 
 1.53108746e+08  7.35318806e-03 -4.26704865e+01 
 1.54881662e+08  7.36096197e-03 -4.26613085e+01 
 1.56675107e+08  7.36828977e-03 -4.26526661e+01 
 1.58489319e+08  7.37516612e-03 -4.26445639e+01 
 1.60324539e+08  7.38158642e-03 -4.26370058e+01 
 1.62181010e+08  7.38754685e-03 -4.26299950e+01 
 1.64058977e+08  7.39304431e-03 -4.26235338e+01 
 1.65958691e+08  7.39807645e-03 -4.26176237e+01 
 1.67880402e+08  7.40264161e-03 -4.26122655e+01 
 1.69824365e+08  7.40673886e-03 -4.26074593e+01 
 1.71790839e+08  7.41036791e-03 -4.26032046e+01 
 1.73780083e+08  7.41352916e-03 -4.25995000e+01 
 1.75792361e+08  7.41622364e-03 -4.25963436e+01 
 1.77827941e+08  7.41845300e-03 -4.25937330e+01 
 1.79887092e+08  7.42021951e-03 -4.25916649e+01 
 1.81970086e+08  7.42152599e-03 -4.25901357e+01 
 1.84077200e+08  7.42237584e-03 -4.25891412e+01 
 1.86208714e+08  7.42277301e-03 -4.25886764e+01 
 1.88364909e+08  7.42272195e-03 -4.25887362e+01 
 1.90546072e+08  7.42222760e-03 -4.25893146e+01 
 1.92752491e+08  7.42129538e-03 -4.25904056e+01 
 1.94984460e+08  7.41993117e-03 -4.25920025e+01 
 1.97242274e+08  7.41814125e-03 -4.25940980e+01 
 1.99526231e+08  7.41593233e-03 -4.25966848e+01 
 2.01836636e+08  7.41331148e-03 -4.25997550e+01 
 2.04173794e+08  7.41028615e-03 -4.26033004e+01 
 2.06538016e+08  7.40686410e-03 -4.26073125e+01 
 2.08929613e+08  7.40305342e-03 -4.26117823e+01 
 2.11348904e+08  7.39886249e-03 -4.26167009e+01 
 2.13796209e+08  7.39429995e-03 -4.26220587e+01 
 2.16271852e+08  7.38937468e-03 -4.26278462e+01 
 2.18776162e+08  7.38409582e-03 -4.26340535e+01 
 2.21309471e+08  7.37847266e-03 -4.26406705e+01 
 2.23872114e+08  7.37251472e-03 -4.26476870e+01 
 2.26464431e+08  7.36623166e-03 -4.26550925e+01 
 2.29086765e+08  7.35963329e-03 -4.26628765e+01 
 2.31739465e+08  7.35272952e-03 -4.26710282e+01 
 2.34422882e+08  7.34553040e-03 -4.26795368e+01 
 2.37137371e+08  7.33804604e-03 -4.26883914e+01 
 2.39883292e+08  7.33028663e-03 -4.26975809e+01 
 2.42661010e+08  7.32226240e-03 -4.27070942e+01 
 2.45470892e+08  7.31398362e-03 -4.27169203e+01 
 2.48313311e+08  7.30546056e-03 -4.27270480e+01 
 2.51188643e+08  7.29670353e-03 -4.27374660e+01 
 2.54097271e+08  7.28772278e-03 -4.27481631e+01 
 2.57039578e+08  7.27852855e-03 -4.27591282e+01 
 2.60015956e+08  7.26913104e-03 -4.27703500e+01 
 2.63026799e+08  7.25954040e-03 -4.27818175e+01 
 2.66072506e+08  7.24976669e-03 -4.27935194e+01 
 2.69153480e+08  7.23981990e-03 -4.28054447e+01 
 2.72270131e+08  7.22970994e-03 -4.28175825e+01 
 2.75422870e+08  7.21944659e-03 -4.28299218e+01 
 2.78612117e+08  7.20903953e-03 -4.28424519e+01 
 2.81838293e+08  7.19849833e-03 -4.28551618e+01 
 2.85101827e+08  7.18783240e-03 -4.28680412e+01 
 2.88403150e+08  7.17705103e-03 -4.28810793e+01 
 2.91742701e+08  7.16616335e-03 -4.28942659e+01 
 2.95120923e+08  7.15517834e-03 -4.29075907e+01 
 2.98538262e+08  7.14410481e-03 -4.29210437e+01 
 3.01995172e+08  7.13295141e-03 -4.29346147e+01 
 3.05492111e+08  7.12172660e-03 -4.29482941e+01 
 3.09029543e+08  7.11043868e-03 -4.29620721e+01 
 3.12607937e+08  7.09909575e-03 -4.29759393e+01 
 3.16227766e+08  7.08770573e-03 -4.29898864e+01 
 3.19889511e+08  7.07627634e-03 -4.30039043e+01 
 3.23593657e+08  7.06481511e-03 -4.30179840e+01 
 3.27340695e+08  7.05332937e-03 -4.30321167e+01 
 3.31131121e+08  7.04182625e-03 -4.30462939e+01 
 3.34965439e+08  7.03031268e-03 -4.30605072e+01 
 3.38844156e+08  7.01879538e-03 -4.30747484e+01 
 3.42767787e+08  7.00728087e-03 -4.30890095e+01 
 3.46736850e+08  6.99577547e-03 -4.31032828e+01 
 3.50751874e+08  6.98428528e-03 -4.31175606e+01 
 3.54813389e+08  6.97281620e-03 -4.31318356e+01 
 3.58921935e+08  6.96137395e-03 -4.31461007e+01 
 3.63078055e+08  6.94996399e-03 -4.31603489e+01 
 3.67282300e+08  6.93859164e-03 -4.31745734e+01 
 3.71535229e+08  6.92726198e-03 -4.31887678e+01 
 3.75837404e+08  6.91597989e-03 -4.32029256e+01 
 3.80189396e+08  6.90475006e-03 -4.32170407e+01 
 3.84591782e+08  6.89357699e-03 -4.32311074e+01 
 3.89045145e+08  6.88246498e-03 -4.32451198e+01 
 3.93550075e+08  6.87141813e-03 -4.32590725e+01 
 3.98107171e+08  6.86044036e-03 -4.32729601e+01 
 4.02717034e+08  6.84953541e-03 -4.32867777e+01 
 4.07380278e+08  6.83870681e-03 -4.33005203e+01 
 4.12097519e+08  6.82795794e-03 -4.33141833e+01 
 4.16869383e+08  6.81729198e-03 -4.33277621e+01 
 4.21696503e+08  6.80671196e-03 -4.33412525e+01 
 4.26579519e+08  6.79622072e-03 -4.33546505e+01 
 4.31519077e+08  6.78582094e-03 -4.33679521e+01 
 4.36515832e+08  6.77551514e-03 -4.33811536e+01 
 4.41570447e+08  6.76530568e-03 -4.33942515e+01 
 4.46683592e+08  6.75519476e-03 -4.34072425e+01 
 4.51855944e+08  6.74518443e-03 -4.34201234e+01 
 4.57088190e+08  6.73527661e-03 -4.34328913e+01 
 4.62381021e+08  6.72547304e-03 -4.34455433e+01 
 4.67735141e+08  6.71577535e-03 -4.34580768e+01 
 4.73151259e+08  6.70618502e-03 -4.34704894e+01 
 4.78630092e+08  6.69670342e-03 -4.34827787e+01 
 4.84172368e+08  6.68733177e-03 -4.34949426e+01 
 4.89778819e+08  6.67807116e-03 -4.35069791e+01 
 4.95450191e+08  6.66892260e-03 -4.35188865e+01 
 5.01187234e+08  6.65988693e-03 -4.35306629e+01 
 5.06990708e+08  6.65096493e-03 -4.35423068e+01 
 5.12861384e+08  6.64215723e-03 -4.35538170e+01 
 5.18800039e+08  6.63346439e-03 -4.35651920e+01 
 5.24807460e+08  6.62488685e-03 -4.35764307e+01 
 5.30884444e+08  6.61642495e-03 -4.35875322e+01 
 5.37031796e+08  6.60807896e-03 -4.35984955e+01 
 5.43250331e+08  6.59984904e-03 -4.36093200e+01 
 5.49540874e+08  6.59173527e-03 -4.36200048e+01 
 5.55904257e+08  6.58373766e-03 -4.36305497e+01 
 5.62341325e+08  6.57585612e-03 -4.36409540e+01 
 5.68852931e+08  6.56809050e-03 -4.36512174e+01 
 5.75439937e+08  6.56044059e-03 -4.36613399e+01 
 5.82103218e+08  6.55290608e-03 -4.36713211e+01 
 5.88843655e+08  6.54548662e-03 -4.36811612e+01 
 5.95662144e+08  6.53818179e-03 -4.36908602e+01 
 6.02559586e+08  6.53099112e-03 -4.37004181e+01 
 6.09536897e+08  6.52391407e-03 -4.37098354e+01 
 6.16595002e+08  6.51695006e-03 -4.37191121e+01 
 6.23734835e+08  6.51009845e-03 -4.37282489e+01 
 6.30957344e+08  6.50335856e-03 -4.37372460e+01 
 6.38263486e+08  6.49672967e-03 -4.37461041e+01 
 6.45654229e+08  6.49021101e-03 -4.37548237e+01 
 6.53130553e+08  6.48380177e-03 -4.37634054e+01 
 6.60693448e+08  6.47750110e-03 -4.37718501e+01 
 6.68343918e+08  6.47130814e-03 -4.37801584e+01 
 6.76082975e+08  6.46522197e-03 -4.37883312e+01 
 6.83911647e+08  6.45924165e-03 -4.37963694e+01 
 6.91830971e+08  6.45336621e-03 -4.38042738e+01 
 6.99841996e+08  6.44759467e-03 -4.38120454e+01 
 7.07945784e+08  6.44192601e-03 -4.38196854e+01 
 7.16143410e+08  6.43635919e-03 -4.38271946e+01 
 7.24435960e+08  6.43089316e-03 -4.38345741e+01 
 7.32824533e+08  6.42552683e-03 -4.38418252e+01 
 7.41310241e+08  6.42025913e-03 -4.38489489e+01 
 7.49894209e+08  6.41508895e-03 -4.38559463e+01 
 7.58577575e+08  6.41001517e-03 -4.38628189e+01 
 7.67361489e+08  6.40503667e-03 -4.38695676e+01 
 7.76247117e+08  6.40015230e-03 -4.38761938e+01 
 7.85235635e+08  6.39536092e-03 -4.38826988e+01 
 7.94328235e+08  6.39066138e-03 -4.38890839e+01 
 8.03526122e+08  6.38605252e-03 -4.38953503e+01 
 8.12830516e+08  6.38153318e-03 -4.39014994e+01 
 8.22242650e+08  6.37710219e-03 -4.39075325e+01 
 8.31763771e+08  6.37275839e-03 -4.39134509e+01 
 8.41395142e+08  6.36850060e-03 -4.39192561e+01 
 8.51138038e+08  6.36432766e-03 -4.39249494e+01 
 8.60993752e+08  6.36023840e-03 -4.39305321e+01 
 8.70963590e+08  6.35623165e-03 -4.39360057e+01 
 8.81048873e+08  6.35230625e-03 -4.39413714e+01 
 8.91250938e+08  6.34846104e-03 -4.39466308e+01 
 9.01571138e+08  6.34469487e-03 -4.39517852e+01 
 9.12010839e+08  6.34100659e-03 -4.39568359e+01 
 9.22571427e+08  6.33739505e-03 -4.39617844e+01 
 9.33254301e+08  6.33385912e-03 -4.39666320e+01 
 9.44060876e+08  6.33039766e-03 -4.39713802e+01 
 9.54992586e+08  6.32700955e-03 -4.39760302e+01 
 9.66050879e+08  6.32369368e-03 -4.39805835e+01 
 9.77237221e+08  6.32044894e-03 -4.39850415e+01 
 9.88553095e+08  6.31727423e-03 -4.39894054e+01 
 1.00000000e+09  6.31416847e-03 -4.39936767e+01 
