 frequency       acm_real        acm_imag       
 1.00000000e+00  1.71360393e-01 -7.18642823e-04 
 1.01157945e+00  1.71360323e-01 -7.26964016e-04 
 1.02329299e+00  1.71360251e-01 -7.35381554e-04 
 1.03514217e+00  1.71360177e-01 -7.43896551e-04 
 1.04712855e+00  1.71360102e-01 -7.52510137e-04 
 1.05925373e+00  1.71360025e-01 -7.61223451e-04 
 1.07151931e+00  1.71359946e-01 -7.70037648e-04 
 1.08392691e+00  1.71359866e-01 -7.78953897e-04 
 1.09647820e+00  1.71359783e-01 -7.87973378e-04 
 1.10917482e+00  1.71359699e-01 -7.97097287e-04 
 1.12201845e+00  1.71359612e-01 -8.06326831e-04 
 1.13501082e+00  1.71359524e-01 -8.15663235e-04 
 1.14815362e+00  1.71359433e-01 -8.25107734e-04 
 1.16144861e+00  1.71359341e-01 -8.34661580e-04 
 1.17489755e+00  1.71359246e-01 -8.44326038e-04 
 1.18850223e+00  1.71359149e-01 -8.54102389e-04 
 1.20226443e+00  1.71359050e-01 -8.63991928e-04 
 1.21618600e+00  1.71358948e-01 -8.73995964e-04 
 1.23026877e+00  1.71358844e-01 -8.84115824e-04 
 1.24451461e+00  1.71358738e-01 -8.94352848e-04 
 1.25892541e+00  1.71358629e-01 -9.04708391e-04 
 1.27350308e+00  1.71358518e-01 -9.15183825e-04 
 1.28824955e+00  1.71358404e-01 -9.25780538e-04 
 1.30316678e+00  1.71358287e-01 -9.36499934e-04 
 1.31825674e+00  1.71358168e-01 -9.47343432e-04 
 1.33352143e+00  1.71358046e-01 -9.58312469e-04 
 1.34896288e+00  1.71357921e-01 -9.69408497e-04 
 1.36458314e+00  1.71357793e-01 -9.80632986e-04 
 1.38038426e+00  1.71357662e-01 -9.91987423e-04 
 1.39636836e+00  1.71357528e-01 -1.00347331e-03 
 1.41253754e+00  1.71357391e-01 -1.01509217e-03 
 1.42889396e+00  1.71357251e-01 -1.02684555e-03 
 1.44543977e+00  1.71357108e-01 -1.03873499e-03 
 1.46217717e+00  1.71356961e-01 -1.05076207e-03 
 1.47910839e+00  1.71356811e-01 -1.06292839e-03 
 1.49623566e+00  1.71356657e-01 -1.07523555e-03 
 1.51356125e+00  1.71356500e-01 -1.08768520e-03 
 1.53108746e+00  1.71356339e-01 -1.10027896e-03 
 1.54881662e+00  1.71356174e-01 -1.11301852e-03 
 1.56675107e+00  1.71356006e-01 -1.12590556e-03 
 1.58489319e+00  1.71355833e-01 -1.13894179e-03 
 1.60324539e+00  1.71355657e-01 -1.15212892e-03 
 1.62181010e+00  1.71355476e-01 -1.16546872e-03 
 1.64058977e+00  1.71355291e-01 -1.17896294e-03 
 1.65958691e+00  1.71355102e-01 -1.19261337e-03 
 1.67880402e+00  1.71354909e-01 -1.20642182e-03 
 1.69824365e+00  1.71354711e-01 -1.22039011e-03 
 1.71790839e+00  1.71354508e-01 -1.23452010e-03 
 1.73780083e+00  1.71354301e-01 -1.24881366e-03 
 1.75792361e+00  1.71354089e-01 -1.26327267e-03 
 1.77827941e+00  1.71353872e-01 -1.27789906e-03 
 1.79887092e+00  1.71353650e-01 -1.29269476e-03 
 1.81970086e+00  1.71353422e-01 -1.30766172e-03 
 1.84077200e+00  1.71353190e-01 -1.32280194e-03 
 1.86208714e+00  1.71352952e-01 -1.33811740e-03 
 1.88364909e+00  1.71352708e-01 -1.35361014e-03 
 1.90546072e+00  1.71352459e-01 -1.36928222e-03 
 1.92752491e+00  1.71352204e-01 -1.38513569e-03 
 1.94984460e+00  1.71351943e-01 -1.40117267e-03 
 1.97242274e+00  1.71351676e-01 -1.41739528e-03 
 1.99526231e+00  1.71351402e-01 -1.43380565e-03 
 2.01836636e+00  1.71351123e-01 -1.45040597e-03 
 2.04173794e+00  1.71350837e-01 -1.46719843e-03 
 2.06538016e+00  1.71350544e-01 -1.48418525e-03 
 2.08929613e+00  1.71350244e-01 -1.50136867e-03 
 2.11348904e+00  1.71349937e-01 -1.51875098e-03 
 2.13796209e+00  1.71349624e-01 -1.53633448e-03 
 2.16271852e+00  1.71349303e-01 -1.55412148e-03 
 2.18776162e+00  1.71348974e-01 -1.57211434e-03 
 2.21309471e+00  1.71348638e-01 -1.59031544e-03 
 2.23872114e+00  1.71348294e-01 -1.60872719e-03 
 2.26464431e+00  1.71347942e-01 -1.62735203e-03 
 2.29086765e+00  1.71347581e-01 -1.64619242e-03 
 2.31739465e+00  1.71347213e-01 -1.66525084e-03 
 2.34422882e+00  1.71346836e-01 -1.68452982e-03 
 2.37137371e+00  1.71346450e-01 -1.70403192e-03 
 2.39883292e+00  1.71346055e-01 -1.72375970e-03 
 2.42661010e+00  1.71345650e-01 -1.74371578e-03 
 2.45470892e+00  1.71345237e-01 -1.76390280e-03 
 2.48313311e+00  1.71344813e-01 -1.78432342e-03 
 2.51188643e+00  1.71344380e-01 -1.80498034e-03 
 2.54097271e+00  1.71343937e-01 -1.82587630e-03 
 2.57039578e+00  1.71343484e-01 -1.84701406e-03 
 2.60015956e+00  1.71343020e-01 -1.86839641e-03 
 2.63026799e+00  1.71342545e-01 -1.89002618e-03 
 2.66072506e+00  1.71342059e-01 -1.91190623e-03 
 2.69153480e+00  1.71341562e-01 -1.93403944e-03 
 2.72270131e+00  1.71341053e-01 -1.95642875e-03 
 2.75422870e+00  1.71340532e-01 -1.97907711e-03 
 2.78612117e+00  1.71339999e-01 -2.00198751e-03 
 2.81838293e+00  1.71339454e-01 -2.02516298e-03 
 2.85101827e+00  1.71338896e-01 -2.04860659e-03 
 2.88403150e+00  1.71338325e-01 -2.07232143e-03 
 2.91742701e+00  1.71337741e-01 -2.09631062e-03 
 2.95120923e+00  1.71337143e-01 -2.12057735e-03 
 2.98538262e+00  1.71336532e-01 -2.14512482e-03 
 3.01995172e+00  1.71335906e-01 -2.16995626e-03 
 3.05492111e+00  1.71335265e-01 -2.19507495e-03 
 3.09029543e+00  1.71334610e-01 -2.22048422e-03 
 3.12607937e+00  1.71333939e-01 -2.24618742e-03 
 3.16227766e+00  1.71333253e-01 -2.27218793e-03 
 3.19889511e+00  1.71332550e-01 -2.29848920e-03 
 3.23593657e+00  1.71331832e-01 -2.32509469e-03 
 3.27340695e+00  1.71331096e-01 -2.35200792e-03 
 3.31131121e+00  1.71330344e-01 -2.37923243e-03 
 3.34965439e+00  1.71329574e-01 -2.40677181e-03 
 3.38844156e+00  1.71328786e-01 -2.43462971e-03 
 3.42767787e+00  1.71327979e-01 -2.46280979e-03 
 3.46736850e+00  1.71327154e-01 -2.49131578e-03 
 3.50751874e+00  1.71326310e-01 -2.52015143e-03 
 3.54813389e+00  1.71325446e-01 -2.54932054e-03 
 3.58921935e+00  1.71324562e-01 -2.57882696e-03 
 3.63078055e+00  1.71323657e-01 -2.60867459e-03 
 3.67282300e+00  1.71322732e-01 -2.63886735e-03 
 3.71535229e+00  1.71321784e-01 -2.66940922e-03 
 3.75837404e+00  1.71320815e-01 -2.70030423e-03 
 3.80189396e+00  1.71319823e-01 -2.73155645e-03 
 3.84591782e+00  1.71318808e-01 -2.76317000e-03 
 3.89045145e+00  1.71317769e-01 -2.79514904e-03 
 3.93550075e+00  1.71316707e-01 -2.82749779e-03 
 3.98107171e+00  1.71315619e-01 -2.86022050e-03 
 4.02717034e+00  1.71314506e-01 -2.89332148e-03 
 4.07380278e+00  1.71313367e-01 -2.92680510e-03 
 4.12097519e+00  1.71312202e-01 -2.96067575e-03 
 4.16869383e+00  1.71311010e-01 -2.99493790e-03 
 4.21696503e+00  1.71309790e-01 -3.02959605e-03 
 4.26579519e+00  1.71308541e-01 -3.06465476e-03 
 4.31519077e+00  1.71307263e-01 -3.10011865e-03 
 4.36515832e+00  1.71305956e-01 -3.13599238e-03 
 4.41570447e+00  1.71304618e-01 -3.17228067e-03 
 4.46683592e+00  1.71303249e-01 -3.20898829e-03 
 4.51855944e+00  1.71301849e-01 -3.24612005e-03 
 4.57088190e+00  1.71300415e-01 -3.28368085e-03 
 4.62381021e+00  1.71298948e-01 -3.32167562e-03 
 4.67735141e+00  1.71297447e-01 -3.36010935e-03 
 4.73151259e+00  1.71295912e-01 -3.39898708e-03 
 4.78630092e+00  1.71294340e-01 -3.43831393e-03 
 4.84172368e+00  1.71292732e-01 -3.47809505e-03 
 4.89778819e+00  1.71291086e-01 -3.51833566e-03 
 4.95450191e+00  1.71289402e-01 -3.55904106e-03 
 5.01187234e+00  1.71287679e-01 -3.60021656e-03 
 5.06990708e+00  1.71285916e-01 -3.64186759e-03 
 5.12861384e+00  1.71284112e-01 -3.68399959e-03 
 5.18800039e+00  1.71282266e-01 -3.72661810e-03 
 5.24807460e+00  1.71280377e-01 -3.76972869e-03 
 5.30884444e+00  1.71278443e-01 -3.81333702e-03 
 5.37031796e+00  1.71276465e-01 -3.85744880e-03 
 5.43250331e+00  1.71274441e-01 -3.90206980e-03 
 5.49540874e+00  1.71272370e-01 -3.94720587e-03 
 5.55904257e+00  1.71270251e-01 -3.99286291e-03 
 5.62341325e+00  1.71268082e-01 -4.03904690e-03 
 5.68852931e+00  1.71265863e-01 -4.08576387e-03 
 5.75439937e+00  1.71263592e-01 -4.13301995e-03 
 5.82103218e+00  1.71261268e-01 -4.18082129e-03 
 5.88843655e+00  1.71258890e-01 -4.22917416e-03 
 5.95662144e+00  1.71256457e-01 -4.27808486e-03 
 6.02559586e+00  1.71253968e-01 -4.32755979e-03 
 6.09536897e+00  1.71251420e-01 -4.37760540e-03 
 6.16595002e+00  1.71248813e-01 -4.42822822e-03 
 6.23734835e+00  1.71246146e-01 -4.47943486e-03 
 6.30957344e+00  1.71243417e-01 -4.53123199e-03 
 6.38263486e+00  1.71240624e-01 -4.58362636e-03 
 6.45654229e+00  1.71237766e-01 -4.63662481e-03 
 6.53130553e+00  1.71234841e-01 -4.69023423e-03 
 6.60693448e+00  1.71231849e-01 -4.74446161e-03 
 6.68343918e+00  1.71228787e-01 -4.79931399e-03 
 6.76082975e+00  1.71225653e-01 -4.85479852e-03 
 6.83911647e+00  1.71222447e-01 -4.91092241e-03 
 6.91830971e+00  1.71219167e-01 -4.96769296e-03 
 6.99841996e+00  1.71215810e-01 -5.02511753e-03 
 7.07945784e+00  1.71212375e-01 -5.08320358e-03 
 7.16143410e+00  1.71208860e-01 -5.14195866e-03 
 7.24435960e+00  1.71205263e-01 -5.20139039e-03 
 7.32824533e+00  1.71201583e-01 -5.26150646e-03 
 7.41310241e+00  1.71197817e-01 -5.32231467e-03 
 7.49894209e+00  1.71193964e-01 -5.38382289e-03 
 7.58577575e+00  1.71190021e-01 -5.44603909e-03 
 7.67361489e+00  1.71185987e-01 -5.50897131e-03 
 7.76247117e+00  1.71181858e-01 -5.57262770e-03 
 7.85235635e+00  1.71177634e-01 -5.63701647e-03 
 7.94328235e+00  1.71173312e-01 -5.70214594e-03 
 8.03526122e+00  1.71168889e-01 -5.76802452e-03 
 8.12830516e+00  1.71164363e-01 -5.83466071e-03 
 8.22242650e+00  1.71159732e-01 -5.90206308e-03 
 8.31763771e+00  1.71154994e-01 -5.97024034e-03 
 8.41395142e+00  1.71150145e-01 -6.03920124e-03 
 8.51138038e+00  1.71145184e-01 -6.10895467e-03 
 8.60993752e+00  1.71140107e-01 -6.17950959e-03 
 8.70963590e+00  1.71134913e-01 -6.25087506e-03 
 8.81048873e+00  1.71129598e-01 -6.32306024e-03 
 8.91250938e+00  1.71124159e-01 -6.39607440e-03 
 9.01571138e+00  1.71118594e-01 -6.46992688e-03 
 9.12010839e+00  1.71112900e-01 -6.54462715e-03 
 9.22571427e+00  1.71107074e-01 -6.62018476e-03 
 9.33254301e+00  1.71101112e-01 -6.69660937e-03 
 9.44060876e+00  1.71095012e-01 -6.77391076e-03 
 9.54992586e+00  1.71088770e-01 -6.85209877e-03 
 9.66050879e+00  1.71082384e-01 -6.93118339e-03 
 9.77237221e+00  1.71075849e-01 -7.01117468e-03 
 9.88553095e+00  1.71069162e-01 -7.09208283e-03 
 1.00000000e+01  1.71062320e-01 -7.17391813e-03 
 1.01157945e+01  1.71055320e-01 -7.25669097e-03 
 1.02329299e+01  1.71048156e-01 -7.34041185e-03 
 1.03514217e+01  1.71040827e-01 -7.42509139e-03 
 1.04712855e+01  1.71033328e-01 -7.51074031e-03 
 1.05925373e+01  1.71025654e-01 -7.59736945e-03 
 1.07151931e+01  1.71017803e-01 -7.68498975e-03 
 1.08392691e+01  1.71009769e-01 -7.77361227e-03 
 1.09647820e+01  1.71001549e-01 -7.86324819e-03 
 1.10917482e+01  1.70993139e-01 -7.95390878e-03 
 1.12201845e+01  1.70984533e-01 -8.04560546e-03 
 1.13501082e+01  1.70975728e-01 -8.13834973e-03 
 1.14815362e+01  1.70966719e-01 -8.23215324e-03 
 1.16144861e+01  1.70957500e-01 -8.32702773e-03 
 1.17489755e+01  1.70948069e-01 -8.42298508e-03 
 1.18850223e+01  1.70938418e-01 -8.52003727e-03 
 1.20226443e+01  1.70928544e-01 -8.61819641e-03 
 1.21618600e+01  1.70918441e-01 -8.71747473e-03 
 1.23026877e+01  1.70908104e-01 -8.81788458e-03 
 1.24451461e+01  1.70897527e-01 -8.91943843e-03 
 1.25892541e+01  1.70886706e-01 -9.02214888e-03 
 1.27350308e+01  1.70875633e-01 -9.12602865e-03 
 1.28824955e+01  1.70864305e-01 -9.23109056e-03 
 1.30316678e+01  1.70852714e-01 -9.33734760e-03 
 1.31825674e+01  1.70840855e-01 -9.44481285e-03 
 1.33352143e+01  1.70828721e-01 -9.55349952e-03 
 1.34896288e+01  1.70816306e-01 -9.66342096e-03 
 1.36458314e+01  1.70803604e-01 -9.77459064e-03 
 1.38038426e+01  1.70790608e-01 -9.88702215e-03 
 1.39636836e+01  1.70777311e-01 -1.00007292e-02 
 1.41253754e+01  1.70763707e-01 -1.01157257e-02 
 1.42889396e+01  1.70749789e-01 -1.02320256e-02 
 1.44543977e+01  1.70735548e-01 -1.03496429e-02 
 1.46217717e+01  1.70720978e-01 -1.04685920e-02 
 1.47910839e+01  1.70706071e-01 -1.05888872e-02 
 1.49623566e+01  1.70690820e-01 -1.07105430e-02 
 1.51356125e+01  1.70675216e-01 -1.08335741e-02 
 1.53108746e+01  1.70659252e-01 -1.09579951e-02 
 1.54881662e+01  1.70642919e-01 -1.10838210e-02 
 1.56675107e+01  1.70626209e-01 -1.12110668e-02 
 1.58489319e+01  1.70609113e-01 -1.13397476e-02 
 1.60324539e+01  1.70591623e-01 -1.14698788e-02 
 1.62181010e+01  1.70573728e-01 -1.16014757e-02 
 1.64058977e+01  1.70555421e-01 -1.17345539e-02 
 1.65958691e+01  1.70536692e-01 -1.18691291e-02 
 1.67880402e+01  1.70517530e-01 -1.20052170e-02 
 1.69824365e+01  1.70497926e-01 -1.21428337e-02 
 1.71790839e+01  1.70477871e-01 -1.22819950e-02 
 1.73780083e+01  1.70457353e-01 -1.24227174e-02 
 1.75792361e+01  1.70436363e-01 -1.25650170e-02 
 1.77827941e+01  1.70414889e-01 -1.27089103e-02 
 1.79887092e+01  1.70392920e-01 -1.28544140e-02 
 1.81970086e+01  1.70370446e-01 -1.30015446e-02 
 1.84077200e+01  1.70347454e-01 -1.31503191e-02 
 1.86208714e+01  1.70323933e-01 -1.33007544e-02 
 1.88364909e+01  1.70299871e-01 -1.34528677e-02 
 1.90546072e+01  1.70275255e-01 -1.36066760e-02 
 1.92752491e+01  1.70250074e-01 -1.37621967e-02 
 1.94984460e+01  1.70224313e-01 -1.39194473e-02 
 1.97242274e+01  1.70197961e-01 -1.40784454e-02 
 1.99526231e+01  1.70171003e-01 -1.42392087e-02 
 2.01836636e+01  1.70143426e-01 -1.44017549e-02 
 2.04173794e+01  1.70115216e-01 -1.45661020e-02 
 2.06538016e+01  1.70086359e-01 -1.47322680e-02 
 2.08929613e+01  1.70056840e-01 -1.49002712e-02 
 2.11348904e+01  1.70026643e-01 -1.50701297e-02 
 2.13796209e+01  1.69995755e-01 -1.52418619e-02 
 2.16271852e+01  1.69964158e-01 -1.54154864e-02 
 2.18776162e+01  1.69931838e-01 -1.55910217e-02 
 2.21309471e+01  1.69898778e-01 -1.57684864e-02 
 2.23872114e+01  1.69864961e-01 -1.59478995e-02 
 2.26464431e+01  1.69830370e-01 -1.61292797e-02 
 2.29086765e+01  1.69794988e-01 -1.63126460e-02 
 2.31739465e+01  1.69758797e-01 -1.64980176e-02 
 2.34422882e+01  1.69721779e-01 -1.66854136e-02 
 2.37137371e+01  1.69683916e-01 -1.68748532e-02 
 2.39883292e+01  1.69645188e-01 -1.70663557e-02 
 2.42661010e+01  1.69605576e-01 -1.72599405e-02 
 2.45470892e+01  1.69565061e-01 -1.74556272e-02 
 2.48313311e+01  1.69523622e-01 -1.76534352e-02 
 2.51188643e+01  1.69481239e-01 -1.78533841e-02 
 2.54097271e+01  1.69437891e-01 -1.80554937e-02 
 2.57039578e+01  1.69393555e-01 -1.82597836e-02 
 2.60015956e+01  1.69348212e-01 -1.84662737e-02 
 2.63026799e+01  1.69301837e-01 -1.86749836e-02 
 2.66072506e+01  1.69254408e-01 -1.88859333e-02 
 2.69153480e+01  1.69205902e-01 -1.90991427e-02 
 2.72270131e+01  1.69156295e-01 -1.93146317e-02 
 2.75422870e+01  1.69105563e-01 -1.95324202e-02 
 2.78612117e+01  1.69053680e-01 -1.97525282e-02 
 2.81838293e+01  1.69000622e-01 -1.99749756e-02 
 2.85101827e+01  1.68946363e-01 -2.01997823e-02 
 2.88403150e+01  1.68890875e-01 -2.04269685e-02 
 2.91742701e+01  1.68834133e-01 -2.06565539e-02 
 2.95120923e+01  1.68776109e-01 -2.08885585e-02 
 2.98538262e+01  1.68716775e-01 -2.11230022e-02 
 3.01995172e+01  1.68656101e-01 -2.13599049e-02 
 3.05492111e+01  1.68594060e-01 -2.15992863e-02 
 3.09029543e+01  1.68530621e-01 -2.18411662e-02 
 3.12607937e+01  1.68465753e-01 -2.20855643e-02 
 3.16227766e+01  1.68399426e-01 -2.23325001e-02 
 3.19889511e+01  1.68331609e-01 -2.25819933e-02 
 3.23593657e+01  1.68262268e-01 -2.28340631e-02 
 3.27340695e+01  1.68191371e-01 -2.30887290e-02 
 3.31131121e+01  1.68118885e-01 -2.33460101e-02 
 3.34965439e+01  1.68044775e-01 -2.36059253e-02 
 3.38844156e+01  1.67969006e-01 -2.38684938e-02 
 3.42767787e+01  1.67891544e-01 -2.41337342e-02 
 3.46736850e+01  1.67812351e-01 -2.44016651e-02 
 3.50751874e+01  1.67731390e-01 -2.46723049e-02 
 3.54813389e+01  1.67648625e-01 -2.49456717e-02 
 3.58921935e+01  1.67564017e-01 -2.52217836e-02 
 3.63078055e+01  1.67477526e-01 -2.55006583e-02 
 3.67282300e+01  1.67389113e-01 -2.57823133e-02 
 3.71535229e+01  1.67298737e-01 -2.60667659e-02 
 3.75837404e+01  1.67206357e-01 -2.63540329e-02 
 3.80189396e+01  1.67111931e-01 -2.66441311e-02 
 3.84591782e+01  1.67015416e-01 -2.69370769e-02 
 3.89045145e+01  1.66916768e-01 -2.72328861e-02 
 3.93550075e+01  1.66815944e-01 -2.75315746e-02 
 3.98107171e+01  1.66712896e-01 -2.78331575e-02 
 4.02717034e+01  1.66607581e-01 -2.81376498e-02 
 4.07380278e+01  1.66499950e-01 -2.84450659e-02 
 4.12097519e+01  1.66389955e-01 -2.87554200e-02 
 4.16869383e+01  1.66277550e-01 -2.90687256e-02 
 4.21696503e+01  1.66162683e-01 -2.93849958e-02 
 4.26579519e+01  1.66045305e-01 -2.97042432e-02 
 4.31519077e+01  1.65925364e-01 -3.00264799e-02 
 4.36515832e+01  1.65802809e-01 -3.03517174e-02 
 4.41570447e+01  1.65677587e-01 -3.06799667e-02 
 4.46683592e+01  1.65549644e-01 -3.10112382e-02 
 4.51855944e+01  1.65418926e-01 -3.13455414e-02 
 4.57088190e+01  1.65285376e-01 -3.16828855e-02 
 4.62381021e+01  1.65148938e-01 -3.20232788e-02 
 4.67735141e+01  1.65009556e-01 -3.23667291e-02 
 4.73151259e+01  1.64867171e-01 -3.27132431e-02 
 4.78630092e+01  1.64721723e-01 -3.30628269e-02 
 4.84172368e+01  1.64573153e-01 -3.34154860e-02 
 4.89778819e+01  1.64421400e-01 -3.37712248e-02 
 4.95450191e+01  1.64266402e-01 -3.41300468e-02 
 5.01187234e+01  1.64108096e-01 -3.44919547e-02 
 5.06990708e+01  1.63946418e-01 -3.48569504e-02 
 5.12861384e+01  1.63781304e-01 -3.52250345e-02 
 5.18800039e+01  1.63612689e-01 -3.55962067e-02 
 5.24807460e+01  1.63440505e-01 -3.59704659e-02 
 5.30884444e+01  1.63264685e-01 -3.63478096e-02 
 5.37031796e+01  1.63085162e-01 -3.67282343e-02 
 5.43250331e+01  1.62901865e-01 -3.71117352e-02 
 5.49540874e+01  1.62714726e-01 -3.74983066e-02 
 5.55904257e+01  1.62523672e-01 -3.78879413e-02 
 5.62341325e+01  1.62328632e-01 -3.82806308e-02 
 5.68852931e+01  1.62129534e-01 -3.86763654e-02 
 5.75439937e+01  1.61926303e-01 -3.90751341e-02 
 5.82103218e+01  1.61718866e-01 -3.94769242e-02 
 5.88843655e+01  1.61507147e-01 -3.98817217e-02 
 5.95662144e+01  1.61291070e-01 -4.02895112e-02 
 6.02559586e+01  1.61070558e-01 -4.07002756e-02 
 6.09536897e+01  1.60845533e-01 -4.11139963e-02 
 6.16595002e+01  1.60615918e-01 -4.15306530e-02 
 6.23734835e+01  1.60381632e-01 -4.19502237e-02 
 6.30957344e+01  1.60142596e-01 -4.23726847e-02 
 6.38263486e+01  1.59898729e-01 -4.27980105e-02 
 6.45654229e+01  1.59649951e-01 -4.32261739e-02 
 6.53130553e+01  1.59396178e-01 -4.36571456e-02 
 6.60693448e+01  1.59137328e-01 -4.40908945e-02 
 6.68343918e+01  1.58873319e-01 -4.45273875e-02 
 6.76082975e+01  1.58604067e-01 -4.49665895e-02 
 6.83911647e+01  1.58329486e-01 -4.54084632e-02 
 6.91830971e+01  1.58049493e-01 -4.58529693e-02 
 6.99841996e+01  1.57764002e-01 -4.63000665e-02 
 7.07945784e+01  1.57472928e-01 -4.67497108e-02 
 7.16143410e+01  1.57176185e-01 -4.72018563e-02 
 7.24435960e+01  1.56873686e-01 -4.76564546e-02 
 7.32824533e+01  1.56565345e-01 -4.81134552e-02 
 7.41310241e+01  1.56251076e-01 -4.85728048e-02 
 7.49894209e+01  1.55930790e-01 -4.90344478e-02 
 7.58577575e+01  1.55604402e-01 -4.94983262e-02 
 7.67361489e+01  1.55271823e-01 -4.99643793e-02 
 7.76247117e+01  1.54932968e-01 -5.04325437e-02 
 7.85235635e+01  1.54587749e-01 -5.09027536e-02 
 7.94328235e+01  1.54236079e-01 -5.13749402e-02 
 8.03526122e+01  1.53877871e-01 -5.18490323e-02 
 8.12830516e+01  1.53513039e-01 -5.23249555e-02 
 8.22242650e+01  1.53141498e-01 -5.28026327e-02 
 8.31763771e+01  1.52763161e-01 -5.32819845e-02 
 8.41395142e+01  1.52377943e-01 -5.37629277e-02 
 8.51138038e+01  1.51985760e-01 -5.42453767e-02 
 8.60993752e+01  1.51586529e-01 -5.47292427e-02 
 8.70963590e+01  1.51180165e-01 -5.52144341e-02 
 8.81048873e+01  1.50766587e-01 -5.57008561e-02 
 8.91250938e+01  1.50345713e-01 -5.61884107e-02 
 9.01571138e+01  1.49917464e-01 -5.66769972e-02 
 9.12010839e+01  1.49481760e-01 -5.71665113e-02 
 9.22571427e+01  1.49038524e-01 -5.76568460e-02 
 9.33254301e+01  1.48587679e-01 -5.81478908e-02 
 9.44060876e+01  1.48129149e-01 -5.86395323e-02 
 9.54992586e+01  1.47662862e-01 -5.91316536e-02 
 9.66050879e+01  1.47188745e-01 -5.96241349e-02 
 9.77237221e+01  1.46706730e-01 -6.01168531e-02 
 9.88553095e+01  1.46216747e-01 -6.06096818e-02 
 1.00000000e+02  1.45718730e-01 -6.11024916e-02 
 1.01157945e+02  1.45212616e-01 -6.15951497e-02 
 1.02329299e+02  1.44698343e-01 -6.20875203e-02 
 1.03514217e+02  1.44175852e-01 -6.25794644e-02 
 1.04712855e+02  1.43645085e-01 -6.30708397e-02 
 1.05925373e+02  1.43105990e-01 -6.35615009e-02 
 1.07151931e+02  1.42558514e-01 -6.40512997e-02 
 1.08392691e+02  1.42002609e-01 -6.45400847e-02 
 1.09647820e+02  1.41438230e-01 -6.50277014e-02 
 1.10917482e+02  1.40865335e-01 -6.55139925e-02 
 1.12201845e+02  1.40283884e-01 -6.59987973e-02 
 1.13501082e+02  1.39693842e-01 -6.64819531e-02 
 1.14815362e+02  1.39095178e-01 -6.69632938e-02 
 1.16144861e+02  1.38487863e-01 -6.74426507e-02 
 1.17489755e+02  1.37871872e-01 -6.79198524e-02 
 1.18850223e+02  1.37247185e-01 -6.83947249e-02 
 1.20226443e+02  1.36613786e-01 -6.88670920e-02 
 1.21618600e+02  1.35971663e-01 -6.93367749e-02 
 1.23026877e+02  1.35320808e-01 -6.98035924e-02 
 1.24451461e+02  1.34661218e-01 -7.02673613e-02 
 1.25892541e+02  1.33992893e-01 -7.07278964e-02 
 1.27350308e+02  1.33315841e-01 -7.11850102e-02 
 1.28824955e+02  1.32630072e-01 -7.16385137e-02 
 1.30316678e+02  1.31935602e-01 -7.20882162e-02 
 1.31825674e+02  1.31232451e-01 -7.25339251e-02 
 1.33352143e+02  1.30520646e-01 -7.29754469e-02 
 1.34896288e+02  1.29800219e-01 -7.34125862e-02 
 1.36458314e+02  1.29071206e-01 -7.38451474e-02 
 1.38038426e+02  1.28333649e-01 -7.42729330e-02 
 1.39636836e+02  1.27587597e-01 -7.46957453e-02 
 1.41253754e+02  1.26833102e-01 -7.51133859e-02 
 1.42889396e+02  1.26070225e-01 -7.55256558e-02 
 1.44543977e+02  1.25299030e-01 -7.59323561e-02 
 1.46217717e+02  1.24519588e-01 -7.63332874e-02 
 1.47910839e+02  1.23731976e-01 -7.67282509e-02 
 1.49623566e+02  1.22936278e-01 -7.71170480e-02 
 1.51356125e+02  1.22132581e-01 -7.74994806e-02 
 1.53108746e+02  1.21320982e-01 -7.78753514e-02 
 1.54881662e+02  1.20501581e-01 -7.82444640e-02 
 1.56675107e+02  1.19674485e-01 -7.86066236e-02 
 1.58489319e+02  1.18839809e-01 -7.89616363e-02 
 1.60324539e+02  1.17997671e-01 -7.93093103e-02 
 1.62181010e+02  1.17148197e-01 -7.96494554e-02 
 1.64058977e+02  1.16291520e-01 -7.99818835e-02 
 1.65958691e+02  1.15427776e-01 -8.03064089e-02 
 1.67880402e+02  1.14557111e-01 -8.06228486e-02 
 1.69824365e+02  1.13679674e-01 -8.09310223e-02 
 1.71790839e+02  1.12795621e-01 -8.12307523e-02 
 1.73780083e+02  1.11905113e-01 -8.15218651e-02 
 1.75792361e+02  1.11008320e-01 -8.18041899e-02 
 1.77827941e+02  1.10105413e-01 -8.20775599e-02 
 1.79887092e+02  1.09196572e-01 -8.23418121e-02 
 1.81970086e+02  1.08281982e-01 -8.25967880e-02 
 1.84077200e+02  1.07361833e-01 -8.28423330e-02 
 1.86208714e+02  1.06436319e-01 -8.30782976e-02 
 1.88364909e+02  1.05505642e-01 -8.33045366e-02 
 1.90546072e+02  1.04570006e-01 -8.35209105e-02 
 1.92752491e+02  1.03629622e-01 -8.37272844e-02 
 1.94984460e+02  1.02684706e-01 -8.39235292e-02 
 1.97242274e+02  1.01735475e-01 -8.41095213e-02 
 1.99526231e+02  1.00782154e-01 -8.42851429e-02 
 2.01836636e+02  9.98249709e-02 -8.44502821e-02 
 2.04173794e+02  9.88641572e-02 -8.46048335e-02 
 2.06538016e+02  9.78999484e-02 -8.47486977e-02 
 2.08929613e+02  9.69325833e-02 -8.48817819e-02 
 2.11348904e+02  9.59623041e-02 -8.50039997e-02 
 2.13796209e+02  9.49893558e-02 -8.51152719e-02 
 2.16271852e+02  9.40139865e-02 -8.52155255e-02 
 2.18776162e+02  9.30364464e-02 -8.53046953e-02 
 2.21309471e+02  9.20569884e-02 -8.53827228e-02 
 2.23872114e+02  9.10758671e-02 -8.54495564e-02 
 2.26464431e+02  9.00933390e-02 -8.55051524e-02 
 2.29086765e+02  8.91096620e-02 -8.55494736e-02 
 2.31739465e+02  8.81250953e-02 -8.55824913e-02 
 2.34422882e+02  8.71398989e-02 -8.56041833e-02 
 2.37137371e+02  8.61543336e-02 -8.56145353e-02 
 2.39883292e+02  8.51686607e-02 -8.56135403e-02 
 2.42661010e+02  8.41831412e-02 -8.56011993e-02 
 2.45470892e+02  8.31980364e-02 -8.55775203e-02 
 2.48313311e+02  8.22136069e-02 -8.55425189e-02 
 2.51188643e+02  8.12301126e-02 -8.54962182e-02 
 2.54097271e+02  8.02478126e-02 -8.54386491e-02 
 2.57039578e+02  7.92669644e-02 -8.53698494e-02 
 2.60015956e+02  7.82878243e-02 -8.52898644e-02 
 2.63026799e+02  7.73106467e-02 -8.51987466e-02 
 2.66072506e+02  7.63356838e-02 -8.50965560e-02 
 2.69153480e+02  7.53631857e-02 -8.49833593e-02 
 2.72270131e+02  7.43933998e-02 -8.48592302e-02 
 2.75422870e+02  7.34265707e-02 -8.47242494e-02 
 2.78612117e+02  7.24629400e-02 -8.45785045e-02 
 2.81838293e+02  7.15027460e-02 -8.44220893e-02 
 2.85101827e+02  7.05462235e-02 -8.42551042e-02 
 2.88403150e+02  6.95936035e-02 -8.40776560e-02 
 2.91742701e+02  6.86451130e-02 -8.38898576e-02 
 2.95120923e+02  6.77009752e-02 -8.36918275e-02 
 2.98538262e+02  6.67614086e-02 -8.34836908e-02 
 3.01995172e+02  6.58266273e-02 -8.32655772e-02 
 3.05492111e+02  6.48968406e-02 -8.30376226e-02 
 3.09029543e+02  6.39722532e-02 -8.27999676e-02 
 3.12607937e+02  6.30530646e-02 -8.25527580e-02 
 3.16227766e+02  6.21394691e-02 -8.22961444e-02 
 3.19889511e+02  6.12316557e-02 -8.20302819e-02 
 3.23593657e+02  6.03298081e-02 -8.17553299e-02 
 3.27340695e+02  5.94341042e-02 -8.14714521e-02 
 3.31131121e+02  5.85447167e-02 -8.11788159e-02 
 3.34965439e+02  5.76618120e-02 -8.08775925e-02 
 3.38844156e+02  5.67855511e-02 -8.05679566e-02 
 3.42767787e+02  5.59160888e-02 -8.02500861e-02 
 3.46736850e+02  5.50535741e-02 -7.99241617e-02 
 3.50751874e+02  5.41981500e-02 -7.95903670e-02 
 3.54813389e+02  5.33499533e-02 -7.92488882e-02 
 3.58921935e+02  5.25091148e-02 -7.88999137e-02 
 3.63078055e+02  5.16757591e-02 -7.85436338e-02 
 3.67282300e+02  5.08500047e-02 -7.81802411e-02 
 3.71535229e+02  5.00319640e-02 -7.78099292e-02 
 3.75837404e+02  4.92217431e-02 -7.74328937e-02 
 3.80189396e+02  4.84194423e-02 -7.70493309e-02 
 3.84591782e+02  4.76251554e-02 -7.66594382e-02 
 3.89045145e+02  4.68389704e-02 -7.62634140e-02 
 3.93550075e+02  4.60609691e-02 -7.58614567e-02 
 3.98107171e+02  4.52912274e-02 -7.54537656e-02 
 4.02717034e+02  4.45298154e-02 -7.50405395e-02 
 4.07380278e+02  4.37767970e-02 -7.46219778e-02 
 4.12097519e+02  4.30322305e-02 -7.41982791e-02 
 4.16869383e+02  4.22961685e-02 -7.37696419e-02 
 4.21696503e+02  4.15686579e-02 -7.33362638e-02 
 4.26579519e+02  4.08497399e-02 -7.28983417e-02 
 4.31519077e+02  4.01394505e-02 -7.24560717e-02 
 4.36515832e+02  3.94378202e-02 -7.20096486e-02 
 4.41570447e+02  3.87448741e-02 -7.15592658e-02 
 4.46683592e+02  3.80606323e-02 -7.11051155e-02 
 4.51855944e+02  3.73851097e-02 -7.06473882e-02 
 4.57088190e+02  3.67183165e-02 -7.01862727e-02 
 4.62381021e+02  3.60602578e-02 -6.97219559e-02 
 4.67735141e+02  3.54109341e-02 -6.92546228e-02 
 4.73151259e+02  3.47703415e-02 -6.87844562e-02 
 4.78630092e+02  3.41384712e-02 -6.83116370e-02 
 4.84172368e+02  3.35153106e-02 -6.78363433e-02 
 4.89778819e+02  3.29008425e-02 -6.73587513e-02 
 4.95450191e+02  3.22950458e-02 -6.68790342e-02 
 5.01187234e+02  3.16978954e-02 -6.63973632e-02 
 5.06990708e+02  3.11093624e-02 -6.59139063e-02 
 5.12861384e+02  3.05294144e-02 -6.54288290e-02 
 5.18800039e+02  2.99580151e-02 -6.49422940e-02 
 5.24807460e+02  2.93951252e-02 -6.44544612e-02 
 5.30884444e+02  2.88407017e-02 -6.39654874e-02 
 5.37031796e+02  2.82946989e-02 -6.34755264e-02 
 5.43250331e+02  2.77570677e-02 -6.29847293e-02 
 5.49540874e+02  2.72277563e-02 -6.24932439e-02 
 5.55904257e+02  2.67067102e-02 -6.20012149e-02 
 5.62341325e+02  2.61938722e-02 -6.15087839e-02 
 5.68852931e+02  2.56891825e-02 -6.10160895e-02 
 5.75439937e+02  2.51925792e-02 -6.05232669e-02 
 5.82103218e+02  2.47039979e-02 -6.00304483e-02 
 5.88843655e+02  2.42233722e-02 -5.95377626e-02 
 5.95662144e+02  2.37506336e-02 -5.90453356e-02 
 6.02559586e+02  2.32857120e-02 -5.85532898e-02 
 6.09536897e+02  2.28285351e-02 -5.80617446e-02 
 6.16595002e+02  2.23790292e-02 -5.75708162e-02 
 6.23734835e+02  2.19371191e-02 -5.70806175e-02 
 6.30957344e+02  2.15027280e-02 -5.65912584e-02 
 6.38263486e+02  2.10757779e-02 -5.61028454e-02 
 6.45654229e+02  2.06561895e-02 -5.56154822e-02 
 6.53130553e+02  2.02438823e-02 -5.51292690e-02 
 6.60693448e+02  1.98387751e-02 -5.46443032e-02 
 6.68343918e+02  1.94407853e-02 -5.41606791e-02 
 6.76082975e+02  1.90498299e-02 -5.36784878e-02 
 6.83911647e+02  1.86658248e-02 -5.31978175e-02 
 6.91830971e+02  1.82886855e-02 -5.27187535e-02 
 6.99841996e+02  1.79183267e-02 -5.22413779e-02 
 7.07945784e+02  1.75546628e-02 -5.17657703e-02 
 7.16143410e+02  1.71976076e-02 -5.12920071e-02 
 7.24435960e+02  1.68470749e-02 -5.08201620e-02 
 7.32824533e+02  1.65029777e-02 -5.03503059e-02 
 7.41310241e+02  1.61652294e-02 -4.98825069e-02 
 7.49894209e+02  1.58337427e-02 -4.94168307e-02 
 7.58577575e+02  1.55084307e-02 -4.89533399e-02 
 7.67361489e+02  1.51892062e-02 -4.84920949e-02 
 7.76247117e+02  1.48759823e-02 -4.80331532e-02 
 7.85235635e+02  1.45686720e-02 -4.75765701e-02 
 7.94328235e+02  1.42671886e-02 -4.71223982e-02 
 8.03526122e+02  1.39714456e-02 -4.66706878e-02 
 8.12830516e+02  1.36813567e-02 -4.62214869e-02 
 8.22242650e+02  1.33968362e-02 -4.57748410e-02 
 8.31763771e+02  1.31177984e-02 -4.53307934e-02 
 8.41395142e+02  1.28441582e-02 -4.48893854e-02 
 8.51138038e+02  1.25758310e-02 -4.44506558e-02 
 8.60993752e+02  1.23127325e-02 -4.40146415e-02 
 8.70963590e+02  1.20547793e-02 -4.35813772e-02 
 8.81048873e+02  1.18018881e-02 -4.31508957e-02 
 8.91250938e+02  1.15539766e-02 -4.27232278e-02 
 9.01571138e+02  1.13109628e-02 -4.22984023e-02 
 9.12010839e+02  1.10727656e-02 -4.18764463e-02 
 9.22571427e+02  1.08393044e-02 -4.14573849e-02 
 9.33254301e+02  1.06104995e-02 -4.10412415e-02 
 9.44060876e+02  1.03862718e-02 -4.06280377e-02 
 9.54992586e+02  1.01665430e-02 -4.02177936e-02 
 9.66050879e+02  9.95123558e-03 -3.98105275e-02 
 9.77237221e+02  9.74027272e-03 -3.94062562e-02 
 9.88553095e+02  9.53357851e-03 -3.90049950e-02 
 1.00000000e+03  9.33107785e-03 -3.86067574e-02 
 1.01157945e+03  9.13269645e-03 -3.82115560e-02 
 1.02329299e+03  8.93836089e-03 -3.78194014e-02 
 1.03514217e+03  8.74799862e-03 -3.74303033e-02 
 1.04712855e+03  8.56153792e-03 -3.70442698e-02 
 1.05925373e+03  8.37890802e-03 -3.66613078e-02 
 1.07151931e+03  8.20003898e-03 -3.62814231e-02 
 1.08392691e+03  8.02486180e-03 -3.59046200e-02 
 1.09647820e+03  7.85330834e-03 -3.55309019e-02 
 1.10917482e+03  7.68531141e-03 -3.51602711e-02 
 1.12201845e+03  7.52080471e-03 -3.47927285e-02 
 1.13501082e+03  7.35972284e-03 -3.44282743e-02 
 1.14815362e+03  7.20200136e-03 -3.40669076e-02 
 1.16144861e+03  7.04757669e-03 -3.37086264e-02 
 1.17489755e+03  6.89638622e-03 -3.33534280e-02 
 1.18850223e+03  6.74836821e-03 -3.30013084e-02 
 1.20226443e+03  6.60346189e-03 -3.26522632e-02 
 1.21618600e+03  6.46160735e-03 -3.23062869e-02 
 1.23026877e+03  6.32274562e-03 -3.19633732e-02 
 1.24451461e+03  6.18681865e-03 -3.16235151e-02 
 1.25892541e+03  6.05376927e-03 -3.12867048e-02 
 1.27350308e+03  5.92354122e-03 -3.09529338e-02 
 1.28824955e+03  5.79607913e-03 -3.06221930e-02 
 1.30316678e+03  5.67132855e-03 -3.02944725e-02 
 1.31825674e+03  5.54923587e-03 -2.99697619e-02 
 1.33352143e+03  5.42974841e-03 -2.96480502e-02 
 1.34896288e+03  5.31281433e-03 -2.93293257e-02 
 1.36458314e+03  5.19838265e-03 -2.90135763e-02 
 1.38038426e+03  5.08640329e-03 -2.87007892e-02 
 1.39636836e+03  4.97682698e-03 -2.83909512e-02 
 1.41253754e+03  4.86960531e-03 -2.80840487e-02 
 1.42889396e+03  4.76469071e-03 -2.77800676e-02 
 1.44543977e+03  4.66203644e-03 -2.74789933e-02 
 1.46217717e+03  4.56159657e-03 -2.71808108e-02 
 1.47910839e+03  4.46332599e-03 -2.68855048e-02 
 1.49623566e+03  4.36718039e-03 -2.65930595e-02 
 1.51356125e+03  4.27311626e-03 -2.63034589e-02 
 1.53108746e+03  4.18109085e-03 -2.60166865e-02 
 1.54881662e+03  4.09106221e-03 -2.57327257e-02 
 1.56675107e+03  4.00298915e-03 -2.54515595e-02 
 1.58489319e+03  3.91683122e-03 -2.51731705e-02 
 1.60324539e+03  3.83254874e-03 -2.48975412e-02 
 1.62181010e+03  3.75010276e-03 -2.46246538e-02 
 1.64058977e+03  3.66945504e-03 -2.43544903e-02 
 1.65958691e+03  3.59056808e-03 -2.40870325e-02 
 1.67880402e+03  3.51340506e-03 -2.38222619e-02 
 1.69824365e+03  3.43792988e-03 -2.35601600e-02 
 1.71790839e+03  3.36410712e-03 -2.33007079e-02 
 1.73780083e+03  3.29190204e-03 -2.30438868e-02 
 1.75792361e+03  3.22128056e-03 -2.27896775e-02 
 1.77827941e+03  3.15220926e-03 -2.25380608e-02 
 1.79887092e+03  3.08465537e-03 -2.22890175e-02 
 1.81970086e+03  3.01858674e-03 -2.20425280e-02 
 1.84077200e+03  2.95397189e-03 -2.17985728e-02 
 1.86208714e+03  2.89077991e-03 -2.15571324e-02 
 1.88364909e+03  2.82898052e-03 -2.13181871e-02 
 1.90546072e+03  2.76854404e-03 -2.10817170e-02 
 1.92752491e+03  2.70944137e-03 -2.08477024e-02 
 1.94984460e+03  2.65164399e-03 -2.06161234e-02 
 1.97242274e+03  2.59512396e-03 -2.03869601e-02 
 1.99526231e+03  2.53985388e-03 -2.01601926e-02 
 2.01836636e+03  2.48580692e-03 -1.99358009e-02 
 2.04173794e+03  2.43295677e-03 -1.97137651e-02 
 2.06538016e+03  2.38127768e-03 -1.94940653e-02 
 2.08929613e+03  2.33074438e-03 -1.92766815e-02 
 2.11348904e+03  2.28133216e-03 -1.90615936e-02 
 2.13796209e+03  2.23301678e-03 -1.88487819e-02 
 2.16271852e+03  2.18577450e-03 -1.86382263e-02 
 2.18776162e+03  2.13958209e-03 -1.84299070e-02 
 2.21309471e+03  2.09441677e-03 -1.82238041e-02 
 2.23872114e+03  2.05025623e-03 -1.80198979e-02 
 2.26464431e+03  2.00707865e-03 -1.78181686e-02 
 2.29086765e+03  1.96486263e-03 -1.76185965e-02 
 2.31739465e+03  1.92358722e-03 -1.74211618e-02 
 2.34422882e+03  1.88323192e-03 -1.72258451e-02 
 2.37137371e+03  1.84377665e-03 -1.70326268e-02 
 2.39883292e+03  1.80520173e-03 -1.68414874e-02 
 2.42661010e+03  1.76748792e-03 -1.66524075e-02 
 2.45470892e+03  1.73061637e-03 -1.64653679e-02 
 2.48313311e+03  1.69456862e-03 -1.62803492e-02 
 2.51188643e+03  1.65932662e-03 -1.60973325e-02 
 2.54097271e+03  1.62487268e-03 -1.59162986e-02 
 2.57039578e+03  1.59118948e-03 -1.57372285e-02 
 2.60015956e+03  1.55826009e-03 -1.55601034e-02 
 2.63026799e+03  1.52606793e-03 -1.53849045e-02 
 2.66072506e+03  1.49459675e-03 -1.52116131e-02 
 2.69153480e+03  1.46383067e-03 -1.50402108e-02 
 2.72270131e+03  1.43375414e-03 -1.48706789e-02 
 2.75422870e+03  1.40435195e-03 -1.47029992e-02 
 2.78612117e+03  1.37560921e-03 -1.45371534e-02 
 2.81838293e+03  1.34751133e-03 -1.43731233e-02 
 2.85101827e+03  1.32004407e-03 -1.42108910e-02 
 2.88403150e+03  1.29319346e-03 -1.40504385e-02 
 2.91742701e+03  1.26694585e-03 -1.38917481e-02 
 2.95120923e+03  1.24128788e-03 -1.37348020e-02 
 2.98538262e+03  1.21620648e-03 -1.35795828e-02 
 3.01995172e+03  1.19168886e-03 -1.34260729e-02 
 3.05492111e+03  1.16772249e-03 -1.32742552e-02 
 3.09029543e+03  1.14429515e-03 -1.31241123e-02 
 3.12607937e+03  1.12139484e-03 -1.29756272e-02 
 3.16227766e+03  1.09900986e-03 -1.28287830e-02 
 3.19889511e+03  1.07712873e-03 -1.26835629e-02 
 3.23593657e+03  1.05574025e-03 -1.25399502e-02 
 3.27340695e+03  1.03483343e-03 -1.23979283e-02 
 3.31131121e+03  1.01439755e-03 -1.22574809e-02 
 3.34965439e+03  9.94422110e-04 -1.21185915e-02 
 3.38844156e+03  9.74896841e-04 -1.19812440e-02 
 3.42767787e+03  9.55811695e-04 -1.18454225e-02 
 3.46736850e+03  9.37156851e-04 -1.17111109e-02 
 3.50751874e+03  9.18922697e-04 -1.15782936e-02 
 3.54813389e+03  9.01099832e-04 -1.14469548e-02 
 3.58921935e+03  8.83679063e-04 -1.13170790e-02 
 3.63078055e+03  8.66651399e-04 -1.11886508e-02 
 3.67282300e+03  8.50008047e-04 -1.10616551e-02 
 3.71535229e+03  8.33740403e-04 -1.09360766e-02 
 3.75837404e+03  8.17840057e-04 -1.08119003e-02 
 3.80189396e+03  8.02298781e-04 -1.06891115e-02 
 3.84591782e+03  7.87108532e-04 -1.05676953e-02 
 3.89045145e+03  7.72261441e-04 -1.04476371e-02 
 3.93550075e+03  7.57749814e-04 -1.03289225e-02 
 3.98107171e+03  7.43566127e-04 -1.02115372e-02 
 4.02717034e+03  7.29703021e-04 -1.00954669e-02 
 4.07380278e+03  7.16153301e-04 -9.98069746e-03 
 4.12097519e+03  7.02909931e-04 -9.86721503e-03 
 4.16869383e+03  6.89966031e-04 -9.75500574e-03 
 4.21696503e+03  6.77314873e-04 -9.64405589e-03 
 4.26579519e+03  6.64949879e-04 -9.53435190e-03 
 4.31519077e+03  6.52864615e-04 -9.42588034e-03 
 4.36515832e+03  6.41052792e-04 -9.31862787e-03 
 4.41570447e+03  6.29508260e-04 -9.21258131e-03 
 4.46683592e+03  6.18225005e-04 -9.10772758e-03 
 4.51855944e+03  6.07197146e-04 -9.00405375e-03 
 4.57088190e+03  5.96418937e-04 -8.90154699e-03 
 4.62381021e+03  5.85884755e-04 -8.80019462e-03 
 4.67735141e+03  5.75589105e-04 -8.69998404e-03 
 4.73151259e+03  5.65526613e-04 -8.60090283e-03 
 4.78630092e+03  5.55692025e-04 -8.50293864e-03 
 4.84172368e+03  5.46080205e-04 -8.40607927e-03 
 4.89778819e+03  5.36686133e-04 -8.31031263e-03 
 4.95450191e+03  5.27504897e-04 -8.21562676e-03 
 5.01187234e+03  5.18531698e-04 -8.12200980e-03 
 5.06990708e+03  5.09761843e-04 -8.02945003e-03 
 5.12861384e+03  5.01190745e-04 -7.93793583e-03 
 5.18800039e+03  4.92813918e-04 -7.84745570e-03 
 5.24807460e+03  4.84626977e-04 -7.75799826e-03 
 5.30884444e+03  4.76625636e-04 -7.66955225e-03 
 5.37031796e+03  4.68805704e-04 -7.58210651e-03 
 5.43250331e+03  4.61163083e-04 -7.49565001e-03 
 5.49540874e+03  4.53693770e-04 -7.41017181e-03 
 5.55904257e+03  4.46393848e-04 -7.32566111e-03 
 5.62341325e+03  4.39259490e-04 -7.24210720e-03 
 5.68852931e+03  4.32286954e-04 -7.15949948e-03 
 5.75439937e+03  4.25472583e-04 -7.07782747e-03 
 5.82103218e+03  4.18812801e-04 -6.99708080e-03 
 5.88843655e+03  4.12304113e-04 -6.91724919e-03 
 5.95662144e+03  4.05943102e-04 -6.83832248e-03 
 6.02559586e+03  3.99726428e-04 -6.76029062e-03 
 6.09536897e+03  3.93650826e-04 -6.68314365e-03 
 6.16595002e+03  3.87713104e-04 -6.60687173e-03 
 6.23734835e+03  3.81910143e-04 -6.53146511e-03 
 6.30957344e+03  3.76238893e-04 -6.45691416e-03 
 6.38263486e+03  3.70696372e-04 -6.38320932e-03 
 6.45654229e+03  3.65279668e-04 -6.31034116e-03 
 6.53130553e+03  3.59985932e-04 -6.23830034e-03 
 6.60693448e+03  3.54812379e-04 -6.16707763e-03 
 6.68343918e+03  3.49756288e-04 -6.09666387e-03 
 6.76082975e+03  3.44814999e-04 -6.02705001e-03 
 6.83911647e+03  3.39985911e-04 -5.95822712e-03 
 6.91830971e+03  3.35266484e-04 -5.89018634e-03 
 6.99841996e+03  3.30654232e-04 -5.82291890e-03 
 7.07945784e+03  3.26146727e-04 -5.75641614e-03 
 7.16143410e+03  3.21741597e-04 -5.69066948e-03 
 7.24435960e+03  3.17436520e-04 -5.62567046e-03 
 7.32824533e+03  3.13229229e-04 -5.56141067e-03 
 7.41310241e+03  3.09117508e-04 -5.49788182e-03 
 7.49894209e+03  3.05099190e-04 -5.43507570e-03 
 7.58577575e+03  3.01172158e-04 -5.37298418e-03 
 7.67361489e+03  2.97334342e-04 -5.31159924e-03 
 7.76247117e+03  2.93583719e-04 -5.25091292e-03 
 7.85235635e+03  2.89918311e-04 -5.19091737e-03 
 7.94328235e+03  2.86336187e-04 -5.13160481e-03 
 8.03526122e+03  2.82835457e-04 -5.07296755e-03 
 8.12830516e+03  2.79414275e-04 -5.01499798e-03 
 8.22242650e+03  2.76070836e-04 -4.95768859e-03 
 8.31763771e+03  2.72803378e-04 -4.90103192e-03 
 8.41395142e+03  2.69610174e-04 -4.84502062e-03 
 8.51138038e+03  2.66489542e-04 -4.78964742e-03 
 8.60993752e+03  2.63439835e-04 -4.73490510e-03 
 8.70963590e+03  2.60459442e-04 -4.68078654e-03 
 8.81048873e+03  2.57546791e-04 -4.62728471e-03 
 8.91250938e+03  2.54700344e-04 -4.57439264e-03 
 9.01571138e+03  2.51918599e-04 -4.52210344e-03 
 9.12010839e+03  2.49200087e-04 -4.47041029e-03 
 9.22571427e+03  2.46543372e-04 -4.41930646e-03 
 9.33254301e+03  2.43947051e-04 -4.36878528e-03 
 9.44060876e+03  2.41409754e-04 -4.31884016e-03 
 9.54992586e+03  2.38930141e-04 -4.26946459e-03 
 9.66050879e+03  2.36506901e-04 -4.22065211e-03 
 9.77237221e+03  2.34138754e-04 -4.17239636e-03 
 9.88553095e+03  2.31824450e-04 -4.12469103e-03 
 1.00000000e+04  2.29562765e-04 -4.07752988e-03 
 1.01157945e+04  2.27352505e-04 -4.03090676e-03 
 1.02329299e+04  2.25192501e-04 -3.98481555e-03 
 1.03514217e+04  2.23081612e-04 -3.93925024e-03 
 1.04712855e+04  2.21018723e-04 -3.89420487e-03 
 1.05925373e+04  2.19002743e-04 -3.84967353e-03 
 1.07151931e+04  2.17032606e-04 -3.80565039e-03 
 1.08392691e+04  2.15107271e-04 -3.76212970e-03 
 1.09647820e+04  2.13225721e-04 -3.71910575e-03 
 1.10917482e+04  2.11386960e-04 -3.67657290e-03 
 1.12201845e+04  2.09590016e-04 -3.63452558e-03 
 1.13501082e+04  2.07833939e-04 -3.59295827e-03 
 1.14815362e+04  2.06117801e-04 -3.55186553e-03 
 1.16144861e+04  2.04440693e-04 -3.51124197e-03 
 1.17489755e+04  2.02801729e-04 -3.47108225e-03 
 1.18850223e+04  2.01200043e-04 -3.43138110e-03 
 1.20226443e+04  1.99634786e-04 -3.39213332e-03 
 1.21618600e+04  1.98105132e-04 -3.35333376e-03 
 1.23026877e+04  1.96610270e-04 -3.31497730e-03 
 1.24451461e+04  1.95149410e-04 -3.27705893e-03 
 1.25892541e+04  1.93721780e-04 -3.23957366e-03 
 1.27350308e+04  1.92326623e-04 -3.20251656e-03 
 1.28824955e+04  1.90963203e-04 -3.16588276e-03 
 1.30316678e+04  1.89630796e-04 -3.12966744e-03 
 1.31825674e+04  1.88328699e-04 -3.09386586e-03 
 1.33352143e+04  1.87056222e-04 -3.05847328e-03 
 1.34896288e+04  1.85812692e-04 -3.02348508e-03 
 1.36458314e+04  1.84597451e-04 -2.98889663e-03 
 1.38038426e+04  1.83409856e-04 -2.95470339e-03 
 1.39636836e+04  1.82249277e-04 -2.92090086e-03 
 1.41253754e+04  1.81115102e-04 -2.88748459e-03 
 1.42889396e+04  1.80006729e-04 -2.85445019e-03 
 1.44543977e+04  1.78923572e-04 -2.82179329e-03 
 1.46217717e+04  1.77865058e-04 -2.78950961e-03 
 1.47910839e+04  1.76830625e-04 -2.75759490e-03 
 1.49623566e+04  1.75819728e-04 -2.72604493e-03 
 1.51356125e+04  1.74831829e-04 -2.69485557e-03 
 1.53108746e+04  1.73866407e-04 -2.66402271e-03 
 1.54881662e+04  1.72922951e-04 -2.63354227e-03 
 1.56675107e+04  1.72000960e-04 -2.60341025e-03 
 1.58489319e+04  1.71099946e-04 -2.57362266e-03 
 1.60324539e+04  1.70219434e-04 -2.54417559e-03 
 1.62181010e+04  1.69358955e-04 -2.51506515e-03 
 1.64058977e+04  1.68518055e-04 -2.48628751e-03 
 1.65958691e+04  1.67696289e-04 -2.45783887e-03 
 1.67880402e+04  1.66893221e-04 -2.42971547e-03 
 1.69824365e+04  1.66108425e-04 -2.40191361e-03 
 1.71790839e+04  1.65341487e-04 -2.37442962e-03 
 1.73780083e+04  1.64592000e-04 -2.34725987e-03 
 1.75792361e+04  1.63859568e-04 -2.32040078e-03 
 1.77827941e+04  1.63143801e-04 -2.29384881e-03 
 1.79887092e+04  1.62444322e-04 -2.26760044e-03 
 1.81970086e+04  1.61760759e-04 -2.24165223e-03 
 1.84077200e+04  1.61092751e-04 -2.21600073e-03 
 1.86208714e+04  1.60439944e-04 -2.19064257e-03 
 1.88364909e+04  1.59801992e-04 -2.16557440e-03 
 1.90546072e+04  1.59178558e-04 -2.14079290e-03 
 1.92752491e+04  1.58569310e-04 -2.11629481e-03 
 1.94984460e+04  1.57973926e-04 -2.09207689e-03 
 1.97242274e+04  1.57392091e-04 -2.06813594e-03 
 1.99526231e+04  1.56823496e-04 -2.04446880e-03 
 2.01836636e+04  1.56267841e-04 -2.02107234e-03 
 2.04173794e+04  1.55724831e-04 -1.99794347e-03 
 2.06538016e+04  1.55194178e-04 -1.97507914e-03 
 2.08929613e+04  1.54675601e-04 -1.95247633e-03 
 2.11348904e+04  1.54168826e-04 -1.93013205e-03 
 2.13796209e+04  1.53673583e-04 -1.90804334e-03 
 2.16271852e+04  1.53189612e-04 -1.88620729e-03 
 2.18776162e+04  1.52716654e-04 -1.86462101e-03 
 2.21309471e+04  1.52254460e-04 -1.84328166e-03 
 2.23872114e+04  1.51802784e-04 -1.82218640e-03 
 2.26464431e+04  1.51361388e-04 -1.80133245e-03 
 2.29086765e+04  1.50930037e-04 -1.78071705e-03 
 2.31739465e+04  1.50508503e-04 -1.76033748e-03 
 2.34422882e+04  1.50096562e-04 -1.74019105e-03 
 2.37137371e+04  1.49693997e-04 -1.72027508e-03 
 2.39883292e+04  1.49300594e-04 -1.70058695e-03 
 2.42661010e+04  1.48916144e-04 -1.68112406e-03 
 2.45470892e+04  1.48540444e-04 -1.66188382e-03 
 2.48313311e+04  1.48173295e-04 -1.64286370e-03 
 2.51188643e+04  1.47814501e-04 -1.62406118e-03 
 2.54097271e+04  1.47463874e-04 -1.60547377e-03 
 2.57039578e+04  1.47121227e-04 -1.58709901e-03 
 2.60015956e+04  1.46786378e-04 -1.56893448e-03 
 2.63026799e+04  1.46459151e-04 -1.55097777e-03 
 2.66072506e+04  1.46139371e-04 -1.53322651e-03 
 2.69153480e+04  1.45826870e-04 -1.51567834e-03 
 2.72270131e+04  1.45521481e-04 -1.49833095e-03 
 2.75422870e+04  1.45223043e-04 -1.48118203e-03 
 2.78612117e+04  1.44931397e-04 -1.46422933e-03 
 2.81838293e+04  1.44646390e-04 -1.44747060e-03 
 2.85101827e+04  1.44367870e-04 -1.43090362e-03 
 2.88403150e+04  1.44095689e-04 -1.41452620e-03 
 2.91742701e+04  1.43829703e-04 -1.39833617e-03 
 2.95120923e+04  1.43569771e-04 -1.38233139e-03 
 2.98538262e+04  1.43315756e-04 -1.36650974e-03 
 3.01995172e+04  1.43067523e-04 -1.35086912e-03 
 3.05492111e+04  1.42824939e-04 -1.33540748e-03 
 3.09029543e+04  1.42587878e-04 -1.32012275e-03 
 3.12607937e+04  1.42356212e-04 -1.30501292e-03 
 3.16227766e+04  1.42129820e-04 -1.29007599e-03 
 3.19889511e+04  1.41908580e-04 -1.27530998e-03 
 3.23593657e+04  1.41692377e-04 -1.26071294e-03 
 3.27340695e+04  1.41481095e-04 -1.24628293e-03 
 3.31131121e+04  1.41274622e-04 -1.23201804e-03 
 3.34965439e+04  1.41072850e-04 -1.21791639e-03 
 3.38844156e+04  1.40875670e-04 -1.20397610e-03 
 3.42767787e+04  1.40682979e-04 -1.19019534e-03 
 3.46736850e+04  1.40494674e-04 -1.17657228e-03 
 3.50751874e+04  1.40310655e-04 -1.16310511e-03 
 3.54813389e+04  1.40130826e-04 -1.14979205e-03 
 3.58921935e+04  1.39955090e-04 -1.13663135e-03 
 3.63078055e+04  1.39783354e-04 -1.12362124e-03 
 3.67282300e+04  1.39615528e-04 -1.11076002e-03 
 3.71535229e+04  1.39451523e-04 -1.09804599e-03 
 3.75837404e+04  1.39291251e-04 -1.08547744e-03 
 3.80189396e+04  1.39134628e-04 -1.07305274e-03 
 3.84591782e+04  1.38981570e-04 -1.06077021e-03 
 3.89045145e+04  1.38831996e-04 -1.04862825e-03 
 3.93550075e+04  1.38685828e-04 -1.03662524e-03 
 3.98107171e+04  1.38542988e-04 -1.02475960e-03 
 4.02717034e+04  1.38403399e-04 -1.01302975e-03 
 4.07380278e+04  1.38266989e-04 -1.00143413e-03 
 4.12097519e+04  1.38133684e-04 -9.89971221e-04 
 4.16869383e+04  1.38003414e-04 -9.78639493e-04 
 4.21696503e+04  1.37876109e-04 -9.67437450e-04 
 4.26579519e+04  1.37751704e-04 -9.56363606e-04 
 4.31519077e+04  1.37630131e-04 -9.45416496e-04 
 4.36515832e+04  1.37511325e-04 -9.34594669e-04 
 4.41570447e+04  1.37395225e-04 -9.23896692e-04 
 4.46683592e+04  1.37281769e-04 -9.13321148e-04 
 4.51855944e+04  1.37170896e-04 -9.02866637e-04 
 4.57088190e+04  1.37062547e-04 -8.92531772e-04 
 4.62381021e+04  1.36956665e-04 -8.82315186e-04 
 4.67735141e+04  1.36853195e-04 -8.72215525e-04 
 4.73151259e+04  1.36752081e-04 -8.62231452e-04 
 4.78630092e+04  1.36653269e-04 -8.52361643e-04 
 4.84172368e+04  1.36556707e-04 -8.42604791e-04 
 4.89778819e+04  1.36462344e-04 -8.32959604e-04 
 4.95450191e+04  1.36370131e-04 -8.23424804e-04 
 5.01187234e+04  1.36280017e-04 -8.13999127e-04 
 5.06990708e+04  1.36191956e-04 -8.04681326e-04 
 5.12861384e+04  1.36105900e-04 -7.95470166e-04 
 5.18800039e+04  1.36021805e-04 -7.86364426e-04 
 5.24807460e+04  1.35939624e-04 -7.77362901e-04 
 5.30884444e+04  1.35859316e-04 -7.68464397e-04 
 5.37031796e+04  1.35780837e-04 -7.59667736e-04 
 5.43250331e+04  1.35704145e-04 -7.50971752e-04 
 5.49540874e+04  1.35629201e-04 -7.42375293e-04 
 5.55904257e+04  1.35555963e-04 -7.33877220e-04 
 5.62341325e+04  1.35484395e-04 -7.25476408e-04 
 5.68852931e+04  1.35414456e-04 -7.17171743e-04 
 5.75439937e+04  1.35346111e-04 -7.08962125e-04 
 5.82103218e+04  1.35279324e-04 -7.00846467e-04 
 5.88843655e+04  1.35214058e-04 -6.92823692e-04 
 5.95662144e+04  1.35150279e-04 -6.84892738e-04 
 6.02559586e+04  1.35087954e-04 -6.77052555e-04 
 6.09536897e+04  1.35027049e-04 -6.69302103e-04 
 6.16595002e+04  1.34967532e-04 -6.61640355e-04 
 6.23734835e+04  1.34909371e-04 -6.54066297e-04 
 6.30957344e+04  1.34852536e-04 -6.46578924e-04 
 6.38263486e+04  1.34796997e-04 -6.39177244e-04 
 6.45654229e+04  1.34742724e-04 -6.31860278e-04 
 6.53130553e+04  1.34689688e-04 -6.24627055e-04 
 6.60693448e+04  1.34637861e-04 -6.17476617e-04 
 6.68343918e+04  1.34587216e-04 -6.10408016e-04 
 6.76082975e+04  1.34537725e-04 -6.03420315e-04 
 6.83911647e+04  1.34489364e-04 -5.96512590e-04 
 6.91830971e+04  1.34442105e-04 -5.89683924e-04 
 6.99841996e+04  1.34395924e-04 -5.82933412e-04 
 7.07945784e+04  1.34350797e-04 -5.76260161e-04 
 7.16143410e+04  1.34306699e-04 -5.69663285e-04 
 7.24435960e+04  1.34263607e-04 -5.63141911e-04 
 7.32824533e+04  1.34221499e-04 -5.56695174e-04 
 7.41310241e+04  1.34180351e-04 -5.50322220e-04 
 7.49894209e+04  1.34140143e-04 -5.44022205e-04 
 7.58577575e+04  1.34100852e-04 -5.37794294e-04 
 7.67361489e+04  1.34062459e-04 -5.31637661e-04 
 7.76247117e+04  1.34024942e-04 -5.25551490e-04 
 7.85235635e+04  1.33988282e-04 -5.19534976e-04 
 7.94328235e+04  1.33952459e-04 -5.13587320e-04 
 8.03526122e+04  1.33917454e-04 -5.07707735e-04 
 8.12830516e+04  1.33883249e-04 -5.01895441e-04 
 8.22242650e+04  1.33849826e-04 -4.96149669e-04 
 8.31763771e+04  1.33817167e-04 -4.90469656e-04 
 8.41395142e+04  1.33785254e-04 -4.84854650e-04 
 8.51138038e+04  1.33754071e-04 -4.79303907e-04 
 8.60993752e+04  1.33723601e-04 -4.73816691e-04 
 8.70963590e+04  1.33693828e-04 -4.68392275e-04 
 8.81048873e+04  1.33664737e-04 -4.63029941e-04 
 8.91250938e+04  1.33636311e-04 -4.57728976e-04 
 9.01571138e+04  1.33608535e-04 -4.52488680e-04 
 9.12010839e+04  1.33581396e-04 -4.47308358e-04 
 9.22571427e+04  1.33554878e-04 -4.42187322e-04 
 9.33254301e+04  1.33528968e-04 -4.37124895e-04 
 9.44060876e+04  1.33503652e-04 -4.32120405e-04 
 9.54992586e+04  1.33478916e-04 -4.27173190e-04 
 9.66050879e+04  1.33454747e-04 -4.22282593e-04 
 9.77237221e+04  1.33431133e-04 -4.17447966e-04 
 9.88553095e+04  1.33408060e-04 -4.12668669e-04 
 1.00000000e+05  1.33385517e-04 -4.07944068e-04 
 1.01157945e+05  1.33363492e-04 -4.03273538e-04 
 1.02329299e+05  1.33341973e-04 -3.98656458e-04 
 1.03514217e+05  1.33320949e-04 -3.94092218e-04 
 1.04712855e+05  1.33300408e-04 -3.89580212e-04 
 1.05925373e+05  1.33280340e-04 -3.85119842e-04 
 1.07151931e+05  1.33260733e-04 -3.80710517e-04 
 1.08392691e+05  1.33241579e-04 -3.76351653e-04 
 1.09647820e+05  1.33222865e-04 -3.72042673e-04 
 1.10917482e+05  1.33204583e-04 -3.67783004e-04 
 1.12201845e+05  1.33186723e-04 -3.63572083e-04 
 1.13501082e+05  1.33169276e-04 -3.59409351e-04 
 1.14815362e+05  1.33152231e-04 -3.55294256e-04 
 1.16144861e+05  1.33135580e-04 -3.51226255e-04 
 1.17489755e+05  1.33119315e-04 -3.47204806e-04 
 1.18850223e+05  1.33103426e-04 -3.43229377e-04 
 1.20226443e+05  1.33087906e-04 -3.39299441e-04 
 1.21618600e+05  1.33072745e-04 -3.35414478e-04 
 1.23026877e+05  1.33057936e-04 -3.31573973e-04 
 1.24451461e+05  1.33043471e-04 -3.27777415e-04 
 1.25892541e+05  1.33029343e-04 -3.24024303e-04 
 1.27350308e+05  1.33015543e-04 -3.20314139e-04 
 1.28824955e+05  1.33002065e-04 -3.16646431e-04 
 1.30316678e+05  1.32988902e-04 -3.13020694e-04 
 1.31825674e+05  1.32976046e-04 -3.09436445e-04 
 1.33352143e+05  1.32963490e-04 -3.05893211e-04 
 1.34896288e+05  1.32951229e-04 -3.02390522e-04 
 1.36458314e+05  1.32939255e-04 -2.98927913e-04 
 1.38038426e+05  1.32927562e-04 -2.95504926e-04 
 1.39636836e+05  1.32916144e-04 -2.92121107e-04 
 1.41253754e+05  1.32904995e-04 -2.88776007e-04 
 1.42889396e+05  1.32894109e-04 -2.85469184e-04 
 1.44543977e+05  1.32883480e-04 -2.82200198e-04 
 1.46217717e+05  1.32873102e-04 -2.78968617e-04 
 1.47910839e+05  1.32862971e-04 -2.75774012e-04 
 1.49623566e+05  1.32853080e-04 -2.72615960e-04 
 1.51356125e+05  1.32843425e-04 -2.69494042e-04 
 1.53108746e+05  1.32834000e-04 -2.66407845e-04 
 1.54881662e+05  1.32824800e-04 -2.63356959e-04 
 1.56675107e+05  1.32815821e-04 -2.60340980e-04 
 1.58489319e+05  1.32807057e-04 -2.57359508e-04 
 1.60324539e+05  1.32798505e-04 -2.54412149e-04 
 1.62181010e+05  1.32790159e-04 -2.51498511e-04 
 1.64058977e+05  1.32782015e-04 -2.48618208e-04 
 1.65958691e+05  1.32774069e-04 -2.45770859e-04 
 1.67880402e+05  1.32766316e-04 -2.42956087e-04 
 1.69824365e+05  1.32758753e-04 -2.40173517e-04 
 1.71790839e+05  1.32751375e-04 -2.37422781e-04 
 1.73780083e+05  1.32744179e-04 -2.34703515e-04 
 1.75792361e+05  1.32737160e-04 -2.32015359e-04 
 1.77827941e+05  1.32730315e-04 -2.29357955e-04 
 1.79887092e+05  1.32723641e-04 -2.26730953e-04 
 1.81970086e+05  1.32717133e-04 -2.24134003e-04 
 1.84077200e+05  1.32710789e-04 -2.21566761e-04 
 1.86208714e+05  1.32704605e-04 -2.19028887e-04 
 1.88364909e+05  1.32698577e-04 -2.16520045e-04 
 1.90546072e+05  1.32692703e-04 -2.14039902e-04 
 1.92752491e+05  1.32686980e-04 -2.11588130e-04 
 1.94984460e+05  1.32681404e-04 -2.09164403e-04 
 1.97242274e+05  1.32675972e-04 -2.06768401e-04 
 1.99526231e+05  1.32670681e-04 -2.04399805e-04 
 2.01836636e+05  1.32665530e-04 -2.02058302e-04 
 2.04173794e+05  1.32660514e-04 -1.99743581e-04 
 2.06538016e+05  1.32655632e-04 -1.97455336e-04 
 2.08929613e+05  1.32650880e-04 -1.95193263e-04 
 2.11348904e+05  1.32646257e-04 -1.92957063e-04 
 2.13796209e+05  1.32641760e-04 -1.90746439e-04 
 2.16271852e+05  1.32637385e-04 -1.88561098e-04 
 2.18776162e+05  1.32633132e-04 -1.86400750e-04 
 2.21309471e+05  1.32628998e-04 -1.84265109e-04 
 2.23872114e+05  1.32624980e-04 -1.82153893e-04 
 2.26464431e+05  1.32621077e-04 -1.80066820e-04 
 2.29086765e+05  1.32617286e-04 -1.78003615e-04 
 2.31739465e+05  1.32613606e-04 -1.75964005e-04 
 2.34422882e+05  1.32610034e-04 -1.73947718e-04 
 2.37137371e+05  1.32606569e-04 -1.71954487e-04 
 2.39883292e+05  1.32603208e-04 -1.69984049e-04 
 2.42661010e+05  1.32599951e-04 -1.68036142e-04 
 2.45470892e+05  1.32596794e-04 -1.66110508e-04 
 2.48313311e+05  1.32593737e-04 -1.64206892e-04 
 2.51188643e+05  1.32590778e-04 -1.62325041e-04 
 2.54097271e+05  1.32587916e-04 -1.60464707e-04 
 2.57039578e+05  1.32585148e-04 -1.58625641e-04 
 2.60015956e+05  1.32582474e-04 -1.56807602e-04 
 2.63026799e+05  1.32579891e-04 -1.55010347e-04 
 2.66072506e+05  1.32577399e-04 -1.53233639e-04 
 2.69153480e+05  1.32574997e-04 -1.51477241e-04 
 2.72270131e+05  1.32572682e-04 -1.49740922e-04 
 2.75422870e+05  1.32570454e-04 -1.48024451e-04 
 2.78612117e+05  1.32568312e-04 -1.46327601e-04 
 2.81838293e+05  1.32566254e-04 -1.44650146e-04 
 2.85101827e+05  1.32564280e-04 -1.42991864e-04 
 2.88403150e+05  1.32562387e-04 -1.41352536e-04 
 2.91742701e+05  1.32560576e-04 -1.39731945e-04 
 2.95120923e+05  1.32558846e-04 -1.38129875e-04 
 2.98538262e+05  1.32557195e-04 -1.36546114e-04 
 3.01995172e+05  1.32555622e-04 -1.34980452e-04 
 3.05492111e+05  1.32554127e-04 -1.33432682e-04 
 3.09029543e+05  1.32552709e-04 -1.31902598e-04 
 3.12607937e+05  1.32551368e-04 -1.30389998e-04 
 3.16227766e+05  1.32550101e-04 -1.28894682e-04 
 3.19889511e+05  1.32548910e-04 -1.27416450e-04 
 3.23593657e+05  1.32547792e-04 -1.25955108e-04 
 3.27340695e+05  1.32546749e-04 -1.24510461e-04 
 3.31131121e+05  1.32545778e-04 -1.23082319e-04 
 3.34965439e+05  1.32544880e-04 -1.21670491e-04 
 3.38844156e+05  1.32544053e-04 -1.20274790e-04 
 3.42767787e+05  1.32543299e-04 -1.18895033e-04 
 3.46736850e+05  1.32542615e-04 -1.17531035e-04 
 3.50751874e+05  1.32542002e-04 -1.16182616e-04 
 3.54813389e+05  1.32541460e-04 -1.14849597e-04 
 3.58921935e+05  1.32540988e-04 -1.13531802e-04 
 3.63078055e+05  1.32540586e-04 -1.12229056e-04 
 3.67282300e+05  1.32540254e-04 -1.10941186e-04 
 3.71535229e+05  1.32539991e-04 -1.09668022e-04 
 3.75837404e+05  1.32539798e-04 -1.08409394e-04 
 3.80189396e+05  1.32539674e-04 -1.07165137e-04 
 3.84591782e+05  1.32539619e-04 -1.05935085e-04 
 3.89045145e+05  1.32539633e-04 -1.04719074e-04 
 3.93550075e+05  1.32539717e-04 -1.03516945e-04 
 3.98107171e+05  1.32539870e-04 -1.02328538e-04 
 4.02717034e+05  1.32540096e-04 -1.01153699e-04 
 4.07380278e+05  1.32540388e-04 -9.99922643e-05 
 4.12097519e+05  1.32540750e-04 -9.88440839e-05 
 4.16869383e+05  1.32541181e-04 -9.77090058e-05 
 4.21696503e+05  1.32541682e-04 -9.65868797e-05 
 4.26579519e+05  1.32542254e-04 -9.54775567e-05 
 4.31519077e+05  1.32542896e-04 -9.43808900e-05 
 4.36515832e+05  1.32543610e-04 -9.32967342e-05 
 4.41570447e+05  1.32544394e-04 -9.22249456e-05 
 4.46683592e+05  1.32545251e-04 -9.11653822e-05 
 4.51855944e+05  1.32546179e-04 -9.01179035e-05 
 4.57088190e+05  1.32547181e-04 -8.90823708e-05 
 4.62381021e+05  1.32548255e-04 -8.80586468e-05 
 4.67735141e+05  1.32549403e-04 -8.70465959e-05 
 4.73151259e+05  1.32550626e-04 -8.60460839e-05 
 4.78630092e+05  1.32551924e-04 -8.50569784e-05 
 4.84172368e+05  1.32553298e-04 -8.40791481e-05 
 4.89778819e+05  1.32554748e-04 -8.31124636e-05 
 4.95450191e+05  1.32556275e-04 -8.21567968e-05 
 5.01187234e+05  1.32557880e-04 -8.12120210e-05 
 5.06990708e+05  1.32559565e-04 -8.02780110e-05 
 5.12861384e+05  1.32561329e-04 -7.93546431e-05 
 5.18800039e+05  1.32563174e-04 -7.84417950e-05 
 5.24807460e+05  1.32565100e-04 -7.75393457e-05 
 5.30884444e+05  1.32567109e-04 -7.66471756e-05 
 5.37031796e+05  1.32569203e-04 -7.57651665e-05 
 5.43250331e+05  1.32571381e-04 -7.48932016e-05 
 5.49540874e+05  1.32573645e-04 -7.40311653e-05 
 5.55904257e+05  1.32575996e-04 -7.31789435e-05 
 5.62341325e+05  1.32578436e-04 -7.23364232e-05 
 5.68852931e+05  1.32580965e-04 -7.15034929e-05 
 5.75439937e+05  1.32583586e-04 -7.06800422e-05 
 5.82103218e+05  1.32586300e-04 -6.98659619e-05 
 5.88843655e+05  1.32589107e-04 -6.90611444e-05 
 5.95662144e+05  1.32592010e-04 -6.82654829e-05 
 6.02559586e+05  1.32595010e-04 -6.74788722e-05 
 6.09536897e+05  1.32598108e-04 -6.67012079e-05 
 6.16595002e+05  1.32601307e-04 -6.59323871e-05 
 6.23734835e+05  1.32604607e-04 -6.51723080e-05 
 6.30957344e+05  1.32608012e-04 -6.44208699e-05 
 6.38263486e+05  1.32611521e-04 -6.36779733e-05 
 6.45654229e+05  1.32615138e-04 -6.29435198e-05 
 6.53130553e+05  1.32618865e-04 -6.22174122e-05 
 6.60693448e+05  1.32622702e-04 -6.14995543e-05 
 6.68343918e+05  1.32626653e-04 -6.07898510e-05 
 6.76082975e+05  1.32630720e-04 -6.00882085e-05 
 6.83911647e+05  1.32634903e-04 -5.93945338e-05 
 6.91830971e+05  1.32639213e-04 -5.87087395e-05 
 6.99841996e+05  1.32643638e-04 -5.80307258e-05 
 7.07945784e+05  1.32648188e-04 -5.73604077e-05 
 7.16143410e+05  1.32652865e-04 -5.66976962e-05 
 7.24435960e+05  1.32657671e-04 -5.60425037e-05 
 7.32824533e+05  1.32662609e-04 -5.53947436e-05 
 7.41310241e+05  1.32667681e-04 -5.47543300e-05 
 7.49894209e+05  1.32672891e-04 -5.41211782e-05 
 7.58577575e+05  1.32678240e-04 -5.34952045e-05 
 7.67361489e+05  1.32683732e-04 -5.28763260e-05 
 7.76247117e+05  1.32689370e-04 -5.22644608e-05 
 7.85235635e+05  1.32695156e-04 -5.16595281e-05 
 7.94328235e+05  1.32701094e-04 -5.10614478e-05 
 8.03526122e+05  1.32707187e-04 -5.04701408e-05 
 8.12830516e+05  1.32713438e-04 -4.98855289e-05 
 8.22242650e+05  1.32719850e-04 -4.93075349e-05 
 8.31763771e+05  1.32726427e-04 -4.87360822e-05 
 8.41395142e+05  1.32733173e-04 -4.81710954e-05 
 8.51138038e+05  1.32740090e-04 -4.76124997e-05 
 8.60993752e+05  1.32747183e-04 -4.70602214e-05 
 8.70963590e+05  1.32754455e-04 -4.65141875e-05 
 8.81048873e+05  1.32761910e-04 -4.59743258e-05 
 8.91250938e+05  1.32769552e-04 -4.54405650e-05 
 9.01571138e+05  1.32777386e-04 -4.49128346e-05 
 9.12010839e+05  1.32785414e-04 -4.43910649e-05 
 9.22571427e+05  1.32793643e-04 -4.38751870e-05 
 9.33254301e+05  1.32802075e-04 -4.33651329e-05 
 9.44060876e+05  1.32810716e-04 -4.28608351e-05 
 9.54992586e+05  1.32819569e-04 -4.23622272e-05 
 9.66050879e+05  1.32828640e-04 -4.18692434e-05 
 9.77237221e+05  1.32837934e-04 -4.13818185e-05 
 9.88553095e+05  1.32847455e-04 -4.08998884e-05 
 1.00000000e+06  1.32857209e-04 -4.04233896e-05 
 1.01157945e+06  1.32867200e-04 -3.99522592e-05 
 1.02329299e+06  1.32877434e-04 -3.94864351e-05 
 1.03514217e+06  1.32887917e-04 -3.90258559e-05 
 1.04712855e+06  1.32898653e-04 -3.85704611e-05 
 1.05925373e+06  1.32909654e-04 -3.81201937e-05 
 1.07151931e+06  1.32920916e-04 -3.76749882e-05 
 1.08392691e+06  1.32932449e-04 -3.72347893e-05 
 1.09647820e+06  1.32944259e-04 -3.67995389e-05 
 1.10917482e+06  1.32956353e-04 -3.63691800e-05 
 1.12201845e+06  1.32968738e-04 -3.59436558e-05 
 1.13501082e+06  1.32981419e-04 -3.55229105e-05 
 1.14815362e+06  1.32994403e-04 -3.51068889e-05 
 1.16144861e+06  1.33007698e-04 -3.46955363e-05 
 1.17489755e+06  1.33021310e-04 -3.42887987e-05 
 1.18850223e+06  1.33035247e-04 -3.38866229e-05 
 1.20226443e+06  1.33049520e-04 -3.34889580e-05 
 1.21618600e+06  1.33064129e-04 -3.30957480e-05 
 1.23026877e+06  1.33079085e-04 -3.27069435e-05 
 1.24451461e+06  1.33094396e-04 -3.23224936e-05 
 1.25892541e+06  1.33110071e-04 -3.19423479e-05 
 1.27350308e+06  1.33126117e-04 -3.15664568e-05 
 1.28824955e+06  1.33142544e-04 -3.11947711e-05 
 1.30316678e+06  1.33159359e-04 -3.08272425e-05 
 1.31825674e+06  1.33176572e-04 -3.04638229e-05 
 1.33352143e+06  1.33194196e-04 -3.01044666e-05 
 1.34896288e+06  1.33212233e-04 -2.97491236e-05 
 1.36458314e+06  1.33230695e-04 -2.93977491e-05 
 1.38038426e+06  1.33249593e-04 -2.90502976e-05 
 1.39636836e+06  1.33268937e-04 -2.87067240e-05 
 1.41253754e+06  1.33288739e-04 -2.83669845e-05 
 1.42889396e+06  1.33309005e-04 -2.80310333e-05 
 1.44543977e+06  1.33329752e-04 -2.76988296e-05 
 1.46217717e+06  1.33350984e-04 -2.73703269e-05 
 1.47910839e+06  1.33372715e-04 -2.70454846e-05 
 1.49623566e+06  1.33394957e-04 -2.67242606e-05 
 1.51356125e+06  1.33417721e-04 -2.64066137e-05 
 1.53108746e+06  1.33441021e-04 -2.60925029e-05 
 1.54881662e+06  1.33464871e-04 -2.57818895e-05 
 1.56675107e+06  1.33489278e-04 -2.54747304e-05 
 1.58489319e+06  1.33514257e-04 -2.51709879e-05 
 1.60324539e+06  1.33539823e-04 -2.48706231e-05 
 1.62181010e+06  1.33565988e-04 -2.45735976e-05 
 1.64058977e+06  1.33592766e-04 -2.42798737e-05 
 1.65958691e+06  1.33620176e-04 -2.39894154e-05 
 1.67880402e+06  1.33648224e-04 -2.37021829e-05 
 1.69824365e+06  1.33676930e-04 -2.34181412e-05 
 1.71790839e+06  1.33706307e-04 -2.31372545e-05 
 1.73780083e+06  1.33736373e-04 -2.28594873e-05 
 1.75792361e+06  1.33767142e-04 -2.25848046e-05 
 1.77827941e+06  1.33798632e-04 -2.23131721e-05 
 1.79887092e+06  1.33830858e-04 -2.20445556e-05 
 1.81970086e+06  1.33863838e-04 -2.17789216e-05 
 1.84077200e+06  1.33897600e-04 -2.15162415e-05 
 1.86208714e+06  1.33932141e-04 -2.12564739e-05 
 1.88364909e+06  1.33967489e-04 -2.09995911e-05 
 1.90546072e+06  1.34003664e-04 -2.07455613e-05 
 1.92752491e+06  1.34040687e-04 -2.04943548e-05 
 1.94984460e+06  1.34078572e-04 -2.02459380e-05 
 1.97242274e+06  1.34117343e-04 -2.00002821e-05 
 1.99526231e+06  1.34157021e-04 -1.97573578e-05 
 2.01836636e+06  1.34197625e-04 -1.95171345e-05 
 2.04173794e+06  1.34239176e-04 -1.92795839e-05 
 2.06538016e+06  1.34281698e-04 -1.90446776e-05 
 2.08929613e+06  1.34325215e-04 -1.88123883e-05 
 2.11348904e+06  1.34369746e-04 -1.85826870e-05 
 2.13796209e+06  1.34415316e-04 -1.83555474e-05 
 2.16271852e+06  1.34461961e-04 -1.81309470e-05 
 2.18776162e+06  1.34509684e-04 -1.79088514e-05 
 2.21309471e+06  1.34558521e-04 -1.76892391e-05 
 2.23872114e+06  1.34608499e-04 -1.74720854e-05 
 2.26464431e+06  1.34659641e-04 -1.72573644e-05 
 2.29086765e+06  1.34711977e-04 -1.70450523e-05 
 2.31739465e+06  1.34765534e-04 -1.68351253e-05 
 2.34422882e+06  1.34820340e-04 -1.66275601e-05 
 2.37137371e+06  1.34876426e-04 -1.64223344e-05 
 2.39883292e+06  1.34933819e-04 -1.62194245e-05 
 2.42661010e+06  1.34992556e-04 -1.60188111e-05 
 2.45470892e+06  1.35052657e-04 -1.58204689e-05 
 2.48313311e+06  1.35114159e-04 -1.56243788e-05 
 2.51188643e+06  1.35177103e-04 -1.54305228e-05 
 2.54097271e+06  1.35241508e-04 -1.52388760e-05 
 2.57039578e+06  1.35307416e-04 -1.50494220e-05 
 2.60015956e+06  1.35374858e-04 -1.48621406e-05 
 2.63026799e+06  1.35443873e-04 -1.46770139e-05 
 2.66072506e+06  1.35514497e-04 -1.44940240e-05 
 2.69153480e+06  1.35586773e-04 -1.43131553e-05 
 2.72270131e+06  1.35660728e-04 -1.41343871e-05 
 2.75422870e+06  1.35736414e-04 -1.39577075e-05 
 2.78612117e+06  1.35813856e-04 -1.37830956e-05 
 2.81838293e+06  1.35893105e-04 -1.36105391e-05 
 2.85101827e+06  1.35974205e-04 -1.34400241e-05 
 2.88403150e+06  1.36057189e-04 -1.32715331e-05 
 2.91742701e+06  1.36142107e-04 -1.31050546e-05 
 2.95120923e+06  1.36229004e-04 -1.29405752e-05 
 2.98538262e+06  1.36317931e-04 -1.27780848e-05 
 3.01995172e+06  1.36408926e-04 -1.26175681e-05 
 3.05492111e+06  1.36502039e-04 -1.24590146e-05 
 3.09029543e+06  1.36597329e-04 -1.23024169e-05 
 3.12607937e+06  1.36694837e-04 -1.21477618e-05 
 3.16227766e+06  1.36794611e-04 -1.19950391e-05 
 3.19889511e+06  1.36896709e-04 -1.18442413e-05 
 3.23593657e+06  1.37001187e-04 -1.16953615e-05 
 3.27340695e+06  1.37108098e-04 -1.15483917e-05 
 3.31131121e+06  1.37217509e-04 -1.14033285e-05 
 3.34965439e+06  1.37329456e-04 -1.12601591e-05 
 3.38844156e+06  1.37444013e-04 -1.11188827e-05 
 3.42767787e+06  1.37561235e-04 -1.09794936e-05 
 3.46736850e+06  1.37681189e-04 -1.08419896e-05 
 3.50751874e+06  1.37803945e-04 -1.07063704e-05 
 3.54813389e+06  1.37929549e-04 -1.05726276e-05 
 3.58921935e+06  1.38058077e-04 -1.04407625e-05 
 3.63078055e+06  1.38189598e-04 -1.03107761e-05 
 3.67282300e+06  1.38324180e-04 -1.01826677e-05 
 3.71535229e+06  1.38461903e-04 -1.00564424e-05 
 3.75837404e+06  1.38602827e-04 -9.93209755e-06 
 3.80189396e+06  1.38747029e-04 -9.80963773e-06 
 3.84591782e+06  1.38894590e-04 -9.68906908e-06 
 3.89045145e+06  1.39045587e-04 -9.57039631e-06 
 3.93550075e+06  1.39200091e-04 -9.45362240e-06 
 3.98107171e+06  1.39358197e-04 -9.33875997e-06 
 4.02717034e+06  1.39519974e-04 -9.22581210e-06 
 4.07380278e+06  1.39685522e-04 -9.11479368e-06 
 4.12097519e+06  1.39854914e-04 -9.00571012e-06 
 4.16869383e+06  1.40028259e-04 -8.89858058e-06 
 4.21696503e+06  1.40205624e-04 -8.79340965e-06 
 4.26579519e+06  1.40387115e-04 -8.69021564e-06 
 4.31519077e+06  1.40572833e-04 -8.58901687e-06 
 4.36515832e+06  1.40762866e-04 -8.48982637e-06 
 4.41570447e+06  1.40957311e-04 -8.39266191e-06 
 4.46683592e+06  1.41156286e-04 -8.29754866e-06 
 4.51855944e+06  1.41359880e-04 -8.20450256e-06 
 4.57088190e+06  1.41568206e-04 -8.11354862e-06 
 4.62381021e+06  1.41781376e-04 -8.02471230e-06 
 4.67735141e+06  1.41999499e-04 -7.93801849e-06 
 4.73151259e+06  1.42222688e-04 -7.85349423e-06 
 4.78630092e+06  1.42451061e-04 -7.77116951e-06 
 4.84172368e+06  1.42684742e-04 -7.69107713e-06 
 4.89778819e+06  1.42923845e-04 -7.61324728e-06 
 4.95450191e+06  1.43168496e-04 -7.53771498e-06 
 5.01187234e+06  1.43418835e-04 -7.46452206e-06 
 5.06990708e+06  1.43674979e-04 -7.39370219e-06 
 5.12861384e+06  1.43937071e-04 -7.32530043e-06 
 5.18800039e+06  1.44205240e-04 -7.25935691e-06 
 5.24807460e+06  1.44479630e-04 -7.19591851e-06 
 5.30884444e+06  1.44760385e-04 -7.13503400e-06 
 5.37031796e+06  1.45047645e-04 -7.07675148e-06 
 5.43250331e+06  1.45341567e-04 -7.02112687e-06 
 5.49540874e+06  1.45642297e-04 -6.96821285e-06 
 5.55904257e+06  1.45949997e-04 -6.91807051e-06 
 5.62341325e+06  1.46264826e-04 -6.87076009e-06 
 5.68852931e+06  1.46586940e-04 -6.82634262e-06 
 5.75439937e+06  1.46916513e-04 -6.78488880e-06 
 5.82103218e+06  1.47253719e-04 -6.74646993e-06 
 5.88843655e+06  1.47598714e-04 -6.71115135e-06 
 5.95662144e+06  1.47951698e-04 -6.67901921e-06 
 6.02559586e+06  1.48312829e-04 -6.65014372e-06 
 6.09536897e+06  1.48682318e-04 -6.62461909e-06 
 6.16595002e+06  1.49060338e-04 -6.60252585e-06 
 6.23734835e+06  1.49447084e-04 -6.58395513e-06 
 6.30957344e+06  1.49842759e-04 -6.56900523e-06 
 6.38263486e+06  1.50247564e-04 -6.55777454e-06 
 6.45654229e+06  1.50661707e-04 -6.55036739e-06 
 6.53130553e+06  1.51085385e-04 -6.54688494e-06 
 6.60693448e+06  1.51518831e-04 -6.54744905e-06 
 6.68343918e+06  1.51962259e-04 -6.55217387e-06 
 6.76082975e+06  1.52415891e-04 -6.56118036e-06 
 6.83911647e+06  1.52879957e-04 -6.57459718e-06 
 6.91830971e+06  1.53354690e-04 -6.59255668e-06 
 6.99841996e+06  1.53840320e-04 -6.61519255e-06 
 7.07945784e+06  1.54337108e-04 -6.64265767e-06 
 7.16143410e+06  1.54845292e-04 -6.67509676e-06 
 7.24435960e+06  1.55365125e-04 -6.71266549e-06 
 7.32824533e+06  1.55896868e-04 -6.75552779e-06 
 7.41310241e+06  1.56440783e-04 -6.80385196e-06 
 7.49894209e+06  1.56997138e-04 -6.85781343e-06 
 7.58577575e+06  1.57566212e-04 -6.91759701e-06 
 7.67361489e+06  1.58148276e-04 -6.98338935e-06 
 7.76247117e+06  1.58743620e-04 -7.05539081e-06 
 7.85235635e+06  1.59352530e-04 -7.13380527e-06 
 7.94328235e+06  1.59975310e-04 -7.21885094e-06 
 8.03526122e+06  1.60612250e-04 -7.31074316e-06 
 8.12830516e+06  1.61263667e-04 -7.40972013e-06 
 8.22242650e+06  1.61929865e-04 -7.51601660e-06 
 8.31763771e+06  1.62611161e-04 -7.62988219e-06 
 8.41395142e+06  1.63307892e-04 -7.75158318e-06 
 8.51138038e+06  1.64020370e-04 -7.88138042e-06 
 8.60993752e+06  1.64748937e-04 -8.01955620e-06 
 8.70963590e+06  1.65493942e-04 -8.16640784e-06 
 8.81048873e+06  1.66255714e-04 -8.32222624e-06 
 8.91250938e+06  1.67034614e-04 -8.48733144e-06 
 9.01571138e+06  1.67831009e-04 -8.66205296e-06 
 9.12010839e+06  1.68645250e-04 -8.84672243e-06 
 9.22571427e+06  1.69477708e-04 -9.04169180e-06 
 9.33254301e+06  1.70328754e-04 -9.24732337e-06 
 9.44060876e+06  1.71198784e-04 -9.46400514e-06 
 9.54992586e+06  1.72088170e-04 -9.69212088e-06 
 9.66050879e+06  1.72997304e-04 -9.93207883e-06 
 9.77237221e+06  1.73926589e-04 -1.01843057e-05 
 9.88553095e+06  1.74876422e-04 -1.04492359e-05 
 1.00000000e+07  1.75847208e-04 -1.07273233e-05 
 1.01157945e+07  1.76839366e-04 -1.10190455e-05 
 1.02329299e+07  1.77853304e-04 -1.13248850e-05 
 1.03514217e+07  1.78889450e-04 -1.16453529e-05 
 1.04712855e+07  1.79948231e-04 -1.19809771e-05 
 1.05925373e+07  1.81030073e-04 -1.23322979e-05 
 1.07151931e+07  1.82135412e-04 -1.26998835e-05 
 1.08392691e+07  1.83264693e-04 -1.30843236e-05 
 1.09647820e+07  1.84418343e-04 -1.34862141e-05 
 1.10917482e+07  1.85596816e-04 -1.39061896e-05 
 1.12201845e+07  1.86800565e-04 -1.43449060e-05 
 1.13501082e+07  1.88030033e-04 -1.48030314e-05 
 1.14815362e+07  1.89285678e-04 -1.52812688e-05 
 1.16144861e+07  1.90567953e-04 -1.57803396e-05 
 1.17489755e+07  1.91877317e-04 -1.63009944e-05 
 1.18850223e+07  1.93214224e-04 -1.68440059e-05 
 1.20226443e+07  1.94579136e-04 -1.74101781e-05 
 1.21618600e+07  1.95972510e-04 -1.80003417e-05 
 1.23026877e+07  1.97394799e-04 -1.86153503e-05 
 1.24451461e+07  1.98846464e-04 -1.92560972e-05 
 1.25892541e+07  2.00327958e-04 -1.99234975e-05 
 1.27350308e+07  2.01839740e-04 -2.06185072e-05 
 1.28824955e+07  2.03382245e-04 -2.13420965e-05 
 1.30316678e+07  2.04955933e-04 -2.20952927e-05 
 1.31825674e+07  2.06561229e-04 -2.28791279e-05 
 1.33352143e+07  2.08198578e-04 -2.36946966e-05 
 1.34896288e+07  2.09868410e-04 -2.45431166e-05 
 1.36458314e+07  2.11571132e-04 -2.54255313e-05 
 1.38038426e+07  2.13307171e-04 -2.63431442e-05 
 1.39636836e+07  2.15076915e-04 -2.72971726e-05 
 1.41253754e+07  2.16880764e-04 -2.82888923e-05 
 1.42889396e+07  2.18719094e-04 -2.93196093e-05 
 1.44543977e+07  2.20592267e-04 -3.03906660e-05 
 1.46217717e+07  2.22500640e-04 -3.15034596e-05 
 1.47910839e+07  2.24444546e-04 -3.26594185e-05 
 1.49623566e+07  2.26424299e-04 -3.38600156e-05 
 1.51356125e+07  2.28440196e-04 -3.51067684e-05 
 1.53108746e+07  2.30492522e-04 -3.64012463e-05 
 1.54881662e+07  2.32581522e-04 -3.77450477e-05 
 1.56675107e+07  2.34707436e-04 -3.91398391e-05 
 1.58489319e+07  2.36870462e-04 -4.05873115e-05 
 1.60324539e+07  2.39070781e-04 -4.20892207e-05 
 1.62181010e+07  2.41308539e-04 -4.36473606e-05 
 1.64058977e+07  2.43583851e-04 -4.52635776e-05 
 1.65958691e+07  2.45896798e-04 -4.69397673e-05 
 1.67880402e+07  2.48247423e-04 -4.86778730e-05 
 1.69824365e+07  2.50635739e-04 -5.04798963e-05 
 1.71790839e+07  2.53061701e-04 -5.23478725e-05 
 1.73780083e+07  2.55525239e-04 -5.42839089e-05 
 1.75792361e+07  2.58026219e-04 -5.62901389e-05 
 1.77827941e+07  2.60564479e-04 -5.83687805e-05 
 1.79887092e+07  2.63139786e-04 -6.05220707e-05 
 1.81970086e+07  2.65751862e-04 -6.27523154e-05 
 1.84077200e+07  2.68400368e-04 -6.50618628e-05 
 1.86208714e+07  2.71084915e-04 -6.74531300e-05 
 1.88364909e+07  2.73805034e-04 -6.99285602e-05 
 1.90546072e+07  2.76560202e-04 -7.24906659e-05 
 1.92752491e+07  2.79349826e-04 -7.51420071e-05 
 1.94984460e+07  2.82173228e-04 -7.78851767e-05 
 1.97242274e+07  2.85029669e-04 -8.07228422e-05 
 1.99526231e+07  2.87918321e-04 -8.36576995e-05 
 2.01836636e+07  2.90838273e-04 -8.66924975e-05 
 2.04173794e+07  2.93788531e-04 -8.98300318e-05 
 2.06538016e+07  2.96768005e-04 -9.30731391e-05 
 2.08929613e+07  2.99775513e-04 -9.64247007e-05 
 2.11348904e+07  3.02809775e-04 -9.98876338e-05 
 2.13796209e+07  3.05869412e-04 -1.03464911e-04 
 2.16271852e+07  3.08952935e-04 -1.07159523e-04 
 2.18776162e+07  3.12058743e-04 -1.10974502e-04 
 2.21309471e+07  3.15185127e-04 -1.14912913e-04 
 2.23872114e+07  3.18330259e-04 -1.18977860e-04 
 2.26464431e+07  3.21492186e-04 -1.23172455e-04 
 2.29086765e+07  3.24668831e-04 -1.27499842e-04 
 2.31739465e+07  3.27857990e-04 -1.31963194e-04 
 2.34422882e+07  3.31057322e-04 -1.36565694e-04 
 2.37137371e+07  3.34264354e-04 -1.41310539e-04 
 2.39883292e+07  3.37476463e-04 -1.46200931e-04 
 2.42661010e+07  3.40690889e-04 -1.51240081e-04 
 2.45470892e+07  3.43904717e-04 -1.56431200e-04 
 2.48313311e+07  3.47114884e-04 -1.61777494e-04 
 2.51188643e+07  3.50318170e-04 -1.67282165e-04 
 2.54097271e+07  3.53511191e-04 -1.72948392e-04 
 2.57039578e+07  3.56690406e-04 -1.78779338e-04 
 2.60015956e+07  3.59852102e-04 -1.84778135e-04 
 2.63026799e+07  3.62992401e-04 -1.90947893e-04 
 2.66072506e+07  3.66107246e-04 -1.97291669e-04 
 2.69153480e+07  3.69192412e-04 -2.03812496e-04 
 2.72270131e+07  3.72243489e-04 -2.10513328e-04 
 2.75422870e+07  3.75255890e-04 -2.17397079e-04 
 2.78612117e+07  3.78224845e-04 -2.24466592e-04 
 2.81838293e+07  3.81145397e-04 -2.31724626e-04 
 2.85101827e+07  3.84012403e-04 -2.39173872e-04 
 2.88403150e+07  3.86820535e-04 -2.46816925e-04 
 2.91742701e+07  3.89564268e-04 -2.54656268e-04 
 2.95120923e+07  3.92237894e-04 -2.62694296e-04 
 2.98538262e+07  3.94835510e-04 -2.70933267e-04 
 3.01995172e+07  3.97351025e-04 -2.79375337e-04 
 3.05492111e+07  3.99778152e-04 -2.88022498e-04 
 3.09029543e+07  4.02110417e-04 -2.96876606e-04 
 3.12607937e+07  4.04341157e-04 -3.05939376e-04 
 3.16227766e+07  4.06463520e-04 -3.15212343e-04 
 3.19889511e+07  4.08470464e-04 -3.24696865e-04 
 3.23593657e+07  4.10354769e-04 -3.34394116e-04 
 3.27340695e+07  4.12109027e-04 -3.44305079e-04 
 3.31131121e+07  4.13725656e-04 -3.54430528e-04 
 3.34965439e+07  4.15196897e-04 -3.64771008e-04 
 3.38844156e+07  4.16514822e-04 -3.75326849e-04 
 3.42767787e+07  4.17671336e-04 -3.86098121e-04 
 3.46736850e+07  4.18658182e-04 -3.97084674e-04 
 3.50751874e+07  4.19466952e-04 -4.08286067e-04 
 3.54813389e+07  4.20089086e-04 -4.19701597e-04 
 3.58921935e+07  4.20515886e-04 -4.31330277e-04 
 3.63078055e+07  4.20738518e-04 -4.43170829e-04 
 3.67282300e+07  4.20748023e-04 -4.55221655e-04 
 3.71535229e+07  4.20535325e-04 -4.67480865e-04 
 3.75837404e+07  4.20091243e-04 -4.79946222e-04 
 3.80189396e+07  4.19406495e-04 -4.92615152e-04 
 3.84591782e+07  4.18471717e-04 -5.05484748e-04 
 3.89045145e+07  4.17277467e-04 -5.18551738e-04 
 3.93550075e+07  4.15814240e-04 -5.31812484e-04 
 3.98107171e+07  4.14072482e-04 -5.45262970e-04 
 4.02717034e+07  4.12042600e-04 -5.58898805e-04 
 4.07380278e+07  4.09714981e-04 -5.72715187e-04 
 4.12097519e+07  4.07079999e-04 -5.86706933e-04 
 4.16869383e+07  4.04128037e-04 -6.00868446e-04 
 4.21696503e+07  4.00849498e-04 -6.15193702e-04 
 4.26579519e+07  3.97234826e-04 -6.29676272e-04 
 4.31519077e+07  3.93274516e-04 -6.44309292e-04 
 4.36515832e+07  3.88959139e-04 -6.59085463e-04 
 4.41570447e+07  3.84279356e-04 -6.73997047e-04 
 4.46683592e+07  3.79225936e-04 -6.89035872e-04 
 4.51855944e+07  3.73789775e-04 -7.04193322e-04 
 4.57088190e+07  3.67961917e-04 -7.19460326e-04 
 4.62381021e+07  3.61733574e-04 -7.34827372e-04 
 4.67735141e+07  3.55096145e-04 -7.50284491e-04 
 4.73151259e+07  3.48041235e-04 -7.65821274e-04 
 4.78630092e+07  3.40560679e-04 -7.81426861e-04 
 4.84172368e+07  3.32646563e-04 -7.97089943e-04 
 4.89778819e+07  3.24291244e-04 -8.12798772e-04 
 4.95450191e+07  3.15487370e-04 -8.28541162e-04 
 5.01187234e+07  3.06227906e-04 -8.44304488e-04 
 5.06990708e+07  2.96506157e-04 -8.60075701e-04 
 5.12861384e+07  2.86315779e-04 -8.75841332e-04 
 5.18800039e+07  2.75650815e-04 -8.91587498e-04 
 5.24807460e+07  2.64505713e-04 -9.07299913e-04 
 5.30884444e+07  2.52875338e-04 -9.22963898e-04 
 5.37031796e+07  2.40755010e-04 -9.38564393e-04 
 5.43250331e+07  2.28140514e-04 -9.54085971e-04 
 5.49540874e+07  2.15028121e-04 -9.69512850e-04 
 5.55904257e+07  2.01414619e-04 -9.84828908e-04 
 5.62341325e+07  1.87297324e-04 -1.00001770e-03 
 5.68852931e+07  1.72674101e-04 -1.01506248e-03 
 5.75439937e+07  1.57543393e-04 -1.02994619e-03 
 5.82103218e+07  1.41904224e-04 -1.04465155e-03 
 5.88843655e+07  1.25756234e-04 -1.05916100e-03 
 5.95662144e+07  1.09099688e-04 -1.07345675e-03 
 6.02559586e+07  9.19354888e-05 -1.08752084e-03 
 6.09536897e+07  7.42652051e-05 -1.10133509e-03 
 6.16595002e+07  5.60910768e-05 -1.11488121e-03 
 6.23734835e+07  3.74160306e-05 -1.12814075e-03 
 6.30957344e+07  1.82437015e-05 -1.14109518e-03 
 6.38263486e+07 -1.42156954e-06 -1.15372589e-03 
 6.45654229e+07 -2.15747073e-05 -1.16601424e-03 
 6.53130553e+07 -4.22099110e-05 -1.17794155e-03 
 6.60693448e+07 -6.33206293e-05 -1.18948918e-03 
 6.68343918e+07 -8.48995644e-05 -1.20063854e-03 
 6.76082975e+07 -1.06938660e-04 -1.21137111e-03 
 6.83911647e+07 -1.29429101e-04 -1.22166850e-03 
 6.91830971e+07 -1.52361307e-04 -1.23151244e-03 
 6.99841996e+07 -1.75724934e-04 -1.24088487e-03 
 7.07945784e+07 -1.99508874e-04 -1.24976794e-03 
 7.16143410e+07 -2.23701252e-04 -1.25814403e-03 
 7.24435960e+07 -2.48289439e-04 -1.26599582e-03 
 7.32824533e+07 -2.73260048e-04 -1.27330631e-03 
 7.41310241e+07 -2.98598947e-04 -1.28005885e-03 
 7.49894209e+07 -3.24291264e-04 -1.28623719e-03 
 7.58577575e+07 -3.50321401e-04 -1.29182548e-03 
 7.67361489e+07 -3.76673037e-04 -1.29680836e-03 
 7.76247117e+07 -4.03329159e-04 -1.30117094e-03 
 7.85235635e+07 -4.30272058e-04 -1.30489887e-03 
 7.94328235e+07 -4.57483361e-04 -1.30797837e-03 
 8.03526122e+07 -4.84944046e-04 -1.31039622e-03 
 8.12830516e+07 -5.12634457e-04 -1.31213988e-03 
 8.22242650e+07 -5.40534337e-04 -1.31319743e-03 
 8.31763771e+07 -5.68622842e-04 -1.31355765e-03 
 8.41395142e+07 -5.96878579e-04 -1.31321005e-03 
 8.51138038e+07 -6.25279622e-04 -1.31214488e-03 
 8.60993752e+07 -6.53803549e-04 -1.31035317e-03 
 8.70963590e+07 -6.82427470e-04 -1.30782676e-03 
 8.81048873e+07 -7.11128059e-04 -1.30455830e-03 
 8.91250938e+07 -7.39881594e-04 -1.30054132e-03 
 9.01571138e+07 -7.68663978e-04 -1.29577021e-03 
 9.12010839e+07 -7.97450795e-04 -1.29024025e-03 
 9.22571427e+07 -8.26217333e-04 -1.28394764e-03 
 9.33254301e+07 -8.54938629e-04 -1.27688953e-03 
 9.44060876e+07 -8.83589504e-04 -1.26906399e-03 
 9.54992586e+07 -9.12144618e-04 -1.26047006e-03 
 9.66050879e+07 -9.40578490e-04 -1.25110776e-03 
 9.77237221e+07 -9.68865561e-04 -1.24097810e-03 
 9.88553095e+07 -9.96980224e-04 -1.23008304e-03 
 1.00000000e+08 -1.02489688e-03 -1.21842558e-03 
 1.01157945e+08 -1.05258996e-03 -1.20600970e-03 
 1.02329299e+08 -1.08003401e-03 -1.19284037e-03 
 1.03514217e+08 -1.10720368e-03 -1.17892357e-03 
 1.04712855e+08 -1.13407383e-03 -1.16426626e-03 
 1.05925373e+08 -1.16061952e-03 -1.14887641e-03 
 1.07151931e+08 -1.18681608e-03 -1.13276294e-03 
 1.08392691e+08 -1.21263918e-03 -1.11593577e-03 
 1.09647820e+08 -1.23806481e-03 -1.09840575e-03 
 1.10917482e+08 -1.26306940e-03 -1.08018468e-03 
 1.12201845e+08 -1.28762978e-03 -1.06128531e-03 
 1.13501082e+08 -1.31172329e-03 -1.04172125e-03 
 1.14815362e+08 -1.33532780e-03 -1.02150702e-03 
 1.16144861e+08 -1.35842174e-03 -1.00065801e-03 
 1.17489755e+08 -1.38098412e-03 -9.79190418e-04 
 1.18850223e+08 -1.40299463e-03 -9.57121267e-04 
 1.20226443e+08 -1.42443361e-03 -9.34468352e-04 
 1.21618600e+08 -1.44528213e-03 -9.11250218e-04 
 1.23026877e+08 -1.46552197e-03 -8.87486122e-04 
 1.24451461e+08 -1.48513573e-03 -8.63195999e-04 
 1.25892541e+08 -1.50410679e-03 -8.38400430e-04 
 1.27350308e+08 -1.52241935e-03 -8.13120601e-04 
 1.28824955e+08 -1.54005849e-03 -7.87378265e-04 
 1.30316678e+08 -1.55701015e-03 -7.61195703e-04 
 1.31825674e+08 -1.57326119e-03 -7.34595681e-04 
 1.33352143e+08 -1.58879938e-03 -7.07601412e-04 
 1.34896288e+08 -1.60361342e-03 -6.80236507e-04 
 1.36458314e+08 -1.61769296e-03 -6.52524939e-04 
 1.38038426e+08 -1.63102865e-03 -6.24490993e-04 
 1.39636836e+08 -1.64361206e-03 -5.96159226e-04 
 1.41253754e+08 -1.65543577e-03 -5.67554419e-04 
 1.42889396e+08 -1.66649335e-03 -5.38701533e-04 
 1.44543977e+08 -1.67677935e-03 -5.09625665e-04 
 1.46217717e+08 -1.68628931e-03 -4.80352003e-04 
 1.47910839e+08 -1.69501976e-03 -4.50905782e-04 
 1.49623566e+08 -1.70296823e-03 -4.21312236e-04 
 1.51356125e+08 -1.71013320e-03 -3.91596562e-04 
 1.53108746e+08 -1.71651415e-03 -3.61783868e-04 
 1.54881662e+08 -1.72211149e-03 -3.31899137e-04 
 1.56675107e+08 -1.72692662e-03 -3.01967182e-04 
 1.58489319e+08 -1.73096184e-03 -2.72012609e-04 
 1.60324539e+08 -1.73422037e-03 -2.42059774e-04 
 1.62181010e+08 -1.73670635e-03 -2.12132744e-04 
 1.64058977e+08 -1.73842479e-03 -1.82255265e-04 
 1.65958691e+08 -1.73938155e-03 -1.52450722e-04 
 1.67880402e+08 -1.73958333e-03 -1.22742104e-04 
 1.69824365e+08 -1.73903765e-03 -9.31519744e-05 
 1.71790839e+08 -1.73775281e-03 -6.37024381e-05 
 1.73780083e+08 -1.73573787e-03 -3.44151109e-05 
 1.75792361e+08 -1.73300260e-03 -5.31109263e-06 
 1.77827941e+08 -1.72955750e-03  2.35890594e-05 
 1.79887092e+08 -1.72541372e-03  5.22653558e-05 
 1.81970086e+08 -1.72058306e-03  8.06983962e-05 
 1.84077200e+08 -1.71507791e-03  1.08869392e-04 
 1.86208714e+08 -1.70891124e-03  1.36760185e-04 
 1.88364909e+08 -1.70209657e-03  1.64353264e-04 
 1.90546072e+08 -1.69464793e-03  1.91631781e-04 
 1.92752491e+08 -1.68657979e-03  2.18579564e-04 
 1.94984460e+08 -1.67790709e-03  2.45181131e-04 
 1.97242274e+08 -1.66864517e-03  2.71421699e-04 
 1.99526231e+08 -1.65880972e-03  2.97287189e-04 
 2.01836636e+08 -1.64841680e-03  3.22764238e-04 
 2.04173794e+08 -1.63748274e-03  3.47840201e-04 
 2.06538016e+08 -1.62602414e-03  3.72503152e-04 
 2.08929613e+08 -1.61405787e-03  3.96741890e-04 
 2.11348904e+08 -1.60160095e-03  4.20545935e-04 
 2.13796209e+08 -1.58867062e-03  4.43905530e-04 
 2.16271852e+08 -1.57528421e-03  4.66811632e-04 
 2.18776162e+08 -1.56145920e-03  4.89255914e-04 
 2.21309471e+08 -1.54721311e-03  5.11230754e-04 
 2.23872114e+08 -1.53256353e-03  5.32729232e-04 
 2.26464431e+08 -1.51752805e-03  5.53745116e-04 
 2.29086765e+08 -1.50212428e-03  5.74272859e-04 
 2.31739465e+08 -1.48636975e-03  5.94307580e-04 
 2.34422882e+08 -1.47028196e-03  6.13845061e-04 
 2.37137371e+08 -1.45387830e-03  6.32881727e-04 
 2.39883292e+08 -1.43717607e-03  6.51414636e-04 
 2.42661010e+08 -1.42019242e-03  6.69441463e-04 
 2.45470892e+08 -1.40294433e-03  6.86960486e-04 
 2.48313311e+08 -1.38544864e-03  7.03970568e-04 
 2.51188643e+08 -1.36772195e-03  7.20471141e-04 
 2.54097271e+08 -1.34978068e-03  7.36462192e-04 
 2.57039578e+08 -1.33164098e-03  7.51944238e-04 
 2.60015956e+08 -1.31331878e-03  7.66918318e-04 
 2.63026799e+08 -1.29482974e-03  7.81385964e-04 
 2.66072506e+08 -1.27618923e-03  7.95349189e-04 
 2.69153480e+08 -1.25741232e-03  8.08810468e-04 
 2.72270131e+08 -1.23851381e-03  8.21772714e-04 
 2.75422870e+08 -1.21950815e-03  8.34239265e-04 
 2.78612117e+08 -1.20040948e-03  8.46213860e-04 
 2.81838293e+08 -1.18123161e-03  8.57700620e-04 
 2.85101827e+08 -1.16198799e-03  8.68704033e-04 
 2.88403150e+08 -1.14269175e-03  8.79228930e-04 
 2.91742701e+08 -1.12335564e-03  8.89280466e-04 
 2.95120923e+08 -1.10399206e-03  8.98864106e-04 
 2.98538262e+08 -1.08461305e-03  9.07985601e-04 
 3.01995172e+08 -1.06523027e-03  9.16650972e-04 
 3.05492111e+08 -1.04585504e-03  9.24866492e-04 
 3.09029543e+08 -1.02649828e-03  9.32638667e-04 
 3.12607937e+08 -1.00717054e-03  9.39974219e-04 
 3.16227766e+08 -9.87882022e-04  9.46880069e-04 
 3.19889511e+08 -9.68642529e-04  9.53363319e-04 
 3.23593657e+08 -9.49461509e-04  9.59431239e-04 
 3.27340695e+08 -9.30348039e-04  9.65091246e-04 
 3.31131121e+08 -9.11310828e-04  9.70350893e-04 
 3.34965439e+08 -8.92358224e-04  9.75217852e-04 
 3.38844156e+08 -8.73498212e-04  9.79699898e-04 
 3.42767787e+08 -8.54738425e-04  9.83804898e-04 
 3.46736850e+08 -8.36086142e-04  9.87540795e-04 
 3.50751874e+08 -8.17548296e-04  9.90915596e-04 
 3.54813389e+08 -7.99131478e-04  9.93937358e-04 
 3.58921935e+08 -7.80841942e-04  9.96614178e-04 
 3.63078055e+08 -7.62685613e-04  9.98954179e-04 
 3.67282300e+08 -7.44668091e-04  1.00096550e-03 
 3.71535229e+08 -7.26794659e-04  1.00265628e-03 
 3.75837404e+08 -7.09070288e-04  1.00403467e-03 
 3.80189396e+08 -6.91499643e-04  1.00510879e-03 
 3.84591782e+08 -6.74087093e-04  1.00588674e-03 
 3.89045145e+08 -6.56836716e-04  1.00637659e-03 
 3.93550075e+08 -6.39752307e-04  1.00658637e-03 
 3.98107171e+08 -6.22837385e-04  1.00652405e-03 
 4.02717034e+08 -6.06095201e-04  1.00619756e-03 
 4.07380278e+08 -5.89528743e-04  1.00561477e-03 
 4.12097519e+08 -5.73140748e-04  1.00478345e-03 
 4.16869383e+08 -5.56933706e-04  1.00371133e-03 
 4.21696503e+08 -5.40909869e-04  1.00240604e-03 
 4.26579519e+08 -5.25071259e-04  1.00087513e-03 
 4.31519077e+08 -5.09419674e-04  9.99126062e-04 
 4.36515832e+08 -4.93956697e-04  9.97166193e-04 
 4.41570447e+08 -4.78683703e-04  9.95002786e-04 
 4.46683592e+08 -4.63601866e-04  9.92643002e-04 
 4.51855944e+08 -4.48712169e-04  9.90093892e-04 
 4.57088190e+08 -4.34015406e-04  9.87362399e-04 
 4.62381021e+08 -4.19512194e-04  9.84455355e-04 
 4.67735141e+08 -4.05202978e-04  9.81379474e-04 
 4.73151259e+08 -3.91088039e-04  9.78141354e-04 
 4.78630092e+08 -3.77167500e-04  9.74747475e-04 
 4.84172368e+08 -3.63441333e-04  9.71204194e-04 
 4.89778819e+08 -3.49909366e-04  9.67517749e-04 
 4.95450191e+08 -3.36571288e-04  9.63694254e-04 
 5.01187234e+08 -3.23426657e-04  9.59739696e-04 
 5.06990708e+08 -3.10474908e-04  9.55659941e-04 
 5.12861384e+08 -2.97715352e-04  9.51460728e-04 
 5.18800039e+08 -2.85147193e-04  9.47147672e-04 
 5.24807460e+08 -2.72769521e-04  9.42726260e-04 
 5.30884444e+08 -2.60581329e-04  9.38201856e-04 
 5.37031796e+08 -2.48581512e-04  9.33579698e-04 
 5.43250331e+08 -2.36768874e-04  9.28864898e-04 
 5.49540874e+08 -2.25142132e-04  9.24062446e-04 
 5.55904257e+08 -2.13699924e-04  9.19177205e-04 
 5.62341325e+08 -2.02440810e-04  9.14213920e-04 
 5.68852931e+08 -1.91363281e-04  9.09177209e-04 
 5.75439937e+08 -1.80465759e-04  9.04071573e-04 
 5.82103218e+08 -1.69746606e-04  8.98901392e-04 
 5.88843655e+08 -1.59204123e-04  8.93670927e-04 
 5.95662144e+08 -1.48836559e-04  8.88384322e-04 
 6.02559586e+08 -1.38642114e-04  8.83045606e-04 
 6.09536897e+08 -1.28618938e-04  8.77658694e-04 
 6.16595002e+08 -1.18765143e-04  8.72227385e-04 
 6.23734835e+08 -1.09078798e-04  8.66755371e-04 
 6.30957344e+08 -9.95579392e-05  8.61246231e-04 
 6.38263486e+08 -9.02005690e-05  8.55703439e-04 
 6.45654229e+08 -8.10046612e-05  8.50130360e-04 
 6.53130553e+08 -7.19681630e-05  8.44530256e-04 
 6.60693448e+08 -6.30889986e-05  8.38906287e-04 
 6.68343918e+08 -5.43650715e-05  8.33261510e-04 
 6.76082975e+08 -4.57942671e-05  8.27598885e-04 
 6.83911647e+08 -3.73744555e-05  8.21921272e-04 
 6.91830971e+08 -2.91034938e-05  8.16231440e-04 
 6.99841996e+08 -2.09792283e-05  8.10532060e-04 
 7.07945784e+08 -1.29994967e-05  8.04825713e-04 
 7.16143410e+08 -5.16213031e-06  7.99114892e-04 
 7.24435960e+08  2.53504410e-06  7.93402000e-04 
 7.32824533e+08  1.00942024e-05  7.87689355e-04 
 7.41310241e+08  1.75175213e-05  7.81979189e-04 
 7.49894209e+08  2.48071766e-05  7.76273654e-04 
 7.58577575e+08  3.19653418e-05  7.70574820e-04 
 7.67361489e+08  3.89941863e-05  7.64884680e-04 
 7.76247117e+08  4.58958740e-05  7.59205148e-04 
 7.85235635e+08  5.26725624e-05  7.53538064e-04 
 7.94328235e+08  5.93264005e-05  7.47885196e-04 
 8.03526122e+08  6.58595285e-05  7.42248238e-04 
 8.12830516e+08  7.22740761e-05  7.36628817e-04 
 8.22242650e+08  7.85721614e-05  7.31028489e-04 
 8.31763771e+08  8.47558902e-05  7.25448746e-04 
 8.41395142e+08  9.08273551e-05  7.19891015e-04 
 8.51138038e+08  9.67886344e-05  7.14356659e-04 
 8.60993752e+08  1.02641791e-04  7.08846980e-04 
 8.70963590e+08  1.08388873e-04  7.03363220e-04 
 8.81048873e+08  1.14031911e-04  6.97906565e-04 
 8.91250938e+08  1.19572918e-04  6.92478140e-04 
 9.01571138e+08  1.25013892e-04  6.87079018e-04 
 9.12010839e+08  1.30356809e-04  6.81710218e-04 
 9.22571427e+08  1.35603628e-04  6.76372706e-04 
 9.33254301e+08  1.40756290e-04  6.71067396e-04 
 9.44060876e+08  1.45816714e-04  6.65795155e-04 
 9.54992586e+08  1.50786801e-04  6.60556801e-04 
 9.66050879e+08  1.55668428e-04  6.55353103e-04 
 9.77237221e+08  1.60463456e-04  6.50184788e-04 
 9.88553095e+08  1.65173721e-04  6.45052537e-04 
 1.00000000e+09  1.69801039e-04  6.39956987e-04 
