 v-sweep         vtc_vdiff       vtc_vinp        vtc_vinn        vtc_vout        vtc_ibias       vtc_idd         vtc_iout       
-2.00000000e-01 -2.00000000e-01  1.55000000e+00  1.75000000e+00  1.90372354e-02  4.00000000e-05  2.91624185e-04  0.00000000e+00 
-1.99000000e-01 -1.99000000e-01  1.55050000e+00  1.74950000e+00  1.90393622e-02  4.00000000e-05  2.91624300e-04  0.00000000e+00 
-1.98000000e-01 -1.98000000e-01  1.55100000e+00  1.74900000e+00  1.90412408e-02  4.00000000e-05  2.91624414e-04  0.00000000e+00 
-1.97000000e-01 -1.97000000e-01  1.55150000e+00  1.74850000e+00  1.90431213e-02  4.00000000e-05  2.91624529e-04  0.00000000e+00 
-1.96000000e-01 -1.96000000e-01  1.55200000e+00  1.74800000e+00  1.90450053e-02  4.00000000e-05  2.91624643e-04  0.00000000e+00 
-1.95000000e-01 -1.95000000e-01  1.55250000e+00  1.74750000e+00  1.90468930e-02  4.00000000e-05  2.91624758e-04  0.00000000e+00 
-1.94000000e-01 -1.94000000e-01  1.55300000e+00  1.74700000e+00  1.90487843e-02  4.00000000e-05  2.91624872e-04  0.00000000e+00 
-1.93000000e-01 -1.93000000e-01  1.55350000e+00  1.74650000e+00  1.90506794e-02  4.00000000e-05  2.91624986e-04  0.00000000e+00 
-1.92000000e-01 -1.92000000e-01  1.55400000e+00  1.74600000e+00  1.90525781e-02  4.00000000e-05  2.91625100e-04  0.00000000e+00 
-1.91000000e-01 -1.91000000e-01  1.55450000e+00  1.74550000e+00  1.90544807e-02  4.00000000e-05  2.91625213e-04  0.00000000e+00 
-1.90000000e-01 -1.90000000e-01  1.55500000e+00  1.74500000e+00  1.90563871e-02  4.00000000e-05  2.91625327e-04  0.00000000e+00 
-1.89000000e-01 -1.89000000e-01  1.55550000e+00  1.74450000e+00  1.90582974e-02  4.00000000e-05  2.91625441e-04  0.00000000e+00 
-1.88000000e-01 -1.88000000e-01  1.55600000e+00  1.74400000e+00  1.90602116e-02  4.00000000e-05  2.91625554e-04  0.00000000e+00 
-1.87000000e-01 -1.87000000e-01  1.55650000e+00  1.74350000e+00  1.90621298e-02  4.00000000e-05  2.91625667e-04  0.00000000e+00 
-1.86000000e-01 -1.86000000e-01  1.55700000e+00  1.74300000e+00  1.90640519e-02  4.00000000e-05  2.91625780e-04  0.00000000e+00 
-1.85000000e-01 -1.85000000e-01  1.55750000e+00  1.74250000e+00  1.90659781e-02  4.00000000e-05  2.91625892e-04  0.00000000e+00 
-1.84000000e-01 -1.84000000e-01  1.55800000e+00  1.74200000e+00  1.90679085e-02  4.00000000e-05  2.91626005e-04  0.00000000e+00 
-1.83000000e-01 -1.83000000e-01  1.55850000e+00  1.74150000e+00  1.90698429e-02  4.00000000e-05  2.91626117e-04  0.00000000e+00 
-1.82000000e-01 -1.82000000e-01  1.55900000e+00  1.74100000e+00  1.90717816e-02  4.00000000e-05  2.91626230e-04  0.00000000e+00 
-1.81000000e-01 -1.81000000e-01  1.55950000e+00  1.74050000e+00  1.90737244e-02  4.00000000e-05  2.91626341e-04  0.00000000e+00 
-1.80000000e-01 -1.80000000e-01  1.56000000e+00  1.74000000e+00  1.90756716e-02  4.00000000e-05  2.91626454e-04  0.00000000e+00 
-1.79000000e-01 -1.79000000e-01  1.56050000e+00  1.73950000e+00  1.90776232e-02  4.00000000e-05  2.91626565e-04  0.00000000e+00 
-1.78000000e-01 -1.78000000e-01  1.56100000e+00  1.73900000e+00  1.90795791e-02  4.00000000e-05  2.91626677e-04  0.00000000e+00 
-1.77000000e-01 -1.77000000e-01  1.56150000e+00  1.73850000e+00  1.90815395e-02  4.00000000e-05  2.91626788e-04  0.00000000e+00 
-1.76000000e-01 -1.76000000e-01  1.56200000e+00  1.73800000e+00  1.90835043e-02  4.00000000e-05  2.91626900e-04  0.00000000e+00 
-1.75000000e-01 -1.75000000e-01  1.56250000e+00  1.73750000e+00  1.90854737e-02  4.00000000e-05  2.91627011e-04  0.00000000e+00 
-1.74000000e-01 -1.74000000e-01  1.56300000e+00  1.73700000e+00  1.90874478e-02  4.00000000e-05  2.91627122e-04  0.00000000e+00 
-1.73000000e-01 -1.73000000e-01  1.56350000e+00  1.73650000e+00  1.90894265e-02  4.00000000e-05  2.91627233e-04  0.00000000e+00 
-1.72000000e-01 -1.72000000e-01  1.56400000e+00  1.73600000e+00  1.90914099e-02  4.00000000e-05  2.91627343e-04  0.00000000e+00 
-1.71000000e-01 -1.71000000e-01  1.56450000e+00  1.73550000e+00  1.90933981e-02  4.00000000e-05  2.91627454e-04  0.00000000e+00 
-1.70000000e-01 -1.70000000e-01  1.56500000e+00  1.73500000e+00  1.90953912e-02  4.00000000e-05  2.91627564e-04  0.00000000e+00 
-1.69000000e-01 -1.69000000e-01  1.56550000e+00  1.73450000e+00  1.90973892e-02  4.00000000e-05  2.91627674e-04  0.00000000e+00 
-1.68000000e-01 -1.68000000e-01  1.56600000e+00  1.73400000e+00  1.90993921e-02  4.00000000e-05  2.91627784e-04  0.00000000e+00 
-1.67000000e-01 -1.67000000e-01  1.56650000e+00  1.73350000e+00  1.91014001e-02  4.00000000e-05  2.91627894e-04  0.00000000e+00 
-1.66000000e-01 -1.66000000e-01  1.56700000e+00  1.73300000e+00  1.91034132e-02  4.00000000e-05  2.91628004e-04  0.00000000e+00 
-1.65000000e-01 -1.65000000e-01  1.56750000e+00  1.73250000e+00  1.91054314e-02  4.00000000e-05  2.91628113e-04  0.00000000e+00 
-1.64000000e-01 -1.64000000e-01  1.56800000e+00  1.73200000e+00  1.91074549e-02  4.00000000e-05  2.91628223e-04  0.00000000e+00 
-1.63000000e-01 -1.63000000e-01  1.56850000e+00  1.73150000e+00  1.91094837e-02  4.00000000e-05  2.91628331e-04  0.00000000e+00 
-1.62000000e-01 -1.62000000e-01  1.56900000e+00  1.73100000e+00  1.91115179e-02  4.00000000e-05  2.91628441e-04  0.00000000e+00 
-1.61000000e-01 -1.61000000e-01  1.56950000e+00  1.73050000e+00  1.91135574e-02  4.00000000e-05  2.91628549e-04  0.00000000e+00 
-1.60000000e-01 -1.60000000e-01  1.57000000e+00  1.73000000e+00  1.91156025e-02  4.00000000e-05  2.91628658e-04  0.00000000e+00 
-1.59000000e-01 -1.59000000e-01  1.57050000e+00  1.72950000e+00  1.91176533e-02  4.00000000e-05  2.91628767e-04  0.00000000e+00 
-1.58000000e-01 -1.58000000e-01  1.57100000e+00  1.72900000e+00  1.91197096e-02  4.00000000e-05  2.91628875e-04  0.00000000e+00 
-1.57000000e-01 -1.57000000e-01  1.57150000e+00  1.72850000e+00  1.91217717e-02  4.00000000e-05  2.91628983e-04  0.00000000e+00 
-1.56000000e-01 -1.56000000e-01  1.57200000e+00  1.72800000e+00  1.91238397e-02  4.00000000e-05  2.91629091e-04  0.00000000e+00 
-1.55000000e-01 -1.55000000e-01  1.57250000e+00  1.72750000e+00  1.91259135e-02  4.00000000e-05  2.91629199e-04  0.00000000e+00 
-1.54000000e-01 -1.54000000e-01  1.57300000e+00  1.72700000e+00  1.91279934e-02  4.00000000e-05  2.91629307e-04  0.00000000e+00 
-1.53000000e-01 -1.53000000e-01  1.57350000e+00  1.72650000e+00  1.91300793e-02  4.00000000e-05  2.91629414e-04  0.00000000e+00 
-1.52000000e-01 -1.52000000e-01  1.57400000e+00  1.72600000e+00  1.91321714e-02  4.00000000e-05  2.91629522e-04  0.00000000e+00 
-1.51000000e-01 -1.51000000e-01  1.57450000e+00  1.72550000e+00  1.91342697e-02  4.00000000e-05  2.91629629e-04  0.00000000e+00 
-1.50000000e-01 -1.50000000e-01  1.57500000e+00  1.72500000e+00  1.91363743e-02  4.00000000e-05  2.91629736e-04  0.00000000e+00 
-1.49000000e-01 -1.49000000e-01  1.57550000e+00  1.72450000e+00  1.91384854e-02  4.00000000e-05  2.91629843e-04  0.00000000e+00 
-1.48000000e-01 -1.48000000e-01  1.57600000e+00  1.72400000e+00  1.91406030e-02  4.00000000e-05  2.91629949e-04  0.00000000e+00 
-1.47000000e-01 -1.47000000e-01  1.57650000e+00  1.72350000e+00  1.91427273e-02  4.00000000e-05  2.91630056e-04  0.00000000e+00 
-1.46000000e-01 -1.46000000e-01  1.57700000e+00  1.72300000e+00  1.91448582e-02  4.00000000e-05  2.91630162e-04  0.00000000e+00 
-1.45000000e-01 -1.45000000e-01  1.57750000e+00  1.72250000e+00  1.91469960e-02  4.00000000e-05  2.91630268e-04  0.00000000e+00 
-1.44000000e-01 -1.44000000e-01  1.57800000e+00  1.72200000e+00  1.91491407e-02  4.00000000e-05  2.91630374e-04  0.00000000e+00 
-1.43000000e-01 -1.43000000e-01  1.57850000e+00  1.72150000e+00  1.91512924e-02  4.00000000e-05  2.91630480e-04  0.00000000e+00 
-1.42000000e-01 -1.42000000e-01  1.57900000e+00  1.72100000e+00  1.91534513e-02  4.00000000e-05  2.91630585e-04  0.00000000e+00 
-1.41000000e-01 -1.41000000e-01  1.57950000e+00  1.72050000e+00  1.91556174e-02  4.00000000e-05  2.91630691e-04  0.00000000e+00 
-1.40000000e-01 -1.40000000e-01  1.58000000e+00  1.72000000e+00  1.91577908e-02  4.00000000e-05  2.91630796e-04  0.00000000e+00 
-1.39000000e-01 -1.39000000e-01  1.58050000e+00  1.71950000e+00  1.91599717e-02  4.00000000e-05  2.91630901e-04  0.00000000e+00 
-1.38000000e-01 -1.38000000e-01  1.58100000e+00  1.71900000e+00  1.91621602e-02  4.00000000e-05  2.91631006e-04  0.00000000e+00 
-1.37000000e-01 -1.37000000e-01  1.58150000e+00  1.71850000e+00  1.91643564e-02  4.00000000e-05  2.91631111e-04  0.00000000e+00 
-1.36000000e-01 -1.36000000e-01  1.58200000e+00  1.71800000e+00  1.91665605e-02  4.00000000e-05  2.91631216e-04  0.00000000e+00 
-1.35000000e-01 -1.35000000e-01  1.58250000e+00  1.71750000e+00  1.91687724e-02  4.00000000e-05  2.91631320e-04  0.00000000e+00 
-1.34000000e-01 -1.34000000e-01  1.58300000e+00  1.71700000e+00  1.91709925e-02  4.00000000e-05  2.91631424e-04  0.00000000e+00 
-1.33000000e-01 -1.33000000e-01  1.58350000e+00  1.71650000e+00  1.91732208e-02  4.00000000e-05  2.91631529e-04  0.00000000e+00 
-1.32000000e-01 -1.32000000e-01  1.58400000e+00  1.71600000e+00  1.91754574e-02  4.00000000e-05  2.91631633e-04  0.00000000e+00 
-1.31000000e-01 -1.31000000e-01  1.58450000e+00  1.71550000e+00  1.91777025e-02  4.00000000e-05  2.91631736e-04  0.00000000e+00 
-1.30000000e-01 -1.30000000e-01  1.58500000e+00  1.71500000e+00  1.91799563e-02  4.00000000e-05  2.91631840e-04  0.00000000e+00 
-1.29000000e-01 -1.29000000e-01  1.58550000e+00  1.71450000e+00  1.91822188e-02  4.00000000e-05  2.91631943e-04  0.00000000e+00 
-1.28000000e-01 -1.28000000e-01  1.58600000e+00  1.71400000e+00  1.91844902e-02  4.00000000e-05  2.91632046e-04  0.00000000e+00 
-1.27000000e-01 -1.27000000e-01  1.58650000e+00  1.71350000e+00  1.91867707e-02  4.00000000e-05  2.91632149e-04  0.00000000e+00 
-1.26000000e-01 -1.26000000e-01  1.58700000e+00  1.71300000e+00  1.91890604e-02  4.00000000e-05  2.91632252e-04  0.00000000e+00 
-1.25000000e-01 -1.25000000e-01  1.58750000e+00  1.71250000e+00  1.91913595e-02  4.00000000e-05  2.91632355e-04  0.00000000e+00 
-1.24000000e-01 -1.24000000e-01  1.58800000e+00  1.71200000e+00  1.91936682e-02  4.00000000e-05  2.91632457e-04  0.00000000e+00 
-1.23000000e-01 -1.23000000e-01  1.58850000e+00  1.71150000e+00  1.91959866e-02  4.00000000e-05  2.91632560e-04  0.00000000e+00 
-1.22000000e-01 -1.22000000e-01  1.58900000e+00  1.71100000e+00  1.91983149e-02  4.00000000e-05  2.91632662e-04  0.00000000e+00 
-1.21000000e-01 -1.21000000e-01  1.58950000e+00  1.71050000e+00  1.92006532e-02  4.00000000e-05  2.91632764e-04  0.00000000e+00 
-1.20000000e-01 -1.20000000e-01  1.59000000e+00  1.71000000e+00  1.92030018e-02  4.00000000e-05  2.91632866e-04  0.00000000e+00 
-1.19000000e-01 -1.19000000e-01  1.59050000e+00  1.70950000e+00  1.92053608e-02  4.00000000e-05  2.91632967e-04  0.00000000e+00 
-1.18000000e-01 -1.18000000e-01  1.59100000e+00  1.70900000e+00  1.92077304e-02  4.00000000e-05  2.91633068e-04  0.00000000e+00 
-1.17000000e-01 -1.17000000e-01  1.59150000e+00  1.70850000e+00  1.92101109e-02  4.00000000e-05  2.91633169e-04  0.00000000e+00 
-1.16000000e-01 -1.16000000e-01  1.59200000e+00  1.70800000e+00  1.92125023e-02  4.00000000e-05  2.91633270e-04  0.00000000e+00 
-1.15000000e-01 -1.15000000e-01  1.59250000e+00  1.70750000e+00  1.92149051e-02  4.00000000e-05  2.91633371e-04  0.00000000e+00 
-1.14000000e-01 -1.14000000e-01  1.59300000e+00  1.70700000e+00  1.92173192e-02  4.00000000e-05  2.91633472e-04  0.00000000e+00 
-1.13000000e-01 -1.13000000e-01  1.59350000e+00  1.70650000e+00  1.92197450e-02  4.00000000e-05  2.91633572e-04  0.00000000e+00 
-1.12000000e-01 -1.12000000e-01  1.59400000e+00  1.70600000e+00  1.92221826e-02  4.00000000e-05  2.91633672e-04  0.00000000e+00 
-1.11000000e-01 -1.11000000e-01  1.59450000e+00  1.70550000e+00  1.92246324e-02  4.00000000e-05  2.91633772e-04  0.00000000e+00 
-1.10000000e-01 -1.10000000e-01  1.59500000e+00  1.70500000e+00  1.92270945e-02  4.00000000e-05  2.91633872e-04  0.00000000e+00 
-1.09000000e-01 -1.09000000e-01  1.59550000e+00  1.70450000e+00  1.92295692e-02  4.00000000e-05  2.91633972e-04  0.00000000e+00 
-1.08000000e-01 -1.08000000e-01  1.59600000e+00  1.70400000e+00  1.92320568e-02  4.00000000e-05  2.91634071e-04  0.00000000e+00 
-1.07000000e-01 -1.07000000e-01  1.59650000e+00  1.70350000e+00  1.92345574e-02  4.00000000e-05  2.91634170e-04  0.00000000e+00 
-1.06000000e-01 -1.06000000e-01  1.59700000e+00  1.70300000e+00  1.92370714e-02  4.00000000e-05  2.91634269e-04  0.00000000e+00 
-1.05000000e-01 -1.05000000e-01  1.59750000e+00  1.70250000e+00  1.92395991e-02  4.00000000e-05  2.91634368e-04  0.00000000e+00 
-1.04000000e-01 -1.04000000e-01  1.59800000e+00  1.70200000e+00  1.92421406e-02  4.00000000e-05  2.91634466e-04  0.00000000e+00 
-1.03000000e-01 -1.03000000e-01  1.59850000e+00  1.70150000e+00  1.92446964e-02  4.00000000e-05  2.91634565e-04  0.00000000e+00 
-1.02000000e-01 -1.02000000e-01  1.59900000e+00  1.70100000e+00  1.92472666e-02  4.00000000e-05  2.91634662e-04  0.00000000e+00 
-1.01000000e-01 -1.01000000e-01  1.59950000e+00  1.70050000e+00  1.92498516e-02  4.00000000e-05  2.91634760e-04  0.00000000e+00 
-1.00000000e-01 -1.00000000e-01  1.60000000e+00  1.70000000e+00  1.92524518e-02  4.00000000e-05  2.91634858e-04  0.00000000e+00 
-9.90000000e-02 -9.90000000e-02  1.60050000e+00  1.69950000e+00  1.92550675e-02  4.00000000e-05  2.91634956e-04  0.00000000e+00 
-9.80000000e-02 -9.80000000e-02  1.60100000e+00  1.69900000e+00  1.92576989e-02  4.00000000e-05  2.91635053e-04  0.00000000e+00 
-9.70000000e-02 -9.70000000e-02  1.60150000e+00  1.69850000e+00  1.92603464e-02  4.00000000e-05  2.91635150e-04  0.00000000e+00 
-9.60000000e-02 -9.60000000e-02  1.60200000e+00  1.69800000e+00  1.92630104e-02  4.00000000e-05  2.91635246e-04  0.00000000e+00 
-9.50000000e-02 -9.50000000e-02  1.60250000e+00  1.69750000e+00  1.92656913e-02  4.00000000e-05  2.91635343e-04  0.00000000e+00 
-9.40000000e-02 -9.40000000e-02  1.60300000e+00  1.69700000e+00  1.92683895e-02  4.00000000e-05  2.91635439e-04  0.00000000e+00 
-9.30000000e-02 -9.30000000e-02  1.60350000e+00  1.69650000e+00  1.92711053e-02  4.00000000e-05  2.91635535e-04  0.00000000e+00 
-9.20000000e-02 -9.20000000e-02  1.60400000e+00  1.69600000e+00  1.92738391e-02  4.00000000e-05  2.91635631e-04  0.00000000e+00 
-9.10000000e-02 -9.10000000e-02  1.60450000e+00  1.69550000e+00  1.92765914e-02  4.00000000e-05  2.91635727e-04  0.00000000e+00 
-9.00000000e-02 -9.00000000e-02  1.60500000e+00  1.69500000e+00  1.92793625e-02  4.00000000e-05  2.91635822e-04  0.00000000e+00 
-8.90000000e-02 -8.90000000e-02  1.60550000e+00  1.69450000e+00  1.92821531e-02  4.00000000e-05  2.91635917e-04  0.00000000e+00 
-8.80000000e-02 -8.80000000e-02  1.60600000e+00  1.69400000e+00  1.92849634e-02  4.00000000e-05  2.91636012e-04  0.00000000e+00 
-8.70000000e-02 -8.70000000e-02  1.60650000e+00  1.69350000e+00  1.92877941e-02  4.00000000e-05  2.91636106e-04  0.00000000e+00 
-8.60000000e-02 -8.60000000e-02  1.60700000e+00  1.69300000e+00  1.92906456e-02  4.00000000e-05  2.91636201e-04  0.00000000e+00 
-8.50000000e-02 -8.50000000e-02  1.60750000e+00  1.69250000e+00  1.92935183e-02  4.00000000e-05  2.91636295e-04  0.00000000e+00 
-8.40000000e-02 -8.40000000e-02  1.60800000e+00  1.69200000e+00  1.92964130e-02  4.00000000e-05  2.91636389e-04  0.00000000e+00 
-8.30000000e-02 -8.30000000e-02  1.60850000e+00  1.69150000e+00  1.92993300e-02  4.00000000e-05  2.91636482e-04  0.00000000e+00 
-8.20000000e-02 -8.20000000e-02  1.60900000e+00  1.69100000e+00  1.93022701e-02  4.00000000e-05  2.91636576e-04  0.00000000e+00 
-8.10000000e-02 -8.10000000e-02  1.60950000e+00  1.69050000e+00  1.93052337e-02  4.00000000e-05  2.91636668e-04  0.00000000e+00 
-8.00000000e-02 -8.00000000e-02  1.61000000e+00  1.69000000e+00  1.93082215e-02  4.00000000e-05  2.91636761e-04  0.00000000e+00 
-7.90000000e-02 -7.90000000e-02  1.61050000e+00  1.68950000e+00  1.93112342e-02  4.00000000e-05  2.91636854e-04  0.00000000e+00 
-7.80000000e-02 -7.80000000e-02  1.61100000e+00  1.68900000e+00  1.93142725e-02  4.00000000e-05  2.91636946e-04  0.00000000e+00 
-7.70000000e-02 -7.70000000e-02  1.61150000e+00  1.68850000e+00  1.93173370e-02  4.00000000e-05  2.91637037e-04  0.00000000e+00 
-7.60000000e-02 -7.60000000e-02  1.61200000e+00  1.68800000e+00  1.93204284e-02  4.00000000e-05  2.91637129e-04  0.00000000e+00 
-7.50000000e-02 -7.50000000e-02  1.61250000e+00  1.68750000e+00  1.93235476e-02  4.00000000e-05  2.91637220e-04  0.00000000e+00 
-7.40000000e-02 -7.40000000e-02  1.61300000e+00  1.68700000e+00  1.93266953e-02  4.00000000e-05  2.91637311e-04  0.00000000e+00 
-7.30000000e-02 -7.30000000e-02  1.61350000e+00  1.68650000e+00  1.93298723e-02  4.00000000e-05  2.91637401e-04  0.00000000e+00 
-7.20000000e-02 -7.20000000e-02  1.61400000e+00  1.68600000e+00  1.93330795e-02  4.00000000e-05  2.91637492e-04  0.00000000e+00 
-7.10000000e-02 -7.10000000e-02  1.61450000e+00  1.68550000e+00  1.93363178e-02  4.00000000e-05  2.91637581e-04  0.00000000e+00 
-7.00000000e-02 -7.00000000e-02  1.61500000e+00  1.68500000e+00  1.93395881e-02  4.00000000e-05  2.91637671e-04  0.00000000e+00 
-6.90000000e-02 -6.90000000e-02  1.61550000e+00  1.68450000e+00  1.93428914e-02  4.00000000e-05  2.91637760e-04  0.00000000e+00 
-6.80000000e-02 -6.80000000e-02  1.61600000e+00  1.68400000e+00  1.93462288e-02  4.00000000e-05  2.91637849e-04  0.00000000e+00 
-6.70000000e-02 -6.70000000e-02  1.61650000e+00  1.68350000e+00  1.93496012e-02  4.00000000e-05  2.91637938e-04  0.00000000e+00 
-6.60000000e-02 -6.60000000e-02  1.61700000e+00  1.68300000e+00  1.93530099e-02  4.00000000e-05  2.91638026e-04  0.00000000e+00 
-6.50000000e-02 -6.50000000e-02  1.61750000e+00  1.68250000e+00  1.93564559e-02  4.00000000e-05  2.91638113e-04  0.00000000e+00 
-6.40000000e-02 -6.40000000e-02  1.61800000e+00  1.68200000e+00  1.93599406e-02  4.00000000e-05  2.91638201e-04  0.00000000e+00 
-6.30000000e-02 -6.30000000e-02  1.61850000e+00  1.68150000e+00  1.93634652e-02  4.00000000e-05  2.91638288e-04  0.00000000e+00 
-6.20000000e-02 -6.20000000e-02  1.61900000e+00  1.68100000e+00  1.93670311e-02  4.00000000e-05  2.91638374e-04  0.00000000e+00 
-6.10000000e-02 -6.10000000e-02  1.61950000e+00  1.68050000e+00  1.93706396e-02  4.00000000e-05  2.91638460e-04  0.00000000e+00 
-6.00000000e-02 -6.00000000e-02  1.62000000e+00  1.68000000e+00  1.93742924e-02  4.00000000e-05  2.91638546e-04  0.00000000e+00 
-5.90000000e-02 -5.90000000e-02  1.62050000e+00  1.67950000e+00  1.93779910e-02  4.00000000e-05  2.91638631e-04  0.00000000e+00 
-5.80000000e-02 -5.80000000e-02  1.62100000e+00  1.67900000e+00  1.93817370e-02  4.00000000e-05  2.91638716e-04  0.00000000e+00 
-5.70000000e-02 -5.70000000e-02  1.62150000e+00  1.67850000e+00  1.93855322e-02  4.00000000e-05  2.91638800e-04  0.00000000e+00 
-5.60000000e-02 -5.60000000e-02  1.62200000e+00  1.67800000e+00  1.93893785e-02  4.00000000e-05  2.91638884e-04  0.00000000e+00 
-5.50000000e-02 -5.50000000e-02  1.62250000e+00  1.67750000e+00  1.93932779e-02  4.00000000e-05  2.91638967e-04  0.00000000e+00 
-5.40000000e-02 -5.40000000e-02  1.62300000e+00  1.67700000e+00  1.93972324e-02  4.00000000e-05  2.91639050e-04  0.00000000e+00 
-5.30000000e-02 -5.30000000e-02  1.62350000e+00  1.67650000e+00  1.94012442e-02  4.00000000e-05  2.91639132e-04  0.00000000e+00 
-5.20000000e-02 -5.20000000e-02  1.62400000e+00  1.67600000e+00  1.94053157e-02  4.00000000e-05  2.91639213e-04  0.00000000e+00 
-5.10000000e-02 -5.10000000e-02  1.62450000e+00  1.67550000e+00  1.94094494e-02  4.00000000e-05  2.91639295e-04  0.00000000e+00 
-5.00000000e-02 -5.00000000e-02  1.62500000e+00  1.67500000e+00  1.94136480e-02  4.00000000e-05  2.91639375e-04  0.00000000e+00 
-4.90000000e-02 -4.90000000e-02  1.62550000e+00  1.67450000e+00  1.94179142e-02  4.00000000e-05  2.91639455e-04  0.00000000e+00 
-4.80000000e-02 -4.80000000e-02  1.62600000e+00  1.67400000e+00  1.94222511e-02  4.00000000e-05  2.91639535e-04  0.00000000e+00 
-4.70000000e-02 -4.70000000e-02  1.62650000e+00  1.67350000e+00  1.94266620e-02  4.00000000e-05  2.91639614e-04  0.00000000e+00 
-4.60000000e-02 -4.60000000e-02  1.62700000e+00  1.67300000e+00  1.94311502e-02  4.00000000e-05  2.91639691e-04  0.00000000e+00 
-4.50000000e-02 -4.50000000e-02  1.62750000e+00  1.67250000e+00  1.94357196e-02  4.00000000e-05  2.91639768e-04  0.00000000e+00 
-4.40000000e-02 -4.40000000e-02  1.62800000e+00  1.67200000e+00  1.94403741e-02  4.00000000e-05  2.91639845e-04  0.00000000e+00 
-4.30000000e-02 -4.30000000e-02  1.62850000e+00  1.67150000e+00  1.94451179e-02  4.00000000e-05  2.91639921e-04  0.00000000e+00 
-4.20000000e-02 -4.20000000e-02  1.62900000e+00  1.67100000e+00  1.94499558e-02  4.00000000e-05  2.91639995e-04  0.00000000e+00 
-4.10000000e-02 -4.10000000e-02  1.62950000e+00  1.67050000e+00  1.94548928e-02  4.00000000e-05  2.91640070e-04  0.00000000e+00 
-4.00000000e-02 -4.00000000e-02  1.63000000e+00  1.67000000e+00  1.94599342e-02  4.00000000e-05  2.91640143e-04  0.00000000e+00 
-3.90000000e-02 -3.90000000e-02  1.63050000e+00  1.66950000e+00  1.94650861e-02  4.00000000e-05  2.91640215e-04  0.00000000e+00 
-3.80000000e-02 -3.80000000e-02  1.63100000e+00  1.66900000e+00  1.94703548e-02  4.00000000e-05  2.91640286e-04  0.00000000e+00 
-3.70000000e-02 -3.70000000e-02  1.63150000e+00  1.66850000e+00  1.94757474e-02  4.00000000e-05  2.91640357e-04  0.00000000e+00 
-3.60000000e-02 -3.60000000e-02  1.63200000e+00  1.66800000e+00  1.94812716e-02  4.00000000e-05  2.91640425e-04  0.00000000e+00 
-3.50000000e-02 -3.50000000e-02  1.63250000e+00  1.66750000e+00  1.94869358e-02  4.00000000e-05  2.91640494e-04  0.00000000e+00 
-3.40000000e-02 -3.40000000e-02  1.63300000e+00  1.66700000e+00  1.94927494e-02  4.00000000e-05  2.91640560e-04  0.00000000e+00 
-3.30000000e-02 -3.30000000e-02  1.63350000e+00  1.66650000e+00  1.94987226e-02  4.00000000e-05  2.91640626e-04  0.00000000e+00 
-3.20000000e-02 -3.20000000e-02  1.63400000e+00  1.66600000e+00  1.95048670e-02  4.00000000e-05  2.91640690e-04  0.00000000e+00 
-3.10000000e-02 -3.10000000e-02  1.63450000e+00  1.66550000e+00  1.95111953e-02  4.00000000e-05  2.91640752e-04  0.00000000e+00 
-3.00000000e-02 -3.00000000e-02  1.63500000e+00  1.66500000e+00  1.95177218e-02  4.00000000e-05  2.91640813e-04  0.00000000e+00 
-2.90000000e-02 -2.90000000e-02  1.63550000e+00  1.66450000e+00  1.95244626e-02  4.00000000e-05  2.91640872e-04  0.00000000e+00 
-2.80000000e-02 -2.80000000e-02  1.63600000e+00  1.66400000e+00  1.95314358e-02  4.00000000e-05  2.91640929e-04  0.00000000e+00 
-2.70000000e-02 -2.70000000e-02  1.63650000e+00  1.66350000e+00  1.95386621e-02  4.00000000e-05  2.91640985e-04  0.00000000e+00 
-2.60000000e-02 -2.60000000e-02  1.63700000e+00  1.66300000e+00  1.95461651e-02  4.00000000e-05  2.91641038e-04  0.00000000e+00 
-2.50000000e-02 -2.50000000e-02  1.63750000e+00  1.66250000e+00  1.95539720e-02  4.00000000e-05  2.91641088e-04  0.00000000e+00 
-2.40000000e-02 -2.40000000e-02  1.63800000e+00  1.66200000e+00  1.95621143e-02  4.00000000e-05  2.91641136e-04  0.00000000e+00 
-2.30000000e-02 -2.30000000e-02  1.63850000e+00  1.66150000e+00  1.95706288e-02  4.00000000e-05  2.91641181e-04  0.00000000e+00 
-2.20000000e-02 -2.20000000e-02  1.63900000e+00  1.66100000e+00  1.95795589e-02  4.00000000e-05  2.91641223e-04  0.00000000e+00 
-2.10000000e-02 -2.10000000e-02  1.63950000e+00  1.66050000e+00  1.95889561e-02  4.00000000e-05  2.91641261e-04  0.00000000e+00 
-2.00000000e-02 -2.00000000e-02  1.64000000e+00  1.66000000e+00  1.95988825e-02  4.00000000e-05  2.91641295e-04  0.00000000e+00 
-1.90000000e-02 -1.90000000e-02  1.64050000e+00  1.65950000e+00  1.96094136e-02  4.00000000e-05  2.91641324e-04  0.00000000e+00 
-1.80000000e-02 -1.80000000e-02  1.64100000e+00  1.65900000e+00  1.96206427e-02  4.00000000e-05  2.91641348e-04  0.00000000e+00 
-1.70000000e-02 -1.70000000e-02  1.64150000e+00  1.65850000e+00  1.96326866e-02  4.00000000e-05  2.91641366e-04  0.00000000e+00 
-1.60000000e-02 -1.60000000e-02  1.64200000e+00  1.65800000e+00  1.96456945e-02  4.00000000e-05  2.91641376e-04  0.00000000e+00 
-1.50000000e-02 -1.50000000e-02  1.64250000e+00  1.65750000e+00  1.96598611e-02  4.00000000e-05  2.91641377e-04  0.00000000e+00 
-1.40000000e-02 -1.40000000e-02  1.64300000e+00  1.65700000e+00  1.96754460e-02  4.00000000e-05  2.91641367e-04  0.00000000e+00 
-1.30000000e-02 -1.30000000e-02  1.64350000e+00  1.65650000e+00  1.96928071e-02  4.00000000e-05  2.91641343e-04  0.00000000e+00 
-1.20000000e-02 -1.20000000e-02  1.64400000e+00  1.65600000e+00  1.97124544e-02  4.00000000e-05  2.91641302e-04  0.00000000e+00 
-1.10000000e-02 -1.10000000e-02  1.64450000e+00  1.65550000e+00  1.97351481e-02  4.00000000e-05  2.91641237e-04  0.00000000e+00 
-1.00000000e-02 -1.00000000e-02  1.64500000e+00  1.65500000e+00  1.97620853e-02  4.00000000e-05  2.91641140e-04  0.00000000e+00 
-9.00000000e-03 -9.00000000e-03  1.64550000e+00  1.65450000e+00  1.97952926e-02  4.00000000e-05  2.91640994e-04  0.00000000e+00 
-8.00000000e-03 -8.00000000e-03  1.64600000e+00  1.65400000e+00  1.98385443e-02  4.00000000e-05  2.91640772e-04  0.00000000e+00 
-7.00000000e-03 -7.00000000e-03  1.64650000e+00  1.65350000e+00  1.98998659e-02  4.00000000e-05  2.91640410e-04  0.00000000e+00 
-6.00000000e-03 -6.00000000e-03  1.64700000e+00  1.65300000e+00  1.99998526e-02  4.00000000e-05  2.91639753e-04  0.00000000e+00 
-5.00000000e-03 -5.00000000e-03  1.64750000e+00  1.65250000e+00  2.02355354e-02  4.00000000e-05  2.91638057e-04  0.00000000e+00 
-4.00000000e-03 -4.00000000e-03  1.64800000e+00  1.65200000e+00  2.09862074e-02  4.00000000e-05  2.91632423e-04  0.00000000e+00 
-3.00000000e-03 -3.00000000e-03  1.64850000e+00  1.65150000e+00  2.30855642e-02  4.00000000e-05  2.91616509e-04  0.00000000e+00 
-2.00000000e-03 -2.00000000e-03  1.64900000e+00  1.65100000e+00  2.81042640e-02  4.00000000e-05  2.91578446e-04  0.00000000e+00 
-1.00000000e-03 -1.00000000e-03  1.64950000e+00  1.65050000e+00  4.27505270e-02  4.00000000e-05  2.91467957e-04  0.00000000e+00 
 1.59594560e-16  1.59594560e-16  1.65000000e+00  1.65000000e+00  1.09098923e+00  4.00000000e-05  2.84470781e-04  0.00000000e+00 
 1.00000000e-03  1.00000000e-03  1.65050000e+00  1.64950000e+00  3.29996670e+00  4.00000000e-05  5.60805130e-05  0.00000000e+00 
 2.00000000e-03  2.00000000e-03  1.65100000e+00  1.64900000e+00  3.29999974e+00  4.00000000e-05  5.59091724e-05  0.00000000e+00 
 3.00000000e-03  3.00000000e-03  1.65150000e+00  1.64850000e+00  3.29999992e+00  4.00000000e-05  5.59088847e-05  0.00000000e+00 
 4.00000000e-03  4.00000000e-03  1.65200000e+00  1.64800000e+00  3.29999995e+00  4.00000000e-05  5.59088532e-05  0.00000000e+00 
 5.00000000e-03  5.00000000e-03  1.65250000e+00  1.64750000e+00  3.29999996e+00  4.00000000e-05  5.59088463e-05  0.00000000e+00 
 6.00000000e-03  6.00000000e-03  1.65300000e+00  1.64700000e+00  3.29999997e+00  4.00000000e-05  5.59088469e-05  0.00000000e+00 
 7.00000000e-03  7.00000000e-03  1.65350000e+00  1.64650000e+00  3.29999997e+00  4.00000000e-05  5.59088513e-05  0.00000000e+00 
 8.00000000e-03  8.00000000e-03  1.65400000e+00  1.64600000e+00  3.29999997e+00  4.00000000e-05  5.59088574e-05  0.00000000e+00 
 9.00000000e-03  9.00000000e-03  1.65450000e+00  1.64550000e+00  3.29999998e+00  4.00000000e-05  5.59088650e-05  0.00000000e+00 
 1.00000000e-02  1.00000000e-02  1.65500000e+00  1.64500000e+00  3.29999998e+00  4.00000000e-05  5.59088732e-05  0.00000000e+00 
 1.10000000e-02  1.10000000e-02  1.65550000e+00  1.64450000e+00  3.29999998e+00  4.00000000e-05  5.59088823e-05  0.00000000e+00 
 1.20000000e-02  1.20000000e-02  1.65600000e+00  1.64400000e+00  3.29999998e+00  4.00000000e-05  5.59088920e-05  0.00000000e+00 
 1.30000000e-02  1.30000000e-02  1.65650000e+00  1.64350000e+00  3.29999998e+00  4.00000000e-05  5.59089022e-05  0.00000000e+00 
 1.40000000e-02  1.40000000e-02  1.65700000e+00  1.64300000e+00  3.29999998e+00  4.00000000e-05  5.59089132e-05  0.00000000e+00 
 1.50000000e-02  1.50000000e-02  1.65750000e+00  1.64250000e+00  3.29999998e+00  4.00000000e-05  5.59089248e-05  0.00000000e+00 
 1.60000000e-02  1.60000000e-02  1.65800000e+00  1.64200000e+00  3.29999998e+00  4.00000000e-05  5.59089368e-05  0.00000000e+00 
 1.70000000e-02  1.70000000e-02  1.65850000e+00  1.64150000e+00  3.29999999e+00  4.00000000e-05  5.59089496e-05  0.00000000e+00 
 1.80000000e-02  1.80000000e-02  1.65900000e+00  1.64100000e+00  3.29999999e+00  4.00000000e-05  5.59089628e-05  0.00000000e+00 
 1.90000000e-02  1.90000000e-02  1.65950000e+00  1.64050000e+00  3.29999999e+00  4.00000000e-05  5.59089764e-05  0.00000000e+00 
 2.00000000e-02  2.00000000e-02  1.66000000e+00  1.64000000e+00  3.29999999e+00  4.00000000e-05  5.59089910e-05  0.00000000e+00 
 2.10000000e-02  2.10000000e-02  1.66050000e+00  1.63950000e+00  3.29999999e+00  4.00000000e-05  5.59090058e-05  0.00000000e+00 
 2.20000000e-02  2.20000000e-02  1.66100000e+00  1.63900000e+00  3.29999999e+00  4.00000000e-05  5.59090209e-05  0.00000000e+00 
 2.30000000e-02  2.30000000e-02  1.66150000e+00  1.63850000e+00  3.29999999e+00  4.00000000e-05  5.59090369e-05  0.00000000e+00 
 2.40000000e-02  2.40000000e-02  1.66200000e+00  1.63800000e+00  3.29999999e+00  4.00000000e-05  5.59090533e-05  0.00000000e+00 
 2.50000000e-02  2.50000000e-02  1.66250000e+00  1.63750000e+00  3.29999999e+00  4.00000000e-05  5.59090703e-05  0.00000000e+00 
 2.60000000e-02  2.60000000e-02  1.66300000e+00  1.63700000e+00  3.29999999e+00  4.00000000e-05  5.59090879e-05  0.00000000e+00 
 2.70000000e-02  2.70000000e-02  1.66350000e+00  1.63650000e+00  3.29999999e+00  4.00000000e-05  5.59091059e-05  0.00000000e+00 
 2.80000000e-02  2.80000000e-02  1.66400000e+00  1.63600000e+00  3.29999999e+00  4.00000000e-05  5.59091244e-05  0.00000000e+00 
 2.90000000e-02  2.90000000e-02  1.66450000e+00  1.63550000e+00  3.29999999e+00  4.00000000e-05  5.59091436e-05  0.00000000e+00 
 3.00000000e-02  3.00000000e-02  1.66500000e+00  1.63500000e+00  3.29999999e+00  4.00000000e-05  5.59091635e-05  0.00000000e+00 
 3.10000000e-02  3.10000000e-02  1.66550000e+00  1.63450000e+00  3.29999999e+00  4.00000000e-05  5.59091837e-05  0.00000000e+00 
 3.20000000e-02  3.20000000e-02  1.66600000e+00  1.63400000e+00  3.29999999e+00  4.00000000e-05  5.59092045e-05  0.00000000e+00 
 3.30000000e-02  3.30000000e-02  1.66650000e+00  1.63350000e+00  3.29999999e+00  4.00000000e-05  5.59092260e-05  0.00000000e+00 
 3.40000000e-02  3.40000000e-02  1.66700000e+00  1.63300000e+00  3.29999999e+00  4.00000000e-05  5.59092478e-05  0.00000000e+00 
 3.50000000e-02  3.50000000e-02  1.66750000e+00  1.63250000e+00  3.29999999e+00  4.00000000e-05  5.59092701e-05  0.00000000e+00 
 3.60000000e-02  3.60000000e-02  1.66800000e+00  1.63200000e+00  3.29999999e+00  4.00000000e-05  5.59092935e-05  0.00000000e+00 
 3.70000000e-02  3.70000000e-02  1.66850000e+00  1.63150000e+00  3.29999999e+00  4.00000000e-05  5.59093171e-05  0.00000000e+00 
 3.80000000e-02  3.80000000e-02  1.66900000e+00  1.63100000e+00  3.29999999e+00  4.00000000e-05  5.59093415e-05  0.00000000e+00 
 3.90000000e-02  3.90000000e-02  1.66950000e+00  1.63050000e+00  3.29999999e+00  4.00000000e-05  5.59093661e-05  0.00000000e+00 
 4.00000000e-02  4.00000000e-02  1.67000000e+00  1.63000000e+00  3.29999999e+00  4.00000000e-05  5.59093913e-05  0.00000000e+00 
 4.10000000e-02  4.10000000e-02  1.67050000e+00  1.62950000e+00  3.29999999e+00  4.00000000e-05  5.59094174e-05  0.00000000e+00 
 4.20000000e-02  4.20000000e-02  1.67100000e+00  1.62900000e+00  3.29999999e+00  4.00000000e-05  5.59094442e-05  0.00000000e+00 
 4.30000000e-02  4.30000000e-02  1.67150000e+00  1.62850000e+00  3.29999999e+00  4.00000000e-05  5.59094711e-05  0.00000000e+00 
 4.40000000e-02  4.40000000e-02  1.67200000e+00  1.62800000e+00  3.29999999e+00  4.00000000e-05  5.59094986e-05  0.00000000e+00 
 4.50000000e-02  4.50000000e-02  1.67250000e+00  1.62750000e+00  3.29999999e+00  4.00000000e-05  5.59095270e-05  0.00000000e+00 
 4.60000000e-02  4.60000000e-02  1.67300000e+00  1.62700000e+00  3.29999999e+00  4.00000000e-05  5.59095558e-05  0.00000000e+00 
 4.70000000e-02  4.70000000e-02  1.67350000e+00  1.62650000e+00  3.29999999e+00  4.00000000e-05  5.59095851e-05  0.00000000e+00 
 4.80000000e-02  4.80000000e-02  1.67400000e+00  1.62600000e+00  3.29999999e+00  4.00000000e-05  5.59096150e-05  0.00000000e+00 
 4.90000000e-02  4.90000000e-02  1.67450000e+00  1.62550000e+00  3.29999999e+00  4.00000000e-05  5.59096458e-05  0.00000000e+00 
 5.00000000e-02  5.00000000e-02  1.67500000e+00  1.62500000e+00  3.29999999e+00  4.00000000e-05  5.59096769e-05  0.00000000e+00 
 5.10000000e-02  5.10000000e-02  1.67550000e+00  1.62450000e+00  3.29999999e+00  4.00000000e-05  5.59097083e-05  0.00000000e+00 
 5.20000000e-02  5.20000000e-02  1.67600000e+00  1.62400000e+00  3.29999999e+00  4.00000000e-05  5.59097408e-05  0.00000000e+00 
 5.30000000e-02  5.30000000e-02  1.67650000e+00  1.62350000e+00  3.29999999e+00  4.00000000e-05  5.59097737e-05  0.00000000e+00 
 5.40000000e-02  5.40000000e-02  1.67700000e+00  1.62300000e+00  3.29999999e+00  4.00000000e-05  5.59098070e-05  0.00000000e+00 
 5.50000000e-02  5.50000000e-02  1.67750000e+00  1.62250000e+00  3.29999999e+00  4.00000000e-05  5.59098412e-05  0.00000000e+00 
 5.60000000e-02  5.60000000e-02  1.67800000e+00  1.62200000e+00  3.29999999e+00  4.00000000e-05  5.59098757e-05  0.00000000e+00 
 5.70000000e-02  5.70000000e-02  1.67850000e+00  1.62150000e+00  3.29999999e+00  4.00000000e-05  5.59099109e-05  0.00000000e+00 
 5.80000000e-02  5.80000000e-02  1.67900000e+00  1.62100000e+00  3.29999999e+00  4.00000000e-05  5.59099469e-05  0.00000000e+00 
 5.90000000e-02  5.90000000e-02  1.67950000e+00  1.62050000e+00  3.29999999e+00  4.00000000e-05  5.59099832e-05  0.00000000e+00 
 6.00000000e-02  6.00000000e-02  1.68000000e+00  1.62000000e+00  3.29999999e+00  4.00000000e-05  5.59100200e-05  0.00000000e+00 
 6.10000000e-02  6.10000000e-02  1.68050000e+00  1.61950000e+00  3.29999999e+00  4.00000000e-05  5.59100576e-05  0.00000000e+00 
 6.20000000e-02  6.20000000e-02  1.68100000e+00  1.61900000e+00  3.29999999e+00  4.00000000e-05  5.59100957e-05  0.00000000e+00 
 6.30000000e-02  6.30000000e-02  1.68150000e+00  1.61850000e+00  3.29999999e+00  4.00000000e-05  5.59101344e-05  0.00000000e+00 
 6.40000000e-02  6.40000000e-02  1.68200000e+00  1.61800000e+00  3.29999999e+00  4.00000000e-05  5.59101738e-05  0.00000000e+00 
 6.50000000e-02  6.50000000e-02  1.68250000e+00  1.61750000e+00  3.29999999e+00  4.00000000e-05  5.59102133e-05  0.00000000e+00 
 6.60000000e-02  6.60000000e-02  1.68300000e+00  1.61700000e+00  3.29999999e+00  4.00000000e-05  5.59102538e-05  0.00000000e+00 
 6.70000000e-02  6.70000000e-02  1.68350000e+00  1.61650000e+00  3.29999999e+00  4.00000000e-05  5.59102947e-05  0.00000000e+00 
 6.80000000e-02  6.80000000e-02  1.68400000e+00  1.61600000e+00  3.29999999e+00  4.00000000e-05  5.59103364e-05  0.00000000e+00 
 6.90000000e-02  6.90000000e-02  1.68450000e+00  1.61550000e+00  3.29999999e+00  4.00000000e-05  5.59103787e-05  0.00000000e+00 
 7.00000000e-02  7.00000000e-02  1.68500000e+00  1.61500000e+00  3.29999999e+00  4.00000000e-05  5.59104215e-05  0.00000000e+00 
 7.10000000e-02  7.10000000e-02  1.68550000e+00  1.61450000e+00  3.29999999e+00  4.00000000e-05  5.59104647e-05  0.00000000e+00 
 7.20000000e-02  7.20000000e-02  1.68600000e+00  1.61400000e+00  3.29999999e+00  4.00000000e-05  5.59105084e-05  0.00000000e+00 
 7.30000000e-02  7.30000000e-02  1.68650000e+00  1.61350000e+00  3.29999999e+00  4.00000000e-05  5.59105530e-05  0.00000000e+00 
 7.40000000e-02  7.40000000e-02  1.68700000e+00  1.61300000e+00  3.29999999e+00  4.00000000e-05  5.59105984e-05  0.00000000e+00 
 7.50000000e-02  7.50000000e-02  1.68750000e+00  1.61250000e+00  3.29999999e+00  4.00000000e-05  5.59106437e-05  0.00000000e+00 
 7.60000000e-02  7.60000000e-02  1.68800000e+00  1.61200000e+00  3.29999999e+00  4.00000000e-05  5.59106900e-05  0.00000000e+00 
 7.70000000e-02  7.70000000e-02  1.68850000e+00  1.61150000e+00  3.29999999e+00  4.00000000e-05  5.59107369e-05  0.00000000e+00 
 7.80000000e-02  7.80000000e-02  1.68900000e+00  1.61100000e+00  3.29999999e+00  4.00000000e-05  5.59107843e-05  0.00000000e+00 
 7.90000000e-02  7.90000000e-02  1.68950000e+00  1.61050000e+00  3.29999999e+00  4.00000000e-05  5.59108320e-05  0.00000000e+00 
 8.00000000e-02  8.00000000e-02  1.69000000e+00  1.61000000e+00  3.29999999e+00  4.00000000e-05  5.59108804e-05  0.00000000e+00 
 8.10000000e-02  8.10000000e-02  1.69050000e+00  1.60950000e+00  3.29999999e+00  4.00000000e-05  5.59109296e-05  0.00000000e+00 
 8.20000000e-02  8.20000000e-02  1.69100000e+00  1.60900000e+00  3.29999999e+00  4.00000000e-05  5.59109794e-05  0.00000000e+00 
 8.30000000e-02  8.30000000e-02  1.69150000e+00  1.60850000e+00  3.29999999e+00  4.00000000e-05  5.59110293e-05  0.00000000e+00 
 8.40000000e-02  8.40000000e-02  1.69200000e+00  1.60800000e+00  3.29999999e+00  4.00000000e-05  5.59110801e-05  0.00000000e+00 
 8.50000000e-02  8.50000000e-02  1.69250000e+00  1.60750000e+00  3.29999999e+00  4.00000000e-05  5.59111315e-05  0.00000000e+00 
 8.60000000e-02  8.60000000e-02  1.69300000e+00  1.60700000e+00  3.29999999e+00  4.00000000e-05  5.59111835e-05  0.00000000e+00 
 8.70000000e-02  8.70000000e-02  1.69350000e+00  1.60650000e+00  3.29999999e+00  4.00000000e-05  5.59112360e-05  0.00000000e+00 
 8.80000000e-02  8.80000000e-02  1.69400000e+00  1.60600000e+00  3.29999999e+00  4.00000000e-05  5.59112889e-05  0.00000000e+00 
 8.90000000e-02  8.90000000e-02  1.69450000e+00  1.60550000e+00  3.29999999e+00  4.00000000e-05  5.59113425e-05  0.00000000e+00 
 9.00000000e-02  9.00000000e-02  1.69500000e+00  1.60500000e+00  3.29999999e+00  4.00000000e-05  5.59113965e-05  0.00000000e+00 
 9.10000000e-02  9.10000000e-02  1.69550000e+00  1.60450000e+00  3.29999999e+00  4.00000000e-05  5.59114513e-05  0.00000000e+00 
 9.20000000e-02  9.20000000e-02  1.69600000e+00  1.60400000e+00  3.29999999e+00  4.00000000e-05  5.59115064e-05  0.00000000e+00 
 9.30000000e-02  9.30000000e-02  1.69650000e+00  1.60350000e+00  3.29999999e+00  4.00000000e-05  5.59115619e-05  0.00000000e+00 
 9.40000000e-02  9.40000000e-02  1.69700000e+00  1.60300000e+00  3.29999999e+00  4.00000000e-05  5.59116183e-05  0.00000000e+00 
 9.50000000e-02  9.50000000e-02  1.69750000e+00  1.60250000e+00  3.29999999e+00  4.00000000e-05  5.59116752e-05  0.00000000e+00 
 9.60000000e-02  9.60000000e-02  1.69800000e+00  1.60200000e+00  3.29999999e+00  4.00000000e-05  5.59117327e-05  0.00000000e+00 
 9.70000000e-02  9.70000000e-02  1.69850000e+00  1.60150000e+00  3.29999999e+00  4.00000000e-05  5.59117906e-05  0.00000000e+00 
 9.80000000e-02  9.80000000e-02  1.69900000e+00  1.60100000e+00  3.29999999e+00  4.00000000e-05  5.59118492e-05  0.00000000e+00 
 9.90000000e-02  9.90000000e-02  1.69950000e+00  1.60050000e+00  3.29999999e+00  4.00000000e-05  5.59119079e-05  0.00000000e+00 
 1.00000000e-01  1.00000000e-01  1.70000000e+00  1.60000000e+00  3.29999999e+00  4.00000000e-05  5.59119674e-05  0.00000000e+00 
 1.01000000e-01  1.01000000e-01  1.70050000e+00  1.59950000e+00  3.29999999e+00  4.00000000e-05  5.59120275e-05  0.00000000e+00 
 1.02000000e-01  1.02000000e-01  1.70100000e+00  1.59900000e+00  3.29999999e+00  4.00000000e-05  5.59120880e-05  0.00000000e+00 
 1.03000000e-01  1.03000000e-01  1.70150000e+00  1.59850000e+00  3.29999999e+00  4.00000000e-05  5.59121491e-05  0.00000000e+00 
 1.04000000e-01  1.04000000e-01  1.70200000e+00  1.59800000e+00  3.29999999e+00  4.00000000e-05  5.59122106e-05  0.00000000e+00 
 1.05000000e-01  1.05000000e-01  1.70250000e+00  1.59750000e+00  3.29999999e+00  4.00000000e-05  5.59122728e-05  0.00000000e+00 
 1.06000000e-01  1.06000000e-01  1.70300000e+00  1.59700000e+00  3.29999999e+00  4.00000000e-05  5.59123355e-05  0.00000000e+00 
 1.07000000e-01  1.07000000e-01  1.70350000e+00  1.59650000e+00  3.29999999e+00  4.00000000e-05  5.59123987e-05  0.00000000e+00 
 1.08000000e-01  1.08000000e-01  1.70400000e+00  1.59600000e+00  3.29999999e+00  4.00000000e-05  5.59124622e-05  0.00000000e+00 
 1.09000000e-01  1.09000000e-01  1.70450000e+00  1.59550000e+00  3.29999999e+00  4.00000000e-05  5.59125264e-05  0.00000000e+00 
 1.10000000e-01  1.10000000e-01  1.70500000e+00  1.59500000e+00  3.29999999e+00  4.00000000e-05  5.59125909e-05  0.00000000e+00 
 1.11000000e-01  1.11000000e-01  1.70550000e+00  1.59450000e+00  3.29999999e+00  4.00000000e-05  5.59126563e-05  0.00000000e+00 
 1.12000000e-01  1.12000000e-01  1.70600000e+00  1.59400000e+00  3.29999999e+00  4.00000000e-05  5.59127219e-05  0.00000000e+00 
 1.13000000e-01  1.13000000e-01  1.70650000e+00  1.59350000e+00  3.29999999e+00  4.00000000e-05  5.59127882e-05  0.00000000e+00 
 1.14000000e-01  1.14000000e-01  1.70700000e+00  1.59300000e+00  3.29999999e+00  4.00000000e-05  5.59128547e-05  0.00000000e+00 
 1.15000000e-01  1.15000000e-01  1.70750000e+00  1.59250000e+00  3.29999999e+00  4.00000000e-05  5.59129220e-05  0.00000000e+00 
 1.16000000e-01  1.16000000e-01  1.70800000e+00  1.59200000e+00  3.29999999e+00  4.00000000e-05  5.59129893e-05  0.00000000e+00 
 1.17000000e-01  1.17000000e-01  1.70850000e+00  1.59150000e+00  3.29999999e+00  4.00000000e-05  5.59130575e-05  0.00000000e+00 
 1.18000000e-01  1.18000000e-01  1.70900000e+00  1.59100000e+00  3.29999999e+00  4.00000000e-05  5.59131260e-05  0.00000000e+00 
 1.19000000e-01  1.19000000e-01  1.70950000e+00  1.59050000e+00  3.29999999e+00  4.00000000e-05  5.59131952e-05  0.00000000e+00 
 1.20000000e-01  1.20000000e-01  1.71000000e+00  1.59000000e+00  3.29999999e+00  4.00000000e-05  5.59132645e-05  0.00000000e+00 
 1.21000000e-01  1.21000000e-01  1.71050000e+00  1.58950000e+00  3.29999999e+00  4.00000000e-05  5.59133345e-05  0.00000000e+00 
 1.22000000e-01  1.22000000e-01  1.71100000e+00  1.58900000e+00  3.29999999e+00  4.00000000e-05  5.59134050e-05  0.00000000e+00 
 1.23000000e-01  1.23000000e-01  1.71150000e+00  1.58850000e+00  3.29999999e+00  4.00000000e-05  5.59134756e-05  0.00000000e+00 
 1.24000000e-01  1.24000000e-01  1.71200000e+00  1.58800000e+00  3.29999999e+00  4.00000000e-05  5.59135470e-05  0.00000000e+00 
 1.25000000e-01  1.25000000e-01  1.71250000e+00  1.58750000e+00  3.29999999e+00  4.00000000e-05  5.59136188e-05  0.00000000e+00 
 1.26000000e-01  1.26000000e-01  1.71300000e+00  1.58700000e+00  3.29999999e+00  4.00000000e-05  5.59136908e-05  0.00000000e+00 
 1.27000000e-01  1.27000000e-01  1.71350000e+00  1.58650000e+00  3.29999999e+00  4.00000000e-05  5.59137634e-05  0.00000000e+00 
 1.28000000e-01  1.28000000e-01  1.71400000e+00  1.58600000e+00  3.29999999e+00  4.00000000e-05  5.59138366e-05  0.00000000e+00 
 1.29000000e-01  1.29000000e-01  1.71450000e+00  1.58550000e+00  3.29999999e+00  4.00000000e-05  5.59139099e-05  0.00000000e+00 
 1.30000000e-01  1.30000000e-01  1.71500000e+00  1.58500000e+00  3.29999999e+00  4.00000000e-05  5.59139839e-05  0.00000000e+00 
 1.31000000e-01  1.31000000e-01  1.71550000e+00  1.58450000e+00  3.29999999e+00  4.00000000e-05  5.59140581e-05  0.00000000e+00 
 1.32000000e-01  1.32000000e-01  1.71600000e+00  1.58400000e+00  3.29999999e+00  4.00000000e-05  5.59141328e-05  0.00000000e+00 
 1.33000000e-01  1.33000000e-01  1.71650000e+00  1.58350000e+00  3.29999999e+00  4.00000000e-05  5.59142081e-05  0.00000000e+00 
 1.34000000e-01  1.34000000e-01  1.71700000e+00  1.58300000e+00  3.29999999e+00  4.00000000e-05  5.59142836e-05  0.00000000e+00 
 1.35000000e-01  1.35000000e-01  1.71750000e+00  1.58250000e+00  3.29999999e+00  4.00000000e-05  5.59143598e-05  0.00000000e+00 
 1.36000000e-01  1.36000000e-01  1.71800000e+00  1.58200000e+00  3.29999999e+00  4.00000000e-05  5.59144362e-05  0.00000000e+00 
 1.37000000e-01  1.37000000e-01  1.71850000e+00  1.58150000e+00  3.29999999e+00  4.00000000e-05  5.59145128e-05  0.00000000e+00 
 1.38000000e-01  1.38000000e-01  1.71900000e+00  1.58100000e+00  3.29999999e+00  4.00000000e-05  5.59145900e-05  0.00000000e+00 
 1.39000000e-01  1.39000000e-01  1.71950000e+00  1.58050000e+00  3.29999999e+00  4.00000000e-05  5.59146674e-05  0.00000000e+00 
 1.40000000e-01  1.40000000e-01  1.72000000e+00  1.58000000e+00  3.29999999e+00  4.00000000e-05  5.59147455e-05  0.00000000e+00 
 1.41000000e-01  1.41000000e-01  1.72050000e+00  1.57950000e+00  3.29999999e+00  4.00000000e-05  5.59148237e-05  0.00000000e+00 
 1.42000000e-01  1.42000000e-01  1.72100000e+00  1.57900000e+00  3.29999999e+00  4.00000000e-05  5.59149022e-05  0.00000000e+00 
 1.43000000e-01  1.43000000e-01  1.72150000e+00  1.57850000e+00  3.29999999e+00  4.00000000e-05  5.59149813e-05  0.00000000e+00 
 1.44000000e-01  1.44000000e-01  1.72200000e+00  1.57800000e+00  3.29999999e+00  4.00000000e-05  5.59150608e-05  0.00000000e+00 
 1.45000000e-01  1.45000000e-01  1.72250000e+00  1.57750000e+00  3.29999999e+00  4.00000000e-05  5.59151403e-05  0.00000000e+00 
 1.46000000e-01  1.46000000e-01  1.72300000e+00  1.57700000e+00  3.29999999e+00  4.00000000e-05  5.59152205e-05  0.00000000e+00 
 1.47000000e-01  1.47000000e-01  1.72350000e+00  1.57650000e+00  3.29999999e+00  4.00000000e-05  5.59153009e-05  0.00000000e+00 
 1.48000000e-01  1.48000000e-01  1.72400000e+00  1.57600000e+00  3.29999999e+00  4.00000000e-05  5.59153815e-05  0.00000000e+00 
 1.49000000e-01  1.49000000e-01  1.72450000e+00  1.57550000e+00  3.29999999e+00  4.00000000e-05  5.59154625e-05  0.00000000e+00 
 1.50000000e-01  1.50000000e-01  1.72500000e+00  1.57500000e+00  3.29999999e+00  4.00000000e-05  5.59155441e-05  0.00000000e+00 
 1.51000000e-01  1.51000000e-01  1.72550000e+00  1.57450000e+00  3.29999999e+00  4.00000000e-05  5.59156259e-05  0.00000000e+00 
 1.52000000e-01  1.52000000e-01  1.72600000e+00  1.57400000e+00  3.29999999e+00  4.00000000e-05  5.59157079e-05  0.00000000e+00 
 1.53000000e-01  1.53000000e-01  1.72650000e+00  1.57350000e+00  3.29999999e+00  4.00000000e-05  5.59157903e-05  0.00000000e+00 
 1.54000000e-01  1.54000000e-01  1.72700000e+00  1.57300000e+00  3.29999999e+00  4.00000000e-05  5.59158730e-05  0.00000000e+00 
 1.55000000e-01  1.55000000e-01  1.72750000e+00  1.57250000e+00  3.29999999e+00  4.00000000e-05  5.59159561e-05  0.00000000e+00 
 1.56000000e-01  1.56000000e-01  1.72800000e+00  1.57200000e+00  3.29999999e+00  4.00000000e-05  5.59160395e-05  0.00000000e+00 
 1.57000000e-01  1.57000000e-01  1.72850000e+00  1.57150000e+00  3.29999999e+00  4.00000000e-05  5.59161231e-05  0.00000000e+00 
 1.58000000e-01  1.58000000e-01  1.72900000e+00  1.57100000e+00  3.29999999e+00  4.00000000e-05  5.59162067e-05  0.00000000e+00 
 1.59000000e-01  1.59000000e-01  1.72950000e+00  1.57050000e+00  3.29999999e+00  4.00000000e-05  5.59162912e-05  0.00000000e+00 
 1.60000000e-01  1.60000000e-01  1.73000000e+00  1.57000000e+00  3.29999999e+00  4.00000000e-05  5.59163757e-05  0.00000000e+00 
 1.61000000e-01  1.61000000e-01  1.73050000e+00  1.56950000e+00  3.29999999e+00  4.00000000e-05  5.59164604e-05  0.00000000e+00 
 1.62000000e-01  1.62000000e-01  1.73100000e+00  1.56900000e+00  3.29999999e+00  4.00000000e-05  5.59165455e-05  0.00000000e+00 
 1.63000000e-01  1.63000000e-01  1.73150000e+00  1.56850000e+00  3.29999999e+00  4.00000000e-05  5.59166308e-05  0.00000000e+00 
 1.64000000e-01  1.64000000e-01  1.73200000e+00  1.56800000e+00  3.29999999e+00  4.00000000e-05  5.59167165e-05  0.00000000e+00 
 1.65000000e-01  1.65000000e-01  1.73250000e+00  1.56750000e+00  3.29999999e+00  4.00000000e-05  5.59168022e-05  0.00000000e+00 
 1.66000000e-01  1.66000000e-01  1.73300000e+00  1.56700000e+00  3.29999999e+00  4.00000000e-05  5.59168883e-05  0.00000000e+00 
 1.67000000e-01  1.67000000e-01  1.73350000e+00  1.56650000e+00  3.29999999e+00  4.00000000e-05  5.59169747e-05  0.00000000e+00 
 1.68000000e-01  1.68000000e-01  1.73400000e+00  1.56600000e+00  3.29999999e+00  4.00000000e-05  5.59170612e-05  0.00000000e+00 
 1.69000000e-01  1.69000000e-01  1.73450000e+00  1.56550000e+00  3.29999999e+00  4.00000000e-05  5.59171482e-05  0.00000000e+00 
 1.70000000e-01  1.70000000e-01  1.73500000e+00  1.56500000e+00  3.29999999e+00  4.00000000e-05  5.59172354e-05  0.00000000e+00 
 1.71000000e-01  1.71000000e-01  1.73550000e+00  1.56450000e+00  3.29999999e+00  4.00000000e-05  5.59173226e-05  0.00000000e+00 
 1.72000000e-01  1.72000000e-01  1.73600000e+00  1.56400000e+00  3.29999999e+00  4.00000000e-05  5.59174103e-05  0.00000000e+00 
 1.73000000e-01  1.73000000e-01  1.73650000e+00  1.56350000e+00  3.29999999e+00  4.00000000e-05  5.59174980e-05  0.00000000e+00 
 1.74000000e-01  1.74000000e-01  1.73700000e+00  1.56300000e+00  3.29999999e+00  4.00000000e-05  5.59175860e-05  0.00000000e+00 
 1.75000000e-01  1.75000000e-01  1.73750000e+00  1.56250000e+00  3.29999999e+00  4.00000000e-05  5.59176742e-05  0.00000000e+00 
 1.76000000e-01  1.76000000e-01  1.73800000e+00  1.56200000e+00  3.29999999e+00  4.00000000e-05  5.59177627e-05  0.00000000e+00 
 1.77000000e-01  1.77000000e-01  1.73850000e+00  1.56150000e+00  3.29999999e+00  4.00000000e-05  5.59178512e-05  0.00000000e+00 
 1.78000000e-01  1.78000000e-01  1.73900000e+00  1.56100000e+00  3.29999999e+00  4.00000000e-05  5.59179402e-05  0.00000000e+00 
 1.79000000e-01  1.79000000e-01  1.73950000e+00  1.56050000e+00  3.29999999e+00  4.00000000e-05  5.59180293e-05  0.00000000e+00 
 1.80000000e-01  1.80000000e-01  1.74000000e+00  1.56000000e+00  3.29999999e+00  4.00000000e-05  5.59181185e-05  0.00000000e+00 
 1.81000000e-01  1.81000000e-01  1.74050000e+00  1.55950000e+00  3.29999999e+00  4.00000000e-05  5.59182079e-05  0.00000000e+00 
 1.82000000e-01  1.82000000e-01  1.74100000e+00  1.55900000e+00  3.29999999e+00  4.00000000e-05  5.59182976e-05  0.00000000e+00 
 1.83000000e-01  1.83000000e-01  1.74150000e+00  1.55850000e+00  3.29999999e+00  4.00000000e-05  5.59183874e-05  0.00000000e+00 
 1.84000000e-01  1.84000000e-01  1.74200000e+00  1.55800000e+00  3.29999999e+00  4.00000000e-05  5.59184773e-05  0.00000000e+00 
 1.85000000e-01  1.85000000e-01  1.74250000e+00  1.55750000e+00  3.29999999e+00  4.00000000e-05  5.59185675e-05  0.00000000e+00 
 1.86000000e-01  1.86000000e-01  1.74300000e+00  1.55700000e+00  3.29999999e+00  4.00000000e-05  5.59186580e-05  0.00000000e+00 
 1.87000000e-01  1.87000000e-01  1.74350000e+00  1.55650000e+00  3.29999999e+00  4.00000000e-05  5.59187483e-05  0.00000000e+00 
 1.88000000e-01  1.88000000e-01  1.74400000e+00  1.55600000e+00  3.29999999e+00  4.00000000e-05  5.59188391e-05  0.00000000e+00 
 1.89000000e-01  1.89000000e-01  1.74450000e+00  1.55550000e+00  3.29999999e+00  4.00000000e-05  5.59189298e-05  0.00000000e+00 
 1.90000000e-01  1.90000000e-01  1.74500000e+00  1.55500000e+00  3.29999999e+00  4.00000000e-05  5.59190210e-05  0.00000000e+00 
 1.91000000e-01  1.91000000e-01  1.74550000e+00  1.55450000e+00  3.29999999e+00  4.00000000e-05  5.59191119e-05  0.00000000e+00 
 1.92000000e-01  1.92000000e-01  1.74600000e+00  1.55400000e+00  3.29999999e+00  4.00000000e-05  5.59192032e-05  0.00000000e+00 
 1.93000000e-01  1.93000000e-01  1.74650000e+00  1.55350000e+00  3.29999999e+00  4.00000000e-05  5.59192947e-05  0.00000000e+00 
 1.94000000e-01  1.94000000e-01  1.74700000e+00  1.55300000e+00  3.29999999e+00  4.00000000e-05  5.59193864e-05  0.00000000e+00 
 1.95000000e-01  1.95000000e-01  1.74750000e+00  1.55250000e+00  3.29999999e+00  4.00000000e-05  5.59194781e-05  0.00000000e+00 
 1.96000000e-01  1.96000000e-01  1.74800000e+00  1.55200000e+00  3.29999999e+00  4.00000000e-05  5.59195700e-05  0.00000000e+00 
 1.97000000e-01  1.97000000e-01  1.74850000e+00  1.55150000e+00  3.29999999e+00  4.00000000e-05  5.59196618e-05  0.00000000e+00 
 1.98000000e-01  1.98000000e-01  1.74900000e+00  1.55100000e+00  3.29999999e+00  4.00000000e-05  5.59197539e-05  0.00000000e+00 
 1.99000000e-01  1.99000000e-01  1.74950000e+00  1.55050000e+00  3.29999999e+00  4.00000000e-05  5.59198460e-05  0.00000000e+00 
 2.00000000e-01  2.00000000e-01  1.75000000e+00  1.55000000e+00  3.29999999e+00  4.00000000e-05  5.59199386e-05  0.00000000e+00 
