 cl_ref                 cl_voutcm              cl_ideal               cl_vcmfb               cl_error              
 0.000000000000000e+00  2.430907607015813e-01  0.000000000000000e+00  1.091190760701581e+00  2.430907607015813e-01 
 1.000000000000000e-02  2.429943229651808e-01  1.000000000000000e-02  1.091094322965181e+00  2.329943229651807e-01 
 2.000000000000000e-02  2.430148163647528e-01  2.000000000000000e-02  1.091114816364753e+00  2.230148163647528e-01 
 3.000000000000000e-02  2.430443002955167e-01  3.000000000000000e-02  1.091144300295517e+00  2.130443002955167e-01 
 4.000000000000000e-02  2.430850936008022e-01  4.000000000000000e-02  1.091185093600802e+00  2.030850936008022e-01 
 5.000000000000000e-02  2.431283731342651e-01  5.000000000000000e-02  1.091228373134265e+00  1.931283731342651e-01 
 6.000000000000000e-02  2.431980118126917e-01  6.000000000000000e-02  1.091298011812692e+00  1.831980118126917e-01 
 7.000000000000001e-02  2.432823078628188e-01  7.000000000000001e-02  1.091382307862819e+00  1.732823078628188e-01 
 8.000000000000000e-02  2.433928113002610e-01  8.000000000000000e-02  1.091492811300261e+00  1.633928113002610e-01 
 9.000000000000000e-02  2.435386085480771e-01  9.000000000000000e-02  1.091638608548077e+00  1.535386085480771e-01 
 9.999999999999999e-02  2.437274278550363e-01  9.999999999999999e-02  1.091827427855036e+00  1.437274278550363e-01 
 1.100000000000000e-01  2.439834811572246e-01  1.100000000000000e-01  1.092083481157224e+00  1.339834811572246e-01 
 1.200000000000000e-01  2.443148661563608e-01  1.200000000000000e-01  1.092414866156361e+00  1.243148661563608e-01 
 1.300000000000000e-01  2.447504671760745e-01  1.300000000000000e-01  1.092850467176074e+00  1.147504671760745e-01 
 1.400000000000000e-01  2.453142917934374e-01  1.400000000000000e-01  1.093414291793437e+00  1.053142917934375e-01 
 1.500000000000000e-01  2.460463448341883e-01  1.500000000000000e-01  1.094146344834188e+00  9.604634483418831e-02 
 1.600000000000000e-01  2.469931347915200e-01  1.600000000000000e-01  1.095093134791520e+00  8.699313479151996e-02 
 1.700000000000000e-01  2.482062455451373e-01  1.700000000000000e-01  1.096306245545137e+00  7.820624554513725e-02 
 1.800000000000000e-01  2.497463755620413e-01  1.800000000000000e-01  1.097846375562041e+00  6.974637556204125e-02 
 1.900000000000000e-01  2.516940559855299e-01  1.900000000000000e-01  1.099794055985530e+00  6.169405598552982e-02 
 2.000000000000000e-01  2.541067381955728e-01  2.000000000000000e-01  1.102206738195573e+00  5.410673819557280e-02 
 2.100000000000000e-01  2.570786570341113e-01  2.100000000000000e-01  1.105178657034111e+00  4.707865703411121e-02 
 2.200000000000001e-01  2.606578788204739e-01  2.200000000000001e-01  1.108757878820474e+00  4.065787882047381e-02 
 2.300000000000001e-01  2.649053833306771e-01  2.300000000000001e-01  1.113005383330677e+00  3.490538333067708e-02 
 2.400000000000001e-01  2.698417731851970e-01  2.400000000000001e-01  1.117941773185197e+00  2.984177318519690e-02 
 2.500000000000001e-01  2.754760670544691e-01  2.500000000000001e-01  1.123576067054469e+00  2.547606705446909e-02 
 2.600000000000001e-01  2.817802061456447e-01  2.600000000000001e-01  1.129880206145645e+00  2.178020614564463e-02 
 2.700000000000001e-01  2.887042635232979e-01  2.700000000000001e-01  1.136804263523298e+00  1.870426352329785e-02 
 2.800000000000001e-01  2.961908255979533e-01  2.800000000000001e-01  1.144290825597953e+00  1.619082559795321e-02 
 2.900000000000001e-01  3.041557837472610e-01  2.900000000000001e-01  1.152255783747261e+00  1.415578374726095e-02 
 3.000000000000001e-01  3.125296962826423e-01  3.000000000000001e-01  1.160629696282642e+00  1.252969628264217e-02 
 3.100000000000001e-01  3.212388695916313e-01  3.100000000000001e-01  1.169338869591631e+00  1.123886959163117e-02 
 3.200000000000001e-01  3.302189369481869e-01  3.200000000000001e-01  1.178318936948187e+00  1.021893694818682e-02 
 3.300000000000001e-01  3.394140152322764e-01  3.300000000000001e-01  1.187514015232276e+00  9.414015232276307e-03 
 3.400000000000001e-01  3.487782019321486e-01  3.400000000000001e-01  1.196878201932148e+00  8.778201932148455e-03 
 3.500000000000001e-01  3.582741328604522e-01  3.500000000000001e-01  1.206374132860452e+00  8.274132860452033e-03 
 3.600000000000002e-01  3.678715062542772e-01  3.600000000000002e-01  1.215971506254277e+00  7.871506254277072e-03 
 3.700000000000002e-01  3.775468905650490e-01  3.700000000000002e-01  1.225646890565049e+00  7.546890565048814e-03 
 3.800000000000002e-01  3.872820935828614e-01  3.800000000000002e-01  1.235382093582861e+00  7.282093582861193e-03 
 3.900000000000002e-01  3.970626716833463e-01  3.900000000000002e-01  1.245162671683346e+00  7.062671683346122e-03 
 4.000000000000002e-01  4.068785226997960e-01  4.000000000000002e-01  1.254978522699796e+00  6.878522699795775e-03 
 4.100000000000002e-01  4.167209426149003e-01  4.100000000000002e-01  1.264820942614900e+00  6.720942614900138e-03 
 4.200000000000002e-01  4.265836990130805e-01  4.200000000000002e-01  1.274683699013080e+00  6.583699013080258e-03 
 4.300000000000002e-01  4.364620209033518e-01  4.300000000000002e-01  1.284562020903352e+00  6.462020903351628e-03 
 4.400000000000002e-01  4.463520294266037e-01  4.400000000000002e-01  1.294452029426604e+00  6.352029426603456e-03 
 4.500000000000002e-01  4.562508915066441e-01  4.500000000000002e-01  1.304350891506644e+00  6.250891506643874e-03 
 4.600000000000002e-01  4.661562592466586e-01  4.600000000000002e-01  1.314256259246658e+00  6.156259246658358e-03 
 4.700000000000003e-01  4.760662091052978e-01  4.700000000000003e-01  1.324166209105298e+00  6.066209105297593e-03 
 4.800000000000003e-01  4.859791521044445e-01  4.800000000000003e-01  1.334079152104444e+00  5.979152104444274e-03 
 4.900000000000003e-01  4.958938005912648e-01  4.900000000000003e-01  1.343993800591265e+00  5.893800591264486e-03 
 5.000000000000002e-01  5.058091050488644e-01  5.000000000000002e-01  1.353909105048864e+00  5.809105048864227e-03 
 5.100000000000002e-01  5.157241800959949e-01  5.100000000000002e-01  1.363824180095995e+00  5.724180095994624e-03 
 5.200000000000002e-01  5.256384205718645e-01  5.200000000000002e-01  1.373738420571864e+00  5.638420571864255e-03 
 5.300000000000002e-01  5.355514128256320e-01  5.300000000000002e-01  1.383651412825632e+00  5.551412825631763e-03 
 5.400000000000003e-01  5.454629949689869e-01  5.400000000000003e-01  1.393562994968987e+00  5.462994968986612e-03 
 5.500000000000003e-01  5.553732102574194e-01  5.500000000000003e-01  1.403473210257419e+00  5.373210257419103e-03 
 5.600000000000003e-01  5.652822959325641e-01  5.600000000000003e-01  1.413382295932564e+00  5.282295932563796e-03 
 5.700000000000003e-01  5.751906360197088e-01  5.700000000000003e-01  1.423290636019709e+00  5.190636019708483e-03 
 5.800000000000003e-01  5.850987196261681e-01  5.800000000000003e-01  1.433198719626168e+00  5.098719626167814e-03 
 5.900000000000003e-01  5.950070679859409e-01  5.900000000000003e-01  1.443107067985941e+00  5.007067985940639e-03 
 6.000000000000003e-01  6.049162121728275e-01  6.000000000000003e-01  1.453016212172827e+00  4.916212172827228e-03 
 6.100000000000003e-01  6.148266412173129e-01  6.100000000000003e-01  1.462926641217313e+00  4.826641217312577e-03 
 6.200000000000003e-01  6.247387823423307e-01  6.200000000000003e-01  1.472838782342331e+00  4.738782342330383e-03 
 6.300000000000003e-01  6.346529869690594e-01  6.300000000000003e-01  1.482752986969059e+00  4.652986969059025e-03 
 6.400000000000003e-01  6.445695234379263e-01  6.400000000000003e-01  1.492669523437926e+00  4.569523437925938e-03 
 6.500000000000004e-01  6.544885887115535e-01  6.500000000000004e-01  1.502588588711553e+00  4.488588711553110e-03 
 6.600000000000004e-01  6.644103112876172e-01  6.600000000000004e-01  1.512510311287617e+00  4.410311287616819e-03 
 6.700000000000004e-01  6.743347638208228e-01  6.700000000000004e-01  1.522434763820823e+00  4.334763820822429e-03 
 6.800000000000004e-01  6.842619701825257e-01  6.800000000000004e-01  1.532361970182526e+00  4.261970182525276e-03 
 6.900000000000004e-01  6.941919218722101e-01  6.900000000000004e-01  1.542291921872210e+00  4.191921872209736e-03 
 7.000000000000004e-01  7.041245822739477e-01  7.000000000000004e-01  1.552224582273948e+00  4.124582273947297e-03 
 7.100000000000004e-01  7.140598893709484e-01  7.100000000000004e-01  1.562159889370948e+00  4.059889370948033e-03 
 7.200000000000004e-01  7.239977636285553e-01  7.200000000000004e-01  1.572097763628555e+00  3.997763628554862e-03 
 7.300000000000004e-01  7.339381012153037e-01  7.300000000000004e-01  1.582038101215304e+00  3.938101215303247e-03 
 7.400000000000004e-01  7.438807768374294e-01  7.400000000000004e-01  1.591980776837429e+00  3.880776837428934e-03 
 7.500000000000004e-01  7.538256285202645e-01  7.500000000000004e-01  1.601925628520264e+00  3.825628520264024e-03 
 7.600000000000005e-01  7.637724627654656e-01  7.600000000000005e-01  1.611872462765465e+00  3.772462765465168e-03 
 7.700000000000005e-01  7.737210489159569e-01  7.700000000000005e-01  1.621821048915957e+00  3.721048915956482e-03 
 7.800000000000005e-01  7.836711298583401e-01  7.800000000000005e-01  1.631771129858340e+00  3.671129858339617e-03 
 7.900000000000005e-01  7.936224443225979e-01  7.900000000000005e-01  1.641722444322598e+00  3.622444322597396e-03 
 8.000000000000005e-01  8.035747454651514e-01  8.000000000000005e-01  1.651674745465151e+00  3.574745465150908e-03 
 8.100000000000005e-01  8.135278236791932e-01  8.100000000000005e-01  1.661627823679193e+00  3.527823679192688e-03 
 8.200000000000005e-01  8.234815076172410e-01  8.200000000000005e-01  1.671581507617241e+00  3.481507617240531e-03 
 8.300000000000005e-01  8.334356672360048e-01  8.300000000000005e-01  1.681535667236005e+00  3.435667236004303e-03 
 8.400000000000005e-01  8.433902053587192e-01  8.400000000000005e-01  1.691490205358719e+00  3.390205358718701e-03 
 8.500000000000005e-01  8.533450518965580e-01  8.500000000000005e-01  1.701445051896558e+00  3.345051896557427e-03 
 8.600000000000005e-01  8.633001569431984e-01  8.600000000000005e-01  1.711400156943198e+00  3.300156943197852e-03 
 8.700000000000006e-01  8.732554813301381e-01  8.700000000000006e-01  1.721355481330138e+00  3.255481330137533e-03 
 8.800000000000006e-01  8.832109995178070e-01  8.800000000000006e-01  1.731310999517807e+00  3.210999517806457e-03 
 8.900000000000006e-01  8.931666899954243e-01  8.900000000000006e-01  1.741266689995424e+00  3.166689995423688e-03 
 9.000000000000006e-01  9.031225363898716e-01  9.000000000000006e-01  1.751222536389871e+00  3.122536389871033e-03 
 9.100000000000006e-01  9.130785274514004e-01  9.100000000000006e-01  1.761178527451400e+00  3.078527451399804e-03 
 9.200000000000006e-01  9.230346528719602e-01  9.200000000000006e-01  1.771134652871960e+00  3.034652871959587e-03 
 9.300000000000006e-01  9.329909055836501e-01  9.300000000000006e-01  1.781090905583650e+00  2.990905583649450e-03 
 9.400000000000006e-01  9.429472779785772e-01  9.400000000000006e-01  1.791047277978577e+00  2.947277978576635e-03 
 9.500000000000006e-01  9.529037654680959e-01  9.500000000000006e-01  1.801003765468096e+00  2.903765468095232e-03 
 9.600000000000006e-01  9.628603620342921e-01  9.600000000000006e-01  1.810960362034292e+00  2.860362034291519e-03 
 9.700000000000006e-01  9.728170648160859e-01  9.700000000000006e-01  1.820917064816086e+00  2.817064816085235e-03 
 9.800000000000006e-01  9.827738697459198e-01  9.800000000000006e-01  1.830873869745920e+00  2.773869745919200e-03 
 9.900000000000007e-01  9.927307739457336e-01  9.900000000000007e-01  1.840830773945733e+00  2.730773945732956e-03 
 1.000000000000001e+00  1.002687773274607e+00  1.000000000000001e+00  1.850787773274607e+00  2.687773274606453e-03 
 1.010000000000001e+00  1.012644866365950e+00  1.010000000000001e+00  1.860744866365950e+00  2.644866365949516e-03 
 1.020000000000001e+00  1.022602049143936e+00  1.020000000000001e+00  1.870702049143936e+00  2.602049143935581e-03 
 1.030000000000001e+00  1.032559320153004e+00  1.030000000000001e+00  1.880659320153004e+00  2.559320153002975e-03 
 1.040000000000001e+00  1.042516676806620e+00  1.040000000000001e+00  1.890616676806619e+00  2.516676806618934e-03 
 1.050000000000001e+00  1.052474117109149e+00  1.050000000000001e+00  1.900574117109149e+00  2.474117109148244e-03 
 1.060000000000001e+00  1.062431638768413e+00  1.060000000000001e+00  1.910531638768413e+00  2.431638768412236e-03 
 1.070000000000001e+00  1.072389239810748e+00  1.070000000000001e+00  1.920489239810748e+00  2.389239810747679e-03 
 1.080000000000001e+00  1.082346918764109e+00  1.080000000000001e+00  1.930446918764109e+00  2.346918764108308e-03 
 1.090000000000001e+00  1.092304672976862e+00  1.090000000000001e+00  1.940404672976862e+00  2.304672976861655e-03 
 1.100000000000001e+00  1.102262500944975e+00  1.100000000000001e+00  1.950362500944975e+00  2.262500944973933e-03 
 1.110000000000001e+00  1.112220401087122e+00  1.110000000000001e+00  1.960320401087122e+00  2.220401087121182e-03 
 1.120000000000001e+00  1.122178371885732e+00  1.120000000000001e+00  1.970278371885732e+00  2.178371885731334e-03 
 1.130000000000001e+00  1.132136411280667e+00  1.130000000000001e+00  1.980236411280667e+00  2.136411280666328e-03 
 1.140000000000001e+00  1.142094516851759e+00  1.140000000000001e+00  1.990194516851759e+00  2.094516851757877e-03 
 1.150000000000001e+00  1.152052687793079e+00  1.150000000000001e+00  2.000152687793078e+00  2.052687793077768e-03 
 1.160000000000001e+00  1.162010923342760e+00  1.160000000000001e+00  2.010110923342760e+00  2.010923342758986e-03 
 1.170000000000001e+00  1.171969220251404e+00  1.170000000000001e+00  2.020069220251404e+00  1.969220251403447e-03 
 1.180000000000001e+00  1.181927577550671e+00  1.180000000000001e+00  2.030027577550670e+00  1.927577550669746e-03 
 1.190000000000001e+00  1.191885994571060e+00  1.190000000000001e+00  2.039985994571059e+00  1.885994571058758e-03 
 1.200000000000001e+00  1.201844469175621e+00  1.200000000000001e+00  2.049944469175621e+00  1.844469175619867e-03 
 1.210000000000001e+00  1.211802998841545e+00  1.210000000000001e+00  2.059902998841545e+00  1.802998841544001e-03 
 1.220000000000001e+00  1.221761583581903e+00  1.220000000000001e+00  2.069861583581903e+00  1.761583581902038e-03 
 1.230000000000001e+00  1.231720220885655e+00  1.230000000000001e+00  2.079820220885654e+00  1.720220885653712e-03 
 1.240000000000001e+00  1.241678909672317e+00  1.240000000000001e+00  2.089778909672317e+00  1.678909672316209e-03 
 1.250000000000001e+00  1.251637648320587e+00  1.250000000000001e+00  2.099737648320587e+00  1.637648320586438e-03 
 1.260000000000001e+00  1.261596435754982e+00  1.260000000000001e+00  2.109696435754982e+00  1.596435754981584e-03 
 1.270000000000001e+00  1.271555269819277e+00  1.270000000000001e+00  2.119655269819277e+00  1.555269819275784e-03 
 1.280000000000001e+00  1.281514149411324e+00  1.280000000000001e+00  2.129614149411323e+00  1.514149411322663e-03 
 1.290000000000001e+00  1.291473073984128e+00  1.290000000000001e+00  2.139573073984128e+00  1.473073984126883e-03 
 1.300000000000001e+00  1.301432040158535e+00  1.300000000000001e+00  2.149532040158534e+00  1.432040158533709e-03 
 1.310000000000001e+00  1.311391047453565e+00  1.310000000000001e+00  2.159491047453565e+00  1.391047453563887e-03 
 1.320000000000001e+00  1.321350095356036e+00  1.320000000000001e+00  2.169450095356036e+00  1.350095356035030e-03 
 1.330000000000001e+00  1.331309180660690e+00  1.330000000000001e+00  2.179409180660690e+00  1.309180660689302e-03 
 1.340000000000001e+00  1.341268302906333e+00  1.340000000000001e+00  2.189368302906332e+00  1.268302906331620e-03 
 1.350000000000001e+00  1.351227460570857e+00  1.350000000000001e+00  2.199327460570856e+00  1.227460570855543e-03 
 1.360000000000001e+00  1.361186651467011e+00  1.360000000000001e+00  2.209286651467011e+00  1.186651467010247e-03 
 1.370000000000001e+00  1.371145875157451e+00  1.370000000000001e+00  2.219245875157450e+00  1.145875157449572e-03 
 1.380000000000001e+00  1.381105129638741e+00  1.380000000000001e+00  2.229205129638741e+00  1.105129638740099e-03 
 1.390000000000001e+00  1.391064412989698e+00  1.390000000000001e+00  2.239164412989698e+00  1.064412989697283e-03 
 1.400000000000001e+00  1.401023724538011e+00  1.400000000000001e+00  2.249123724538010e+00  1.023724538009585e-03 
 1.410000000000001e+00  1.410983062636743e+00  1.410000000000001e+00  2.259083062636743e+00  9.830626367424156e-04 
 1.420000000000001e+00  1.420942425202581e+00  1.420000000000001e+00  2.269042425202580e+00  9.424252025795887e-04 
 1.430000000000001e+00  1.430901811131601e+00  1.430000000000001e+00  2.279001811131601e+00  9.018111315997057e-04 
 1.440000000000001e+00  1.440861218490624e+00  1.440000000000001e+00  2.288961218490624e+00  8.612184906233722e-04 
 1.450000000000001e+00  1.450820645966292e+00  1.450000000000001e+00  2.298920645966292e+00  8.206459662909449e-04 
 1.460000000000001e+00  1.460780092117435e+00  1.460000000000001e+00  2.308880092117435e+00  7.800921174343500e-04 
 1.470000000000001e+00  1.470739554751991e+00  1.470000000000001e+00  2.318839554751991e+00  7.395547519901680e-04 
 1.480000000000001e+00  1.480699033256940e+00  1.480000000000001e+00  2.328799033256940e+00  6.990332569389857e-04 
 1.490000000000001e+00  1.490658524721239e+00  1.490000000000001e+00  2.338758524721239e+00  6.585247212378409e-04 
 1.500000000000001e+00  1.500618028620112e+00  1.500000000000001e+00  2.348718028620112e+00  6.180286201109553e-04 
 1.510000000000001e+00  1.510577542608676e+00  1.510000000000001e+00  2.358677542608676e+00  5.775426086749302e-04 
 1.520000000000001e+00  1.520537065275898e+00  1.520000000000001e+00  2.368637065275898e+00  5.370652758966976e-04 
 1.530000000000001e+00  1.530496595193778e+00  1.530000000000001e+00  2.378596595193778e+00  4.965951937767610e-04 
 1.540000000000001e+00  1.540456129091351e+00  1.540000000000001e+00  2.388556129091351e+00  4.561290913498439e-04 
 1.550000000000001e+00  1.550415666958257e+00  1.550000000000001e+00  2.398515666958257e+00  4.156669582557893e-04 
 1.560000000000001e+00  1.560375205647036e+00  1.560000000000001e+00  2.408475205647036e+00  3.752056470349707e-04 
 1.570000000000001e+00  1.570334743475018e+00  1.570000000000001e+00  2.418434743475018e+00  3.347434750164968e-04 
 1.580000000000001e+00  1.580294279759511e+00  1.580000000000001e+00  2.428394279759511e+00  2.942797595095747e-04 
 1.590000000000001e+00  1.590253810755289e+00  1.590000000000001e+00  2.438353810755288e+00  2.538107552874092e-04 
 1.600000000000001e+00  1.600213336147160e+00  1.600000000000001e+00  2.448313336147160e+00  2.133361471585715e-04 
 1.610000000000001e+00  1.610172852456382e+00  1.610000000000001e+00  2.458272852456382e+00  1.728524563808786e-04 
 1.620000000000001e+00  1.620132358260898e+00  1.620000000000001e+00  2.468232358260898e+00  1.323582608971918e-04 
 1.630000000000001e+00  1.630091851247174e+00  1.630000000000001e+00  2.478191851247174e+00  9.185124717281390e-05 
 1.640000000000001e+00  1.640051329912257e+00  1.640000000000001e+00  2.488151329912257e+00  5.132991225575978e-05 
 1.650000000000001e+00  1.650010790676151e+00  1.650000000000001e+00  2.498110790676151e+00  1.079067614973006e-05 
 1.660000000000001e+00  1.659970232295393e+00  1.660000000000001e+00  2.508070232295393e+00 -2.976770460838551e-05 
 1.670000000000001e+00  1.669929651909762e+00  1.670000000000001e+00  2.518029651909762e+00 -7.034809023909183e-05 
 1.680000000000001e+00  1.679889046614579e+00  1.680000000000001e+00  2.527989046614579e+00 -1.109533854224409e-04 
 1.690000000000001e+00  1.689848414678323e+00  1.690000000000001e+00  2.537948414678322e+00 -1.515853216786933e-04 
 1.700000000000001e+00  1.699807752992442e+00  1.700000000000001e+00  2.547907752992442e+00 -1.922470075594873e-04 
 1.710000000000001e+00  1.709767058708326e+00  1.710000000000001e+00  2.557867058708326e+00 -2.329412916755036e-04 
 1.720000000000001e+00  1.719726329546184e+00  1.720000000000001e+00  2.567826329546184e+00 -2.736704538168766e-04 
 1.730000000000001e+00  1.729685561877751e+00  1.730000000000001e+00  2.577785561877751e+00 -3.144381222501824e-04 
 1.740000000000001e+00  1.739644753281352e+00  1.740000000000001e+00  2.587744753281352e+00 -3.552467186489494e-04 
 1.750000000000001e+00  1.749603900805613e+00  1.750000000000001e+00  2.597703900805613e+00 -3.960991943878778e-04 
 1.760000000000001e+00  1.759563000231016e+00  1.760000000000001e+00  2.607663000231016e+00 -4.369997689850358e-04 
 1.770000000000001e+00  1.769522048686299e+00  1.770000000000001e+00  2.617622048686299e+00 -4.779513137018743e-04 
 1.780000000000001e+00  1.779481042358714e+00  1.780000000000001e+00  2.627581042358714e+00 -5.189576412871766e-04 
 1.790000000000001e+00  1.789439978621333e+00  1.790000000000001e+00  2.637539978621333e+00 -5.600213786685071e-04 
 1.800000000000001e+00  1.799398852653951e+00  1.800000000000001e+00  2.647498852653951e+00 -6.011473460501016e-04 
 1.810000000000001e+00  1.809357659622942e+00  1.810000000000001e+00  2.657457659622942e+00 -6.423403770596803e-04 
 1.820000000000001e+00  1.819316397185861e+00  1.820000000000001e+00  2.667416397185861e+00 -6.836028141403716e-04 
 1.830000000000001e+00  1.829275058681954e+00  1.830000000000001e+00  2.677375058681954e+00 -7.249413180472342e-04 
 1.840000000000001e+00  1.839233641418768e+00  1.840000000000001e+00  2.687333641418768e+00 -7.663585812331952e-04 
 1.850000000000001e+00  1.849192139338841e+00  1.850000000000001e+00  2.697292139338840e+00 -8.078606611607864e-04 
 1.860000000000001e+00  1.859150547029496e+00  1.860000000000001e+00  2.707250547029496e+00 -8.494529705056486e-04 
 1.870000000000001e+00  1.869108859561134e+00  1.870000000000001e+00  2.717208859561134e+00 -8.911404388676214e-04 
 1.880000000000001e+00  1.879067070929866e+00  1.880000000000001e+00  2.727167070929866e+00 -9.329290701356463e-04 
 1.890000000000001e+00  1.889025175576637e+00  1.890000000000001e+00  2.737125175576637e+00 -9.748244233642733e-04 
 1.900000000000001e+00  1.898983165338140e+00  1.900000000000001e+00  2.747083165338140e+00 -1.016834661861754e-03 
 1.910000000000001e+00  1.908941034067876e+00  1.910000000000001e+00  2.757041034067876e+00 -1.058965932125178e-03 
 1.920000000000001e+00  1.918898773812043e+00  1.920000000000001e+00  2.766998773812043e+00 -1.101226187958826e-03 
 1.930000000000001e+00  1.928856376935504e+00  1.930000000000001e+00  2.776956376935503e+00 -1.143623064497890e-03 
 1.940000000000002e+00  1.938813833989353e+00  1.940000000000002e+00  2.786913833989353e+00 -1.186166010648471e-03 
 1.950000000000002e+00  1.948771136573205e+00  1.950000000000002e+00  2.796871136573205e+00 -1.228863426796289e-03 
 1.960000000000002e+00  1.958728273741292e+00  1.960000000000002e+00  2.806828273741292e+00 -1.271726258709194e-03 
 1.970000000000002e+00  1.968685234350342e+00  1.970000000000002e+00  2.816785234350342e+00 -1.314765649659710e-03 
 1.980000000000002e+00  1.978642006785295e+00  1.980000000000002e+00  2.826742006785294e+00 -1.357993214706976e-03 
 1.990000000000002e+00  1.988598577660925e+00  1.990000000000002e+00  2.836698577660925e+00 -1.401422339076808e-03 
 2.000000000000001e+00  1.998554932087742e+00  2.000000000000001e+00  2.846654932087742e+00 -1.445067912259068e-03 
 2.010000000000001e+00  2.008511055669837e+00  2.010000000000001e+00  2.856611055669837e+00 -1.488944330163999e-03 
 2.020000000000001e+00  2.018466929543827e+00  2.020000000000001e+00  2.866566929543827e+00 -1.533070456174013e-03 
 2.030000000000001e+00  2.028422535092076e+00  2.030000000000001e+00  2.876522535092076e+00 -1.577464907924320e-03 
 2.040000000000000e+00  2.038377850077953e+00  2.040000000000000e+00  2.886477850077953e+00 -1.622149922047900e-03 
 2.050000000000000e+00  2.048332850768117e+00  2.050000000000000e+00  2.896432850768116e+00 -1.667149231883602e-03 
 2.060000000000000e+00  2.058287509558925e+00  2.060000000000000e+00  2.906387509558924e+00 -1.712490441075243e-03 
 2.070000000000000e+00  2.068241796606746e+00  2.070000000000000e+00  2.916341796606746e+00 -1.758203393253499e-03 
 2.080000000000000e+00  2.078195676441498e+00  2.080000000000000e+00  2.926295676441498e+00 -1.804323558501242e-03 
 2.089999999999999e+00  2.088149108767230e+00  2.089999999999999e+00  2.936249108767230e+00 -1.850891232769047e-03 
 2.099999999999999e+00  2.098102048794578e+00  2.099999999999999e+00  2.946202048794578e+00 -1.897951205421133e-03 
 2.109999999999999e+00  2.108054443202709e+00  2.109999999999999e+00  2.956154443202709e+00 -1.945556797289694e-03 
 2.119999999999999e+00  2.118006230915421e+00  2.119999999999999e+00  2.966106230915421e+00 -1.993769084577490e-03 
 2.129999999999999e+00  2.127957339677089e+00  2.129999999999999e+00  2.976057339677090e+00 -2.042660322909118e-03 
 2.139999999999998e+00  2.137907684074333e+00  2.139999999999998e+00  2.986007684074333e+00 -2.092315925664945e-03 
 2.149999999999998e+00  2.147857164307852e+00  2.149999999999998e+00  2.995957164307852e+00 -2.142835692146239e-03 
 2.159999999999998e+00  2.157805659515438e+00  2.159999999999998e+00  3.005905659515439e+00 -2.194340484559465e-03 
 2.169999999999998e+00  2.167753023089182e+00  2.169999999999998e+00  3.015853023089182e+00 -2.246976910815324e-03 
 2.179999999999997e+00  2.177699077500815e+00  2.179999999999997e+00  3.025799077500815e+00 -2.300922499182345e-03 
 2.189999999999997e+00  2.187643605609359e+00  2.189999999999997e+00  3.035743605609359e+00 -2.356394390638616e-03 
 2.199999999999997e+00  2.197586333997643e+00  2.199999999999997e+00  3.045686333997643e+00 -2.413666002353931e-03 
 2.209999999999997e+00  2.207526923763781e+00  2.209999999999997e+00  3.055626923763781e+00 -2.473076236216176e-03 
 2.219999999999997e+00  2.217464942301305e+00  2.219999999999997e+00  3.065564942301305e+00 -2.535057698691556e-03 
 2.229999999999996e+00  2.227399832352829e+00  2.229999999999996e+00  3.075499832352828e+00 -2.600167647167861e-03 
 2.239999999999996e+00  2.237330871269919e+00  2.239999999999996e+00  3.085430871269919e+00 -2.669128730076853e-03 
 2.249999999999996e+00  2.247257103427247e+00  2.249999999999996e+00  3.095357103427246e+00 -2.742896572749398e-03 
 2.259999999999996e+00  2.257177247952574e+00  2.259999999999996e+00  3.105277247952574e+00 -2.822752047422217e-03 
 2.269999999999996e+00  2.267089562346752e+00  2.269999999999996e+00  3.115189562346752e+00 -2.910437653243836e-03 
 2.279999999999995e+00  2.276991632748347e+00  2.279999999999995e+00  3.125091632748347e+00 -3.008367251648547e-03 
 2.289999999999995e+00  2.286880059319507e+00  2.289999999999995e+00  3.134980059319507e+00 -3.119940680488487e-03 
 2.299999999999995e+00  2.296749962995001e+00  2.299999999999995e+00  3.144849962995001e+00 -3.250037004993711e-03 
 2.309999999999995e+00  2.306594216932958e+00  2.309999999999995e+00  3.154694216932958e+00 -3.405783067036428e-03 
 2.319999999999995e+00  2.316402237886520e+00  2.319999999999995e+00  3.164502237886520e+00 -3.597762113474179e-03 
 2.329999999999994e+00  2.326158093454714e+00  2.329999999999994e+00  3.174258093454714e+00 -3.841906545280604e-03 
 2.339999999999994e+00  2.335837649526671e+00  2.339999999999994e+00  3.183937649526671e+00 -4.162350473322807e-03 
 2.349999999999994e+00  2.345404558682683e+00  2.349999999999994e+00  3.193504558682683e+00 -4.595441317310378e-03 
 2.359999999999994e+00  2.354805494613458e+00  2.359999999999994e+00  3.202905494613458e+00 -5.194505386535209e-03 
 2.369999999999993e+00  2.363966554300139e+00  2.369999999999993e+00  3.212066554300139e+00 -6.033445699854756e-03 
 2.379999999999993e+00  2.372794952467748e+00  2.379999999999993e+00  3.220894952467748e+00 -7.205047532245157e-03 
 2.389999999999993e+00  2.381190297179372e+00  2.389999999999993e+00  3.229290297179372e+00 -8.809702820621101e-03 
 2.399999999999993e+00  2.389064023186240e+00  2.399999999999993e+00  3.237164023186240e+00 -1.093597681375291e-02 
 2.409999999999993e+00  2.396357053896510e+00  2.409999999999993e+00  3.244457053896510e+00 -1.364294610348304e-02 
 2.419999999999992e+00  2.403045719050956e+00  2.419999999999992e+00  3.251145719050956e+00 -1.695428094903617e-02 
 2.429999999999992e+00  2.409135741180288e+00  2.429999999999992e+00  3.257235741180288e+00 -2.086425881970433e-02 
 2.439999999999992e+00  2.414651375541399e+00  2.439999999999992e+00  3.262751375541399e+00 -2.534862445859298e-02 
 2.449999999999992e+00  2.419625803621976e+00  2.449999999999992e+00  3.267725803621976e+00 -3.037419637801575e-02 
 2.459999999999992e+00  2.424094857599290e+00  2.459999999999992e+00  3.272194857599289e+00 -3.590514240070197e-02 
 2.469999999999991e+00  2.428093689707617e+00  2.469999999999991e+00  3.276193689707616e+00 -4.190631029237446e-02 
 2.479999999999991e+00  2.431655360155880e+00  2.479999999999991e+00  3.279755360155880e+00 -4.834463984411075e-02 
 2.489999999999991e+00  2.434810545251390e+00  2.489999999999991e+00  3.282910545251390e+00 -5.518945474860049e-02 
 2.499999999999991e+00  2.437587843297490e+00  2.499999999999991e+00  3.285687843297490e+00 -6.241215670250044e-02 
 2.509999999999990e+00  2.440014354846880e+00  2.509999999999990e+00  3.288114354846880e+00 -6.998564515311001e-02 
 2.519999999999990e+00  2.442116350879750e+00  2.519999999999990e+00  3.290216350879749e+00 -7.788364912024059e-02 
 2.529999999999990e+00  2.443919872230979e+00  2.529999999999990e+00  3.292019872230979e+00 -8.608012776901086e-02 
 2.539999999999990e+00  2.445451153957125e+00  2.539999999999990e+00  3.293551153957124e+00 -9.454884604286518e-02 
 2.549999999999990e+00  2.446736799579452e+00  2.549999999999990e+00  3.294836799579452e+00 -1.032632004205376e-01 
 2.559999999999989e+00  2.447803675025678e+00  2.559999999999989e+00  3.295903675025678e+00 -1.121963249743119e-01 
 2.569999999999989e+00  2.448678552337524e+00  2.569999999999989e+00  3.296778552337524e+00 -1.213214476624649e-01 
 2.579999999999989e+00  2.449387574915305e+00  2.579999999999989e+00  3.297487574915305e+00 -1.306124250846836e-01 
 2.589999999999989e+00  2.449955653200274e+00  2.589999999999989e+00  3.298055653200274e+00 -1.400443467997143e-01 
 2.599999999999989e+00  2.450405895677812e+00  2.599999999999989e+00  3.298505895677812e+00 -1.495941043221767e-01 
 2.609999999999988e+00  2.450759166402762e+00  2.609999999999988e+00  3.298859166402762e+00 -1.592408335972260e-01 
 2.619999999999988e+00  2.451033814017496e+00  2.619999999999988e+00  3.299133814017496e+00 -1.689661859824922e-01 
 2.629999999999988e+00  2.451245580320110e+00  2.629999999999988e+00  3.299345580320110e+00 -1.787544196798776e-01 
 2.639999999999988e+00  2.451407673387152e+00  2.639999999999988e+00  3.299507673387152e+00 -1.885923266128358e-01 
 2.649999999999987e+00  2.451530954161222e+00  2.649999999999987e+00  3.299630954161222e+00 -1.984690458387655e-01 
 2.659999999999987e+00  2.451624197899462e+00  2.659999999999987e+00  3.299724197899462e+00 -2.083758021005253e-01 
 2.669999999999987e+00  2.451694387620962e+00  2.669999999999987e+00  3.299794387620962e+00 -2.183056123790252e-01 
 2.679999999999987e+00  2.451747008262125e+00  2.679999999999987e+00  3.299847008262125e+00 -2.282529917378615e-01 
 2.689999999999987e+00  2.451786319531811e+00  2.689999999999987e+00  3.299886319531811e+00 -2.382136804681756e-01 
 2.699999999999986e+00  2.451815601991184e+00  2.699999999999986e+00  3.299915601991184e+00 -2.481843980088025e-01 
 2.709999999999986e+00  2.451837358161606e+00  2.709999999999986e+00  3.299937358161606e+00 -2.581626418383807e-01 
 2.719999999999986e+00  2.451853488141358e+00  2.719999999999986e+00  3.299953488141358e+00 -2.681465118586277e-01 
 2.729999999999986e+00  2.451865425117678e+00  2.729999999999986e+00  3.299965425117678e+00 -2.781345748823081e-01 
 2.739999999999986e+00  2.451874245087226e+00  2.739999999999986e+00  3.299974245087226e+00 -2.881257549127594e-01 
 2.749999999999985e+00  2.451880753156638e+00  2.749999999999985e+00  3.299980753156639e+00 -2.981192468433469e-01 
 2.759999999999985e+00  2.451885549725439e+00  2.759999999999985e+00  3.299985549725439e+00 -3.081144502745459e-01 
 2.769999999999985e+00  2.451889081536337e+00  2.769999999999985e+00  3.299989081536337e+00 -3.181109184636477e-01 
 2.779999999999985e+00  2.451891679696258e+00  2.779999999999985e+00  3.299991679696258e+00 -3.281083203037265e-01 
 2.789999999999984e+00  2.451893589379396e+00  2.789999999999984e+00  3.299993589379396e+00 -3.381064106205884e-01 
 2.799999999999984e+00  2.451894992231383e+00  2.799999999999984e+00  3.299994992231382e+00 -3.481050077686016e-01 
 2.809999999999984e+00  2.451896022048525e+00  2.809999999999984e+00  3.299996022048525e+00 -3.581039779514588e-01 
 2.819999999999984e+00  2.451896777912415e+00  2.819999999999984e+00  3.299996777912415e+00 -3.681032220875688e-01 
 2.829999999999984e+00  2.451897332307230e+00  2.829999999999984e+00  3.299997332307230e+00 -3.781026676927532e-01 
 2.839999999999983e+00  2.451897738732388e+00  2.839999999999983e+00  3.299997738732388e+00 -3.881022612675955e-01 
 2.849999999999983e+00  2.451898036402522e+00  2.849999999999983e+00  3.299998036402522e+00 -3.981019635974614e-01 
 2.859999999999983e+00  2.451898254683336e+00  2.859999999999983e+00  3.299998254683335e+00 -4.081017453166473e-01 
 2.869999999999983e+00  2.451898414699540e+00  2.869999999999983e+00  3.299998414699540e+00 -4.181015853004433e-01 
 2.879999999999983e+00  2.451898531727233e+00  2.879999999999983e+00  3.299998531727233e+00 -4.281014682727498e-01 
 2.889999999999982e+00  2.451898617352265e+00  2.889999999999982e+00  3.299998617352265e+00 -4.381013826477171e-01 
 2.899999999999982e+00  2.451898680085134e+00  2.899999999999982e+00  3.299998680085134e+00 -4.481013199148483e-01 
 2.909999999999982e+00  2.451898725998393e+00  2.909999999999982e+00  3.299998725998393e+00 -4.581012740015891e-01 
 2.919999999999982e+00  2.451898759761976e+00  2.919999999999982e+00  3.299998759761976e+00 -4.681012402380058e-01 
 2.929999999999982e+00  2.451898784596374e+00  2.929999999999982e+00  3.299998784596373e+00 -4.781012154036079e-01 
 2.939999999999981e+00  2.451898802574731e+00  2.939999999999981e+00  3.299998802574731e+00 -4.881011974252503e-01 
 2.949999999999981e+00  2.451898815787990e+00  2.949999999999981e+00  3.299998815787990e+00 -4.981011842119911e-01 
 2.959999999999981e+00  2.451898825706865e+00  2.959999999999981e+00  3.299998825706864e+00 -5.081011742931163e-01 
 2.969999999999981e+00  2.451898832757372e+00  2.969999999999981e+00  3.299998832757372e+00 -5.181011672426084e-01 
 2.979999999999980e+00  2.451898838075221e+00  2.979999999999980e+00  3.299998838075221e+00 -5.281011619247598e-01 
 2.989999999999980e+00  2.451898841826350e+00  2.989999999999980e+00  3.299998841826350e+00 -5.381011581736304e-01 
 2.999999999999980e+00  2.451898844872495e+00  2.999999999999980e+00  3.299998844872496e+00 -5.481011551274846e-01 
 3.009999999999980e+00  2.451898847367247e+00  3.009999999999980e+00  3.299998847367247e+00 -5.581011526327324e-01 
 3.019999999999980e+00  2.451898848769384e+00  3.019999999999980e+00  3.299998848769384e+00 -5.681011512305960e-01 
 3.029999999999979e+00  2.451898850329710e+00  3.029999999999979e+00  3.299998850329710e+00 -5.781011496702697e-01 
 3.039999999999979e+00  2.451898851281650e+00  3.039999999999979e+00  3.299998851281650e+00 -5.881011487183296e-01 
 3.049999999999979e+00  2.451898851873879e+00  3.049999999999979e+00  3.299998851873879e+00 -5.981011481261000e-01 
 3.059999999999979e+00  2.451898852465304e+00  3.059999999999979e+00  3.299998852465303e+00 -6.081011475346751e-01 
 3.069999999999979e+00  2.451898853044177e+00  3.069999999999979e+00  3.299998853044176e+00 -6.181011469558020e-01 
 3.079999999999978e+00  2.451898853349161e+00  3.079999999999978e+00  3.299998853349161e+00 -6.281011466508173e-01 
 3.089999999999978e+00  2.451898853953489e+00  3.089999999999978e+00  3.299998853953489e+00 -6.381011460464889e-01 
 3.099999999999978e+00  2.451898854430421e+00  3.099999999999978e+00  3.299998854430422e+00 -6.481011455695564e-01 
 3.109999999999978e+00  2.451898854576251e+00  3.109999999999978e+00  3.299998854576251e+00 -6.581011454237271e-01 
 3.119999999999977e+00  2.451898854870165e+00  3.119999999999977e+00  3.299998854870165e+00 -6.681011451298127e-01 
 3.129999999999977e+00  2.451898855123654e+00  3.129999999999977e+00  3.299998855123654e+00 -6.781011448763237e-01 
 3.139999999999977e+00  2.451898855384632e+00  3.139999999999977e+00  3.299998855384632e+00 -6.881011446153447e-01 
 3.149999999999977e+00  2.451898855649825e+00  3.149999999999977e+00  3.299998855649824e+00 -6.981011443501521e-01 
 3.159999999999977e+00  2.451898855864095e+00  3.159999999999977e+00  3.299998855864095e+00 -7.081011441358815e-01 
 3.169999999999976e+00  2.451898856148951e+00  3.169999999999976e+00  3.299998856148951e+00 -7.181011438510256e-01 
 3.179999999999976e+00  2.451898856319516e+00  3.179999999999976e+00  3.299998856319515e+00 -7.281011436804605e-01 
 3.189999999999976e+00  2.451898856500518e+00  3.189999999999976e+00  3.299998856500517e+00 -7.381011434994584e-01 
 3.199999999999976e+00  2.451898856809337e+00  3.199999999999976e+00  3.299998856809337e+00 -7.481011431906386e-01 
 3.209999999999976e+00  2.451898857046314e+00  3.209999999999976e+00  3.299998857046314e+00 -7.581011429536617e-01 
 3.219999999999975e+00  2.451898857348724e+00  3.219999999999975e+00  3.299998857348724e+00 -7.681011426512510e-01 
 3.229999999999975e+00  2.451898857464285e+00  3.229999999999975e+00  3.299998857464285e+00 -7.781011425356898e-01 
 3.239999999999975e+00  2.451898857705843e+00  3.239999999999975e+00  3.299998857705843e+00 -7.881011422941318e-01 
 3.249999999999975e+00  2.451898857829781e+00  3.249999999999975e+00  3.299998857829781e+00 -7.981011421701933e-01 
 3.259999999999974e+00  2.451898858238295e+00  3.259999999999974e+00  3.299998858238296e+00 -8.081011417616790e-01 
 3.269999999999974e+00  2.451898858355928e+00  3.269999999999974e+00  3.299998858355928e+00 -8.181011416440467e-01 
 3.279999999999974e+00  2.451898858552057e+00  3.279999999999974e+00  3.299998858552057e+00 -8.281011414479171e-01 
 3.289999999999974e+00  2.451898858915682e+00  3.289999999999974e+00  3.299998858915683e+00 -8.381011410842913e-01 
 3.299999999999974e+00  2.451898859193840e+00  3.299999999999974e+00  3.299998859193840e+00 -8.481011408061332e-01 
